test/formats/aaigrid/aaigrid-tile.asc
ncols        33
nrows        33
xllcorner    10.000000000000
yllcorner    10.000000000000
cellsize     1.090909090909
 30 0 -500 -500 484 878 382 472 76 68 406 339 222 311 131 60 4 -500 -500 -500 -500 -500 -500 -500 -500 6 64 134 311 428 347 131 27
 40 782 133 -500 -500 409 1951 1328 1081 201 496 691 140 22 123 260 233 -500 -500 -500 -500 -500 -500 -500 -500 -500 -500 844 2900 1286 1030 186 82
 -500 302 1027 -500 -500 -500 -500 1360 1080 835 646 1121 713 338 315 228 -500 -500 -500 -500 -500 -500 -500 -500 -500 -500 -500 -500 -500 265 1202 2481 2782
 -500 -500 288 277 155 -500 -500 -500 9 1760 139 843 1277 1133 635 70 314 -500 -500 -500 249 952 1118 258 -500 -500 -500 -500 -500 1783 1994 1411 510
 -500 -500 -500 -500 439 214 114 -500 143 1536 1078 123 506 -500 -500 -500 -500 249 496 1217 1115 1408 1005 510 776 1327 1848 2289 1966 1883 2132 2870 1901
 -500 -500 -500 -500 -500 1059 -500 -500 -500 590 102 242 -500 -500 -500 315 167 1169 1485 882 1043 1010 1120 1471 1523 1705 2540 1888 1815 1660 2556 2109 1049
 -500 -500 -500 -500 -500 -500 -500 -500 -500 -500 566 -500 82 -500 -500 485 1286 624 1352 1892 1032 929 1606 1311 2037 1960 1585 1319 1177 1678 1659 2535 1309
 -500 -500 -500 335 -500 -500 -500 -500 -500 -500 73 770 -500 -500 -500 -500 993 1611 897 1985 1447 1102 1874 132 1324 709 748 567 774 563 900 1804 1654
 -500 -500 -500 -500 -500 -500 -500 -500 -500 -500 -500 -500 -500 -500 -500 -500 14 -500 -500 -500 -500 73 -500 -500 466 350 274 413 334 319 322 624 1381
 73 -500 -500 -500 -500 -500 -500 -500 -500 -500 -500 -500 -500 2 144 -500 -500 -500 -500 -500 -500 161 -500 -500 310 663 639 279 200 290 149 182 572
 -500 -500 -500 -500 -500 -500 -500 -500 -500 -500 -500 -500 -500 -500 -500 -500 -500 -500 -500 -500 -500 -500 -500 -500 1337 920 676 531 389 268 56 43 145
 12 -500 -500 -500 -500 -500 -500 -500 -500 -500 -500 -500 -500 -500 -500 -500 -500 -500 -500 -500 -500 -500 -500 1332 613 701 709 724 480 335 62 35 32
 171 95 155 127 -500 -500 -500 -500 -500 370 478 332 -500 -500 -500 -500 -500 -500 -500 -500 -500 -500 -500 201 1203 761 870 767 602 342 185 29 19
 488 551 445 191 38 -500 -500 -500 -500 72 139 146 134 188 166 140 -500 -500 -500 -2 -500 -500 93 621 738 697 831 790 597 328 273 168 11
 523 618 591 398 118 288 171 90 -7 48 59 59 102 127 186 142 -71 20 8 13 0 622 507 1243 865 690 595 808 635 453 315 360 225
 670 657 619 513 360 407 127 216 71 85 46 112 82 79 -8 -83 49 238 18 219 165 626 597 1266 960 784 802 804 758 661 525 429 355
 563 543 541 631 463 515 424 235 208 179 105 113 137 136 138 156 184 223 139 233 701 -500 -500 924 938 1031 867 964 850 744 705 543 421
 546 536 551 445 471 607 777 322 243 207 155 169 221 222 250 231 111 249 241 55 591 840 -500 -500 401 936 1028 1067 1213 1377 763 590 583
 644 832 614 444 529 553 481 414 309 255 242 265 407 364 363 337 186 486 458 359 395 283 -500 -500 1 575 662 1623 1040 809 719 660 793
 751 821 662 547 614 505 440 420 448 392 363 380 420 439 548 592 418 370 146 423 487 237 519 -500 -500 1355 1541 930 956 877 961 864 766
 986 1026 699 587 773 636 529 550 841 591 638 460 490 482 1008 621 356 307 136 283 218 348 526 -500 -500 -500 185 1038 949 955 992 900 868
 699 1049 884 621 888 777 672 779 665 703 546 509 557 600 669 463 307 252 187 223 225 245 470 334 -500 -500 -500 677 929 961 927 971 732
 502 577 843 494 562 1601 1526 2474 738 653 537 585 624 585 683 492 346 337 330 360 548 306 549 521 456 -500 -500 325 1291 1192 878 1003 715
 432 431 530 446 532 998 1263 1443 656 537 529 606 728 774 670 590 521 349 237 304 429 329 458 469 1318 -500 -500 3 328 1310 1079 854 834
 417 404 482 440 489 521 571 436 435 463 583 834 812 614 551 749 410 284 267 335 347 332 392 550 765 -500 -500 -500 -500 1227 1421 1225 941
 426 424 452 487 412 355 362 247 377 461 492 531 660 611 548 602 478 393 296 247 422 448 384 465 705 909 -500 -500 -500 192 2383 1338 960
 421 397 463 386 296 224 177 192 351 453 778 1113 851 641 616 573 453 403 323 381 481 394 373 390 428 876 179 -500 -500 -500 357 1714 1116
 426 395 337 346 312 266 275 297 382 468 672 913 769 904 1051 774 552 516 511 473 425 543 431 431 628 706 1261 -500 -500 -500 129 2583 1035
 403 351 344 339 365 298 283 329 377 485 972 921 909 1058 1019 688 615 539 473 429 393 412 498 496 663 1083 1860 216 -500 -500 43 2203 1759
 347 335 292 274 315 286 303 339 385 553 909 881 949 967 808 781 565 601 516 429 386 435 443 625 680 993 1489 942 91 -500 -500 1536 2105
 341 328 292 282 286 293 290 354 428 478 650 746 1043 986 612 535 519 614 542 449 398 457 451 509 910 2645 1636 1489 88 523 -500 220 -500
 398 370 336 298 298 316 337 536 448 462 532 635 719 633 501 469 494 622 705 708 391 490 508 661 1502 1918 2236 1237 394 1046 -500 -500 -500
 505 523 496 513 313 329 345 408 421 435 447 506 504 497 448 426 432 538 491 491 385 456 833 2470 2024 3460 2550 1679 668 859 340 -500 -500