examples/data/proba_v_out_italy/probav_s5_toc_x19y03_20140606_100m_ndvi_v001.txt
ncols         273
nrows         192
xllcorner     12.62996031746
yllcorner     41.659722222222
cellsize      0.0009920634920635
NODATA_value  -9999
[rows 126 to 167 of 192, columns 0 to 94 of 273]
159 172 167 169 163 144 153 193 203 180 172 171 157 158 161 170 173 142 161 153 129 120 139 147 138 129 110 95 89 101 141 171 154 117 101 89 85 102 139 209 243 249 250 247 245 214 154 101 93 109 139 151 154 157 164 174 186 227 250 249 230 203 188 192 211 242 250 250 250 250 248 242 233 219 214 208 199 174 153 165 186 216 233 244 244 230 232 232 214 207 198 193 187 171 164
162 174 175 167 174 165 165 180 183 175 178 187 183 180 182 169 144 135 151 154 142 136 152 162 143 120 102 113 134 124 161 199 194 162 149 145 146 150 168 219 245 245 244 250 240 171 127 111 117 144 190 177 158 162 170 168 167 217 250 238 207 182 171 195 228 248 250 249 249 250 249 229 217 215 208 190 188 201 205 212 223 232 242 249 247 242 239 230 198 179 177 170 172 155 182
177 179 175 172 168 149 138 142 151 162 170 187 193 190 179 157 155 161 161 160 169 156 159 165 143 123 116 138 148 120 138 158 167 150 140 169 196 189 186 203 225 234 243 238 184 126 141 139 165 176 171 176 162 161 153 140 157 218 244 239 220 193 181 222 244 250 250 250 250 247 230 192 159 161 176 181 187 203 209 209 225 238 247 250 249 250 241 215 184 180 181 175 158 168 217
148 148 150 159 165 164 154 128 139 155 161 179 189 189 168 157 181 182 179 174 175 182 184 161 134 132 141 127 112 111 108 102 108 106 132 175 199 194 200 204 197 177 177 159 117 110 153 157 163 153 146 164 168 166 175 186 210 241 248 248 243 217 212 244 248 250 250 250 250 236 208 177 146 155 182 197 197 204 206 204 210 226 250 250 247 247 226 198 190 201 203 206 199 220 250
151 147 141 138 143 148 148 132 142 161 157 156 164 158 148 165 188 186 177 180 190 193 183 169 154 135 125 111 106 118 115 98 105 135 164 184 199 199 203 200 172 111 81 89 103 114 164 178 134 125 139 158 178 179 176 188 197 222 241 240 232 217 228 248 248 250 249 248 248 237 214 198 204 215 206 199 189 194 209 204 204 230 250 222 187 190 200 201 213 219 216 228 202 221 250
167 170 161 143 132 126 145 163 156 160 152 132 132 151 196 197 178 166 162 170 171 163 162 169 166 146 126 118 109 114 111 111 120 148 169 162 177 200 201 169 108 71 73 106 140 153 176 173 127 114 151 170 160 171 173 159 138 170 223 240 225 214 229 246 250 250 247 245 247 240 210 203 212 237 229 198 210 214 182 198 201 228 245 191 153 145 162 199 225 231 235 235 218 238 250
176 173 164 151 133 124 143 169 177 170 166 165 172 171 165 166 156 169 171 166 167 153 148 160 181 188 159 136 116 110 125 138 145 130 127 138 150 162 158 160 152 121 102 132 176 183 175 188 164 142 162 179 166 169 191 185 167 186 236 250 240 230 238 248 250 250 247 244 244 238 217 227 187 159 189 183 182 184 195 199 207 219 234 232 222 164 124 166 224 236 246 237 238 250 250
156 154 151 151 149 128 124 149 148 161 181 190 191 178 159 155 161 173 180 178 149 131 145 164 177 178 166 141 132 140 148 148 147 138 140 146 143 129 120 143 167 161 151 164 188 220 219 193 168 148 172 201 195 181 197 179 192 227 250 250 250 243 242 245 248 249 247 244 241 241 231 215 190 199 197 163 155 171 168 197 195 194 218 238 236 214 187 183 173 176 229 222 231 250 250
156 151 140 136 134 129 126 137 146 137 144 149 158 154 145 141 152 166 179 180 178 176 180 181 168 171 164 164 167 147 134 141 156 156 161 164 162 152 150 151 151 146 142 157 193 221 217 188 188 195 212 218 203 199 213 202 233 246 243 242 236 221 218 231 243 248 245 239 238 247 227 204 185 178 172 158 164 180 179 198 190 186 189 208 233 238 224 202 198 221 237 236 250 250 250
138 148 142 128 117 117 138 151 131 101 122 140 151 154 156 155 157 166 179 195 212 228 228 208 191 195 176 168 177 174 159 148 158 169 165 167 156 139 122 119 122 126 131 147 170 193 228 238 229 226 233 246 250 246 245 237 224 201 181 176 179 177 190 215 239 246 238 226 229 244 213 200 188 177 165 152 148 149 151 166 175 185 177 185 223 242 225 214 223 235 232 238 250 250 250
106 97 97 85 101 132 126 137 152 157 164 163 165 163 156 155 179 196 201 202 195 191 205 215 219 221 203 183 176 176 169 149 138 157 176 174 150 135 144 131 127 137 141 156 166 182 215 236 228 223 232 247 250 250 249 223 171 128 118 139 156 179 206 234 247 246 244 236 222 225 213 204 174 169 157 146 145 140 124 123 149 190 195 202 227 235 207 206 233 240 238 246 250 250 250
67 59 72 77 66 91 139 176 183 188 165 148 142 140 154 169 184 196 194 184 171 146 154 199 205 199 173 152 150 166 167 161 166 190 201 191 156 132 150 145 141 154 173 195 184 175 204 222 216 234 246 245 246 248 246 218 164 126 119 127 127 164 213 240 243 231 227 237 236 232 201 177 172 160 141 137 110 108 95 98 111 160 208 221 229 226 208 196 226 243 246 248 250 250 250
89 56 47 68 79 101 145 190 197 201 169 148 152 152 156 170 166 173 188 184 164 161 177 194 186 197 189 153 138 153 159 167 175 181 181 181 164 144 129 132 156 175 170 144 138 146 185 215 225 242 244 235 245 247 236 200 166 163 163 140 122 153 210 240 241 235 240 237 222 209 188 162 160 143 141 139 107 124 134 127 139 191 218 230 233 235 221 184 207 239 250 250 250 250 250
82 67 65 47 65 114 120 167 178 151 129 142 153 167 161 151 158 177 186 175 163 163 174 184 194 203 199 180 184 184 161 148 155 159 155 151 147 141 129 125 143 158 149 120 124 159 193 220 230 240 240 239 245 233 207 178 150 161 184 151 133 161 209 237 241 238 235 207 200 193 173 151 144 131 134 125 95 57 83 119 159 198 209 231 237 238 232 218 218 239 250 250 250 250 250
73 73 81 72 62 78 117 147 123 117 121 158 159 156 152 144 137 142 143 135 139 169 178 169 169 178 174 164 176 173 130 110 120 148 158 155 158 161 154 154 147 145 148 139 134 163 196 226 244 244 241 246 219 171 146 164 133 110 138 146 149 180 219 238 237 230 209 187 171 177 174 158 140 137 160 153 128 95 80 128 206 222 230 242 239 230 233 237 245 250 250 250 250 250 250
61 57 68 68 56 50 60 87 110 135 156 160 162 159 154 148 140 121 122 162 150 138 150 158 155 147 157 158 157 157 142 129 129 147 149 146 137 138 145 158 171 155 135 123 114 137 193 236 238 214 190 178 161 148 140 141 146 103 82 105 142 197 228 241 239 227 193 164 158 163 171 161 148 150 162 170 155 85 73 85 205 231 244 246 231 209 228 245 248 250 250 250 250 250 250
61 48 58 82 87 80 60 75 130 170 163 153 138 134 132 125 133 126 140 172 159 145 150 165 163 149 159 162 166 177 176 162 151 161 162 167 165 148 149 167 174 154 116 105 120 146 171 216 235 205 157 134 140 137 119 111 119 92 72 81 104 150 196 225 233 228 202 151 146 136 142 148 146 156 158 175 130 48 56 80 220 240 249 249 234 216 229 249 250 250 250 250 250 250 250
88 57 50 96 158 158 127 147 165 170 162 154 155 148 143 138 145 147 158 167 152 144 151 167 160 141 138 136 144 160 170 163 151 166 164 155 160 170 170 169 162 143 123 128 124 122 158 225 240 210 172 144 137 135 114 88 79 76 78 77 74 93 135 183 223 228 196 149 116 103 117 141 154 159 179 190 86 64 85 175 250 250 247 225 206 216 226 239 249 250 250 250 250 250 250
125 101 88 118 178 208 188 166 160 169 151 147 141 110 103 118 134 153 143 151 158 153 154 170 161 131 127 136 147 157 155 159 156 155 151 155 173 193 198 189 170 149 141 150 153 156 194 245 242 184 135 135 126 133 127 93 80 90 93 77 71 65 69 95 159 221 223 189 139 109 116 126 135 132 177 202 132 148 194 235 250 248 242 229 220 226 227 239 249 250 250 250 250 250 250
38 86 130 144 169 174 171 157 139 132 145 154 130 100 83 121 144 139 124 113 140 155 160 163 135 107 139 158 161 157 127 121 142 151 149 143 143 168 186 168 154 167 173 175 170 160 209 239 216 164 138 159 133 132 119 86 78 92 105 97 81 68 63 67 107 182 219 212 200 183 184 199 208 206 213 238 243 246 244 249 250 246 237 234 229 227 244 250 250 250 250 250 250 250 250
98 93 107 90 103 143 168 170 167 160 159 147 106 108 131 132 136 138 124 109 122 145 150 147 134 122 133 136 120 121 112 90 115 149 153 135 126 136 157 143 121 135 137 135 146 177 216 220 179 146 133 136 134 140 132 111 99 101 110 97 81 74 74 79 96 139 185 196 198 217 220 223 237 240 234 240 249 250 250 250 247 246 236 213 218 206 230 250 250 250 250 250 250 250 250
154 138 139 107 93 124 156 146 132 113 115 117 115 110 96 87 98 117 119 128 137 148 147 150 154 158 151 132 123 127 155 138 107 134 139 125 129 158 175 167 145 129 122 121 137 175 215 210 171 144 132 128 122 121 126 131 122 110 106 99 85 72 69 71 78 111 123 121 114 132 152 165 202 226 209 206 229 242 240 239 235 229 234 236 234 231 242 250 250 250 250 250 250 250 250
156 170 172 151 112 113 118 120 129 129 144 131 124 136 130 95 102 105 97 102 112 125 139 156 158 144 122 110 112 122 167 179 150 138 134 146 143 152 167 167 164 155 145 140 158 191 211 191 160 131 111 119 145 156 131 118 112 96 105 126 111 95 81 84 99 106 90 103 110 110 105 99 146 183 161 142 165 203 195 184 195 214 228 237 244 250 250 250 250 250 250 250 250 250 250
135 162 160 160 155 151 147 150 160 165 171 156 146 158 165 141 120 103 92 85 86 103 115 134 157 145 116 111 121 125 129 146 149 134 128 142 141 134 145 154 156 158 156 163 192 206 188 157 140 130 120 126 164 189 153 135 134 111 102 105 103 97 92 108 120 123 119 116 118 127 130 125 145 174 175 171 177 186 167 147 150 181 217 240 250 250 250 250 250 250 250 250 250 250 250
138 158 171 182 163 150 155 158 167 171 154 135 143 149 161 151 113 90 95 95 85 88 98 113 134 135 126 119 118 108 113 135 148 139 131 128 120 130 155 155 141 150 168 197 215 176 138 132 124 124 127 157 193 179 123 120 134 115 89 88 103 109 106 104 111 130 138 121 113 113 118 133 156 164 171 185 197 202 200 189 188 217 238 246 250 250 250 250 250 250 250 250 250 250 250
162 153 168 182 162 146 138 142 166 183 176 171 175 149 136 126 113 95 89 94 90 79 79 86 124 136 158 154 117 103 125 140 139 137 139 123 109 127 145 130 134 155 185 206 185 138 114 115 112 109 124 162 187 156 112 116 129 121 101 90 99 116 120 102 93 110 125 115 121 129 141 123 149 185 200 218 232 240 235 235 245 250 250 250 250 250 250 250 250 250 250 250 250 250 250
171 161 167 172 158 141 127 123 131 147 163 163 144 119 116 111 105 102 99 97 98 91 112 132 139 163 182 175 133 116 137 145 144 144 145 145 139 141 151 145 154 178 203 184 137 113 115 125 114 100 124 165 170 137 103 110 140 153 146 152 168 177 177 147 118 113 126 128 145 147 149 156 176 212 242 250 246 238 219 218 235 240 233 245 250 250 250 250 249 249 249 250 250 249 250
165 168 181 166 136 118 114 119 109 109 135 140 117 92 89 99 104 120 110 89 78 77 128 170 192 199 199 199 174 153 147 141 132 124 136 146 130 115 113 131 166 198 191 155 128 121 127 146 140 135 147 175 166 132 135 159 182 166 155 174 191 198 212 200 168 139 123 115 137 145 158 162 165 190 231 246 243 229 208 204 210 218 228 242 250 250 250 250 247 250 250 248 248 248 249
175 172 169 150 130 123 123 116 112 118 146 167 157 135 103 86 99 125 116 94 82 88 109 140 181 205 199 181 168 178 172 152 138 128 135 141 129 119 124 170 183 142 131 136 143 146 144 151 163 162 161 163 169 167 164 168 179 185 193 204 203 197 187 182 170 144 126 119 128 145 152 136 134 154 204 244 250 247 225 203 194 202 209 224 245 250 250 248 247 244 235 240 245 245 247
165 158 146 131 122 121 118 131 149 154 164 162 151 143 127 108 100 105 99 85 96 105 111 117 137 189 195 158 144 165 172 170 165 166 163 152 150 156 137 131 154 107 107 137 145 160 169 180 180 173 172 157 149 159 165 178 185 180 181 189 191 186 181 177 163 150 145 134 124 124 131 131 139 154 185 216 231 238 224 194 182 181 179 195 228 246 249 248 249 247 244 245 247 245 242
149 138 141 141 134 134 130 144 162 144 131 135 120 104 110 133 132 118 86 68 77 81 86 93 132 197 201 156 139 141 149 167 164 157 155 156 153 145 127 123 150 151 110 136 151 156 167 163 171 176 170 154 158 208 228 233 223 190 159 166 166 150 149 154 156 167 185 198 192 149 137 149 159 173 191 203 205 212 223 211 187 172 159 156 206 243 250 250 250 250 250 250 247 245 242
127 136 157 171 168 169 174 140 132 123 123 139 124 119 123 154 166 133 98 88 92 86 96 141 189 210 190 153 138 118 125 143 140 133 124 142 163 162 153 142 149 154 128 152 168 161 154 156 180 184 176 183 202 225 232 229 217 161 119 162 176 142 132 143 156 192 216 229 221 178 166 187 188 169 176 180 179 190 206 198 177 163 153 146 177 225 248 250 247 234 232 243 229 208 200
133 150 172 187 187 185 172 146 125 119 145 182 199 188 164 148 134 119 104 83 99 111 116 129 146 159 148 127 122 114 152 169 150 136 136 169 183 183 173 151 123 135 147 160 187 196 192 180 186 187 179 189 206 220 229 228 232 197 160 182 177 141 148 165 154 175 203 224 207 177 172 168 149 153 167 165 180 196 212 202 177 168 163 166 174 197 219 217 194 178 171 183 170 150 152
157 170 180 173 152 146 143 152 158 157 167 171 182 183 163 136 118 96 75 70 87 111 126 124 113 112 138 139 132 146 181 169 144 145 151 161 173 170 165 162 158 151 167 191 199 179 173 185 187 194 182 172 177 192 200 203 199 178 165 174 158 106 88 98 93 91 132 173 171 172 177 145 109 140 151 139 155 193 207 184 165 164 168 171 177 194 200 181 156 157 164 151 138 126 141
158 173 179 164 145 133 125 134 161 170 150 131 146 169 152 121 95 86 79 77 91 117 148 145 135 132 136 139 149 170 180 174 172 163 151 148 151 148 171 175 161 156 179 196 192 166 157 184 181 189 194 181 173 190 200 193 189 183 189 197 158 114 96 90 73 58 90 145 175 172 174 185 182 175 143 133 138 161 185 172 170 172 165 165 167 191 196 178 162 170 171 159 147 138 167
164 178 166 145 152 152 147 144 169 183 144 121 139 164 130 96 81 68 71 84 91 112 144 142 121 122 134 156 155 151 153 151 163 172 177 178 170 167 185 188 185 185 180 172 189 192 189 185 182 193 208 203 209 227 236 227 216 190 191 217 192 160 159 146 104 93 115 145 163 156 157 205 206 171 154 148 143 168 202 182 145 151 170 182 176 173 175 183 187 183 170 159 165 187 212
160 154 147 135 149 181 165 151 167 176 140 121 137 138 98 77 83 91 95 102 117 142 160 155 159 185 168 160 167 173 175 164 156 152 157 168 172 176 186 197 197 171 164 165 184 199 196 190 175 164 167 170 188 210 226 233 220 178 167 182 173 174 179 169 160 168 179 179 165 148 147 179 158 142 150 161 164 166 202 210 177 159 166 178 166 152 163 183 184 167 129 106 138 169 186
143 133 135 154 168 185 181 162 159 158 143 140 142 163 144 118 127 132 117 125 155 160 162 168 183 197 170 149 148 161 169 167 149 134 133 150 166 175 181 189 176 165 167 153 175 195 183 164 146 163 174 169 171 182 203 203 187 173 173 173 164 169 180 158 158 171 173 179 163 151 137 156 167 154 163 166 158 144 177 217 223 196 174 174 146 124 122 153 165 160 111 85 149 182 182
134 139 141 156 159 161 176 174 167 164 155 150 141 154 171 170 165 145 110 126 157 157 130 102 132 169 175 161 146 146 162 178 160 123 116 137 159 170 150 141 136 134 157 163 184 207 190 159 151 188 203 196 194 202 200 177 166 168 163 159 159 160 170 176 166 162 165 156 140 141 144 181 192 157 159 181 177 163 158 175 209 224 202 176 159 154 161 170 176 185 161 151 189 215 196
143 149 153 152 145 139 151 161 157 160 165 166 168 161 154 137 144 141 124 132 147 151 133 112 112 132 156 174 174 152 161 186 185 149 132 144 152 156 141 124 136 139 142 159 188 208 185 171 179 194 206 213 209 197 178 164 152 160 168 172 171 157 164 186 180 168 170 168 150 160 184 221 201 187 177 179 175 162 151 153 188 224 208 177 177 180 186 186 195 199 183 205 241 232 196
156 163 171 158 130 121 142 150 149 152 157 154 160 155 140 121 120 126 138 146 140 124 116 115 113 115 137 165 184 173 161 169 176 179 176 170 158 163 164 154 157 157 167 178 186 182 188 199 178 165 164 159 154 147 152 160 143 155 175 175 165 161 165 189 189 175 194 206 174 173 215 240 216 212 201 178 158 132 125 138 168 195 210 207 182 168 178 194 208 194 178 211 246 230 198
160 166 139 129 114 115 141 139 144 137 129 146 144 130 130 136 130 135 160 178 158 117 101 107 109 111 129 162 184 188 170 140 129 156 177 173 151 129 154 156 145 151 174 177 176 176 179 190 175 155 134 130 130 108 124 146 153 160 169 161 160 175 190 192 180 173 181 188 202 232 243 225 192 163 167 161 150 149 163 185 193 183 193 226 200 143 142 184 209 191 170 194 225 211 172
