examples/data/proba_v_out_italy/probav_s5_toc_x19y03_20150106_100m_ndvi_v001.txt
ncols         273
nrows         192
xllcorner     12.62996031746
yllcorner     41.659722222222
cellsize      0.0009920634920635
NODATA_value  -9999
[rows 129 to 171 of 192, columns 0 to 95 of 273]
166 161 157 154 153 144 139 139 146 165 181 187 186 184 190 186 183 178 174 181 193 199 187 158 125 128 130 130 116 99 112 125 115 102 114 154 166 155 156 169 176 179 154 143 132 128 131 148 157 169 176 171 159 148 138 135 133 153 169 156 140 132 137 149 158 161 166 182 181 164 109 81 78 68 100 110 109 82 45 49 75 82 69 49 36 30 27 31 35 40 49 51 42 33 40 47
161 156 154 153 154 151 146 143 152 167 182 186 182 177 177 184 186 189 189 192 207 218 202 167 146 143 116 104 99 92 91 96 99 124 149 169 176 177 174 164 146 123 88 91 96 115 134 142 127 119 130 142 160 171 157 144 144 153 151 146 144 139 144 154 156 157 170 186 184 165 111 75 57 41 56 78 120 89 57 48 36 45 49 46 43 34 30 28 35 29 28 31 39 43 40 41
153 154 156 153 157 160 154 140 147 166 170 163 152 152 162 182 195 184 186 192 197 198 193 181 163 139 120 107 95 89 89 97 121 142 153 160 177 188 177 137 89 78 80 96 116 131 140 134 105 114 139 154 145 138 130 126 124 132 147 154 152 147 146 148 153 160 176 198 184 120 89 72 70 75 64 49 71 82 51 39 33 36 52 64 61 56 53 42 31 24 28 43 43 44 55 43
124 129 150 151 146 157 158 147 144 159 177 169 156 164 171 165 171 181 177 176 180 176 173 170 168 155 136 119 102 94 111 127 128 129 139 137 152 164 165 156 114 87 86 116 155 158 159 155 128 127 147 155 155 148 136 134 137 144 155 156 141 146 142 138 158 160 155 145 153 115 89 82 56 61 73 66 73 92 75 53 42 36 38 46 48 40 39 40 46 52 57 54 60 58 55 53
133 133 144 150 153 145 146 151 150 148 169 180 183 184 183 178 175 181 185 179 176 159 169 176 174 174 159 141 118 118 145 146 138 137 156 169 171 148 147 162 157 134 122 144 165 153 150 165 142 119 137 157 148 149 153 151 150 154 149 144 149 150 132 118 119 117 117 116 115 78 75 83 85 99 95 88 68 72 93 74 62 56 43 33 34 31 29 31 45 47 44 38 32 39 39 36
146 148 155 155 158 149 149 147 145 148 170 175 180 181 177 179 189 194 186 179 160 137 160 172 165 162 160 165 147 131 136 138 145 150 163 171 169 149 139 135 134 139 145 151 160 159 164 171 161 157 175 187 173 173 172 169 163 159 149 146 146 137 118 114 124 114 109 105 83 53 53 72 64 53 86 83 71 72 78 68 72 62 49 44 39 39 40 38 35 33 37 45 45 46 62 68
150 150 145 122 122 144 156 147 130 114 139 178 179 178 172 167 168 167 158 164 172 167 168 172 172 179 172 163 158 144 137 124 124 148 169 178 172 160 153 148 137 127 127 135 148 157 158 163 172 169 161 151 149 162 168 171 169 152 138 137 138 125 123 136 133 123 119 98 88 79 63 63 87 98 82 68 55 64 84 89 81 55 33 30 35 43 39 40 43 38 29 26 32 42 41 51
121 119 113 114 140 146 144 141 121 128 150 170 172 181 182 181 174 166 163 172 191 186 176 179 180 206 200 178 166 160 161 140 130 146 162 164 147 144 145 141 127 127 125 129 131 143 167 174 163 148 143 141 141 147 158 159 143 118 110 118 128 128 141 122 118 145 122 86 79 74 70 81 78 57 61 58 63 66 55 66 57 52 46 40 36 35 33 27 26 30 31 35 31 29 39 49
82 79 81 86 109 124 123 129 147 163 174 167 171 175 173 178 192 202 201 196 187 175 172 176 177 181 171 162 159 155 155 156 156 157 157 149 133 144 153 145 135 139 137 144 139 142 167 183 181 166 147 135 132 136 148 149 134 109 98 106 122 134 144 152 164 154 110 84 95 88 73 67 66 58 62 52 54 63 62 57 58 51 49 49 46 38 34 38 44 43 39 34 36 44 46 59
56 52 70 81 77 91 132 150 162 165 169 179 187 184 179 182 189 196 196 192 178 164 165 170 172 171 158 140 128 134 144 150 156 157 158 156 148 141 135 129 140 159 154 146 146 141 153 162 155 141 134 150 159 149 147 140 133 129 122 114 110 131 153 150 151 144 109 83 78 73 70 75 80 66 54 58 59 59 63 51 51 66 56 43 37 39 35 36 44 52 71 76 64 65 67 71
76 64 61 72 97 112 127 140 152 152 152 161 175 182 175 174 177 186 192 179 169 167 170 174 175 177 174 163 155 154 142 146 161 162 154 150 156 152 129 116 152 180 176 159 147 139 150 156 159 161 163 163 162 151 137 139 116 128 148 129 96 107 141 152 151 135 102 70 70 68 73 83 83 73 65 65 52 53 64 63 59 91 79 51 40 41 43 43 47 56 72 86 86 80 79 91
72 74 72 60 85 115 134 140 119 105 135 165 177 182 171 169 172 175 173 163 159 169 173 171 165 164 163 154 139 135 127 127 134 146 151 148 143 146 146 146 164 171 171 166 151 134 143 155 158 165 172 161 156 145 134 138 117 98 116 109 97 126 157 162 148 117 84 67 65 68 57 51 71 73 70 65 68 76 77 66 81 93 71 57 57 57 61 71 81 86 98 113 122 134 134 127
54 66 78 66 45 51 73 98 114 140 164 168 177 179 166 161 161 162 159 158 158 163 172 172 159 151 157 155 140 125 115 113 132 142 147 148 141 138 140 150 167 178 174 148 138 136 148 165 174 181 175 153 139 131 118 123 128 77 68 92 117 146 163 163 142 114 83 60 57 69 93 84 72 66 70 50 58 61 62 76 79 84 69 59 78 102 121 133 133 133 134 130 129 136 139 139
57 46 62 69 73 60 48 79 121 136 159 174 169 169 153 157 176 168 156 156 158 155 157 156 154 154 155 148 152 145 149 145 137 147 156 161 153 144 146 161 167 155 141 127 131 152 171 186 188 164 141 135 140 140 123 121 126 99 74 88 102 126 146 147 153 134 96 79 77 65 56 54 49 67 76 60 67 64 66 74 85 97 85 83 114 133 148 144 141 143 142 135 134 138 130 117
62 54 61 81 121 109 80 99 154 175 170 175 172 169 165 174 179 168 169 175 175 166 160 159 161 144 139 143 141 142 141 142 141 144 154 169 174 174 172 171 168 155 140 129 134 155 173 179 175 158 135 139 142 127 115 105 100 84 72 75 73 94 127 147 160 141 105 88 74 59 45 48 53 23 25 50 70 55 58 83 94 99 117 120 110 103 122 133 140 144 145 141 133 131 115 107
77 65 65 93 140 161 155 155 159 155 164 179 173 168 173 175 171 167 164 169 176 172 166 166 158 132 131 142 149 151 143 141 138 138 143 154 171 179 178 174 170 169 168 157 149 153 162 182 194 170 142 119 117 119 119 117 91 87 82 76 72 85 93 105 143 142 123 109 65 36 35 32 35 40 48 53 78 81 104 124 123 100 82 78 63 41 44 90 137 144 147 148 136 121 108 112
83 112 126 135 153 161 162 158 166 180 190 190 174 148 139 154 166 171 157 152 164 175 169 164 139 126 158 164 157 151 143 138 145 137 131 140 148 155 168 176 172 161 154 157 170 178 176 189 195 176 155 144 124 108 109 103 84 93 101 91 74 62 59 72 108 147 142 131 108 65 38 27 30 32 36 63 99 95 97 111 109 89 74 68 56 46 40 56 92 98 120 130 130 118 93 79
81 115 154 155 147 145 154 169 186 186 181 167 128 119 125 147 178 183 147 127 146 168 165 153 129 125 160 175 171 151 133 125 131 140 143 143 142 138 158 176 181 165 153 157 167 178 191 197 180 161 160 154 113 101 105 91 89 98 100 95 86 74 73 79 96 128 131 118 124 93 51 31 29 35 43 77 87 78 51 38 49 79 75 56 46 47 44 43 47 53 66 78 99 108 95 80
92 82 139 145 131 124 135 149 147 141 140 137 137 148 138 123 143 163 145 147 163 173 167 158 152 144 148 162 164 146 117 83 90 127 140 112 114 131 152 168 182 181 163 154 159 167 184 186 161 137 144 132 118 122 119 102 96 97 98 93 84 76 69 74 81 94 104 97 85 93 75 50 50 56 62 75 61 58 48 51 55 66 54 35 31 32 28 34 36 36 44 54 65 67 65 64
138 141 145 147 137 134 144 146 123 115 133 136 151 154 122 97 121 119 109 126 148 158 151 152 151 152 161 174 170 158 155 131 135 134 133 124 114 105 120 154 179 188 186 168 168 178 184 175 158 136 141 130 123 120 113 101 88 79 82 89 98 93 70 68 84 91 90 98 103 118 112 86 85 100 104 82 50 38 40 39 38 40 41 31 24 23 24 27 30 40 51 59 57 58 57 50
135 158 151 148 145 137 135 151 143 133 151 147 155 161 150 137 131 108 100 99 103 119 129 145 157 149 135 149 168 171 170 162 162 169 166 154 123 93 105 129 159 186 196 178 178 176 159 157 154 140 121 115 115 105 103 107 108 104 103 99 104 86 73 82 98 89 90 99 109 124 116 100 90 103 118 104 66 36 29 36 40 32 27 30 37 35 25 20 19 22 32 44 47 48 52 43
129 143 150 163 159 154 166 166 155 146 143 137 141 150 165 155 125 105 111 99 88 99 116 130 143 136 117 119 137 124 118 136 159 172 163 145 111 96 112 110 122 141 154 157 161 158 155 160 154 136 109 123 127 109 102 110 123 107 92 90 96 93 77 85 102 94 108 104 99 105 113 128 130 123 124 117 77 42 31 31 34 57 52 43 47 55 57 38 30 25 25 30 32 32 32 27
134 153 166 167 162 161 156 147 142 153 142 135 137 138 156 145 119 110 111 103 94 94 99 104 107 127 141 123 94 90 99 112 138 141 132 123 108 104 105 97 113 129 152 170 169 154 135 158 161 135 112 139 129 104 94 95 98 87 75 74 87 104 105 94 91 109 127 103 91 90 94 102 94 92 108 117 91 54 41 47 56 70 58 51 46 50 64 55 39 34 35 36 34 25 20 18
129 135 146 155 162 165 158 160 159 159 163 156 150 144 140 132 118 98 93 104 108 95 100 118 126 140 152 147 112 84 90 97 106 123 140 139 124 107 97 97 127 150 157 171 167 151 132 151 142 120 122 139 118 100 94 95 106 126 106 122 127 128 124 103 93 104 110 88 72 68 69 62 54 55 68 90 92 63 42 35 41 48 45 41 38 42 50 64 60 45 47 47 39 35 33 30
140 130 133 149 162 169 165 169 166 157 156 151 125 106 107 109 101 103 99 94 91 98 126 157 169 168 161 150 123 100 99 115 123 129 162 176 169 147 142 151 160 162 166 167 164 169 156 142 128 124 127 128 117 101 97 110 131 145 139 149 157 149 138 118 101 99 95 80 66 52 43 42 43 46 53 76 97 80 49 34 33 30 25 23 29 31 40 60 94 109 110 72 54 48 43 38
152 144 127 134 143 151 149 145 143 126 125 133 118 100 94 103 122 138 121 104 94 96 120 152 170 175 169 163 164 166 149 122 101 90 138 169 173 181 189 167 164 166 162 155 158 164 150 137 139 133 124 122 121 117 120 135 143 145 147 151 161 146 135 126 103 76 59 49 47 47 36 36 42 53 70 102 121 98 61 42 42 33 37 39 34 26 34 46 88 145 143 130 94 78 76 54
156 156 142 136 138 145 139 129 127 132 147 156 152 139 119 112 120 127 118 106 111 125 126 139 158 171 162 141 141 154 156 151 153 157 157 165 178 176 164 147 153 149 139 143 154 157 146 135 131 128 126 128 125 124 129 145 156 137 142 147 135 121 121 127 91 57 41 33 40 53 47 27 32 43 83 120 94 65 65 54 40 35 38 42 43 36 28 32 91 139 155 180 151 111 123 142
158 154 149 144 145 147 152 156 156 149 153 153 141 122 116 117 113 115 103 90 91 100 104 114 150 174 169 145 141 147 155 160 174 179 172 163 157 171 155 143 143 133 123 138 150 150 139 129 128 130 134 129 114 124 126 131 143 139 137 133 124 126 133 125 99 80 72 63 50 51 54 40 33 39 69 90 68 51 63 56 44 36 34 35 34 36 40 52 103 163 183 185 185 185 183 160
146 156 162 154 127 127 165 161 145 125 127 142 122 116 127 138 137 117 87 84 88 86 100 128 160 176 168 147 144 138 142 153 160 159 160 162 164 163 148 137 133 131 131 134 141 140 129 125 131 135 135 126 124 137 139 145 132 117 125 148 134 125 132 138 141 138 111 70 47 42 43 43 45 46 59 74 76 59 46 41 38 30 27 33 39 41 42 73 142 178 177 180 184 177 168 155
142 159 170 167 150 143 171 170 156 147 155 166 156 146 142 146 143 121 97 87 93 102 118 143 169 172 154 143 148 145 155 157 154 152 158 168 168 165 164 161 151 147 142 137 139 136 132 132 138 146 143 139 138 150 159 170 162 129 119 131 129 121 118 130 136 125 100 76 57 50 55 57 51 50 49 54 50 53 44 35 35 37 44 45 47 49 69 117 150 155 162 169 157 130 151 153
154 163 171 170 164 160 165 168 150 138 147 156 167 172 166 156 141 115 90 76 82 97 118 135 144 145 145 151 158 162 167 160 153 155 159 165 165 162 157 151 145 151 144 146 148 145 140 136 137 144 149 147 139 154 160 160 150 116 81 79 74 69 80 88 78 81 84 68 58 47 46 51 48 46 40 44 49 42 42 48 54 46 43 43 53 63 88 126 134 143 154 147 137 131 130 131
162 165 168 163 156 151 147 159 171 164 151 139 149 161 158 136 108 101 77 65 82 106 127 137 140 139 144 158 167 168 159 155 153 157 158 155 157 156 155 158 155 150 146 150 146 141 136 137 141 148 163 160 142 147 161 166 164 133 91 80 67 49 46 55 54 50 58 61 54 51 59 58 48 45 41 35 43 66 86 88 108 95 66 53 64 97 119 140 144 142 142 135 118 130 140 129
152 153 161 149 143 142 139 150 156 149 137 128 122 129 132 116 90 74 69 76 92 116 138 136 131 129 135 148 158 160 160 165 170 175 166 158 160 158 160 151 140 137 139 141 138 134 131 135 138 143 164 165 156 153 157 163 162 113 71 56 53 41 41 52 53 47 48 49 56 57 54 61 54 42 39 37 47 72 146 172 174 177 146 117 113 139 146 151 160 155 140 138 141 155 157 151
150 144 146 134 135 135 136 144 148 140 118 115 117 110 99 86 77 71 76 91 99 123 144 136 128 137 145 148 157 165 156 163 172 179 179 167 155 142 140 145 149 146 134 134 135 137 134 136 141 154 171 178 179 176 175 176 162 121 81 66 68 65 57 60 60 52 62 60 69 74 56 45 42 40 44 53 112 178 211 176 153 156 148 153 149 143 145 159 169 161 142 129 139 157 165 168
181 166 145 128 124 128 135 134 135 139 132 133 145 147 120 88 100 100 98 117 127 137 145 147 150 157 147 138 137 145 144 151 161 164 156 145 146 142 134 139 147 140 128 128 137 142 152 160 161 167 170 166 165 168 170 164 149 126 102 78 61 53 51 62 80 81 83 88 88 73 64 53 45 39 46 76 169 165 176 191 178 167 171 167 144 146 149 159 161 144 107 94 123 144 154 159
180 175 152 141 133 123 129 137 138 139 137 137 133 160 169 137 135 136 111 123 142 138 136 139 159 167 148 134 129 136 148 154 155 140 143 145 146 148 145 140 150 154 150 147 144 153 164 162 162 174 176 168 162 151 129 102 83 77 72 53 63 83 81 68 86 119 128 119 95 66 83 90 78 81 100 137 169 170 181 193 195 183 179 167 156 162 155 158 165 154 125 126 141 150 157 158
140 136 131 134 134 132 136 139 140 138 141 150 147 145 158 161 148 138 112 123 134 128 123 113 126 154 165 155 137 141 154 167 158 135 143 159 160 147 136 142 156 158 151 144 150 153 160 162 167 182 185 174 140 109 86 62 54 57 67 78 87 100 96 98 118 130 138 145 136 112 119 150 128 124 165 188 190 182 173 177 192 198 191 169 161 167 173 169 166 157 150 149 148 146 163 176
143 131 125 130 134 134 140 143 135 141 148 150 152 150 137 136 137 137 128 124 132 123 110 100 106 127 149 155 148 145 150 156 156 150 149 148 153 143 137 151 161 159 144 138 149 154 163 172 169 170 173 166 131 80 50 38 32 52 71 90 126 150 157 160 155 142 145 154 148 142 150 180 178 177 188 204 190 155 152 167 192 196 185 179 174 172 178 178 171 153 144 150 162 161 158 174
157 166 159 145 138 139 139 133 131 142 145 145 136 133 131 126 127 145 155 147 126 107 106 105 103 110 127 142 148 143 142 143 141 150 150 144 148 160 171 174 167 159 158 160 162 161 166 174 163 156 153 145 121 64 38 33 31 34 38 51 83 124 143 146 150 146 148 154 157 172 176 187 178 167 176 200 194 166 158 166 188 190 189 190 180 163 168 178 178 176 176 169 168 162 157 171
163 156 145 132 128 132 142 139 135 132 137 136 114 114 125 131 139 146 146 136 125 107 93 100 112 129 144 150 150 138 130 129 121 136 155 160 157 168 174 161 151 154 162 155 150 148 152 160 161 150 152 152 108 63 48 38 36 36 40 48 49 70 123 152 157 159 160 155 159 169 164 171 165 156 174 200 212 210 216 226 212 181 175 183 171 153 158 178 183 182 178 173 175 168 165 168
162 156 154 140 134 137 144 142 146 137 136 131 119 121 132 147 151 145 139 119 108 92 73 70 89 132 147 149 146 131 123 134 141 149 155 166 166 163 160 159 150 153 145 127 114 126 138 152 153 152 160 163 118 72 54 36 40 52 65 63 64 78 119 168 171 164 159 163 174 174 168 173 177 180 179 190 209 204 199 207 198 173 155 170 181 180 180 177 167 167 179 184 187 177 178 177
155 151 141 129 133 146 144 141 144 134 131 126 118 116 121 143 144 126 119 118 105 80 66 69 83 125 131 138 144 141 144 159 167 167 175 177 165 162 163 163 160 153 136 116 110 116 116 102 81 86 108 121 126 99 60 45 64 101 100 100 120 126 147 155 157 155 155 162 157 158 162 163 157 167 183 197 207 202 193 200 185 185 187 181 186 189 180 168 132 101 150 179 181 178 180 190
151 144 124 121 143 155 146 133 134 144 153 139 124 123 138 131 130 125 128 124 101 83 78 77 83 105 115 129 141 148 149 151 162 164 167 163 158 159 160 171 173 156 132 107 85 79 76 62 45 42 54 52 55 71 83 66 62 77 86 99 102 111 132 152 158 155 157 157 149 151 158 173 189 191 182 169 175 191 192 198 194 207 206 183 169 170 172 169 156 145 171 176 181 187 193 192
