examples/data/proba_v_out_italy/probav_s5_toc_x19y03_20140806_100m_ndvi_v001.txt
ncols         273
nrows         192
xllcorner     12.62996031746
yllcorner     41.659722222222
cellsize      0.0009920634920635
NODATA_value  -9999
[rows 126 to 167 of 192, columns 0 to 94 of 273]
160 162 165 169 171 168 167 182 201 189 175 167 144 149 166 179 186 185 182 149 118 121 135 110 135 147 105 101 93 106 142 157 128 100 95 106 118 127 141 176 206 191 178 191 239 247 206 156 125 133 141 141 166 180 188 194 214 239 250 247 234 216 201 208 216 240 250 250 250 250 247 243 236 225 218 222 220 206 187 189 209 242 250 250 250 243 246 240 222 212 202 188 178 187 182
161 171 172 169 167 164 163 181 201 183 185 190 184 186 186 189 165 140 165 169 136 111 138 151 135 110 104 111 115 124 155 170 163 156 119 122 150 170 150 110 108 94 100 145 183 205 170 121 103 101 149 159 155 174 196 178 174 221 250 239 218 203 194 198 222 246 250 250 249 249 249 245 238 229 217 213 212 204 195 192 213 236 248 250 249 241 246 241 218 207 205 190 174 165 171
161 155 157 165 170 170 164 172 180 179 191 203 211 209 195 178 152 157 180 189 182 175 177 155 135 113 104 108 105 108 163 176 177 162 141 158 155 144 131 101 84 126 156 184 186 159 153 130 136 134 120 156 166 173 175 159 167 224 247 234 212 191 181 210 237 248 250 249 247 250 250 237 219 207 203 201 211 224 222 214 220 232 244 250 250 245 243 237 211 188 184 175 165 161 193
148 144 151 172 176 172 161 154 161 177 190 197 207 203 188 176 177 185 193 201 200 193 195 178 141 122 127 115 93 83 100 132 159 141 140 176 157 144 159 177 142 123 189 211 175 129 119 105 112 108 92 123 154 160 160 156 175 229 246 242 225 198 195 234 245 247 250 250 243 236 231 213 177 176 198 212 222 228 219 209 217 232 244 250 250 250 242 220 207 197 190 186 185 199 233
127 138 148 159 168 169 162 143 144 172 194 198 193 183 176 180 193 200 192 193 188 190 206 189 146 141 143 98 57 45 51 84 97 106 137 159 131 97 69 45 48 68 121 127 119 88 67 68 91 110 117 118 137 161 187 192 209 236 245 248 238 218 220 243 250 250 249 247 247 242 230 225 212 210 218 226 223 219 212 209 220 236 247 250 230 240 222 202 202 207 209 211 205 219 246
119 149 150 136 141 146 160 169 159 150 164 176 176 175 173 181 199 196 183 203 195 203 199 176 149 143 131 75 49 43 39 46 79 122 147 143 140 73 43 45 47 48 56 79 127 127 117 99 98 112 138 144 148 160 169 158 158 194 227 239 234 230 233 248 250 250 247 243 242 250 247 226 203 210 237 233 208 189 179 196 225 239 243 204 151 175 192 204 215 219 222 228 201 218 250
99 123 144 134 121 108 122 152 162 158 155 171 179 192 199 196 193 186 188 199 186 193 198 193 178 162 132 77 51 37 30 29 48 125 117 125 129 88 63 55 60 48 54 71 88 87 78 86 108 134 141 136 152 163 175 176 165 183 221 238 238 237 240 247 248 243 243 245 248 250 250 212 183 175 192 202 188 153 129 176 221 228 244 225 177 154 152 188 230 245 237 230 234 245 250
77 106 98 73 60 64 73 97 130 154 155 148 159 186 196 185 172 173 179 187 180 168 175 178 191 200 150 71 42 39 37 33 32 53 76 62 67 110 105 76 54 44 50 57 49 48 53 61 79 115 120 110 115 130 155 163 173 205 238 247 248 246 243 244 245 241 242 248 247 246 232 192 155 137 119 98 107 136 162 207 220 222 231 241 239 194 156 177 209 224 241 240 238 245 250
33 57 57 36 35 39 55 73 109 136 161 167 146 147 183 187 178 186 199 193 170 166 184 195 192 177 118 57 33 38 35 29 30 25 24 36 47 79 71 60 46 38 35 33 37 40 43 45 52 66 76 100 102 92 113 150 192 222 237 243 245 242 236 237 241 242 244 246 242 228 199 167 156 133 108 84 82 103 157 204 208 208 216 231 250 240 205 193 187 198 233 243 244 246 248
22 32 37 32 35 42 44 53 82 121 122 116 105 114 132 144 157 178 192 200 204 209 204 183 143 119 83 47 32 30 26 36 36 32 33 29 37 60 69 54 37 36 40 42 40 38 39 42 44 40 46 64 65 77 104 164 215 216 208 205 205 211 215 225 234 241 244 241 229 196 151 126 105 101 92 76 74 76 107 162 193 194 196 208 236 250 241 217 203 220 240 242 245 249 250
32 33 29 25 32 54 58 84 81 62 63 65 45 29 42 68 105 143 187 192 202 224 174 162 95 60 56 37 28 29 31 31 30 30 29 29 30 28 30 36 41 44 42 39 38 36 39 37 35 36 40 46 53 77 117 156 177 165 150 155 168 180 192 212 229 241 238 216 179 129 107 94 62 75 81 57 81 97 96 118 158 169 188 207 233 249 237 231 237 245 246 245 247 250 250
44 41 37 39 40 46 45 57 60 47 42 38 34 28 30 38 37 31 97 151 161 177 160 149 90 51 38 41 44 39 32 32 30 32 29 28 31 31 26 29 38 45 42 34 30 32 38 48 46 41 41 45 59 85 111 148 143 111 105 137 163 193 223 237 241 247 240 192 103 68 58 56 69 71 62 45 41 72 70 69 90 113 162 202 233 237 227 217 231 250 249 248 250 250 250
31 42 40 37 43 43 37 30 28 35 40 35 30 26 21 24 32 34 60 95 163 130 148 140 89 87 90 81 61 48 42 40 32 27 28 30 31 33 34 28 0 0 20 31 31 38 51 55 47 36 43 52 91 148 156 163 139 127 137 130 125 168 222 244 238 234 212 137 82 79 64 44 58 62 44 37 45 82 97 87 85 93 130 191 233 242 229 203 227 250 248 247 249 250 250
27 29 30 28 33 31 27 31 27 25 27 28 32 30 26 24 22 45 59 49 106 119 159 166 146 138 122 139 109 68 47 54 45 34 28 25 31 35 38 38 19 12 26 40 38 61 99 87 49 36 39 56 95 164 188 163 143 156 182 152 123 153 202 228 232 224 170 95 73 82 88 85 87 76 56 47 43 53 78 75 91 115 151 205 242 247 233 213 213 227 242 249 250 250 250
22 28 29 21 31 27 24 33 28 28 29 29 32 31 38 35 28 33 44 59 79 83 92 115 115 123 122 112 115 91 78 65 46 33 34 36 35 29 37 46 52 51 47 43 45 75 132 100 57 47 54 67 95 125 142 147 114 114 169 148 131 149 189 224 234 217 151 88 58 67 81 55 49 68 71 70 72 77 98 137 140 152 179 210 225 228 233 238 238 243 249 250 250 250 250
27 6 11 24 31 32 27 27 32 32 28 26 29 35 41 38 36 49 87 85 77 71 76 79 56 76 79 73 73 58 64 55 43 34 31 25 31 30 29 25 30 35 42 53 77 122 151 132 114 95 90 82 96 130 133 145 132 97 100 123 145 178 212 233 235 211 150 89 69 54 63 97 97 95 76 69 63 58 65 69 96 130 167 203 207 212 229 241 247 249 250 250 250 250 250
28 13 18 36 30 24 22 24 24 32 32 27 28 31 35 43 54 78 98 101 126 88 81 70 49 45 30 28 39 46 43 34 34 38 36 31 26 22 24 24 23 29 28 29 37 93 123 142 157 161 139 122 131 134 124 130 136 95 74 86 123 175 216 233 233 213 145 90 89 89 82 73 82 70 61 54 48 58 91 111 138 170 184 197 203 214 235 250 250 250 250 250 250 248 250
36 38 34 32 30 31 24 25 22 24 32 29 19 24 27 44 66 42 50 58 68 72 56 43 39 50 53 44 38 33 31 29 32 37 39 37 32 24 25 26 26 25 26 29 37 79 143 189 192 185 151 138 148 128 101 100 98 72 64 72 87 119 164 199 221 210 136 65 73 75 71 88 81 71 65 58 51 61 97 147 171 155 139 171 205 223 238 250 250 250 247 245 247 249 250
33 32 21 13 32 32 30 31 25 28 3 0 0 30 35 41 55 41 37 42 41 42 37 24 15 26 38 37 32 36 38 33 22 22 30 33 34 29 22 15 27 33 33 38 63 105 172 213 216 192 139 133 141 141 129 97 77 73 71 65 69 83 105 156 205 212 180 89 62 80 81 100 108 88 73 79 86 123 151 219 226 200 178 190 220 232 236 242 250 250 250 250 250 250 250
33 37 19 1 40 37 31 35 38 24 0 13 42 38 35 43 49 39 31 25 22 26 30 32 26 20 26 36 40 41 38 31 28 28 29 32 30 28 18 0 23 36 31 31 35 60 146 212 204 168 133 138 119 126 123 86 73 93 107 86 63 69 73 78 128 190 210 196 133 78 68 68 114 148 122 121 158 190 202 220 225 225 216 209 217 231 241 245 246 242 241 243 250 250 250
43 56 57 45 37 28 24 25 25 28 26 33 38 44 51 54 55 45 31 28 31 39 32 35 39 31 23 27 31 33 39 34 33 37 37 37 35 31 38 40 19 0 23 32 29 49 131 203 179 152 143 151 138 130 116 85 71 81 85 84 77 66 64 70 107 162 198 217 197 179 186 198 203 207 214 220 223 218 215 211 204 208 222 204 203 222 249 248 230 225 218 230 250 250 250
44 46 51 51 36 31 29 28 30 33 35 39 39 42 43 47 58 43 30 25 27 31 26 37 42 38 21 13 17 17 27 34 35 37 36 37 36 30 30 39 40 33 40 37 32 54 121 169 158 146 131 128 135 131 129 128 120 120 119 86 78 74 70 71 89 126 160 169 158 168 185 198 206 217 225 224 226 228 229 222 207 208 218 206 197 201 224 240 241 242 224 227 232 206 184
48 51 59 59 41 32 33 31 31 61 73 53 44 41 44 56 63 45 29 25 23 27 19 16 13 19 15 19 21 26 26 28 37 40 38 41 52 74 71 51 43 40 39 44 57 102 174 184 160 134 107 110 131 143 129 117 120 98 100 107 92 72 66 77 94 111 103 103 105 116 129 139 180 216 209 188 197 214 213 208 206 201 214 222 221 233 243 240 250 250 229 183 139 110 87
71 84 64 48 44 39 36 39 46 62 85 59 52 48 45 48 51 40 36 32 30 27 23 19 3 1 27 22 26 29 32 32 35 47 49 45 69 131 109 57 45 50 59 77 135 200 221 182 155 128 110 128 159 186 152 127 143 110 117 128 110 89 77 93 109 110 102 115 124 126 116 104 148 193 203 188 192 198 182 169 178 182 213 233 243 250 250 234 250 231 139 85 59 62 58
102 92 74 54 43 48 54 50 50 83 121 90 59 50 48 46 48 42 36 39 35 29 22 0 18 55 59 12 0 0 4 10 16 31 53 72 106 155 163 113 84 90 105 125 166 195 184 161 147 134 118 140 183 204 147 134 138 113 113 107 113 114 105 115 122 127 123 118 115 121 125 139 169 167 177 200 203 188 176 157 174 206 237 250 248 250 239 226 228 167 85 55 41 44 49
110 93 60 42 45 58 70 70 50 77 89 71 59 57 54 49 41 36 33 34 30 31 24 34 44 16 36 26 11 7 0 0 4 36 70 108 126 144 191 181 163 130 110 125 129 129 145 164 169 157 130 168 209 177 107 113 133 119 93 82 94 113 116 108 107 135 151 133 121 123 122 139 168 178 180 197 203 198 196 191 210 233 249 244 242 250 235 228 200 154 95 67 57 48 41
121 93 69 62 71 102 98 82 80 112 97 55 46 52 49 43 37 35 28 26 21 28 0 3 22 0 30 54 48 48 25 28 43 61 113 111 122 120 120 115 114 103 101 131 158 139 163 194 199 185 168 191 191 143 110 111 127 148 110 88 110 136 133 111 101 118 130 122 142 150 137 133 155 205 228 230 226 222 213 209 228 250 247 232 235 244 240 244 200 171 122 68 50 40 32
135 113 122 98 113 148 134 133 133 125 105 95 80 69 53 39 34 32 34 31 28 24 7 22 10 0 35 35 2 13 42 36 46 85 140 132 126 88 95 93 83 82 91 109 133 158 188 213 207 202 199 190 179 143 114 131 184 194 182 172 173 177 188 166 147 141 134 130 158 168 167 169 182 211 232 242 243 236 219 214 243 250 250 238 235 226 199 189 170 125 75 48 39 35 32
166 154 161 143 135 142 139 143 132 114 106 97 74 58 45 36 31 21 19 23 21 30 45 42 38 35 10 6 35 55 61 63 62 99 140 114 74 46 51 62 63 63 77 114 138 144 160 159 147 160 203 199 171 169 138 163 197 182 163 158 177 195 204 188 170 159 133 126 145 155 165 169 174 192 220 241 248 242 218 189 192 220 229 224 216 195 131 100 85 64 42 34 33 34 35
149 139 123 127 136 144 131 128 138 138 133 104 72 53 45 34 27 20 26 25 0 7 48 65 43 41 22 19 50 82 115 127 129 147 115 80 54 44 42 41 36 49 66 99 148 132 80 67 71 86 116 134 150 155 137 139 155 155 165 171 167 176 183 167 157 160 143 128 130 141 151 151 157 175 202 228 240 240 222 190 172 191 195 211 221 191 109 65 59 54 41 37 36 37 38
135 137 129 120 123 147 169 178 182 172 158 128 80 52 45 40 45 35 12 34 46 18 25 58 54 41 43 56 92 145 143 166 158 132 87 63 51 43 40 38 40 45 61 95 111 72 50 43 46 48 57 82 113 128 127 135 142 135 152 135 124 132 132 148 155 166 169 153 138 123 134 163 161 168 189 210 221 226 221 205 188 183 179 191 200 121 49 35 37 36 31 33 36 48 51
108 114 116 133 157 164 167 169 164 153 147 134 88 44 36 36 28 28 11 6 8 0 0 27 35 32 35 41 77 113 99 115 143 156 141 100 69 53 51 47 44 58 102 138 102 54 35 37 38 36 54 99 118 112 126 127 126 124 122 104 101 107 109 111 136 151 184 196 169 126 133 169 184 175 180 195 208 213 211 204 191 171 165 156 116 59 33 29 29 29 29 32 39 67 86
111 130 157 178 194 195 182 172 168 162 151 141 130 94 58 48 41 44 47 44 40 7 5 28 9 26 37 44 60 69 70 71 88 119 113 80 61 57 57 57 61 85 145 146 86 61 49 45 48 57 65 92 113 124 136 127 110 98 94 93 95 96 101 103 113 123 142 168 152 124 153 191 190 169 166 179 203 218 212 194 188 175 165 150 104 66 54 42 36 37 37 37 49 95 112
138 154 186 201 199 192 180 171 169 171 168 163 161 135 99 84 59 51 47 42 34 31 34 29 8 27 26 32 55 77 62 61 77 91 89 64 50 39 40 55 72 94 129 133 98 65 52 49 57 70 71 63 78 82 75 66 54 49 55 56 56 59 69 70 75 89 81 99 121 139 163 152 127 140 155 156 175 198 210 204 184 169 172 153 107 78 73 64 49 43 48 49 57 83 113
126 118 141 175 179 173 168 171 180 186 188 182 173 165 148 129 101 77 70 54 39 35 35 36 37 34 32 45 68 89 87 81 74 78 70 44 29 31 24 27 44 74 137 106 63 47 41 44 66 77 70 59 66 69 47 35 38 38 34 30 31 36 44 45 50 67 96 119 144 166 174 164 150 147 140 132 145 174 195 183 169 180 185 156 124 95 73 62 66 67 67 59 45 73 119
108 89 105 154 172 170 166 178 194 191 182 183 187 178 147 117 84 57 52 47 47 40 37 37 33 35 40 43 56 69 83 118 129 99 44 33 30 30 30 28 31 59 141 120 66 49 51 53 53 47 55 59 56 52 44 41 35 34 35 40 36 33 40 51 62 75 112 148 160 165 169 198 203 175 156 136 140 172 196 183 175 188 181 139 89 55 54 69 88 76 70 76 72 98 94
92 77 80 106 145 179 184 180 191 189 151 140 156 145 111 86 79 61 48 41 44 41 37 36 38 48 68 86 81 80 82 103 114 93 59 39 33 35 33 33 39 58 101 139 132 117 93 83 68 49 51 53 60 53 38 20 24 34 34 33 40 41 51 83 112 125 161 179 177 166 157 193 187 169 164 158 162 182 204 207 193 176 155 140 103 69 73 99 107 83 105 117 113 77 50
119 111 101 113 159 205 207 184 188 169 129 118 117 113 95 89 103 87 66 55 52 47 37 34 53 80 100 139 135 130 145 143 118 89 67 50 39 39 39 35 49 98 137 156 147 124 114 117 88 70 65 58 55 40 30 26 27 28 32 32 48 82 134 163 178 184 184 185 182 182 172 176 163 156 163 157 153 165 196 214 207 194 188 215 198 161 161 155 130 98 93 105 108 61 39
155 142 132 147 180 215 226 193 155 122 114 115 118 134 149 149 152 132 92 74 73 70 55 56 81 113 131 144 144 163 174 163 112 58 35 34 36 36 37 31 45 102 147 154 164 145 126 122 103 84 67 47 33 37 44 43 38 33 43 70 102 146 176 190 195 181 174 186 183 184 160 158 181 162 167 165 156 159 180 200 218 211 199 209 201 202 146 105 101 87 82 85 83 57 36
147 157 146 142 171 202 212 156 108 98 117 134 149 164 177 173 171 159 132 117 125 122 94 81 99 137 168 163 152 166 176 184 114 54 34 29 28 30 32 33 42 84 139 151 178 186 162 101 73 67 48 35 30 24 21 18 24 29 38 88 152 168 163 170 186 191 193 196 189 177 170 193 182 154 164 178 186 173 165 172 184 190 194 203 169 143 93 69 89 74 57 52 43 40 35
161 177 169 161 173 179 155 128 89 93 137 164 178 178 167 146 140 152 150 147 156 158 108 93 104 118 155 181 189 184 181 179 87 37 28 32 31 30 29 32 44 93 143 164 176 185 156 108 83 64 44 33 30 30 32 17 0 21 45 72 136 145 161 179 190 194 199 207 185 171 188 214 196 193 197 189 189 156 127 132 164 195 209 204 152 95 107 99 64 40 29 38 35 36 40
174 171 163 151 155 166 156 145 111 128 170 175 181 175 164 146 135 146 158 160 159 147 112 104 107 114 133 169 201 195 166 134 84 52 39 37 35 34 33 36 48 92 170 189 202 192 154 137 93 61 48 42 40 35 31 28 20 32 61 107 141 137 163 178 181 185 198 206 196 188 198 198 167 145 177 194 166 143 136 156 187 220 229 210 172 124 90 71 39 27 25 28 25 32 36
