examples/data/proba_v_out_italy/probav_s5_toc_x19y03_20150506_100m_ndvi_v001.txt
ncols         273
nrows         192
xllcorner     12.62996031746
yllcorner     41.659722222222
cellsize      0.0009920634920635
NODATA_value  -9999
[rows 84 to 125 of 192, columns 95 to 189 of 273]
240 238 234 232 231 230 229 229 229 231 233 235 233 230 228 230 231 230 230 230 230 231 233 235 237 237 236 230 229 226 220 214 218 213 202 214 212 198 205 215 203 197 194 190 187 185 184 196 189 169 181 190 194 192 190 202 219 236 242 234 224 223 220 216 216 210 212 220 224 223 216 219 219 218 221 221 231 239 240 240 234 228 223 202 183 200 232 236 238 241 244 247 245 236 234
217 224 229 229 229 229 229 232 232 232 231 231 232 233 234 232 230 229 228 230 231 230 230 234 237 240 238 239 238 227 211 197 198 208 209 218 212 205 202 196 187 190 185 182 188 191 185 194 191 173 183 197 204 202 197 200 207 215 231 236 235 228 195 178 185 202 217 223 222 218 203 199 212 222 224 222 232 242 244 241 239 237 232 226 215 212 222 228 229 229 231 237 234 227 234
165 194 229 231 230 227 227 233 235 230 225 226 231 232 233 233 232 232 230 231 233 232 232 236 239 241 235 239 240 228 213 202 198 207 209 211 208 205 209 210 214 214 202 200 202 205 197 184 164 115 132 185 185 180 183 188 192 208 234 240 243 240 226 218 214 210 217 223 222 219 217 222 225 219 225 233 242 245 242 237 237 237 235 229 212 196 189 198 209 212 212 214 219 228 239
144 192 234 232 233 227 223 222 214 199 195 207 224 230 231 233 234 235 234 233 234 236 237 240 244 241 236 237 244 237 216 207 205 222 220 208 202 204 202 206 213 220 219 217 214 203 178 160 172 136 151 189 197 201 204 202 192 199 224 242 246 244 238 229 220 212 217 222 224 224 230 237 227 219 229 235 243 247 243 238 238 235 229 211 185 171 165 180 208 221 218 214 224 237 244
170 203 226 232 232 227 227 227 209 186 192 209 226 232 234 234 235 236 234 232 232 236 238 237 243 244 241 238 238 240 232 223 229 234 222 203 203 202 195 199 200 203 206 203 202 207 215 214 209 213 223 211 197 201 213 224 230 234 238 242 239 238 237 233 222 212 217 224 229 230 234 237 230 227 230 236 244 245 243 239 237 233 218 196 183 184 194 212 231 241 241 236 232 232 236
176 195 217 226 226 225 228 226 212 209 223 230 231 233 236 237 236 235 234 235 236 238 235 232 243 246 245 239 233 230 231 228 225 214 198 189 202 212 216 220 216 205 193 188 190 198 204 216 208 197 203 213 203 189 187 204 223 241 244 242 240 238 240 240 233 220 217 222 228 223 224 232 232 230 233 238 243 243 241 240 238 236 230 220 216 224 231 235 240 241 238 237 232 230 235
168 186 213 230 227 224 227 228 226 224 228 231 232 236 238 238 239 240 238 234 232 234 234 236 244 245 247 243 241 241 237 221 207 201 197 198 203 210 217 230 237 214 178 177 188 193 191 204 210 205 209 216 209 205 201 204 221 241 246 247 246 244 243 242 240 233 228 227 223 211 217 225 224 227 233 240 243 241 239 239 238 236 237 242 244 243 243 243 242 246 248 246 244 242 242
172 175 187 210 219 220 225 229 230 229 230 230 231 237 240 238 236 237 239 237 234 231 234 239 244 246 245 242 242 246 245 233 221 208 208 206 203 208 209 221 228 202 175 191 206 211 207 196 195 202 216 219 208 204 201 214 229 241 248 248 246 243 239 236 234 231 228 225 219 213 218 222 225 230 235 242 244 242 240 238 237 236 236 238 237 239 242 246 247 247 248 248 248 247 245
179 187 185 185 203 228 231 231 231 230 227 226 230 236 238 236 233 233 233 233 237 236 237 239 241 244 244 242 241 240 239 236 232 242 238 214 206 214 213 217 214 199 176 180 204 212 215 194 177 193 209 212 217 220 220 234 239 240 242 241 238 232 228 226 222 214 214 221 219 215 215 219 226 231 231 235 241 242 240 237 237 238 239 239 236 237 242 246 246 246 246 246 246 246 244
202 197 190 194 201 220 232 234 230 231 228 225 229 232 234 234 233 234 233 233 236 237 236 237 237 238 238 236 238 239 237 237 238 232 216 192 188 186 198 218 219 210 182 175 192 206 217 193 176 191 200 192 210 214 216 226 234 232 232 233 230 229 226 224 223 212 205 217 218 216 215 217 225 229 229 231 237 242 241 239 239 239 240 239 238 237 239 242 244 246 245 245 244 244 244
177 180 189 197 199 200 193 199 219 227 224 224 223 219 221 223 224 225 229 231 231 232 234 237 236 234 234 234 235 237 238 235 233 226 212 201 187 169 185 201 206 208 205 214 222 216 213 206 190 200 203 195 203 207 210 219 227 230 229 226 227 228 228 224 218 201 196 206 208 207 213 223 229 230 232 236 239 242 243 242 242 243 241 239 238 238 239 239 238 239 242 243 245 245 244
176 179 197 206 198 176 176 188 202 208 199 197 205 210 213 216 219 221 223 224 228 230 232 235 237 235 234 235 233 232 235 233 230 225 223 204 179 178 185 187 199 219 228 230 226 222 222 223 209 204 204 201 203 212 217 226 226 226 226 224 224 224 225 220 210 195 197 201 201 198 197 205 217 228 235 238 240 243 244 245 246 245 242 238 235 234 234 236 237 237 239 243 244 243 241
188 189 207 219 220 212 218 217 196 185 191 201 197 206 217 224 225 225 226 226 227 230 232 234 234 234 235 235 231 230 232 230 228 226 226 218 206 203 202 210 211 213 216 215 214 220 203 212 230 233 233 224 217 217 214 220 221 223 224 224 221 217 217 210 203 199 207 213 206 204 211 221 226 227 232 238 242 242 240 241 242 244 243 241 239 238 235 234 237 239 240 241 240 238 240
197 189 197 214 228 235 232 230 223 207 191 184 189 201 218 230 231 229 228 228 230 234 236 235 233 233 235 233 230 227 227 226 219 215 215 205 216 225 220 213 216 210 208 207 208 207 181 170 205 229 231 223 209 209 209 212 216 218 219 218 217 212 208 203 194 189 189 190 199 209 212 213 222 230 234 240 246 243 240 241 242 243 241 240 241 241 240 239 239 238 240 241 238 237 239
194 199 193 193 209 221 228 233 235 223 214 213 213 214 225 233 233 232 231 231 232 234 233 232 232 233 236 229 225 228 229 223 194 181 194 217 223 225 215 215 218 212 213 224 219 196 175 168 193 215 216 210 207 212 211 211 216 220 220 217 214 213 217 214 201 199 200 199 200 209 212 217 226 232 236 244 248 247 244 240 237 236 235 235 237 237 238 238 240 241 242 242 240 240 243
192 212 208 198 200 212 222 225 223 217 212 220 228 229 232 234 233 231 230 230 232 234 235 233 231 232 232 223 225 226 226 220 199 186 189 214 231 225 218 224 223 207 199 207 211 190 170 169 179 198 202 191 189 198 215 216 217 221 222 217 211 213 220 220 206 190 188 196 200 199 196 217 228 231 239 246 246 243 241 239 235 234 235 236 236 238 239 240 241 241 242 243 241 241 243
181 215 215 196 189 199 208 205 214 220 218 227 235 237 238 239 235 232 230 231 232 235 236 235 230 228 229 227 229 228 229 230 229 227 225 228 234 234 230 220 205 189 171 173 189 181 178 176 182 193 185 148 162 196 212 215 216 217 216 213 203 194 193 205 211 203 197 203 201 203 211 224 231 236 244 249 246 241 239 240 242 240 240 241 242 243 244 244 243 242 242 241 240 239 237
174 195 199 186 188 199 201 210 220 227 230 233 234 237 241 242 238 234 231 232 234 236 236 234 230 228 229 230 231 228 226 231 237 237 235 231 232 230 228 222 204 182 178 179 169 141 143 165 190 205 191 172 177 172 186 210 222 223 223 219 211 201 202 211 215 212 211 213 221 221 223 229 236 236 233 232 234 233 231 233 235 233 232 233 236 238 240 242 241 241 241 240 238 237 237
182 175 176 186 196 208 220 225 229 233 236 235 234 235 240 242 241 237 235 234 237 238 238 237 235 232 230 229 232 231 231 234 235 230 229 227 230 230 219 209 203 198 196 194 187 167 170 203 213 206 183 173 181 153 170 210 226 225 228 225 224 220 217 221 221 210 211 224 230 223 225 235 236 221 198 185 189 198 213 229 236 239 237 233 231 233 235 236 236 237 238 237 237 237 237
180 204 214 212 214 217 222 230 237 237 237 236 234 233 235 238 239 237 235 235 237 240 241 240 239 235 232 231 232 232 234 235 234 231 228 229 230 231 232 230 228 223 220 219 218 213 217 224 225 220 209 209 191 161 171 207 224 226 229 227 232 226 225 232 234 221 218 225 228 224 227 234 235 226 216 193 177 173 191 223 229 234 235 234 231 230 230 233 235 236 236 234 234 235 235
205 206 208 215 221 228 232 235 236 230 229 232 232 230 229 233 237 238 237 237 239 242 242 241 240 237 234 230 229 231 234 235 237 237 233 230 231 232 232 235 240 228 223 229 232 224 221 221 223 225 219 185 179 186 201 217 221 224 223 223 228 223 221 224 229 232 231 232 232 231 232 234 240 240 236 231 221 211 213 228 231 232 232 233 231 230 228 229 234 237 238 237 233 233 233
235 236 235 236 237 236 234 235 234 232 229 230 231 230 229 229 230 233 234 237 238 239 241 241 240 239 237 235 234 234 235 238 240 240 237 233 233 234 234 232 231 227 221 219 219 216 217 221 229 216 178 141 147 184 209 213 213 214 216 219 220 220 216 214 221 230 235 235 234 234 234 235 237 237 237 236 236 233 228 229 230 231 231 231 229 228 229 229 231 234 237 239 238 236 234
244 243 243 241 239 234 229 229 233 234 233 233 231 229 230 229 225 225 229 234 237 239 241 242 241 241 239 238 232 221 222 232 237 239 238 236 229 228 229 229 230 233 228 223 220 215 220 227 230 211 167 136 151 196 219 224 220 219 218 218 218 218 215 213 218 227 234 234 233 234 234 234 233 232 233 234 234 234 231 232 233 233 230 229 229 229 229 230 232 234 236 236 238 239 239
233 237 235 232 230 228 228 230 233 237 236 234 231 228 230 234 233 229 228 230 234 237 238 239 241 241 237 230 212 196 211 231 235 236 236 234 230 231 228 215 204 208 218 223 219 216 221 225 230 228 207 189 196 217 223 223 223 223 219 218 218 219 222 222 224 231 235 235 234 234 235 234 231 232 232 232 232 233 232 232 232 233 232 230 229 229 230 231 233 234 236 237 239 242 242
228 231 228 224 221 225 233 234 234 235 236 233 231 231 233 238 239 236 232 228 228 230 234 238 242 241 229 206 178 181 215 235 235 233 232 230 230 231 231 224 217 216 220 223 220 218 220 224 226 227 222 221 225 232 229 219 221 222 222 222 221 223 228 231 235 236 238 239 237 236 235 234 233 234 234 233 234 236 234 232 232 233 234 233 231 231 231 232 234 235 237 237 241 243 243
227 231 230 228 225 228 231 232 235 237 235 231 228 231 235 236 236 233 230 226 223 225 232 238 241 241 212 178 163 186 227 237 234 232 230 226 226 227 229 233 230 225 219 215 214 217 219 221 222 224 225 221 217 220 222 221 224 223 224 226 228 230 235 238 238 237 237 236 236 237 237 236 237 238 238 238 238 242 241 237 235 232 232 232 232 234 236 236 236 238 238 240 243 244 242
230 236 236 235 232 228 225 226 228 232 232 229 229 233 234 234 232 229 228 229 228 231 235 237 236 237 220 171 161 195 229 235 236 236 233 227 221 223 227 230 229 227 223 215 214 219 222 224 226 226 223 216 213 218 223 226 224 225 228 234 236 234 235 236 236 236 236 236 234 236 238 237 237 239 239 240 242 244 247 245 243 239 236 235 235 234 235 237 238 239 239 241 242 240 240
233 237 237 233 231 231 228 228 229 232 231 229 230 232 231 231 232 230 227 224 221 220 223 228 233 234 220 185 184 204 224 231 234 235 235 235 237 234 230 227 222 218 215 211 211 217 222 225 226 226 220 214 213 220 226 228 229 232 235 238 239 236 234 235 237 239 240 240 236 232 232 234 236 238 238 238 238 240 242 242 240 236 234 232 230 231 230 231 233 236 238 240 240 240 241
231 234 233 229 228 231 231 231 233 232 230 231 231 225 220 224 229 228 225 223 226 229 231 232 230 228 227 223 223 224 228 231 229 229 228 233 233 229 216 191 179 203 215 212 212 215 220 223 222 221 222 220 219 224 230 235 238 239 237 236 238 239 239 241 241 240 241 241 236 231 231 232 232 233 234 234 234 233 233 234 235 235 235 236 235 233 233 233 234 236 238 239 239 240 241
227 229 226 223 224 224 228 231 232 230 229 233 232 223 214 221 230 231 226 224 227 234 236 233 231 231 232 228 223 227 233 234 228 221 220 224 223 222 215 182 156 185 210 213 214 223 224 223 225 228 227 228 229 231 236 239 241 239 234 233 235 240 241 241 238 233 231 231 228 226 229 230 232 233 232 229 228 230 232 233 235 236 237 238 239 240 240 238 237 239 240 240 241 241 241
228 230 227 223 221 222 224 229 231 229 227 229 231 229 224 225 235 235 226 221 224 227 228 225 224 225 228 225 219 225 236 234 229 226 229 226 211 210 202 180 144 144 168 191 207 212 214 220 229 232 231 231 232 234 235 237 239 237 234 232 235 236 235 234 233 226 221 221 223 228 232 234 235 237 236 234 232 230 230 231 233 232 233 234 234 236 238 239 240 239 239 239 240 241 241
230 232 229 225 222 221 225 229 230 227 222 220 226 229 229 227 232 236 231 226 222 221 223 223 221 219 226 230 223 221 225 221 217 220 221 223 211 193 167 131 111 119 152 184 188 185 199 220 233 238 237 235 235 234 233 232 233 234 235 233 233 236 236 235 232 228 222 219 222 230 237 239 237 236 235 235 238 241 241 240 238 236 234 232 231 232 233 234 235 237 238 237 238 238 240
232 232 229 227 227 227 226 226 227 224 220 219 225 228 229 228 223 222 222 229 222 209 205 208 224 232 233 226 216 210 212 217 221 222 219 230 229 225 201 150 126 132 142 164 181 193 213 231 238 240 240 239 238 237 237 235 234 233 234 232 233 233 232 231 232 231 224 220 223 231 238 239 237 233 229 227 227 234 240 245 245 245 243 240 236 233 234 234 234 235 236 238 239 238 236
230 231 230 229 233 230 222 222 227 225 222 218 218 223 230 233 213 204 206 203 217 219 213 219 233 238 234 224 220 212 200 208 220 235 244 241 229 218 205 179 160 156 150 175 209 220 227 236 241 240 241 241 240 240 240 242 240 237 234 230 228 226 224 222 227 228 222 223 226 230 235 236 238 239 236 224 209 210 229 241 243 241 241 241 240 238 236 234 233 234 234 235 237 238 239
226 228 231 232 232 226 216 218 223 226 226 221 224 225 228 238 230 219 216 205 202 205 217 227 237 236 234 237 240 229 213 212 213 232 245 243 229 198 164 166 177 184 199 222 234 237 236 239 240 240 240 241 239 241 241 243 244 242 238 235 233 233 233 232 235 233 227 230 231 230 231 232 235 237 236 229 208 203 224 240 240 237 239 242 241 241 240 237 236 236 235 236 236 236 237
225 227 231 233 235 235 233 233 233 233 233 232 234 216 213 226 218 208 210 209 209 209 213 222 235 236 232 234 241 242 234 222 215 218 231 240 237 212 179 189 207 214 225 234 229 233 238 241 241 241 241 241 242 242 242 242 243 245 243 241 238 237 237 234 232 233 234 237 237 232 230 229 230 233 235 232 208 203 221 237 240 238 239 241 242 242 242 242 242 241 239 237 237 238 238
230 232 232 233 234 236 235 234 235 234 233 231 231 218 203 224 237 235 234 226 222 215 212 224 235 232 227 228 236 244 246 240 233 228 229 237 239 226 212 216 217 221 227 231 230 232 234 238 241 241 242 243 244 243 241 240 237 236 237 239 237 231 228 228 228 231 234 239 237 234 233 231 230 229 229 223 214 221 232 240 242 240 240 242 242 242 244 244 245 245 243 242 242 243 244
236 239 236 234 233 230 231 232 232 235 237 235 237 238 234 241 244 240 234 231 219 226 235 237 233 229 230 233 238 241 247 247 244 236 232 234 223 224 225 223 224 231 233 234 233 231 231 234 237 238 236 236 237 239 238 237 237 235 234 234 233 229 225 225 224 226 232 235 234 236 236 234 231 229 220 210 212 227 239 242 240 240 241 242 241 241 242 244 245 244 243 243 243 238 238
218 213 204 203 210 220 220 217 215 220 224 221 222 231 232 223 214 214 206 209 220 230 233 234 235 239 242 235 233 239 246 248 246 242 230 223 225 229 226 225 231 237 239 239 237 233 231 234 238 239 239 236 234 232 232 233 233 234 230 226 225 228 230 229 224 220 224 231 232 233 235 235 233 231 229 227 229 233 238 239 239 241 242 241 239 239 241 246 247 246 244 241 237 232 226
171 167 167 166 179 197 206 215 213 208 207 205 186 193 183 167 160 174 206 213 222 229 231 236 234 229 227 227 227 229 238 240 237 232 224 223 226 222 213 214 220 229 235 239 240 239 235 233 236 236 233 232 233 232 230 231 232 228 224 223 225 227 231 234 230 222 223 227 228 229 229 232 237 238 235 233 230 232 239 240 240 239 238 238 241 243 243 247 247 246 245 245 240 227 222
161 157 172 186 187 187 190 198 200 197 190 175 165 163 178 193 164 158 204 222 227 224 223 225 224 232 227 220 225 229 234 235 230 225 228 237 240 233 224 218 211 208 210 219 227 233 230 230 232 233 233 234 235 233 233 232 229 225 223 227 231 232 235 239 236 228 225 224 224 226 229 231 233 237 238 235 230 230 233 240 237 231 229 235 238 240 240 242 244 245 242 241 232 221 218
175 166 175 186 175 187 172 163 170 178 163 146 158 166 171 181 169 157 168 202 225 225 218 213 204 204 222 223 230 231 228 224 231 231 234 239 240 239 239 238 234 226 217 210 213 228 234 232 230 230 229 230 231 231 230 228 225 224 226 229 229 231 238 241 242 238 231 225 225 228 233 236 235 234 238 241 237 230 231 236 235 226 223 225 232 236 237 238 241 244 244 243 241 232 211
