examples/data/proba_v_out_italy/probav_s5_toc_x19y03_20150406_100m_ndvi_v001.txt
ncols         273
nrows         192
xllcorner     12.62996031746
yllcorner     41.659722222222
cellsize      0.0009920634920635
NODATA_value  -9999
[rows 0 to 41 of 192, columns 95 to 189 of 273]
170 178 170 157 113 98 114 103 105 132 130 99 79 86 88 89 78 101 142 175 192 190 177 171 177 172 182 196 193 180 196 181 157 174 197 198 199 197 189 184 194 200 205 209 207 207 202 187 175 174 178 174 182 185 183 167 176 190 207 195 177 160 180 202 190 180 177 174 168 178 187 190 200 205 202 197 201 185 180 185 183 191 205 208 210 210 206 191 174 166 180 193 198 201 202
167 162 149 149 187 188 152 122 106 124 131 124 107 110 130 127 120 139 160 184 183 188 180 162 160 181 188 188 193 195 189 170 165 167 172 183 184 194 191 184 182 189 198 206 208 207 203 193 178 176 186 175 175 180 182 169 164 177 185 191 198 184 170 183 179 180 181 178 180 182 195 195 189 188 196 180 189 198 213 199 188 182 194 203 202 200 194 202 185 180 185 192 188 188 184
128 152 141 127 149 181 190 177 155 138 125 111 106 118 130 133 124 131 150 170 174 171 167 157 147 152 164 170 183 180 171 174 195 195 178 174 189 203 197 173 172 192 196 196 196 194 193 186 177 183 184 175 174 176 183 175 156 171 183 198 217 208 183 168 161 172 183 186 188 192 208 210 189 177 186 196 195 199 200 201 189 172 174 189 198 206 194 202 202 190 186 189 184 177 182
124 148 163 152 148 160 152 146 143 161 160 126 96 104 117 135 157 148 149 148 155 172 170 155 153 167 163 157 165 192 188 191 204 206 202 194 190 179 178 193 205 210 205 200 196 193 189 185 183 185 180 172 168 171 184 186 183 189 193 200 210 214 204 180 161 167 183 193 193 186 198 213 207 187 187 207 220 214 203 196 191 184 179 182 196 212 191 186 190 180 177 186 193 187 173
149 167 168 167 161 162 154 151 164 180 174 141 114 114 123 145 163 152 149 160 165 157 156 158 175 185 177 166 157 181 177 149 179 192 202 196 188 178 173 191 211 225 218 209 198 187 185 185 185 181 170 155 160 166 173 183 190 187 184 190 197 209 217 212 192 179 181 186 191 178 168 183 201 196 188 192 206 215 211 201 196 195 199 197 194 198 191 190 196 203 204 193 193 191 172
159 156 160 169 155 161 159 156 165 173 172 164 125 114 145 165 172 177 183 197 207 202 197 192 184 172 149 113 110 162 177 155 162 182 197 212 221 212 215 219 215 215 212 206 208 198 192 191 186 188 174 162 169 179 169 161 174 187 184 188 195 207 219 220 212 197 185 189 197 184 174 174 173 183 193 184 193 208 218 213 205 194 200 197 198 197 190 185 208 221 222 208 197 194 192
173 173 164 164 166 161 154 142 157 161 165 164 138 140 176 185 178 176 169 177 209 208 196 192 192 179 123 100 123 186 201 190 187 192 194 216 216 208 211 204 197 198 196 195 201 198 186 189 196 214 209 194 183 188 184 183 201 215 211 204 198 202 224 228 225 219 201 182 197 203 184 178 168 180 190 189 175 190 205 208 196 185 182 184 191 196 206 202 199 211 200 187 179 183 187
171 186 181 159 163 170 158 145 163 169 171 179 177 186 191 184 178 174 171 179 194 201 206 213 195 179 165 145 140 169 202 200 181 168 157 165 183 183 188 187 191 209 211 202 200 204 179 170 178 201 204 196 184 182 185 185 182 200 205 204 181 190 218 220 220 220 207 181 187 198 197 185 169 182 201 188 166 179 202 216 203 187 188 186 183 187 202 198 197 198 201 188 187 185 188
175 190 191 181 179 176 162 157 169 180 188 194 194 189 180 176 178 181 191 189 188 195 211 224 199 184 193 184 141 139 184 180 174 174 162 149 186 200 190 191 205 214 210 205 206 200 175 175 181 173 166 175 167 164 174 174 159 174 200 203 186 191 196 192 209 214 211 189 184 184 191 176 161 180 194 197 190 181 192 203 194 180 191 190 185 183 197 176 172 186 195 188 193 202 201
175 182 183 179 176 171 164 159 167 177 189 200 202 189 168 182 180 171 175 168 150 177 202 200 178 181 206 213 191 182 205 195 188 191 170 154 155 155 163 183 195 209 208 200 190 199 196 196 194 180 155 148 168 168 173 174 171 181 196 204 204 206 198 188 190 199 198 181 164 166 179 181 170 173 172 184 193 189 174 181 197 191 191 193 206 201 185 173 165 161 173 178 177 191 194
166 159 169 172 172 171 166 162 164 170 182 197 202 187 175 182 171 160 157 146 134 156 168 195 193 179 190 206 205 190 183 198 196 184 178 172 163 145 155 167 184 183 183 171 167 183 191 204 215 213 196 164 158 165 176 177 173 171 177 200 220 223 210 191 178 181 190 194 188 172 168 183 179 169 172 178 188 190 177 186 207 209 214 217 197 185 172 183 188 177 177 188 200 188 177
174 166 162 168 181 179 171 165 160 162 167 177 188 187 185 185 165 146 148 150 153 142 170 200 218 213 198 199 203 192 177 180 176 153 167 179 160 153 173 167 169 172 174 170 167 168 176 184 203 213 211 172 136 141 161 167 177 170 176 194 210 213 207 193 186 190 201 197 196 181 158 170 182 180 180 184 191 190 174 179 195 200 196 188 180 175 181 202 199 176 172 195 187 172 174
193 193 178 180 183 174 171 169 163 163 171 178 176 180 187 181 172 165 173 181 179 173 185 194 216 218 215 208 214 219 211 189 157 132 134 140 137 129 137 145 146 157 174 176 168 185 197 206 212 212 209 189 168 171 186 188 185 163 160 177 193 202 205 189 174 172 186 209 197 184 173 184 180 188 187 181 178 191 193 180 168 174 182 176 166 174 193 201 196 177 166 182 189 170 157
174 180 180 186 179 171 174 178 182 188 196 199 198 193 191 192 198 199 205 199 210 204 178 200 202 205 216 221 218 178 185 204 180 163 162 162 143 136 148 142 126 156 152 151 165 189 188 204 216 206 194 164 174 203 218 199 185 169 163 161 170 193 205 202 188 180 189 197 202 181 186 186 155 158 181 182 175 192 197 184 167 174 193 196 187 186 194 196 201 194 182 165 178 172 154
178 185 188 197 189 176 176 178 180 187 197 206 212 215 225 219 201 201 209 200 183 205 215 215 211 212 203 184 189 159 167 181 164 173 195 213 208 197 186 171 169 187 179 159 168 181 166 193 200 191 195 195 202 207 207 187 191 190 170 149 167 186 190 183 178 193 185 181 189 194 207 211 167 133 169 180 181 181 183 190 175 163 177 184 177 180 183 197 202 196 177 162 158 157 165
185 166 163 178 194 181 179 187 189 192 199 206 210 219 217 200 193 191 205 206 202 182 185 214 222 205 163 131 136 153 177 157 129 151 191 214 227 221 214 205 199 201 199 199 190 187 192 196 178 173 175 180 188 196 189 185 203 198 166 147 155 175 193 194 173 169 178 188 198 201 201 203 196 180 195 201 177 177 187 198 192 174 165 168 172 176 179 194 208 194 169 167 172 176 173
181 165 163 180 196 185 191 203 201 198 195 197 203 206 188 176 186 201 193 191 203 204 203 216 232 200 133 86 85 109 138 188 171 167 193 218 221 210 198 196 199 202 198 193 195 195 188 179 188 194 193 185 185 190 189 186 190 181 164 167 163 161 188 207 195 167 169 182 198 198 199 201 204 201 192 182 183 182 175 178 190 187 169 163 179 190 189 186 195 192 174 183 198 195 177
179 162 130 137 164 181 191 194 198 195 192 194 197 198 189 190 201 211 210 204 197 193 196 198 181 166 145 109 93 95 117 155 200 216 213 206 203 196 184 188 192 183 178 175 178 174 167 173 189 197 179 176 183 193 190 171 187 199 181 168 159 149 163 189 187 165 165 173 180 181 184 186 189 198 197 187 183 182 184 184 191 190 168 167 179 192 192 174 169 173 177 189 203 201 191
192 185 163 144 141 140 159 178 190 192 188 191 192 191 193 196 203 215 212 201 190 175 167 162 156 147 138 116 102 107 144 177 189 213 208 196 200 206 200 211 211 191 165 140 150 167 157 168 174 162 148 155 168 178 183 169 180 201 176 150 163 178 182 191 196 192 186 167 158 157 166 185 200 207 213 198 184 180 187 189 192 186 188 186 186 196 201 189 171 174 172 171 190 202 194
211 201 203 200 191 178 152 155 181 185 177 183 195 193 187 185 199 210 196 181 171 160 159 163 157 146 143 131 115 115 140 182 215 217 207 201 207 210 201 199 197 188 161 145 162 178 157 157 165 151 148 165 176 169 165 169 169 168 171 168 177 201 191 195 204 198 185 168 163 172 167 171 184 200 205 202 197 191 190 188 182 195 206 197 177 183 190 185 175 180 184 191 195 197 194
216 179 183 196 185 186 165 158 175 177 174 177 194 213 207 199 201 201 185 174 166 177 177 180 191 188 165 151 135 125 120 125 162 196 221 223 206 200 180 173 181 183 168 161 163 169 160 160 171 157 154 168 178 177 166 160 158 162 172 189 196 195 190 186 187 191 194 190 192 200 177 150 164 177 191 201 200 193 192 192 186 184 188 171 157 168 171 169 171 186 196 192 187 187 189
189 169 185 192 192 196 202 198 194 199 203 207 201 189 190 193 199 202 185 161 167 193 186 168 186 212 192 161 152 161 150 129 128 164 196 214 200 190 181 179 187 203 202 197 187 187 189 183 190 179 179 178 181 185 178 169 158 156 157 180 190 188 192 192 193 200 202 193 182 185 182 171 175 180 183 194 200 199 195 198 206 205 198 178 162 154 153 165 189 202 194 179 185 190 195
163 173 193 204 204 213 221 198 184 181 184 185 188 173 181 192 206 204 186 177 184 196 183 173 186 209 205 191 196 205 194 155 139 149 173 202 202 190 180 183 187 198 216 220 211 203 195 200 190 180 180 176 170 165 166 171 169 164 154 140 149 163 172 178 189 205 205 185 168 164 175 184 191 192 190 194 204 207 195 191 195 194 200 206 195 170 157 183 211 215 201 188 184 172 165
191 189 192 205 217 214 202 187 177 172 168 174 164 152 161 175 191 199 186 186 190 193 191 202 214 215 210 206 211 220 214 191 167 177 190 202 198 191 186 186 174 175 207 215 200 199 197 185 178 179 184 181 171 169 173 180 183 182 168 155 158 165 171 174 168 162 171 173 162 169 196 202 184 179 186 198 206 211 198 183 189 196 194 201 203 194 181 200 209 208 204 191 182 163 152
192 193 181 187 199 193 189 193 199 190 183 192 192 186 178 173 178 187 197 197 208 208 207 205 210 213 211 212 219 234 226 212 198 197 205 195 197 206 200 189 172 167 192 200 180 167 181 183 184 187 185 182 179 176 181 182 185 187 181 181 175 177 186 190 156 92 113 147 169 185 206 196 180 178 185 195 210 216 200 191 180 180 182 182 197 202 193 177 174 197 197 186 189 188 168
183 181 166 172 182 186 181 187 203 195 192 210 218 216 205 192 190 192 197 202 198 202 199 190 207 207 210 200 223 226 224 211 198 200 207 196 190 193 188 173 154 149 163 170 160 162 173 173 175 184 183 170 158 164 176 181 186 189 187 182 173 168 176 196 193 141 100 142 166 166 177 178 193 200 195 188 202 210 199 189 185 190 190 181 178 167 159 145 170 191 181 171 185 192 185
183 188 174 165 162 164 169 189 200 196 195 205 216 218 197 188 191 203 209 204 195 193 200 200 200 207 203 186 181 196 208 205 202 203 198 194 196 193 191 174 149 158 162 162 163 177 178 166 173 180 179 172 168 169 177 186 188 188 182 175 170 146 131 148 171 195 186 174 162 144 129 138 159 169 156 154 178 199 190 168 153 172 177 161 143 143 157 156 173 187 181 181 190 193 195
190 186 170 170 178 180 199 211 208 198 190 197 212 206 189 186 188 202 195 186 177 172 176 192 201 206 195 187 176 176 184 187 198 209 203 196 202 194 182 177 158 154 166 179 180 167 181 187 177 173 173 163 167 177 179 180 181 187 180 172 171 140 115 106 117 165 197 178 147 151 146 141 117 106 109 128 158 175 163 141 134 159 170 136 120 136 159 165 163 188 195 203 201 181 171
201 197 182 170 177 186 207 217 207 195 188 195 205 202 199 195 192 197 192 185 181 172 166 179 196 191 178 196 205 191 168 170 190 197 194 190 199 194 184 187 182 170 182 175 165 155 153 182 182 177 164 164 183 192 177 165 171 179 184 174 145 111 105 102 103 130 183 189 179 167 156 162 128 93 81 88 118 129 118 102 116 136 160 151 138 160 179 186 197 200 196 196 201 195 180
190 188 173 169 177 175 197 207 200 194 186 182 186 199 207 199 189 179 163 192 191 181 187 179 173 151 145 172 194 182 168 168 180 178 181 180 187 189 184 199 203 194 192 195 197 186 172 168 165 153 146 163 177 159 132 146 180 196 175 164 160 157 149 142 125 132 168 186 187 186 176 155 137 122 99 90 86 89 108 123 120 117 119 111 134 185 198 187 184 193 192 195 191 199 207
193 189 186 190 191 182 187 197 198 197 193 183 177 188 192 191 187 186 186 209 208 197 200 203 202 182 173 188 191 190 188 184 178 184 187 175 178 181 175 177 180 192 193 201 188 165 185 183 151 117 116 137 133 101 84 95 135 157 136 116 132 155 162 172 173 175 185 194 188 178 187 177 155 144 129 108 95 94 109 116 121 142 153 131 143 166 187 198 194 188 184 192 199 187 195
187 185 184 186 193 196 194 197 191 193 189 187 185 186 193 194 198 195 171 175 189 194 195 201 202 198 204 207 202 199 192 179 189 188 184 168 168 159 147 144 150 183 178 180 149 124 142 140 110 92 85 87 80 72 70 64 84 119 138 145 154 161 168 173 190 204 199 187 188 183 194 188 158 126 120 108 88 83 91 99 133 158 170 171 175 184 190 187 177 176 158 151 167 168 178
196 194 193 188 188 198 202 198 192 184 185 188 184 181 189 192 200 193 177 183 195 195 191 202 201 195 192 198 201 202 199 192 187 178 176 170 144 118 114 113 126 150 143 147 138 123 117 108 97 90 98 107 108 108 123 109 85 103 132 153 165 167 167 178 194 202 183 185 178 179 176 166 147 125 124 124 102 85 91 107 132 152 165 177 178 180 178 170 168 168 171 177 177 172 176
202 200 200 196 196 193 201 205 197 190 190 191 191 189 194 204 207 200 181 185 195 191 192 206 196 181 184 184 197 204 208 205 199 192 176 174 162 121 105 110 122 124 97 86 89 77 76 86 81 89 105 121 148 177 183 178 177 167 174 186 185 188 193 189 186 189 188 176 164 165 175 166 159 137 131 146 127 95 94 123 156 170 179 183 173 187 198 185 178 180 180 173 179 180 173
195 199 198 193 193 194 203 207 206 202 201 201 197 190 198 207 207 203 195 189 184 184 192 199 190 179 171 184 193 193 201 212 211 203 186 177 157 126 106 115 104 111 131 129 116 86 77 96 104 121 133 151 166 192 182 166 172 174 179 181 180 186 193 197 194 186 183 172 165 166 151 151 149 138 115 115 125 105 96 107 129 148 166 183 189 196 200 183 183 196 197 181 163 159 169
151 177 175 172 193 189 188 202 204 202 202 199 191 185 191 201 208 199 196 193 188 191 198 194 186 185 186 192 188 187 195 207 217 200 168 179 169 109 75 79 97 135 158 175 166 147 138 156 165 165 162 168 171 169 167 152 163 178 191 174 172 179 186 182 190 165 160 170 172 161 156 153 161 154 130 118 114 110 108 114 140 169 190 186 178 180 182 170 160 166 177 179 178 173 173
132 156 178 186 163 179 209 206 207 206 206 195 183 173 170 192 202 205 207 208 203 196 193 187 178 188 193 194 185 192 182 191 194 193 158 145 129 93 67 79 118 167 169 180 192 182 163 166 178 177 178 180 183 169 154 153 158 173 179 164 161 149 154 166 174 168 169 180 191 182 179 169 170 173 158 136 128 132 140 159 173 189 191 186 172 172 182 186 189 184 169 167 160 164 174
132 160 195 201 168 175 214 215 210 207 209 194 193 181 189 203 209 209 212 214 207 195 186 187 184 181 186 190 194 199 191 175 176 181 185 173 138 128 109 129 157 165 173 196 197 182 171 170 177 185 191 187 169 148 145 152 160 190 197 182 171 162 162 172 179 181 175 168 172 177 171 178 168 166 174 174 161 145 140 157 174 189 184 179 178 176 191 179 168 176 179 171 162 168 175
147 148 167 193 201 187 189 181 194 197 194 194 190 191 195 206 202 196 195 201 199 190 190 192 187 179 176 183 191 203 196 168 169 178 190 194 184 172 160 173 178 167 166 167 168 168 168 170 182 201 199 184 156 139 146 169 182 202 214 209 199 193 187 182 184 187 185 179 165 162 150 143 164 174 176 188 184 173 149 152 175 181 182 170 161 172 166 160 145 151 171 185 177 170 171
167 148 145 176 206 214 217 209 193 176 169 204 187 170 173 179 181 162 163 189 184 180 186 189 188 185 185 197 204 203 191 171 173 180 184 191 197 188 180 178 187 185 178 163 159 167 182 168 181 201 198 200 193 184 189 195 190 197 212 222 217 211 197 185 179 185 190 193 188 178 169 158 165 188 186 192 205 191 170 151 164 179 182 171 175 175 181 181 174 166 180 186 167 165 171
169 168 187 216 221 220 180 161 152 156 173 200 158 120 104 119 142 137 149 173 163 159 176 191 196 192 192 199 192 185 183 187 197 202 191 187 187 192 201 190 185 178 172 170 177 184 184 177 192 206 207 206 201 189 188 195 184 188 204 214 207 190 178 176 173 178 185 183 174 176 178 179 185 197 207 209 200 183 169 150 145 160 177 179 190 191 186 190 188 186 180 175 162 182 187
175 151 168 195 197 212 205 204 163 154 153 156 116 88 88 106 115 130 128 141 144 134 157 177 187 187 183 183 183 183 189 182 183 193 195 188 182 191 192 186 187 186 179 165 160 176 196 199 196 201 199 195 194 191 182 178 181 188 202 211 204 189 177 175 176 168 169 166 164 176 188 185 184 201 210 202 188 184 184 167 162 165 164 174 187 186 178 177 189 197 194 184 177 179 175
