examples/data/proba_v_out_italy/probav_s5_toc_x19y03_20150606_100m_ndvi_v001.txt
ncols         273
nrows         192
xllcorner     12.62996031746
yllcorner     41.659722222222
cellsize      0.0009920634920635
NODATA_value  -9999
[rows 0 to 41 of 192, columns 96 to 191 of 273]
185 166 162 161 128 103 98 95 119 138 126 93 87 104 103 91 101 135 159 177 183 192 187 180 178 166 175 176 166 160 157 138 156 170 170 171 174 180 172 169 170 162 165 178 179 159 162 161 153 152 154 156 152 151 149 140 132 137 156 153 148 143 150 165 168 168 161 145 142 158 169 174 174 151 125 99 94 95 88 88 117 160 188 203 200 184 165 152 153 156 162 171 178 187 200 207
178 151 130 150 179 174 148 127 115 109 118 118 120 139 139 124 127 153 164 187 194 189 178 153 166 188 188 171 158 149 146 151 166 160 159 163 167 176 183 187 193 170 162 170 177 167 156 155 156 159 164 172 169 167 157 140 136 140 149 155 154 141 147 164 175 179 162 149 155 166 172 171 177 182 162 132 123 105 86 83 109 151 174 179 184 174 163 167 169 164 158 162 168 171 185 197
114 121 108 109 146 185 179 161 148 130 118 106 96 103 123 131 108 111 131 141 166 176 158 147 150 151 144 147 153 152 159 169 173 163 155 152 156 158 168 162 152 152 157 165 176 179 175 165 157 157 166 180 182 174 159 145 146 147 148 155 166 170 149 148 155 166 176 168 163 154 162 187 179 162 157 153 155 142 133 130 126 133 143 162 180 179 166 177 172 161 159 160 163 166 177 180
124 119 121 123 136 163 167 160 185 183 151 118 88 100 128 152 155 140 139 141 157 180 157 146 152 150 139 152 172 184 177 160 161 179 183 156 139 145 151 163 163 158 158 168 181 172 176 185 184 178 169 170 173 165 153 136 136 139 143 155 168 176 167 147 156 168 181 197 198 170 152 168 181 163 160 174 181 173 153 146 155 154 143 150 162 171 174 179 165 164 162 160 171 173 173 162
141 136 131 143 144 161 161 153 171 175 162 140 114 108 131 154 155 141 145 150 156 151 134 144 156 156 149 144 134 168 158 138 174 179 178 172 168 173 176 169 166 170 171 161 154 146 160 176 176 168 158 153 151 154 153 144 153 151 151 163 175 179 166 147 147 161 167 183 186 158 143 162 181 172 157 162 175 175 163 152 151 156 153 151 151 160 172 187 198 206 185 174 182 182 172 151
158 167 169 164 159 154 147 147 154 164 166 147 108 112 153 167 161 157 161 162 165 173 174 180 174 140 103 91 111 182 166 149 151 141 154 188 200 190 182 179 176 185 197 180 163 174 185 190 188 178 173 167 161 157 160 163 155 137 144 154 157 160 161 164 162 160 168 181 186 166 146 131 136 134 127 140 166 176 176 165 158 168 167 161 158 161 165 183 205 216 202 182 179 190 200 197
159 168 172 164 156 156 155 156 152 147 152 155 129 142 168 160 152 160 167 167 171 183 169 169 167 136 103 115 159 196 185 178 169 156 158 186 195 181 170 175 176 178 187 193 191 181 177 166 165 165 177 170 161 162 167 170 172 163 161 151 145 145 154 175 182 181 156 159 195 190 138 96 77 83 98 121 145 155 170 177 174 172 168 166 170 179 188 190 176 179 186 181 174 177 192 210
156 164 162 161 157 155 154 154 155 156 157 166 172 164 163 162 164 168 169 175 187 197 184 174 160 151 145 121 122 152 166 159 149 152 144 152 169 166 165 165 164 167 179 186 197 193 178 155 152 171 179 174 150 153 163 154 149 168 168 151 156 172 181 187 193 199 164 157 185 190 156 121 103 93 108 139 157 160 163 166 168 163 154 153 168 179 179 172 161 183 190 181 175 175 190 216
140 150 140 152 174 169 163 156 155 158 163 169 171 165 157 157 160 156 143 143 148 174 185 173 163 169 163 139 124 165 172 162 159 148 129 130 141 147 154 161 158 158 167 172 189 172 154 189 171 160 167 167 146 138 149 158 152 171 188 167 164 190 206 203 198 206 205 178 158 168 170 117 98 114 141 163 156 155 156 157 159 164 166 167 173 174 167 158 160 178 180 172 166 163 163 173
119 115 115 141 162 166 167 158 154 159 163 165 164 159 154 149 145 143 138 135 136 165 180 168 157 165 167 158 157 178 182 165 160 155 145 150 137 134 139 146 160 164 166 172 179 176 178 196 202 181 159 156 150 136 138 156 166 176 196 195 174 177 192 184 179 189 197 173 151 144 158 136 90 96 113 135 149 151 147 160 176 184 182 181 181 180 173 166 175 182 170 156 159 162 165 171
122 116 114 124 148 157 163 162 159 159 159 159 159 158 156 153 146 140 127 123 133 158 184 187 181 179 180 175 163 155 160 167 170 161 178 175 134 136 146 149 149 152 160 155 158 165 176 191 200 194 163 139 129 133 140 147 153 166 191 200 176 167 158 147 150 145 162 162 138 106 105 138 139 131 140 139 151 163 158 163 170 180 184 178 169 163 163 165 173 180 171 159 162 167 173 179
109 98 98 117 164 158 159 160 157 156 158 162 170 161 142 146 146 139 141 145 139 154 175 180 178 175 181 192 191 181 165 154 144 121 155 155 132 146 162 156 140 148 166 151 148 153 157 165 162 154 123 112 107 87 89 117 158 169 170 169 155 158 141 104 89 90 116 128 100 70 53 75 134 167 164 164 160 158 157 158 156 157 164 172 175 170 166 167 170 170 165 177 190 177 168 187
110 89 104 130 166 169 163 158 158 161 168 172 172 160 138 142 153 155 158 164 153 138 161 187 201 209 215 219 213 210 205 174 139 128 137 132 119 119 128 134 130 149 159 147 144 139 154 168 152 128 82 58 46 44 47 59 108 171 163 161 173 168 131 85 59 50 61 64 57 53 53 51 70 114 159 171 162 158 158 153 147 155 171 170 168 173 167 160 160 172 175 154 158 160 158 181
113 106 105 139 159 161 160 163 168 163 163 166 167 162 155 156 165 163 162 171 158 139 159 193 204 208 214 207 174 163 178 186 159 160 171 162 140 139 143 138 138 158 143 133 139 143 146 150 156 133 77 55 42 39 40 46 80 128 133 132 146 159 139 105 94 84 61 55 57 54 58 49 40 48 95 143 156 163 164 156 147 158 188 197 189 180 175 166 152 171 185 165 153 153 164 179
59 60 72 110 124 135 143 157 158 142 133 138 153 162 162 176 174 155 160 184 177 161 169 194 192 188 182 174 159 160 164 154 145 181 218 214 197 189 179 169 171 183 176 174 167 157 144 137 134 152 141 102 80 65 54 53 81 88 85 98 128 155 153 149 127 105 91 87 87 79 77 54 43 44 58 115 152 167 172 160 151 162 181 189 179 169 176 179 164 157 166 161 158 177 184 180
47 43 63 79 95 123 128 120 105 89 93 111 136 156 174 204 209 193 178 187 193 185 185 200 198 171 127 112 120 141 153 138 123 153 210 209 203 201 194 193 195 190 189 198 191 178 160 141 133 143 147 146 146 116 85 86 86 66 66 66 88 127 144 139 131 120 111 100 107 101 90 84 76 58 57 86 134 149 174 192 175 155 155 165 176 175 167 170 165 157 166 175 172 174 178 177
42 40 55 59 63 81 87 68 56 48 65 119 153 151 156 182 199 200 179 168 175 177 170 190 201 160 109 95 95 111 145 166 149 161 190 186 178 184 194 203 207 203 201 196 178 165 158 141 129 138 136 148 156 169 151 98 77 74 70 68 76 97 129 151 133 92 68 61 64 71 80 98 129 126 123 132 149 135 142 155 162 154 151 158 174 176 162 163 171 176 181 188 187 184 175 170
36 38 58 70 51 49 54 49 40 41 50 70 101 137 142 164 186 190 178 165 171 162 151 163 180 170 125 93 96 109 135 155 159 161 167 168 167 175 190 204 215 212 193 182 164 154 164 173 173 149 138 167 174 164 165 146 82 75 83 89 88 87 85 91 92 78 60 51 48 45 52 75 127 165 152 145 155 165 164 158 156 156 156 161 172 176 154 142 159 173 186 200 208 193 180 166
42 45 53 51 43 42 42 40 37 34 37 55 101 150 146 173 189 192 182 163 153 145 147 148 149 137 135 113 105 127 171 189 180 166 168 168 167 168 174 171 167 179 181 173 178 153 141 148 162 147 146 160 172 167 164 157 132 111 86 96 82 61 53 52 65 70 73 67 64 59 55 67 114 155 155 154 154 155 148 149 157 164 158 148 151 166 170 171 177 169 155 186 202 198 189 179
43 49 48 46 49 48 41 37 37 39 51 82 142 167 156 165 183 190 174 146 136 146 162 164 151 134 126 125 124 126 147 178 182 170 169 165 162 157 154 150 150 177 181 175 181 169 142 140 158 163 167 155 153 157 161 121 63 44 35 42 60 66 62 54 77 95 81 70 69 65 67 87 133 173 205 202 151 94 79 95 137 166 164 149 140 146 163 166 169 179 178 181 194 185 174 183
54 42 46 48 49 53 44 41 45 46 65 114 159 160 164 169 177 180 164 140 141 157 166 170 174 165 149 133 129 123 110 107 123 155 175 179 177 177 188 180 181 203 190 167 162 166 155 163 167 164 170 170 163 154 119 71 43 43 40 41 57 94 108 96 87 73 67 65 75 77 64 83 127 165 193 188 120 69 53 52 60 98 141 144 138 144 162 169 169 185 179 169 186 189 180 177
73 68 57 46 42 49 53 49 47 55 89 122 141 153 168 169 171 168 158 145 151 159 157 151 159 172 163 136 128 131 121 114 124 153 171 179 182 191 208 200 195 206 210 194 170 164 166 173 171 164 168 176 169 130 90 66 49 48 53 61 79 123 134 118 95 64 49 44 47 63 72 91 136 164 177 192 145 87 70 63 56 80 124 149 140 132 146 156 158 169 169 171 182 190 183 177
124 105 75 49 43 43 47 57 76 82 87 104 124 135 156 166 167 162 158 158 161 160 161 163 170 177 159 117 109 126 148 141 143 166 181 180 192 192 188 176 169 167 177 178 161 166 177 173 165 169 171 159 142 120 85 59 52 58 78 100 121 132 94 62 65 53 41 35 38 47 77 128 158 158 164 186 182 145 112 99 105 129 141 134 120 114 135 137 129 148 184 182 158 148 153 159
120 118 109 76 51 40 45 65 92 100 101 114 135 130 144 162 168 159 147 150 160 166 168 168 165 166 139 104 122 138 145 150 157 190 184 166 185 189 167 163 165 159 152 145 153 173 177 172 167 167 159 155 141 99 67 52 49 50 59 77 92 85 60 43 35 36 39 39 36 38 58 78 100 139 157 163 179 191 173 153 156 168 151 120 106 119 138 145 138 161 181 182 168 151 143 147
144 142 136 93 54 42 48 70 104 131 146 140 154 170 175 172 168 167 168 168 166 169 172 171 159 148 122 116 163 148 110 128 150 148 162 143 156 169 150 161 174 174 162 149 149 159 171 189 191 173 148 147 153 120 78 57 52 48 51 59 69 67 43 36 36 36 36 37 35 34 43 53 62 95 140 140 133 151 177 176 160 151 148 136 120 137 128 123 143 174 167 160 174 181 154 144
166 150 133 114 79 59 62 92 124 150 163 155 157 166 175 178 176 175 175 174 170 167 167 169 167 157 137 138 143 137 118 113 92 74 84 108 94 105 135 158 150 152 167 181 176 166 176 189 188 176 170 156 152 159 117 69 59 65 80 97 103 70 41 31 31 33 34 39 44 42 40 42 46 80 123 128 123 143 166 176 169 156 147 148 145 133 129 136 148 156 150 154 181 194 177 171
172 165 158 161 146 120 110 124 153 167 175 170 162 165 166 175 175 172 175 172 162 154 157 167 178 172 153 149 135 143 152 123 86 74 84 87 68 73 84 86 83 102 148 193 202 186 163 163 170 172 177 157 151 159 115 81 75 93 131 131 91 55 39 37 35 35 31 32 40 44 44 44 44 49 71 114 144 159 169 161 157 150 137 123 120 122 132 144 152 153 152 157 175 186 183 175
160 154 136 136 150 148 139 127 144 170 177 178 181 175 162 182 181 174 171 168 159 149 153 174 191 176 165 168 165 175 195 167 107 80 80 74 71 84 122 101 74 75 129 187 185 162 146 164 186 186 174 167 169 180 173 136 116 146 173 140 85 51 37 35 39 37 29 33 38 43 51 57 56 55 61 103 150 157 147 118 131 154 149 120 109 130 140 141 147 159 164 166 172 177 166 145
165 159 147 139 148 163 169 153 157 171 176 174 166 170 185 185 156 153 164 167 162 155 161 170 167 144 130 160 178 163 151 145 132 105 92 97 102 106 128 130 85 73 89 124 172 175 164 172 179 169 155 157 169 167 156 151 146 141 141 127 76 53 48 38 38 40 38 37 39 49 65 79 76 74 77 91 114 101 92 95 107 126 126 118 135 176 176 167 155 157 172 184 192 191 165 132
175 165 159 158 158 173 183 180 175 173 172 168 166 165 182 185 155 140 168 186 184 182 192 188 179 167 151 174 173 164 152 138 130 103 86 98 124 119 125 140 94 48 38 44 79 182 168 153 138 123 133 144 137 126 120 120 111 93 100 131 126 100 77 56 48 50 58 58 51 55 70 93 111 112 96 83 77 84 108 113 108 117 128 118 150 177 175 166 142 156 187 194 196 201 200 194
189 177 174 190 203 204 200 202 194 175 170 162 160 165 163 165 168 168 175 183 186 190 195 194 177 170 176 185 171 170 170 166 156 128 90 76 81 92 101 128 98 56 38 45 62 104 136 115 113 105 114 125 98 84 86 85 72 53 63 79 99 115 115 110 109 130 144 125 104 106 117 110 118 126 109 97 86 90 105 108 109 140 172 146 156 171 179 188 173 162 169 185 190 198 198 194
193 189 185 192 214 227 221 205 186 172 169 174 171 173 178 178 174 179 169 168 176 187 193 186 171 173 173 173 173 175 173 176 183 169 123 100 97 91 91 112 91 57 47 54 70 93 105 94 84 82 89 83 77 90 93 75 53 39 42 45 51 66 75 96 134 176 198 179 141 127 140 131 121 112 111 105 83 76 84 102 126 159 186 188 182 173 169 169 167 163 152 162 173 178 181 179
204 207 191 171 193 222 224 211 202 199 181 178 182 192 201 200 184 173 172 157 167 181 188 195 187 178 174 172 169 174 180 188 191 190 177 138 98 106 108 96 83 59 53 56 62 71 76 70 71 98 107 98 88 88 85 74 52 41 38 38 42 48 51 58 92 141 168 162 150 140 137 133 122 112 123 123 96 81 94 118 148 186 224 213 189 179 168 187 184 163 169 187 186 177 169 173
191 191 185 179 198 217 217 214 208 201 191 192 196 205 217 218 201 180 169 148 145 162 181 199 183 179 178 171 163 169 176 185 191 202 192 164 134 128 122 119 80 56 49 49 47 51 62 72 74 79 100 127 107 89 96 96 62 52 57 55 55 74 82 86 105 140 156 147 146 158 163 154 139 122 113 112 104 93 98 121 146 172 205 217 213 195 167 167 180 181 173 178 179 182 183 184
182 196 209 206 204 205 208 213 210 203 199 210 221 211 201 206 207 175 174 149 119 146 176 180 167 177 177 180 181 178 179 185 198 198 182 178 148 115 95 101 64 45 44 48 46 50 69 84 64 59 74 118 147 147 142 122 79 62 91 99 95 117 142 167 161 154 157 151 163 165 157 164 154 125 107 109 113 96 91 105 123 163 186 198 189 171 165 152 141 150 158 162 163 171 193 186
158 190 206 203 180 173 176 190 197 204 195 206 212 185 192 196 167 135 142 128 109 118 147 166 168 172 175 174 179 191 198 190 198 182 166 173 152 110 95 85 68 54 53 60 71 73 77 66 53 49 54 75 129 168 160 141 110 93 120 151 167 165 168 186 159 142 156 177 196 188 166 160 169 155 134 115 112 125 128 143 167 195 191 184 179 170 157 150 144 145 158 169 181 174 174 183
157 177 198 187 169 189 201 202 211 226 205 199 155 127 106 88 106 108 105 117 106 78 79 129 179 176 168 173 187 209 203 195 211 199 191 178 140 108 95 101 80 59 71 89 99 110 109 79 62 58 59 64 101 131 116 110 144 151 149 162 166 166 160 160 152 160 174 202 219 220 210 194 172 167 175 152 143 150 143 158 176 187 183 174 162 166 169 174 193 193 175 173 182 174 178 186
144 165 199 191 166 169 186 207 216 206 198 185 126 96 64 55 85 105 79 66 69 54 47 60 112 169 186 189 199 216 206 201 216 227 227 216 181 151 131 130 121 104 108 157 167 154 146 134 117 96 76 69 75 79 84 97 127 160 166 168 177 176 148 155 178 186 162 168 182 194 197 193 163 156 183 185 169 153 144 158 174 173 161 158 161 182 195 174 157 164 155 165 180 177 180 179
164 149 166 199 196 199 206 197 182 181 190 186 145 98 62 65 94 122 87 71 61 47 45 49 88 177 215 193 192 204 203 206 214 223 226 224 212 196 185 171 159 149 150 158 160 163 173 173 161 142 114 101 92 82 86 106 141 172 195 205 206 199 177 175 180 181 173 162 144 157 166 167 165 157 167 186 187 189 161 151 173 182 171 180 188 178 182 166 140 129 149 179 185 186 185 178
194 174 194 217 221 232 216 165 128 122 125 129 148 144 128 122 135 162 157 144 90 57 48 51 84 164 218 214 219 208 208 228 231 229 230 230 219 209 205 197 184 172 175 162 172 185 182 159 161 176 181 166 158 153 138 126 147 182 204 217 211 201 188 175 166 172 181 174 160 163 160 154 155 165 175 187 194 185 176 164 170 177 184 190 186 173 189 204 186 164 169 191 178 183 190 190
206 200 223 231 220 215 183 137 118 117 133 135 115 116 112 124 138 136 154 137 74 49 48 60 91 152 214 232 234 225 221 234 239 231 231 223 212 199 171 142 147 173 184 176 182 198 193 173 181 194 190 177 174 163 149 145 154 184 215 217 193 175 170 169 169 174 178 173 170 170 167 162 160 174 195 198 200 194 171 157 181 173 152 153 145 134 160 201 206 195 184 178 174 191 201 188
193 176 196 226 205 165 142 105 86 97 147 126 94 87 85 96 96 80 97 81 57 50 61 70 87 126 194 210 219 234 240 242 234 224 214 200 201 200 182 151 144 172 188 181 174 181 190 178 181 188 180 178 172 160 161 165 176 188 205 223 202 173 168 178 180 172 165 170 179 183 169 148 136 144 173 207 221 219 197 177 185 192 176 164 155 134 147 170 200 208 181 165 162 169 177 176
