examples/data/proba_v_out_italy/probav_s5_toc_x19y03_20150206_100m_ndvi_v001.txt
ncols         273
nrows         192
xllcorner     12.62996031746
yllcorner     41.659722222222
cellsize      0.0009920634920635
NODATA_value  -9999
[rows 43 to 85 of 192, columns 0 to 94 of 273]
128 152 171 170 171 156 160 156 145 157 167 164 160 157 161 168 162 152 165 161 160 161 154 167 182 184 179 161 160 152 150 163 175 181 176 166 160 152 147 170 161 156 166 171 154 126 106 94 79 71 74 70 72 102 159 195 200 200 200 194 199 205 211 216 218 214 177 161 156 177 167 159 155 161 151 149 150 149 148 177 164 151 154 150 141 150 148 142 144 143 143 143 143 144 147
120 131 141 170 181 175 170 167 152 151 158 157 154 136 151 158 170 172 162 154 154 165 162 159 158 152 170 169 157 167 171 167 182 184 163 147 133 148 150 163 175 162 180 188 168 138 124 127 122 107 96 91 125 151 182 199 196 205 214 220 208 199 212 214 205 197 193 164 183 183 174 173 166 155 154 150 150 144 150 156 165 162 154 163 160 154 147 142 144 147 150 152 150 144 150
126 143 150 153 170 175 182 182 166 160 161 172 166 139 118 123 163 172 162 154 150 144 151 161 151 170 170 160 172 164 160 159 160 152 157 150 135 146 159 161 168 171 169 163 142 121 129 138 140 131 154 176 184 180 167 189 196 199 224 226 219 193 189 184 178 173 166 164 161 158 150 137 128 165 166 155 142 137 133 143 158 144 153 163 169 167 157 153 149 143 147 153 150 143 141
152 153 155 157 152 148 152 147 156 156 163 171 176 174 158 153 157 180 185 195 182 159 175 190 176 146 139 147 168 194 196 183 159 147 151 157 155 148 147 148 162 170 174 145 131 124 133 135 147 186 197 210 198 177 172 207 209 188 162 183 203 208 210 221 197 179 176 160 154 162 149 146 123 136 161 165 147 141 144 142 126 146 164 156 147 154 160 150 149 144 142 143 147 152 153
156 154 161 163 163 165 151 149 165 165 180 185 189 190 182 171 165 170 189 197 191 171 174 180 181 159 150 161 179 196 191 161 151 161 169 166 163 154 151 136 157 176 173 150 137 132 129 143 169 204 209 212 198 187 189 210 218 196 166 147 178 194 175 176 208 187 181 170 150 147 163 163 151 135 144 142 147 154 157 162 164 165 161 152 144 149 152 149 142 142 140 146 149 149 150
153 163 169 180 172 165 164 159 155 140 171 189 192 195 191 191 191 189 198 196 196 173 177 168 166 165 168 180 178 178 172 165 156 150 159 178 161 157 146 133 160 199 201 187 166 119 122 121 129 161 198 204 202 209 216 224 211 208 198 192 183 186 165 203 233 198 188 164 158 156 156 147 154 152 140 149 147 144 147 155 161 157 148 141 149 156 160 153 157 153 147 147 145 152 146
163 164 169 163 151 172 177 176 171 145 153 157 164 188 195 190 185 187 185 184 184 187 186 169 166 174 186 194 178 173 160 155 155 151 154 153 158 148 155 164 188 200 196 186 175 164 146 134 118 110 151 169 188 177 169 188 193 196 202 204 197 187 160 159 197 177 165 189 189 180 162 157 152 160 156 150 151 150 147 149 151 152 150 144 151 140 157 160 164 158 154 149 143 147 144
158 168 176 162 162 172 178 163 162 159 168 161 160 174 191 185 175 183 178 164 161 165 174 172 169 187 188 172 165 178 167 153 144 153 152 156 140 146 150 162 152 170 174 176 169 171 176 177 171 165 165 170 171 175 158 161 177 190 197 218 194 195 190 173 173 177 165 149 177 179 173 157 161 149 148 154 151 150 147 141 143 143 148 148 156 146 159 170 167 164 152 146 146 145 151
144 151 166 161 163 163 157 154 161 168 174 176 173 165 171 183 182 180 180 175 172 168 177 182 180 197 175 139 138 169 160 143 147 160 172 175 169 161 181 176 170 151 150 154 158 164 174 170 163 181 185 185 184 177 169 161 175 189 182 198 188 175 163 164 186 197 181 169 165 155 154 151 149 146 149 150 150 153 155 151 147 145 147 159 145 131 136 145 157 159 147 140 136 141 148
145 145 158 161 168 167 162 158 164 173 181 182 183 187 178 183 195 191 179 185 178 180 170 172 170 172 154 161 136 151 156 162 170 181 173 174 164 160 183 196 174 164 165 163 151 149 163 161 166 179 183 185 186 175 173 176 181 189 186 199 188 177 166 188 213 200 182 180 191 182 173 163 156 149 144 145 146 148 148 146 139 141 145 149 135 124 127 139 157 159 157 149 137 134 129
164 150 139 160 170 170 164 159 165 168 168 173 178 180 174 179 185 186 179 179 185 179 155 146 136 145 151 130 135 162 170 157 151 168 159 164 155 143 142 157 164 152 162 173 161 154 149 187 188 173 168 171 187 176 184 173 185 184 195 194 175 160 163 181 210 192 188 165 175 159 157 145 140 134 141 140 140 138 140 140 137 138 141 147 145 143 134 138 158 156 153 155 129 126 118
144 133 135 137 151 161 140 154 161 173 162 162 162 158 167 166 178 177 187 180 181 166 141 122 142 159 148 132 161 179 155 138 141 144 148 158 162 144 132 140 163 169 164 169 170 190 195 192 195 195 176 184 198 198 182 183 192 201 216 205 180 158 176 194 174 171 155 131 134 121 121 152 149 137 132 133 129 140 146 143 134 139 141 152 149 137 134 137 139 138 141 137 149 123 123
134 131 138 151 141 141 153 165 186 183 165 166 166 169 168 169 170 175 177 184 187 195 174 169 180 158 142 126 133 144 141 141 147 138 118 145 149 140 127 143 153 162 168 159 150 170 193 202 183 166 178 193 194 195 192 190 177 190 198 182 175 158 148 169 163 157 147 137 134 135 146 155 160 160 155 154 142 147 155 144 142 146 146 145 146 144 145 147 149 148 138 134 135 128 128
148 143 150 150 150 147 151 181 181 175 168 178 178 173 170 173 170 175 171 171 168 178 184 184 183 159 149 138 138 167 177 167 158 142 120 139 159 145 141 136 153 150 152 156 154 171 197 196 199 186 176 184 186 178 181 175 186 182 169 176 161 158 162 164 160 151 150 141 137 152 151 141 155 157 158 159 150 149 154 146 153 166 170 164 162 160 159 161 165 167 165 154 154 156 145
147 152 156 147 147 154 160 159 176 174 182 176 165 159 161 159 159 174 172 172 172 176 168 179 190 179 172 168 168 175 174 142 160 164 158 127 131 146 142 136 132 143 157 164 169 168 183 191 191 185 186 171 151 152 147 172 194 187 166 159 157 162 167 163 157 162 156 159 148 151 152 152 149 143 137 140 140 140 143 148 162 176 178 174 172 169 167 174 179 180 178 183 196 191 162
142 152 159 164 170 166 161 152 167 171 170 154 153 153 167 158 156 166 167 165 167 166 152 172 182 186 178 171 160 160 157 121 147 150 157 130 102 105 111 119 128 148 168 169 162 154 170 180 174 189 185 165 164 142 137 143 158 160 165 166 164 165 161 151 172 162 159 142 122 140 154 149 151 158 153 147 143 148 151 163 174 174 163 160 160 157 155 169 174 169 163 180 192 184 165
154 143 143 150 156 157 152 161 157 159 148 153 160 153 159 154 152 148 160 170 176 172 168 168 176 187 183 175 172 168 166 160 151 158 165 136 96 89 95 103 122 135 145 153 154 154 158 155 156 162 166 157 137 132 133 122 117 122 152 155 167 169 147 166 173 171 166 149 130 145 154 153 155 156 151 145 148 145 144 146 149 160 160 153 153 151 147 163 169 153 150 154 152 152 154
150 140 142 143 158 160 144 147 164 168 165 174 169 153 149 152 154 155 154 176 176 173 170 167 174 183 182 180 187 184 163 141 138 152 163 145 104 81 98 119 119 114 117 134 133 135 157 163 149 169 170 158 141 139 133 143 139 144 150 154 158 167 153 144 176 176 164 162 148 148 159 161 155 147 144 142 142 139 151 152 145 149 149 144 158 162 156 152 164 150 166 162 152 143 150
156 152 153 165 176 167 148 160 158 164 158 175 166 156 143 147 158 162 170 168 165 162 163 149 133 168 196 200 194 178 173 158 144 140 133 112 82 83 91 108 112 112 100 99 124 126 147 165 161 167 156 149 147 149 137 140 144 142 143 151 163 180 188 178 169 169 155 144 156 160 167 163 165 159 150 143 138 141 142 149 172 168 150 133 148 159 158 151 151 158 177 167 155 143 148
146 152 147 165 164 158 148 148 159 167 163 155 170 159 151 141 144 152 171 168 161 153 158 170 177 193 208 209 198 184 191 181 180 172 145 105 92 84 73 71 98 103 103 103 125 140 165 167 163 148 151 159 146 139 145 140 133 144 154 161 176 186 182 176 165 166 155 143 108 117 142 150 157 157 153 145 153 151 166 160 148 146 149 147 141 141 158 155 150 154 149 153 158 141 143
147 146 153 169 160 155 159 154 162 154 155 155 162 160 153 142 147 159 166 166 164 159 157 151 148 192 208 217 211 203 196 193 192 188 168 167 146 118 98 82 98 101 98 111 129 147 152 169 179 165 153 150 147 117 122 139 138 160 168 171 170 176 174 161 147 147 158 144 116 101 135 150 153 160 155 161 157 153 153 157 155 162 167 163 146 148 154 150 141 137 143 162 160 152 150
152 147 153 164 147 154 165 157 163 159 145 150 163 173 159 134 147 156 159 164 166 167 160 152 164 197 208 206 206 206 195 183 180 186 183 166 150 138 133 124 124 119 104 91 122 151 171 177 176 156 167 173 165 137 144 151 144 142 154 170 177 167 156 142 129 141 143 137 130 123 130 152 159 163 162 158 148 151 146 147 143 148 153 152 141 148 137 137 150 156 166 166 158 155 141
147 145 150 148 156 156 162 152 143 154 151 148 155 163 156 148 150 151 162 163 162 161 160 159 171 186 174 179 189 199 189 170 171 174 180 181 162 129 123 125 126 135 142 127 120 147 164 164 152 141 140 155 165 168 152 141 135 138 152 160 156 133 124 122 123 130 131 141 149 150 147 155 168 166 160 151 151 158 156 150 146 152 150 149 144 157 143 151 153 157 163 159 151 152 148
171 157 148 155 153 147 145 143 138 145 155 150 154 149 135 152 158 168 167 164 158 162 166 165 165 162 165 170 175 178 177 169 170 192 181 182 167 159 152 160 147 134 142 129 113 103 104 112 119 122 127 138 151 150 136 144 152 147 148 153 145 132 118 122 129 134 127 133 159 174 161 137 151 154 154 144 143 155 154 155 158 163 165 165 160 159 158 148 155 154 144 155 148 142 151
176 170 160 155 152 157 158 145 144 157 165 163 162 152 146 155 164 164 166 159 161 168 169 168 163 146 154 165 163 164 174 180 189 165 141 155 190 174 171 158 152 159 161 152 126 102 89 96 108 120 124 132 124 130 131 118 126 139 141 131 126 117 113 120 139 139 138 152 184 179 161 134 139 151 159 152 148 155 160 154 150 151 149 145 143 138 160 166 164 157 147 149 147 146 151
196 178 177 163 151 162 166 161 160 157 168 176 169 159 153 162 166 161 149 155 153 156 159 163 156 142 161 169 160 161 171 184 174 145 120 132 151 154 182 165 171 183 178 170 150 127 121 141 158 156 153 147 129 114 112 115 116 124 135 137 131 124 117 135 150 165 160 127 106 147 146 141 137 146 154 152 147 155 163 160 154 150 147 141 137 154 154 153 161 156 151 148 145 153 162
187 179 177 167 162 161 150 167 163 167 169 175 170 161 149 149 135 140 151 146 156 151 148 153 162 162 154 164 167 167 162 164 167 153 159 171 170 151 148 163 167 184 189 181 178 161 166 169 171 167 161 146 126 120 125 122 121 117 118 128 138 128 121 154 181 181 156 128 104 138 150 147 150 156 148 147 148 158 166 165 161 156 152 151 151 146 148 145 140 142 139 151 145 145 139
177 181 174 178 171 166 148 152 149 170 187 178 171 159 155 160 143 151 155 141 134 148 154 160 173 162 142 133 145 148 149 156 158 153 187 188 183 150 131 135 140 174 181 172 180 179 157 153 157 173 169 142 103 106 113 121 121 121 123 149 139 125 122 151 148 149 149 144 140 145 159 158 155 150 153 155 155 160 161 160 156 162 160 156 150 149 145 144 140 129 134 141 153 153 152
163 153 160 168 168 165 175 175 164 144 165 169 168 155 156 160 164 169 157 151 148 144 152 165 173 157 136 134 124 129 141 147 179 179 177 166 166 160 161 160 162 159 160 162 167 158 146 139 145 136 148 132 110 106 103 107 117 135 146 145 145 129 118 131 148 158 156 144 150 164 163 153 148 143 142 153 153 159 146 141 143 164 162 157 155 157 152 153 143 131 123 113 120 133 159
134 146 146 164 162 162 187 190 170 140 142 129 154 151 163 163 158 166 160 161 152 154 153 155 167 167 159 151 139 146 163 161 143 131 147 161 173 173 167 152 147 142 151 155 163 159 163 154 144 127 118 134 123 109 121 140 139 143 162 153 148 135 144 164 162 160 157 145 135 131 140 141 141 149 134 153 166 159 148 143 140 144 149 147 147 149 155 162 157 145 131 126 137 159 173
144 152 157 158 157 160 171 171 165 166 151 141 145 162 172 172 166 152 172 167 166 167 162 154 151 161 151 149 153 162 156 152 145 140 152 164 153 155 155 139 143 159 151 165 168 151 148 160 156 145 144 159 157 157 156 165 159 147 161 169 162 149 114 122 154 172 169 155 135 133 135 143 138 137 134 144 173 164 156 153 136 146 161 163 150 147 153 159 161 158 154 145 153 166 171
157 170 166 166 164 163 161 166 164 168 146 130 159 177 181 167 168 139 154 152 150 161 168 155 160 163 157 155 140 146 153 169 167 160 170 149 169 169 146 132 137 117 116 127 130 136 158 152 134 151 153 158 152 152 173 185 177 175 180 186 180 172 155 137 150 157 143 141 152 149 136 142 148 154 152 149 171 175 160 168 172 170 177 169 159 156 160 167 169 164 156 152 159 164 171
154 179 175 177 166 163 157 158 160 165 160 137 152 152 164 149 157 173 155 152 136 136 144 163 171 165 146 139 112 137 162 167 171 163 172 165 144 157 159 138 136 132 111 116 129 120 148 151 142 112 99 130 167 170 181 196 181 188 192 184 159 147 173 190 172 143 113 139 139 139 131 134 145 167 153 158 175 183 164 167 163 153 160 170 167 154 160 162 156 147 150 161 161 162 155
154 156 182 181 165 159 147 155 154 162 161 142 137 166 194 173 180 182 174 163 158 159 166 168 164 162 151 137 127 162 166 153 146 161 168 175 168 157 160 138 124 109 121 131 126 119 142 154 152 123 102 135 148 152 153 164 182 178 181 177 148 134 140 150 141 135 109 110 124 129 141 133 139 161 155 159 146 157 146 143 144 148 148 154 156 165 163 158 155 151 153 157 160 161 153
163 165 164 160 163 165 165 161 164 174 180 165 114 140 183 195 183 175 173 160 152 161 175 177 174 160 151 143 148 153 159 160 169 172 160 155 146 141 114 105 123 120 99 108 105 121 135 158 167 173 176 167 159 174 169 162 149 143 141 153 153 151 146 144 145 138 130 135 156 163 154 144 144 147 153 159 147 122 121 138 145 156 158 160 160 153 148 151 152 154 158 165 162 159 154
161 166 160 162 167 168 173 173 176 182 176 171 156 146 157 156 155 176 179 173 158 147 163 177 172 156 143 127 129 149 159 156 161 156 127 106 100 107 122 120 114 106 102 113 121 149 158 159 155 154 140 142 175 165 160 163 146 138 141 148 161 156 157 150 146 146 145 155 167 164 152 141 149 146 143 145 136 134 120 146 156 151 145 156 160 151 145 146 153 159 162 163 159 155 147
132 149 163 169 169 170 169 175 171 168 161 163 150 164 163 170 166 158 144 142 143 105 103 132 139 112 98 86 86 114 143 130 111 102 96 96 101 99 106 116 117 110 102 105 128 147 143 138 145 146 127 115 130 146 177 171 145 138 146 139 132 138 140 158 155 163 159 155 154 147 147 130 130 138 128 121 130 116 104 112 134 149 152 160 153 154 159 157 156 158 159 161 158 156 151
147 149 155 165 165 150 147 168 175 161 165 168 158 163 157 138 166 166 165 159 136 103 88 102 110 107 98 89 76 76 85 95 100 91 104 114 118 115 123 123 120 114 107 95 127 150 144 131 135 132 144 134 106 126 160 145 134 146 146 142 135 141 149 155 164 167 160 137 141 151 148 156 174 157 121 101 108 108 104 102 105 141 157 159 156 164 163 165 164 155 156 158 167 160 163
157 153 146 146 147 157 166 170 168 158 176 200 196 185 173 173 172 167 148 143 140 128 143 150 126 111 110 99 94 90 84 87 90 81 81 82 86 86 112 146 164 152 121 125 157 168 160 151 152 162 150 114 88 91 111 132 138 149 155 144 164 158 149 158 152 146 146 139 139 138 149 160 169 148 131 124 116 110 99 99 103 114 153 159 159 160 165 173 176 179 160 153 156 162 163
137 136 141 137 150 160 158 156 155 161 175 180 198 186 188 176 179 179 174 156 153 126 130 137 123 117 112 113 112 101 93 89 85 85 89 89 92 99 140 178 205 208 191 176 173 179 174 160 160 160 131 105 111 105 118 157 150 141 135 140 150 136 138 145 153 141 153 152 147 152 150 158 158 138 129 147 143 118 108 132 134 108 129 150 157 162 168 173 181 187 172 162 154 148 151
149 150 162 160 164 167 161 157 167 175 182 178 163 156 169 186 194 180 176 173 170 166 167 173 179 168 155 148 139 131 128 126 142 158 157 155 141 172 204 198 196 192 174 174 175 174 178 182 173 169 176 170 163 149 166 160 158 150 145 139 135 135 138 153 145 127 126 140 153 138 133 139 142 138 134 144 136 131 142 167 150 114 127 162 167 166 168 169 171 180 190 187 180 173 175
166 164 171 163 164 169 171 176 179 174 180 174 164 160 161 185 179 161 169 165 154 158 168 182 180 172 165 155 144 150 136 133 128 138 157 155 117 126 144 145 127 114 136 156 165 166 174 171 159 163 166 167 167 152 166 169 158 147 142 145 140 145 141 125 107 97 100 125 142 132 130 137 143 139 135 141 123 128 138 157 151 130 122 139 167 168 167 168 178 192 190 184 177 164 160
169 186 178 174 172 164 172 189 187 173 180 168 162 147 140 150 156 153 169 151 153 159 191 190 176 180 161 145 140 163 173 178 158 126 145 180 180 132 85 81 82 98 113 139 148 146 157 157 162 161 165 175 163 147 162 165 149 149 142 138 147 152 142 132 127 115 122 131 149 138 143 156 144 149 148 146 147 148 150 142 155 122 109 122 139 158 164 173 182 186 165 160 145 136 123
