examples/data/proba_v_out_italy/probav_s5_toc_x19y03_20150106_100m_ndvi_v001.txt
ncols         273
nrows         192
xllcorner     12.62996031746
yllcorner     41.659722222222
cellsize      0.0009920634920635
NODATA_value  -9999
[rows 0 to 42 of 192, columns 96 to 191 of 273]
126 122 107 82 71 81 83 85 94 98 72 62 70 80 79 75 78 116 156 168 158 149 145 145 139 145 160 141 138 144 134 123 138 150 152 159 164 157 146 145 151 155 159 163 169 170 163 167 170 161 153 161 174 164 155 156 164 169 164 155 154 165 177 175 167 154 141 134 144 149 154 158 152 149 151 152 148 146 143 148 153 157 165 167 162 158 155 145 143 150 163 169 174 169 171 171
131 134 138 143 132 109 94 94 95 93 90 96 97 96 91 94 118 134 148 159 163 156 140 137 145 159 166 148 143 145 138 133 144 142 139 136 139 152 149 144 148 156 163 163 161 160 158 161 165 167 161 163 171 165 157 150 148 154 161 159 152 146 151 161 164 163 161 151 145 152 150 147 150 153 149 150 153 160 155 142 155 162 164 165 162 159 164 158 149 153 161 153 159 158 149 150
114 118 107 117 135 138 128 121 109 96 90 88 89 101 108 91 84 113 131 138 149 149 140 131 129 128 136 144 143 137 143 146 138 134 130 133 141 146 140 136 143 151 157 160 160 161 156 154 157 165 168 162 166 165 154 148 154 158 171 182 178 163 149 149 157 170 173 156 145 148 147 140 137 143 149 152 153 155 162 153 145 152 158 165 165 159 158 163 154 153 159 161 152 150 140 133
124 124 106 109 124 125 118 124 132 122 102 82 81 101 109 128 120 116 123 127 140 140 123 118 122 126 132 134 137 139 143 151 151 146 140 144 133 134 140 138 143 148 154 161 163 164 160 161 159 156 163 156 146 146 146 143 151 156 168 175 177 170 151 146 152 160 164 158 141 139 155 161 150 147 151 156 161 162 160 159 155 153 153 165 165 149 149 166 155 157 165 163 152 146 138 130
127 128 124 120 125 131 119 117 134 136 119 109 97 98 112 134 131 125 133 141 139 128 113 119 138 141 139 118 131 134 123 138 145 148 148 142 133 133 142 151 153 154 157 162 159 159 160 153 152 139 126 132 142 144 148 153 149 145 157 168 182 182 165 153 151 153 156 156 159 134 138 148 148 147 148 157 165 166 161 160 168 168 159 161 164 147 153 169 170 164 159 159 156 145 130 123
130 133 134 127 122 124 109 116 130 128 118 110 92 107 127 133 135 136 142 151 152 145 136 130 123 114 101 86 126 138 114 118 139 144 156 168 171 159 151 154 156 150 150 154 155 159 152 148 150 135 119 124 133 131 132 145 151 152 154 158 171 176 167 162 156 145 151 162 153 136 137 140 149 152 149 159 165 167 167 162 160 168 169 156 150 146 146 162 171 170 161 158 154 153 150 131
131 124 127 121 115 115 110 112 115 114 112 105 96 127 140 139 145 149 147 154 155 146 139 139 136 98 76 100 148 153 149 147 146 140 162 177 162 143 142 156 160 149 148 159 157 159 152 162 166 144 134 140 145 141 141 161 163 160 158 151 149 160 165 167 174 169 156 163 162 145 134 133 139 151 146 140 159 167 163 160 159 157 161 155 156 161 146 149 160 160 155 147 143 165 167 161
141 131 119 122 123 123 120 113 114 116 118 128 141 149 136 133 140 145 149 156 162 157 153 151 142 135 116 111 128 143 155 146 146 138 141 154 152 147 146 147 161 156 143 147 156 150 150 142 150 155 156 149 147 149 144 144 148 153 152 143 138 158 164 167 176 174 153 145 149 146 141 140 142 159 161 154 154 158 165 166 159 155 155 154 156 164 161 160 164 157 150 153 152 150 154 168
140 130 124 127 124 119 122 117 112 111 109 118 125 134 139 138 140 147 143 146 160 160 147 139 139 146 139 114 119 142 146 139 152 141 123 138 155 147 147 155 155 149 142 141 149 144 136 126 143 153 152 139 128 127 129 125 134 156 157 151 147 145 146 160 170 173 156 138 134 129 125 134 146 159 168 157 154 159 158 147 148 159 161 150 154 166 162 152 154 160 157 163 162 151 145 144
135 121 120 133 135 123 120 116 109 107 113 119 113 119 134 140 130 128 129 131 136 142 137 131 138 153 154 141 143 156 156 144 143 145 140 132 126 128 134 138 145 145 141 135 136 136 140 149 142 122 127 135 130 129 130 128 139 155 163 162 164 149 144 157 162 156 141 131 130 134 138 137 139 149 157 152 149 141 152 161 155 153 153 153 157 163 160 150 150 152 149 149 166 168 163 152
122 123 120 123 125 118 114 116 115 111 114 119 121 130 139 134 127 118 107 114 120 133 143 144 152 152 150 148 147 160 160 148 134 133 145 139 114 110 133 135 137 139 139 131 132 140 144 146 144 134 128 116 122 136 145 143 141 147 159 168 166 157 147 143 148 149 145 145 138 132 135 135 142 143 145 150 154 149 157 170 167 163 164 155 147 148 148 147 157 148 147 151 160 160 164 164
133 131 128 129 134 134 126 123 121 111 116 128 131 134 140 123 115 115 113 122 111 127 151 163 159 140 145 150 145 139 140 157 130 125 148 135 122 128 141 143 133 128 132 127 119 131 145 149 153 150 136 117 123 128 133 140 135 130 137 143 149 149 142 140 156 165 159 153 145 130 133 141 141 152 158 154 149 147 149 159 155 150 160 159 149 143 148 154 152 143 155 160 153 154 160 161
133 139 143 139 138 140 138 126 119 114 118 128 128 131 139 133 126 123 124 119 108 119 137 142 138 144 158 154 150 155 146 130 103 102 110 103 104 116 130 127 122 123 116 125 138 147 153 151 158 158 155 145 147 144 138 147 142 122 127 145 164 163 153 145 144 163 171 160 145 136 144 150 146 150 156 146 146 149 148 151 156 160 149 141 149 159 166 157 144 141 152 155 143 141 153 159
133 137 140 135 123 119 126 118 117 123 125 124 121 123 129 133 133 139 140 149 131 107 132 150 152 154 167 166 138 150 155 138 129 121 113 106 107 109 119 109 114 119 111 113 138 149 146 141 150 154 152 149 158 164 147 130 130 121 111 124 151 158 150 149 148 149 156 160 151 141 142 138 138 146 154 157 154 156 156 151 150 157 155 154 161 165 156 152 149 135 131 149 147 133 139 153
135 135 139 135 128 121 115 108 110 125 130 128 128 133 137 130 132 139 142 145 144 138 147 150 149 134 135 150 137 141 145 131 131 149 152 150 142 132 123 116 125 132 121 117 130 126 138 145 142 140 146 151 158 155 145 146 154 142 119 122 148 159 147 143 154 154 153 153 152 148 146 132 120 137 144 147 153 150 156 151 145 153 159 155 154 157 162 161 152 141 130 138 146 129 141 144
132 128 139 141 135 120 114 111 109 116 116 129 139 136 133 133 129 130 135 137 141 137 140 144 141 115 89 90 121 150 127 103 123 156 162 166 160 146 135 135 137 136 132 129 122 115 125 130 134 137 142 149 150 135 135 150 156 148 124 129 148 158 156 147 149 151 147 150 155 159 156 149 135 145 147 138 144 152 154 148 143 145 152 149 147 149 150 157 159 147 141 145 145 139 142 149
128 130 142 143 137 129 126 120 117 121 121 126 135 129 122 128 126 128 123 123 131 133 140 149 136 96 72 72 93 125 157 140 113 147 168 158 144 142 139 143 148 149 144 144 140 122 114 123 129 135 128 129 139 140 143 152 144 139 143 138 125 139 159 153 139 141 148 151 150 155 151 157 158 155 159 151 143 144 142 145 143 133 134 144 151 149 149 160 158 150 156 161 156 146 140 145
112 98 102 114 120 126 127 119 113 122 130 125 125 117 124 132 131 125 126 129 121 117 133 141 140 118 87 76 92 105 133 155 143 147 154 150 137 135 151 148 141 138 139 146 144 118 106 118 130 129 127 133 143 141 129 142 148 145 147 145 123 128 147 148 131 130 133 143 143 142 152 157 148 134 143 150 141 143 150 154 154 147 145 152 155 148 140 157 161 160 160 160 165 163 157 154
125 122 114 112 116 121 128 128 125 129 132 130 130 126 134 151 154 140 129 137 131 119 120 116 119 110 91 79 94 122 139 147 150 144 138 149 149 151 154 146 133 126 125 133 138 130 123 123 121 120 124 124 135 132 126 136 143 138 130 135 140 139 144 152 147 139 133 135 144 145 149 156 157 152 145 148 159 163 165 164 157 146 141 146 159 163 157 147 146 146 150 153 159 159 153 160
138 138 140 150 155 141 128 133 140 141 135 129 131 131 130 150 159 149 129 124 130 136 134 129 122 112 104 97 97 113 142 154 153 151 147 153 153 150 150 151 149 141 133 131 132 126 122 125 118 107 112 126 132 130 130 127 128 139 131 128 132 136 139 140 137 136 130 122 129 136 145 153 153 158 168 158 155 159 158 153 154 163 160 149 148 156 149 142 144 150 156 154 154 153 156 172
131 128 140 151 155 142 135 141 147 154 156 150 153 151 145 142 143 141 129 128 136 138 142 141 137 129 116 102 108 106 106 123 138 145 153 157 151 143 145 147 150 149 142 133 130 133 133 135 139 133 127 129 136 137 137 125 120 134 145 146 134 131 130 133 143 150 148 147 147 144 138 137 137 138 161 164 156 160 159 154 164 163 150 142 144 146 145 139 147 159 162 160 160 165 164 171
132 137 151 164 166 154 146 156 158 159 155 150 159 160 156 156 154 151 134 141 147 138 136 144 148 140 121 101 108 114 106 108 123 131 143 148 144 140 142 145 150 157 152 138 129 137 142 143 142 141 142 141 141 139 135 125 121 130 142 151 148 132 132 138 149 152 150 146 146 145 138 131 143 153 153 148 136 140 150 157 162 157 136 133 133 135 143 143 149 150 147 149 157 164 154 155
137 149 153 162 169 156 144 152 154 153 155 146 138 149 150 153 156 154 155 150 154 148 141 148 156 160 150 138 143 145 121 110 118 135 149 149 141 139 139 138 143 161 169 155 140 143 149 144 137 133 133 130 131 132 138 137 127 117 115 134 145 132 132 135 138 145 148 147 143 144 145 147 154 158 158 161 165 153 142 143 151 163 168 166 150 134 138 147 152 154 149 143 139 135 140 143
146 147 160 169 173 162 146 148 152 144 146 135 126 127 136 158 164 154 152 159 151 147 158 166 166 162 154 151 153 149 137 127 132 146 150 141 142 145 142 142 144 139 141 141 137 141 145 142 138 143 145 142 141 136 133 142 140 129 119 139 152 141 134 133 131 146 147 142 144 150 152 147 139 136 142 149 154 153 151 156 161 168 171 167 153 136 146 150 144 139 140 142 128 125 132 125
153 147 152 162 155 157 149 154 161 148 140 136 139 140 139 144 150 164 164 161 162 159 159 166 161 152 157 158 150 145 145 146 154 158 144 139 150 152 153 144 131 128 131 136 136 136 144 149 145 149 140 141 151 149 139 148 153 145 141 149 158 151 146 122 59 86 127 139 150 155 150 150 145 146 155 158 148 147 148 150 155 158 162 161 154 138 127 126 146 159 153 162 162 150 137 132
145 134 136 146 150 152 157 164 161 159 165 168 164 161 158 147 145 161 164 168 178 179 169 165 162 155 153 157 157 153 156 155 156 162 152 141 149 155 140 133 124 130 142 144 136 130 139 148 153 160 147 134 137 147 151 153 154 154 149 146 148 145 160 162 109 65 107 137 145 148 144 150 152 149 154 159 152 151 136 139 156 155 145 146 145 133 128 138 151 154 147 152 161 149 135 141
151 144 149 151 145 143 156 170 166 163 166 163 160 161 162 168 160 157 163 156 158 163 164 169 161 160 154 151 151 145 151 158 155 157 159 159 152 159 157 153 143 132 128 135 136 133 140 142 150 158 152 132 133 146 152 152 149 146 146 143 126 105 112 130 146 148 146 118 116 114 106 123 149 136 136 148 156 151 134 136 147 148 138 135 130 125 134 152 158 154 149 151 157 156 155 155
152 143 145 154 149 149 158 172 173 157 158 157 159 158 153 159 159 157 166 161 153 156 163 170 163 156 150 142 137 136 144 154 156 152 148 143 141 143 147 146 145 138 143 138 136 138 146 145 133 134 143 140 137 146 150 147 144 140 140 142 126 97 88 100 124 153 148 121 118 126 118 106 106 105 121 135 148 143 121 117 122 127 110 103 112 128 136 137 142 156 165 154 140 147 151 136
157 156 146 150 159 168 177 170 167 160 165 167 159 160 159 152 159 164 165 156 142 148 159 163 154 146 144 142 132 124 130 141 141 145 149 144 143 147 153 145 140 148 147 130 119 126 146 151 141 138 132 143 149 146 148 147 143 139 135 125 106 85 79 88 96 129 153 153 142 134 130 110 83 74 87 101 117 114 90 84 114 138 102 89 118 148 149 153 159 161 165 166 164 159 151 127
156 159 144 148 151 149 171 166 167 170 156 154 166 165 158 152 140 132 160 158 152 157 155 147 138 133 142 151 139 127 127 132 131 134 139 143 145 151 158 163 159 162 163 153 146 142 133 135 119 102 124 139 127 114 130 148 151 143 134 138 143 132 126 118 121 146 151 159 159 139 120 108 98 89 79 69 67 77 87 91 101 112 96 109 147 167 156 154 163 167 164 164 167 167 164 154
148 160 155 159 148 134 151 155 153 169 169 157 156 162 150 152 151 144 171 174 172 167 159 151 145 136 141 147 147 142 145 140 138 142 145 147 149 142 149 157 156 162 160 146 136 143 148 129 100 89 120 107 95 80 78 105 122 105 87 101 132 144 149 147 140 142 155 162 160 150 138 134 129 111 102 89 79 84 103 108 113 118 108 114 147 162 168 169 149 154 161 161 161 164 164 164
151 147 152 147 132 131 149 163 164 167 155 151 155 165 166 165 158 148 155 162 162 163 165 162 163 164 164 153 154 154 154 143 143 151 145 136 132 102 123 137 131 140 135 125 110 113 122 95 70 59 70 69 52 54 50 55 88 112 119 124 136 151 152 159 157 155 155 158 161 158 157 140 117 98 91 78 73 78 89 103 111 117 120 124 136 144 141 149 152 149 150 151 151 157 162 159
158 161 153 143 138 145 160 156 154 161 148 149 151 157 164 163 162 153 157 162 158 158 164 161 161 159 158 152 155 145 144 147 140 147 142 114 90 88 79 96 117 112 107 114 98 80 78 78 90 88 86 88 89 104 98 77 77 99 135 169 151 141 148 154 154 149 151 149 150 156 154 136 110 103 106 98 80 79 90 103 121 145 150 148 149 153 155 168 166 155 149 150 154 159 153 157
154 151 146 146 152 162 168 164 161 163 161 161 153 153 161 161 156 151 153 165 163 157 158 154 149 141 142 155 160 160 157 155 151 153 153 128 107 99 104 110 96 78 62 67 53 61 68 64 56 84 106 114 126 123 121 129 125 123 124 129 125 135 140 140 144 147 141 132 142 151 148 143 122 106 115 115 94 84 95 116 129 147 156 141 149 157 156 153 156 159 157 157 160 156 146 157
151 153 151 156 166 172 165 158 170 175 176 166 149 154 169 172 165 154 151 152 161 157 154 149 137 132 149 160 161 166 167 159 155 150 152 136 108 80 85 110 83 105 108 93 74 69 77 92 102 114 135 138 149 137 131 139 135 136 143 137 128 133 143 141 136 145 152 144 145 135 131 134 129 101 98 108 97 85 95 99 125 150 154 140 152 148 146 142 147 150 142 133 140 156 159 158
126 152 153 151 154 152 164 167 174 171 164 155 147 150 164 169 162 158 160 159 161 160 159 156 147 137 150 158 159 158 165 177 179 140 131 146 102 76 66 72 95 129 131 128 111 103 116 129 128 132 142 145 143 141 134 131 135 138 141 141 138 137 145 146 132 135 148 149 149 136 137 140 134 113 101 97 90 85 98 114 143 160 152 137 134 136 140 133 138 149 140 146 147 151 158 148
125 130 147 140 122 137 159 163 169 166 141 141 140 149 160 162 159 155 158 160 160 163 171 167 155 150 155 150 157 151 161 177 165 140 136 111 81 58 59 98 133 145 132 139 143 142 141 147 143 146 145 148 151 142 137 135 145 141 130 133 137 142 142 150 146 142 150 151 151 145 133 130 139 141 121 97 93 98 122 138 145 150 149 138 134 141 149 153 151 144 138 149 154 154 154 153
106 132 149 132 121 145 156 164 163 155 137 125 138 154 167 165 157 158 163 157 147 153 166 161 160 159 162 165 156 148 153 156 145 136 145 123 97 87 90 130 144 144 151 151 143 141 147 144 149 159 149 137 129 127 129 133 153 155 152 154 151 155 151 145 141 136 138 137 140 144 148 150 141 148 152 131 112 112 138 147 142 139 137 134 134 146 146 140 147 150 144 140 144 153 151 145
111 120 141 147 143 151 150 143 145 154 149 131 131 147 151 151 161 165 163 155 148 157 162 156 157 164 157 160 165 161 143 139 139 143 148 150 150 147 145 141 137 143 148 148 139 133 142 146 150 152 145 133 120 120 134 146 158 163 156 154 152 149 146 143 146 145 141 137 132 134 138 146 144 145 167 164 136 113 123 148 152 149 144 131 124 138 140 129 131 151 148 142 142 146 150 153
134 126 142 157 151 142 138 143 139 136 139 133 127 120 118 130 135 141 144 141 151 158 152 148 151 159 156 149 155 152 135 134 139 144 149 155 158 153 145 150 146 141 135 143 146 143 143 143 153 155 154 152 145 138 145 149 157 165 159 158 157 149 143 149 152 151 145 143 143 141 135 137 149 157 170 172 153 134 122 127 136 141 134 138 138 135 154 150 139 148 158 146 147 155 158 158
115 140 162 169 150 128 130 128 122 119 126 118 98 83 88 113 123 135 141 138 140 153 156 157 153 162 154 146 141 158 159 157 150 147 153 153 151 155 141 149 148 142 142 143 146 145 145 148 158 158 153 154 151 142 140 143 150 155 146 148 151 148 148 151 152 153 151 147 146 149 145 137 149 156 152 151 144 132 125 113 108 125 140 140 137 137 148 160 152 150 151 150 154 162 164 159
110 126 146 152 148 148 148 136 135 128 115 95 67 71 84 98 110 127 117 103 108 139 148 164 161 158 153 150 147 152 155 157 153 150 152 156 159 160 156 163 164 155 135 131 143 140 148 157 156 152 153 156 148 143 138 138 151 161 160 151 146 149 153 153 151 145 135 133 140 150 144 131 141 145 137 138 150 143 137 134 134 130 124 127 141 141 145 147 144 153 142 136 151 159 160 164
132 133 127 130 150 157 150 140 133 126 101 73 63 73 96 106 115 137 123 112 100 119 136 134 149 160 157 153 146 148 160 162 157 155 154 153 156 152 159 170 160 155 149 152 156 146 141 142 140 145 148 148 141 139 151 161 164 157 154 148 143 142 145 148 148 133 126 141 156 152 139 136 144 143 139 133 136 138 140 139 128 139 150 148 142 134 132 141 147 151 158 158 157 153 154 164
