examples/data/proba_v_out_italy/probav_s5_toc_x19y03_20140806_100m_ndvi_v001.txt
ncols         273
nrows         192
xllcorner     12.62996031746
yllcorner     41.659722222222
cellsize      0.0009920634920635
NODATA_value  -9999
[rows 126 to 167 of 192, columns 95 to 189 of 273]
193 203 219 228 217 201 183 180 187 208 221 198 168 198 208 211 212 203 204 218 229 224 221 231 236 237 239 232 227 221 223 240 250 250 250 250 250 250 250 250 250 250 250 250 250 250 250 250 250 250 249 249 249 250 250 250 250 250 250 250 250 249 250 250 250 250 250 250 250 250 250 250 250 250 250 250 248 250 248 235 236 234 235 243 247 250 250 250 250 250 247 244 242 230 196
211 225 225 227 229 220 185 168 180 187 202 191 173 177 190 198 214 212 205 214 224 209 206 224 236 238 231 223 218 218 237 250 250 250 250 250 250 250 250 250 250 250 250 250 250 250 250 250 250 250 250 249 249 249 250 250 250 250 250 250 250 250 250 250 250 250 250 250 250 250 250 250 250 250 250 250 246 222 215 204 206 230 237 242 248 250 250 239 231 232 221 224 239 244 213
239 243 240 240 238 230 212 179 185 191 179 174 169 176 182 191 226 239 228 225 240 231 242 250 250 250 241 228 226 237 250 250 250 250 250 250 250 250 250 250 250 250 250 250 250 249 250 250 250 250 250 250 250 250 250 249 249 249 250 250 250 250 250 250 250 250 250 250 250 250 250 250 250 248 246 236 222 208 216 205 203 236 242 244 248 250 250 237 226 224 222 224 234 243 223
250 249 246 246 246 234 215 188 181 183 161 156 175 172 185 202 220 225 224 223 235 244 250 250 250 250 240 226 234 250 250 250 250 250 250 250 250 250 250 250 250 250 250 250 250 248 249 250 250 250 250 250 250 250 250 250 250 250 250 250 250 250 250 250 250 250 250 250 250 250 247 248 248 245 243 226 207 213 230 208 207 225 233 239 243 246 247 248 247 236 221 220 235 237 234
250 250 243 238 235 221 206 203 204 203 187 190 207 199 191 189 189 193 208 220 229 243 250 250 250 250 238 229 248 250 250 250 250 250 250 250 250 250 250 250 250 250 250 250 250 249 248 250 250 250 250 250 250 250 250 250 250 250 250 250 250 250 250 250 250 250 250 250 250 250 244 239 244 247 243 230 206 197 214 215 200 203 216 221 223 240 250 250 244 224 203 213 239 240 243
250 250 244 233 223 214 204 196 198 205 211 223 228 222 211 193 172 172 195 218 224 226 238 250 250 250 238 240 250 250 250 250 250 250 250 250 250 250 250 250 250 250 250 250 247 236 226 238 250 250 250 250 250 250 250 250 250 249 250 250 250 250 248 249 246 247 250 250 250 250 237 217 220 228 239 243 238 225 219 212 191 194 205 199 188 203 227 246 250 240 224 219 225 236 244
250 250 250 246 239 230 218 206 204 210 217 222 218 214 208 196 173 153 184 222 232 223 223 231 239 241 240 248 250 250 250 250 250 250 250 250 250 250 250 250 250 250 248 246 246 235 222 233 248 250 250 250 250 250 250 249 250 250 246 243 241 244 241 223 199 203 232 250 250 250 234 224 224 205 210 232 245 237 214 192 182 177 174 175 169 176 203 234 250 250 250 243 232 230 239
250 250 250 250 250 245 236 219 206 211 220 224 221 217 213 224 216 182 173 201 222 226 223 222 227 237 245 250 250 250 250 250 250 250 250 250 250 250 250 250 250 249 244 241 246 248 247 246 250 250 250 250 250 250 250 250 248 242 230 224 229 244 246 238 223 212 215 243 250 250 247 239 240 222 191 201 226 230 201 168 175 177 167 160 156 155 166 194 226 245 241 237 242 244 245
250 250 250 250 250 250 247 237 222 215 218 223 226 221 212 225 233 216 200 205 219 229 231 231 236 245 250 250 250 250 250 250 250 250 250 250 250 250 250 250 249 245 240 241 245 249 249 248 249 250 250 250 250 250 248 230 193 174 194 225 247 250 242 235 243 242 228 239 246 249 250 248 247 244 216 187 187 196 195 188 195 181 174 167 166 170 170 171 184 204 200 194 190 191 205
250 250 250 250 250 250 250 244 225 197 177 182 199 203 205 221 245 233 221 217 220 226 237 245 250 250 250 250 250 250 250 250 250 250 250 250 250 250 250 245 242 239 238 242 248 250 250 249 249 250 250 250 250 250 247 219 164 163 209 222 241 247 233 209 222 233 241 247 243 230 222 220 228 240 235 197 172 177 195 198 200 200 174 155 165 176 174 178 165 163 181 197 205 193 176
250 250 250 250 250 250 250 250 235 217 196 179 185 202 216 231 245 241 236 226 217 227 245 250 250 250 250 250 250 250 250 250 250 250 250 250 250 250 245 240 238 238 235 236 246 250 250 249 250 250 250 248 250 250 250 250 236 227 244 250 233 196 185 183 171 160 178 215 238 233 228 207 198 215 223 203 180 183 190 183 193 217 219 183 155 174 177 176 172 186 216 235 239 237 203
250 250 250 250 250 250 250 250 250 238 231 231 236 243 250 250 250 250 250 245 213 229 250 250 250 250 250 250 250 250 250 250 250 250 250 250 250 250 250 244 241 240 235 231 246 248 246 246 249 250 246 237 241 250 250 250 250 226 214 229 214 161 148 165 172 163 176 201 209 208 224 222 195 198 207 192 178 166 166 170 185 197 214 213 183 181 178 163 161 171 196 210 216 219 207
250 250 250 250 250 250 250 250 250 249 239 234 242 250 250 250 250 250 250 250 250 250 250 250 250 250 250 250 250 250 250 250 250 250 250 250 250 250 250 250 250 250 246 243 249 248 245 245 248 245 239 214 194 216 243 250 250 223 176 188 203 185 159 159 174 181 190 190 178 159 172 202 195 200 210 186 158 141 158 172 176 175 189 208 208 181 169 153 152 168 189 191 175 170 180
250 250 250 250 250 250 250 250 250 250 248 246 249 250 250 250 250 250 250 250 250 250 250 250 250 250 250 250 250 250 250 250 250 250 250 250 250 250 250 250 250 250 250 250 250 250 250 248 247 231 206 198 187 185 213 248 250 239 205 179 164 178 181 180 211 195 181 178 172 156 163 192 205 190 212 210 173 146 161 162 164 179 181 189 198 188 167 153 160 176 181 186 193 184 181
250 250 250 250 250 250 250 250 250 250 250 250 250 250 250 250 250 250 250 250 250 250 250 250 250 250 250 250 250 250 250 250 250 250 250 250 250 250 250 250 250 250 250 247 244 243 245 241 229 205 175 182 205 192 196 228 247 250 230 194 157 142 188 225 237 228 215 203 183 162 174 191 191 183 202 219 195 171 170 160 156 169 192 201 198 193 184 170 161 172 165 162 184 195 191
250 250 250 250 250 250 250 250 250 250 250 250 250 250 250 250 250 250 250 250 250 250 250 250 250 250 250 250 250 250 250 250 250 250 250 250 250 250 250 250 250 250 249 240 219 206 219 238 234 189 160 170 206 182 171 189 213 227 222 191 159 139 150 189 210 207 204 204 212 205 196 197 199 187 195 206 188 172 183 186 178 175 188 198 187 178 191 186 158 148 177 201 210 204 203
250 250 250 250 250 250 250 250 250 250 250 250 250 250 250 250 250 250 250 250 250 250 250 250 250 250 250 250 250 250 250 250 250 250 250 250 250 250 250 250 250 250 249 236 213 193 205 231 238 201 162 166 174 166 162 167 182 187 183 184 172 155 147 164 189 200 180 174 191 200 210 213 202 172 187 206 194 176 180 176 169 177 177 174 184 186 177 189 175 155 169 198 207 215 220
250 248 247 250 250 250 250 250 250 250 250 250 250 250 250 250 250 250 250 250 250 250 250 250 250 250 250 250 250 250 250 250 250 250 250 250 250 250 250 250 250 239 232 225 214 204 208 225 232 221 193 189 204 196 178 169 182 190 180 174 174 178 185 178 170 198 186 180 187 188 217 220 199 181 191 202 199 188 175 177 191 192 188 188 192 196 189 199 196 175 151 162 188 210 229
250 250 250 250 250 250 250 250 250 250 250 250 250 250 250 250 250 250 250 250 250 250 250 250 250 250 250 250 250 250 250 250 250 250 250 250 250 250 250 250 250 242 226 206 201 202 208 217 223 229 228 217 229 214 181 168 189 210 204 191 187 189 194 198 193 202 213 208 193 182 195 196 189 181 185 202 185 159 152 171 199 209 204 191 182 209 211 207 205 180 171 171 187 200 210
248 249 250 250 250 250 250 250 250 250 250 250 250 250 250 250 250 250 250 250 250 250 250 250 250 250 250 250 250 250 250 250 250 250 250 250 250 250 245 241 245 232 225 215 201 202 210 209 202 210 236 249 230 196 168 173 197 218 221 216 201 190 188 192 201 200 214 227 213 193 190 204 214 203 189 193 193 176 164 173 197 214 204 188 183 203 212 202 191 188 203 196 184 181 187
231 208 214 237 247 245 244 245 246 245 246 246 248 248 249 250 250 250 250 250 250 250 250 250 250 249 248 250 250 250 250 250 250 249 249 245 239 233 226 225 226 202 217 223 213 215 212 195 175 181 218 248 240 205 170 152 161 185 202 208 209 206 203 205 213 200 206 227 218 184 182 196 208 210 203 205 200 181 167 159 178 205 199 177 165 180 192 167 173 197 203 179 166 169 169
137 108 123 179 235 242 239 242 243 242 243 243 244 245 246 246 247 247 249 248 245 236 227 225 231 237 241 244 249 248 246 246 248 245 232 228 220 209 203 191 186 190 222 219 212 217 208 183 162 170 206 240 242 212 181 157 144 155 178 195 196 195 194 198 206 207 211 222 215 184 177 183 182 179 184 199 204 195 186 180 189 204 186 132 119 173 200 178 168 178 182 170 163 165 164
69 77 94 146 216 234 241 241 241 241 241 241 236 229 233 240 244 244 244 243 243 234 217 195 183 192 218 221 225 242 242 242 246 230 194 206 200 180 173 165 175 199 219 200 184 195 198 181 164 166 192 226 247 222 196 175 168 173 181 188 191 187 180 180 191 206 212 211 206 194 179 182 181 176 182 201 222 226 207 188 186 173 169 143 131 185 202 198 183 172 184 194 199 214 227
49 45 58 114 193 230 242 231 228 233 238 241 233 220 232 244 248 247 245 244 245 246 245 227 191 172 188 186 216 237 230 233 230 204 178 197 187 163 156 170 197 223 222 195 175 187 190 181 176 178 189 225 246 230 208 184 166 164 174 186 191 183 170 166 178 216 227 209 198 200 197 187 185 188 203 215 220 216 199 175 148 134 163 193 188 179 184 199 203 200 200 203 205 207 222
50 44 39 57 136 197 211 205 202 205 222 232 233 236 249 250 250 245 238 235 227 226 229 233 224 201 184 176 222 235 220 208 201 198 187 189 191 184 181 172 178 205 219 211 192 194 208 204 189 184 192 218 239 233 210 190 178 169 176 194 204 200 184 178 198 232 229 206 189 196 208 205 198 196 206 215 218 189 153 147 129 144 191 212 218 208 192 189 197 209 211 200 186 185 198
40 35 38 51 122 198 203 205 214 208 217 229 236 240 250 250 246 231 214 199 188 196 210 224 234 220 192 180 194 188 184 173 169 193 206 200 188 187 203 182 179 215 240 216 198 206 230 235 204 184 192 209 224 226 211 194 189 187 194 203 210 213 205 192 200 215 198 173 159 176 206 211 210 204 199 200 198 194 183 187 198 207 197 192 212 225 203 188 188 200 211 196 186 191 185
32 31 35 58 125 207 218 220 218 208 217 230 239 247 250 250 250 218 188 177 181 208 231 237 227 197 178 181 187 172 164 172 185 206 224 219 205 195 195 184 191 226 243 217 201 207 223 226 200 186 191 196 201 216 221 204 193 196 204 210 205 192 188 181 183 196 213 204 166 180 195 196 200 199 191 180 178 205 226 210 183 185 178 185 207 213 186 189 188 191 207 187 177 177 184
34 39 43 64 130 210 223 218 207 210 217 214 213 220 241 218 187 196 161 159 190 216 230 232 213 174 148 163 189 181 166 176 184 195 216 228 217 191 188 198 197 213 235 220 187 187 201 206 203 198 188 185 198 223 235 213 199 204 212 218 217 206 199 196 182 199 227 215 184 196 195 185 180 184 184 178 182 201 215 192 165 174 188 200 212 210 196 196 195 190 186 179 167 158 167
42 49 61 97 166 219 221 207 191 201 221 233 229 215 237 217 170 120 86 100 128 199 201 195 161 148 146 166 191 164 150 162 168 176 205 227 218 203 201 198 186 185 203 222 199 178 191 203 206 203 192 194 207 221 236 225 176 176 197 205 203 192 201 207 191 190 205 214 202 190 188 185 168 166 179 180 182 185 196 195 166 186 205 208 213 210 204 193 182 173 170 168 164 163 160
44 51 71 124 189 221 218 213 189 147 147 177 154 125 121 151 191 108 60 49 70 137 177 152 114 136 154 160 165 149 155 161 164 175 207 211 205 210 210 196 183 187 207 228 214 213 221 207 185 202 208 202 198 198 208 217 190 164 170 154 152 167 172 196 202 192 184 178 173 168 187 189 159 160 177 189 193 172 188 199 180 195 204 206 211 215 215 203 189 175 167 167 163 151 139
47 56 79 93 115 182 211 218 186 109 81 118 80 55 52 59 107 100 55 40 52 112 112 94 84 87 115 150 171 172 176 189 196 190 181 174 177 173 182 197 202 202 212 219 215 215 220 195 170 195 180 178 193 191 178 191 202 190 171 128 118 120 119 150 184 173 164 164 161 151 130 137 152 182 194 203 198 170 188 193 181 183 186 193 203 214 217 212 202 185 176 177 170 160 150
74 64 69 78 74 119 202 203 196 150 112 100 69 45 39 48 88 85 50 41 56 74 63 64 68 78 104 155 198 194 183 191 198 198 179 169 179 159 161 196 222 223 220 214 203 187 178 163 158 176 156 142 172 184 155 132 148 191 189 145 118 116 128 151 181 166 135 139 153 160 137 122 152 197 201 193 192 183 185 189 179 173 176 180 184 183 189 185 170 171 180 185 179 177 186
101 87 88 82 66 95 176 188 190 199 176 142 78 43 37 53 69 50 37 32 39 50 48 46 60 96 148 193 202 178 178 185 177 172 171 181 189 189 194 205 213 209 202 183 168 139 120 154 174 183 182 168 153 145 130 106 90 129 145 152 139 99 95 140 176 173 155 138 135 126 114 112 130 165 183 182 185 179 177 191 198 193 186 182 178 172 184 183 173 183 195 201 191 183 192
118 110 114 103 78 103 143 155 168 180 161 148 100 59 48 73 77 48 31 33 39 42 45 47 59 70 84 138 191 174 168 170 171 150 122 171 186 180 188 199 205 204 200 192 171 123 115 138 128 152 169 155 128 117 107 110 101 111 142 170 202 190 148 120 121 126 123 106 105 89 73 72 87 101 121 153 170 172 181 193 197 192 187 190 192 185 178 182 179 186 198 206 194 175 174
109 106 124 143 126 95 90 101 110 131 158 171 146 94 71 92 95 65 42 34 35 43 39 38 38 36 42 67 136 185 187 197 197 178 163 186 187 180 183 190 199 197 190 194 199 179 162 139 116 119 124 128 129 124 115 125 110 107 126 137 182 212 183 125 100 98 120 121 106 93 72 58 54 70 106 144 167 172 185 195 187 176 179 190 195 193 179 177 165 172 189 196 186 176 186
78 91 120 113 97 67 65 86 82 108 162 192 184 125 71 73 96 83 52 44 41 35 31 29 28 29 34 50 114 156 157 185 186 166 166 181 185 182 180 192 208 211 191 172 179 205 215 200 173 150 137 131 122 99 89 84 82 93 119 112 110 154 148 130 111 97 132 147 135 116 90 73 56 63 102 142 177 191 196 202 200 174 169 178 186 202 196 176 170 179 191 190 184 186 193
36 42 62 65 58 50 59 93 90 57 94 154 181 152 104 108 147 143 84 52 45 40 32 31 33 34 47 73 123 136 139 155 164 165 164 165 170 177 188 208 223 221 202 186 188 200 206 193 166 145 127 123 111 74 69 73 82 102 131 133 111 110 110 106 89 93 130 165 178 176 152 128 113 117 147 154 153 178 181 171 170 168 166 176 191 205 206 200 189 182 182 180 178 173 181
34 26 28 38 43 58 61 81 94 73 81 110 160 170 155 153 159 148 106 61 41 34 31 31 34 38 66 116 156 153 157 172 176 170 159 156 170 179 192 214 230 226 207 189 188 195 187 168 147 130 112 116 101 76 74 76 85 125 149 132 130 110 108 116 97 98 141 199 220 220 202 183 181 177 173 151 142 170 182 174 172 179 178 189 200 208 210 202 187 157 156 179 181 183 199
32 32 25 28 34 39 58 81 86 63 49 59 102 143 156 162 146 100 60 41 38 41 46 42 44 57 100 156 177 171 170 179 189 180 164 162 185 178 184 206 225 223 211 195 184 179 171 157 149 150 135 109 92 83 78 75 77 114 143 153 180 139 147 178 169 147 158 192 216 220 208 188 180 185 182 154 138 155 183 183 171 174 192 206 215 216 219 216 203 181 151 166 195 206 210
32 33 33 25 20 27 34 59 85 74 55 55 83 152 178 180 166 119 67 54 69 93 122 103 92 112 151 160 169 174 177 185 198 202 196 197 199 185 184 195 211 216 208 190 186 190 188 185 186 185 151 103 76 74 70 69 77 98 111 144 189 182 197 194 173 144 128 150 188 192 178 195 215 202 177 148 127 158 191 200 202 178 171 196 212 208 211 198 186 176 156 163 195 216 211
32 30 32 19 0 25 38 57 78 67 46 48 88 165 187 173 149 127 119 117 142 166 163 160 162 178 172 173 177 175 179 160 165 189 206 214 211 196 179 174 189 206 209 189 166 173 191 196 187 169 129 92 79 80 71 71 79 85 86 110 137 174 205 167 154 153 165 165 156 167 172 167 155 184 184 170 160 187 200 199 198 180 158 189 210 204 209 185 166 152 142 145 180 193 189
34 38 37 41 40 34 33 47 60 66 57 47 79 150 195 183 150 107 83 116 172 191 198 197 203 204 181 190 194 194 195 167 160 166 182 200 210 202 184 175 187 205 218 201 177 181 198 195 170 140 104 79 68 70 79 102 124 113 117 157 164 168 170 156 157 158 174 188 169 168 188 191 185 206 199 194 192 190 181 172 169 161 149 166 202 212 203 190 187 179 163 155 165 164 154
