examples/data/proba_v_out_italy/probav_s5_toc_x19y03_20150406_100m_ndvi_v001.txt
ncols         273
nrows         192
xllcorner     12.62996031746
yllcorner     41.659722222222
cellsize      0.0009920634920635
NODATA_value  -9999
[rows 126 to 167 of 192, columns 0 to 94 of 273]
200 206 198 202 193 182 180 194 218 204 180 167 167 181 187 204 202 187 189 173 176 160 149 142 137 120 107 91 95 114 149 166 121 91 75 71 80 104 139 184 211 209 203 208 207 202 155 105 101 112 122 136 144 140 135 144 153 172 179 171 154 154 158 160 160 171 183 182 180 209 213 207 197 184 177 191 194 184 168 160 163 184 198 207 200 192 187 189 184 176 173 176 169 153 151
209 216 206 197 202 188 186 227 230 200 195 196 200 211 205 199 187 153 159 177 145 140 161 189 178 134 92 103 122 119 163 186 174 135 120 115 118 131 158 194 209 205 216 218 218 194 125 102 103 126 145 143 135 153 152 134 127 161 184 178 161 157 159 161 161 168 180 199 212 216 214 208 196 191 190 195 190 191 184 179 172 171 179 200 208 195 188 184 169 168 164 157 146 146 156
197 195 190 190 212 206 191 197 202 196 194 209 222 222 223 195 160 159 162 182 193 193 191 206 178 138 125 141 154 134 171 202 197 159 149 165 163 154 175 201 218 216 223 228 200 153 125 132 153 156 162 155 141 143 136 124 127 169 183 179 167 152 145 160 171 177 191 214 220 222 202 191 178 176 186 189 194 204 194 183 180 178 189 201 211 208 192 181 164 154 156 155 140 135 164
197 200 196 195 196 172 159 171 185 196 200 215 226 220 210 200 194 193 186 202 204 210 218 197 153 151 152 141 125 116 124 148 149 123 145 188 195 175 184 186 174 193 194 183 134 120 129 142 162 153 157 156 149 144 138 134 150 175 181 179 175 149 150 169 176 183 198 208 211 205 184 169 138 158 200 192 179 175 181 186 178 174 167 197 194 190 189 176 173 177 176 159 152 167 184
205 192 197 198 204 204 193 183 200 208 212 206 206 200 189 192 209 205 192 200 218 232 222 192 170 145 145 137 114 113 118 112 123 132 160 184 187 179 185 180 159 141 115 99 99 116 137 141 132 129 133 138 148 153 158 162 170 179 186 185 186 164 167 178 173 177 199 208 203 196 185 171 173 194 211 193 188 196 201 201 188 194 189 191 181 188 182 172 179 178 177 164 163 178 191
206 208 218 218 217 223 218 182 184 206 213 184 170 158 168 199 211 206 195 198 210 213 212 203 191 162 136 127 115 120 137 115 134 171 182 173 176 185 189 170 128 83 81 115 117 140 163 155 112 111 128 145 148 147 137 129 133 152 177 184 179 169 176 181 174 180 198 202 197 186 182 184 201 212 199 192 201 225 206 195 197 205 219 194 122 139 175 189 199 195 180 161 150 171 183
197 207 204 206 204 202 205 175 152 177 193 198 194 185 194 201 201 191 193 203 193 180 183 190 195 170 152 153 131 111 124 137 151 152 153 154 189 198 178 160 124 90 94 139 174 166 165 170 141 132 148 155 150 144 151 144 147 151 174 185 182 179 180 180 182 182 185 202 204 195 185 191 200 177 168 162 176 195 189 201 205 206 240 219 167 124 127 155 177 185 190 192 183 174 176
187 187 190 203 206 197 195 177 155 158 180 213 229 222 214 204 200 192 182 185 187 171 185 200 203 191 177 169 145 138 164 170 163 151 158 174 192 170 157 171 168 155 138 176 200 187 189 203 167 128 152 164 156 147 158 153 154 170 183 186 182 178 178 183 186 181 179 190 199 194 180 190 216 188 152 136 158 150 161 207 188 208 231 238 229 184 125 145 169 192 192 175 175 184 187
193 197 206 212 224 216 206 190 168 160 183 207 234 231 216 201 195 211 216 204 187 163 184 207 207 197 187 189 181 171 173 181 176 171 178 190 182 158 142 146 150 153 164 173 191 202 204 202 191 170 186 194 179 172 171 158 173 186 187 183 173 170 167 182 187 184 189 194 200 199 180 162 192 181 145 132 134 128 162 203 183 198 199 210 216 227 187 165 154 161 171 168 178 191 186
181 187 178 164 166 175 188 184 163 127 168 215 222 223 198 174 171 191 204 210 207 191 187 189 188 193 196 201 198 196 177 168 172 186 193 200 182 169 156 149 138 137 142 152 175 196 208 209 207 204 208 212 194 185 201 201 199 182 167 158 156 158 179 193 194 199 200 194 197 193 179 135 151 139 130 117 110 131 159 164 171 183 182 191 207 216 210 197 183 197 186 192 191 188 184
144 157 146 136 160 168 186 169 140 132 158 172 184 207 194 176 181 203 216 216 209 188 180 192 210 222 219 206 201 207 198 172 175 182 188 187 172 164 164 160 137 126 136 145 158 181 208 215 204 193 184 188 187 196 197 191 167 142 134 138 144 149 175 189 202 208 194 185 185 175 140 117 115 109 113 103 103 111 147 168 180 183 184 186 195 206 198 164 192 177 182 194 190 183 181
100 108 103 121 119 144 193 146 169 184 181 180 196 213 214 206 210 227 240 228 199 166 158 187 218 216 195 180 184 189 192 195 202 213 198 177 150 162 171 162 140 138 151 160 162 173 206 213 205 192 186 192 194 197 194 176 148 114 111 123 140 169 201 204 208 201 189 187 174 117 101 126 122 111 103 94 90 81 217 127 168 183 198 187 196 233 205 172 199 198 180 186 186 187 186
86 72 76 90 103 114 152 176 191 196 197 203 215 227 229 228 222 226 246 235 201 166 165 196 208 205 185 151 152 165 180 189 196 196 190 174 157 163 150 153 164 161 150 141 155 171 184 196 202 203 203 204 195 195 192 166 140 136 130 122 127 164 206 211 208 199 171 153 155 140 105 128 121 107 99 91 89 80 102 130 167 183 191 199 207 229 194 166 175 200 185 184 182 185 187
84 64 66 80 115 133 150 167 182 169 174 190 209 217 217 214 204 211 223 202 182 166 174 198 212 223 214 189 173 172 166 175 199 201 179 167 171 167 144 144 176 183 152 131 137 149 169 190 199 202 197 199 191 184 183 152 127 159 178 146 110 154 203 212 206 193 168 168 155 140 93 103 123 99 91 87 88 89 113 131 150 180 178 192 205 208 190 169 174 194 180 174 175 176 177
85 86 83 74 83 119 133 151 121 138 161 183 187 189 196 199 175 200 201 173 157 185 186 167 187 198 209 200 183 151 138 141 146 165 170 154 150 164 169 158 171 185 166 141 165 183 184 195 208 213 215 206 187 167 148 144 104 123 160 138 113 157 211 213 204 178 155 141 134 124 121 114 112 105 103 92 91 98 120 119 156 174 191 186 190 195 204 204 195 193 182 169 168 167 167
70 81 88 80 67 67 87 98 126 171 205 210 201 192 188 176 178 196 185 172 162 157 180 159 163 163 168 168 157 145 116 109 138 166 172 163 150 149 153 156 169 181 172 130 134 162 183 198 222 214 214 197 171 154 125 131 123 85 100 114 137 175 207 221 205 180 148 136 151 118 123 123 122 118 116 107 94 95 108 103 161 189 208 198 207 186 182 194 197 190 181 173 168 171 174
63 59 70 80 78 69 71 105 143 161 185 200 188 169 159 166 187 201 171 174 169 151 155 160 171 167 184 190 188 184 177 163 154 172 190 200 186 156 160 190 211 199 152 127 124 154 194 220 218 181 151 143 139 135 119 120 117 83 71 94 135 176 206 213 214 211 176 103 103 113 126 122 118 113 110 108 90 84 91 122 169 210 211 203 207 183 188 192 192 186 178 176 176 181 182
80 73 75 86 122 112 88 112 169 183 180 184 194 178 154 180 207 210 193 194 185 172 162 171 191 166 167 170 166 170 179 174 166 174 195 208 217 212 209 214 218 198 154 147 137 143 177 201 221 189 149 150 144 119 99 88 85 74 72 77 84 119 167 208 223 215 204 92 90 109 123 115 105 106 103 107 95 88 125 155 192 210 207 207 199 192 184 185 185 182 179 180 185 187 185
98 87 90 102 154 168 160 179 191 185 170 152 181 189 190 198 194 184 183 180 175 169 176 197 191 161 143 151 164 175 176 166 165 168 167 180 214 236 235 231 222 219 216 199 156 130 163 223 237 200 151 131 127 118 97 81 74 81 82 75 74 88 95 137 192 203 197 177 158 187 115 97 86 138 82 87 114 176 177 188 202 210 199 194 189 196 191 188 184 183 183 188 193 193 190
117 137 149 163 184 186 166 158 147 127 127 137 162 158 157 185 202 213 200 170 175 190 195 207 180 150 175 181 179 168 170 170 162 157 146 154 181 198 212 219 217 206 174 157 140 139 190 236 236 194 156 135 110 107 105 85 79 89 97 85 74 66 69 89 147 199 194 196 175 180 166 166 172 171 197 192 176 176 173 184 198 197 183 184 180 191 193 183 185 186 190 195 198 198 195
100 139 194 212 195 176 166 153 145 151 159 158 138 127 131 170 204 213 179 136 155 171 187 183 165 167 208 233 222 192 156 148 166 179 169 156 161 159 184 217 229 212 169 150 138 157 209 234 209 164 148 148 141 130 114 92 85 99 105 98 86 73 66 84 111 154 205 215 215 205 188 204 211 197 190 194 191 185 189 196 195 193 179 172 170 173 185 191 191 195 196 200 201 201 198
117 120 170 214 205 179 170 180 160 144 152 162 145 164 155 134 168 172 151 162 180 200 193 192 179 183 210 230 235 215 153 110 138 173 161 128 141 158 144 181 223 223 187 162 161 175 215 234 205 157 129 120 132 135 125 118 116 104 106 88 90 84 71 74 88 115 129 135 138 158 173 183 198 205 202 203 199 202 200 201 194 187 190 172 167 173 183 188 190 195 198 200 201 201 196
138 144 173 201 203 170 145 146 132 122 149 179 189 202 158 116 136 136 124 140 166 182 193 196 185 175 189 204 219 226 201 157 157 160 164 147 126 130 118 155 203 233 217 181 178 182 223 215 184 136 115 120 129 132 123 123 127 105 105 118 98 79 70 81 96 103 99 93 101 110 113 109 149 189 185 178 178 184 188 181 178 181 191 193 185 182 181 183 187 190 192 195 197 197 194
132 140 148 169 187 164 148 157 166 154 181 202 216 229 208 157 140 132 104 109 118 134 146 174 170 156 156 197 225 228 214 198 205 206 213 205 160 137 147 158 172 193 216 210 212 229 225 200 179 148 136 150 174 185 150 146 150 121 125 139 121 99 85 107 120 113 99 106 122 129 123 106 140 161 172 185 193 195 181 150 140 166 185 189 182 182 181 185 187 187 190 193 195 196 192
128 150 168 179 187 182 192 205 204 184 190 194 191 200 205 192 140 131 121 106 98 108 123 142 163 165 130 140 165 168 161 165 185 196 201 200 156 121 152 158 147 165 211 223 228 225 205 179 164 143 129 155 183 193 134 138 154 130 103 107 120 111 105 120 135 128 126 113 105 120 127 135 149 159 173 189 200 194 180 161 147 154 174 184 190 195 189 187 190 192 193 196 199 198 192
150 162 186 198 203 185 171 188 203 198 192 197 189 177 180 168 133 129 144 130 109 103 106 126 161 183 177 163 151 142 170 196 205 188 174 162 134 123 141 143 154 193 222 226 215 185 157 164 172 161 156 184 209 179 120 126 129 113 87 87 102 115 114 105 113 139 140 122 112 122 107 118 146 168 176 179 195 198 195 177 170 176 184 186 192 193 190 188 192 196 197 198 199 197 191
177 167 169 182 195 200 193 191 196 209 218 216 205 181 172 148 116 111 106 117 126 112 103 124 162 189 193 186 151 143 205 240 237 235 222 192 157 141 144 148 184 227 208 223 182 156 146 182 192 181 180 203 214 163 116 109 133 149 134 131 149 154 151 125 109 119 132 138 145 148 142 137 150 170 189 191 196 200 197 193 177 177 181 181 185 188 190 191 195 198 196 195 196 197 196
200 177 172 174 180 204 214 219 221 212 204 190 164 142 122 123 121 126 124 121 114 111 138 166 182 196 199 191 176 189 230 250 228 206 236 246 226 205 204 205 193 225 204 219 172 166 173 193 198 199 201 210 220 164 120 151 181 190 166 191 217 221 203 166 142 132 122 126 148 154 152 164 174 175 186 199 214 205 204 199 184 173 172 170 173 176 186 191 195 194 189 184 187 191 198
211 182 169 182 171 172 187 187 184 168 162 174 142 116 103 119 148 163 139 111 84 94 130 172 217 224 220 199 201 220 233 244 181 161 227 250 239 240 250 250 210 224 184 186 203 205 207 185 174 185 208 214 214 191 169 184 200 201 188 200 217 224 218 193 167 148 128 130 148 149 155 156 159 164 197 221 218 205 206 205 199 192 175 167 168 174 189 193 190 186 186 186 187 192 198
222 213 198 182 171 158 156 136 152 162 173 193 190 185 155 135 152 157 131 106 110 130 142 156 190 209 219 176 195 225 222 207 207 202 203 213 228 235 223 214 211 188 172 196 223 219 197 176 153 156 184 201 202 196 193 191 198 195 199 214 215 211 202 194 178 170 150 137 131 136 145 140 142 168 190 206 208 205 200 202 203 199 190 181 177 179 191 191 182 191 198 203 200 198 199
223 212 195 171 162 167 184 185 193 213 209 200 191 179 161 145 125 120 108 83 87 111 129 139 177 211 215 174 170 191 207 221 221 212 205 195 205 201 191 173 178 161 168 203 230 233 221 195 183 186 187 175 171 194 215 224 203 182 178 199 210 202 200 197 185 181 171 162 145 132 145 168 168 170 182 194 200 207 212 214 200 191 181 184 189 193 196 199 200 206 213 214 207 205 208
188 188 190 187 174 182 207 204 196 189 172 168 144 139 148 179 173 146 92 89 94 90 110 158 197 216 220 181 180 199 194 186 193 202 201 207 194 180 162 142 157 139 161 193 221 222 208 201 198 204 198 200 200 220 235 228 194 158 153 200 202 192 196 192 179 183 192 192 193 152 160 177 179 171 176 193 201 207 213 201 186 173 165 172 185 199 207 211 210 213 218 204 205 194 196
159 189 200 221 193 188 209 201 192 187 187 204 198 182 200 213 214 183 117 97 103 105 119 160 195 220 212 186 210 227 215 193 181 186 192 205 192 185 182 173 172 164 186 207 213 221 209 200 200 205 208 209 202 206 221 220 214 172 160 198 206 197 202 195 165 181 199 202 195 170 193 203 183 159 174 191 204 213 214 193 184 177 179 175 177 196 210 211 196 189 188 190 187 156 183
166 191 210 225 199 188 194 196 198 207 204 208 222 215 223 228 214 175 120 94 117 125 142 162 181 198 199 205 218 220 219 202 191 190 192 194 195 196 200 199 189 188 190 209 219 225 224 208 203 200 197 200 204 199 206 213 209 206 200 200 185 139 138 150 123 137 178 182 177 181 192 162 144 156 162 171 189 203 199 195 182 177 181 179 185 197 206 199 171 165 170 160 151 134 159
201 197 208 207 184 158 173 192 217 222 195 198 220 226 223 209 171 127 85 88 109 133 163 182 193 190 184 180 180 195 198 185 183 184 180 186 196 200 205 216 222 222 214 214 209 209 212 214 208 205 207 208 211 199 190 203 211 214 195 193 164 105 90 91 84 92 131 165 167 171 188 175 147 159 163 141 151 175 180 186 178 181 186 191 187 194 209 199 179 173 161 162 142 152 147
195 187 180 175 168 161 159 187 209 212 178 166 187 202 178 143 111 97 87 102 127 159 187 188 163 148 147 142 145 158 177 201 210 214 208 200 193 195 203 219 233 234 221 211 209 207 205 211 216 212 205 197 190 191 184 196 201 197 180 191 169 145 133 118 87 101 150 203 204 179 173 196 189 172 157 147 152 166 194 189 188 196 190 199 197 204 208 201 211 200 190 186 183 201 194
209 201 189 168 181 203 188 180 167 178 152 146 163 166 129 104 96 90 94 112 120 148 179 181 166 161 168 171 169 168 168 193 215 226 219 202 185 176 190 210 216 212 209 209 211 216 218 218 224 228 222 220 199 190 193 186 183 168 168 186 176 178 186 175 152 161 195 219 209 174 171 178 179 160 158 165 169 180 196 181 162 159 168 193 181 176 189 207 212 197 176 183 204 201 202
230 211 180 162 175 190 187 141 126 154 145 150 175 178 143 109 123 120 114 148 163 186 196 199 205 203 182 169 177 174 163 173 201 224 216 204 184 163 172 197 204 195 185 190 202 205 203 210 213 216 208 202 206 202 203 196 188 188 186 185 192 200 209 210 201 197 197 202 190 174 173 174 157 151 159 166 157 156 183 204 189 180 180 179 176 160 162 176 183 168 116 128 181 197 201
225 219 182 185 204 209 210 195 182 164 157 159 178 202 196 166 177 177 138 163 198 196 181 187 207 219 197 161 163 181 184 196 209 212 205 198 194 193 187 196 206 201 192 193 201 205 199 203 212 212 195 187 186 196 207 199 186 178 177 185 203 207 208 219 215 195 196 198 198 188 169 189 175 162 167 179 175 153 163 192 206 207 195 183 186 188 176 174 178 171 151 153 188 205 199
193 194 169 180 203 210 210 207 201 181 165 166 178 194 189 190 205 183 140 172 193 195 172 143 157 193 199 195 177 182 194 207 212 200 198 212 197 204 188 162 171 187 188 187 196 204 192 195 208 215 216 209 206 207 210 194 184 182 188 199 208 210 197 199 215 207 204 198 197 183 193 206 205 164 164 179 179 165 164 167 198 223 207 191 189 201 195 194 201 200 204 183 192 206 210
190 201 196 188 204 204 193 188 191 194 194 189 184 179 165 159 174 182 164 146 172 179 155 153 141 152 180 211 211 208 212 211 196 196 202 198 185 191 197 189 187 196 188 175 181 198 195 201 206 209 213 214 207 201 200 191 180 190 203 203 197 184 183 198 205 200 192 198 191 177 204 219 219 208 209 200 174 157 151 157 192 221 205 201 204 199 196 202 199 200 200 189 199 199 213
202 202 198 205 205 196 189 188 200 209 213 203 178 159 152 139 150 171 194 195 169 142 136 150 151 138 170 205 225 213 187 181 177 193 207 190 166 185 207 210 203 207 208 203 212 207 203 208 203 189 198 200 200 194 188 187 182 193 205 205 204 194 185 190 203 201 195 199 195 209 216 228 200 182 199 204 181 156 148 174 197 207 200 209 215 198 188 197 203 207 202 196 204 211 209
