examples/data/proba_v_out_italy/probav_s5_toc_x19y03_20150106_100m_ndvi_v001.txt
ncols         273
nrows         192
xllcorner     12.62996031746
yllcorner     41.659722222222
cellsize      0.0009920634920635
NODATA_value  -9999
[rows 86 to 128 of 192, columns 0 to 95 of 273]
141 154 161 164 161 156 157 180 172 158 160 157 155 142 144 154 163 166 173 172 171 179 173 171 168 158 147 139 139 137 150 158 147 138 141 152 147 122 100 106 116 110 120 152 160 156 157 160 163 165 171 178 171 163 160 167 170 169 161 159 170 169 153 145 154 146 127 126 133 126 136 141 141 134 141 148 145 138 118 106 124 109 106 112 123 132 127 131 142 156 139 143 134 118 113 114
154 155 157 163 151 155 159 166 176 171 166 161 157 154 162 164 170 169 161 149 146 158 170 178 169 156 141 138 150 153 167 177 184 184 179 167 136 104 99 113 128 143 156 161 158 165 155 158 165 163 163 166 163 162 166 171 161 160 159 150 157 164 156 147 152 142 111 110 122 134 154 157 147 130 118 124 128 132 123 110 124 114 119 110 101 113 111 114 122 126 125 144 139 125 113 111
156 159 159 158 145 148 149 150 166 176 179 169 164 160 168 174 165 165 168 164 170 181 177 168 170 173 174 161 155 150 157 163 165 169 173 170 159 141 136 139 143 145 153 160 164 171 143 152 163 168 173 173 165 161 165 171 168 169 163 160 163 157 137 120 114 115 113 122 131 135 149 159 160 155 112 86 110 124 111 98 86 91 123 139 131 131 125 108 103 110 116 119 112 121 124 125
147 148 163 167 156 155 155 157 160 165 164 154 156 168 173 165 161 170 180 181 177 168 151 157 164 167 154 154 151 130 113 135 145 143 141 152 153 148 152 153 155 152 147 151 167 164 144 166 164 157 157 166 173 171 161 157 157 161 170 169 163 157 139 127 129 128 117 125 134 133 141 148 148 140 132 111 104 89 65 67 64 75 106 97 94 117 116 85 61 79 100 97 93 110 113 123
139 139 154 157 161 162 164 167 168 162 163 166 165 169 165 161 161 165 175 178 148 132 149 186 171 152 140 143 143 153 146 130 129 129 129 135 148 152 158 164 161 164 167 163 154 153 151 171 169 163 155 161 164 160 165 156 148 148 152 148 143 149 151 143 123 129 112 106 119 135 130 124 121 116 126 123 90 81 85 74 74 88 98 91 74 79 77 75 73 71 75 83 89 83 66 73
150 151 154 148 149 151 159 160 158 164 170 175 172 175 169 172 182 181 179 176 169 182 196 182 146 135 143 129 105 68 89 101 111 118 123 122 136 143 151 161 159 160 173 172 158 160 158 161 159 160 165 172 179 182 171 154 163 170 173 161 154 187 168 139 127 114 111 108 108 114 112 108 112 120 116 108 88 73 67 74 85 86 91 83 70 57 55 73 67 59 55 61 74 70 65 69
155 151 153 157 158 159 159 158 158 161 160 161 163 168 175 168 177 186 184 182 191 193 173 146 137 145 142 117 83 64 66 55 41 38 56 61 85 105 126 154 160 157 174 177 169 164 162 164 164 162 167 175 176 182 179 169 179 169 162 166 178 178 165 154 138 118 117 111 107 101 107 112 113 124 114 94 84 81 82 88 84 82 80 67 55 52 58 61 46 48 44 43 63 69 79 93
172 163 158 157 155 161 163 155 149 153 161 161 157 161 170 174 178 175 165 179 190 180 135 110 112 124 123 82 75 72 61 58 61 61 52 60 51 44 57 106 148 167 181 181 183 185 174 164 165 155 145 148 153 173 190 184 173 169 171 171 175 169 162 156 148 143 137 132 123 111 105 109 113 117 115 91 88 102 99 99 82 63 58 62 63 62 62 59 41 48 54 64 78 84 81 90
158 141 140 157 154 147 150 152 153 160 165 168 167 173 177 175 176 178 155 166 186 177 150 131 121 97 71 54 77 73 50 46 60 70 72 82 86 79 80 84 84 120 155 185 194 186 169 169 176 162 146 152 157 159 171 175 180 179 179 168 169 168 169 171 162 147 138 137 130 110 100 111 116 110 106 94 100 101 82 81 71 71 62 54 46 41 45 56 54 86 95 95 102 110 105 100
139 125 129 159 161 154 152 151 154 153 160 176 184 190 192 191 184 167 151 174 164 136 133 113 93 61 72 80 81 81 67 69 72 80 79 90 90 99 96 98 95 94 119 172 178 167 159 166 176 170 157 153 159 163 167 180 186 182 171 164 172 172 160 142 132 134 131 124 120 112 100 94 88 85 82 73 81 79 59 52 63 56 47 41 39 36 52 60 66 84 62 56 68 82 109 97
137 135 139 153 161 160 160 161 158 159 173 185 195 195 194 190 194 188 181 178 166 119 109 80 74 80 89 83 79 84 85 90 86 91 85 87 90 95 97 90 91 115 122 125 148 174 184 178 176 173 170 169 174 178 178 178 175 195 171 156 165 173 173 154 132 124 122 117 108 107 103 96 90 73 63 57 57 55 40 31 47 44 41 45 43 38 40 32 29 42 52 41 76 95 122 72
166 159 154 160 164 162 169 164 165 168 177 185 195 201 200 189 181 186 191 181 163 127 114 58 65 77 77 79 75 79 85 88 85 88 90 95 95 102 105 105 102 111 119 103 86 110 163 177 178 180 185 186 189 188 184 185 185 193 180 171 169 166 158 144 133 135 129 116 101 98 81 65 57 43 36 34 41 62 59 48 47 37 43 52 61 55 48 37 35 35 67 102 98 98 99 89
173 164 155 168 171 175 175 161 162 159 171 193 203 214 215 202 186 175 174 177 163 138 111 80 55 61 55 57 62 64 69 65 71 70 76 80 81 81 85 83 90 94 94 90 94 89 117 136 179 187 187 185 189 190 193 198 189 176 171 167 159 155 141 135 133 138 130 118 109 90 56 40 35 39 42 47 53 60 53 53 49 42 42 61 69 85 90 70 50 52 69 105 91 76 80 105
160 149 147 154 161 161 162 160 154 152 172 191 196 202 203 191 184 164 148 177 175 157 125 87 32 28 37 43 60 67 64 56 58 58 62 65 67 62 63 67 82 89 87 77 78 82 85 86 114 149 151 141 167 187 201 205 199 194 179 149 137 135 128 125 120 118 116 116 109 87 59 47 38 34 44 63 74 87 85 84 76 79 64 66 86 88 46 62 82 91 108 94 82 72 75 84
172 167 161 150 158 168 168 176 181 186 192 191 189 189 190 186 195 179 143 156 172 172 135 97 60 50 57 48 62 62 51 46 45 49 53 60 57 52 52 61 78 89 84 80 76 77 76 84 95 81 79 68 80 133 172 191 200 198 181 159 137 120 119 125 110 111 121 121 106 101 79 57 48 40 48 94 100 90 81 75 78 78 89 106 110 122 108 88 98 95 84 90 88 76 85 86
167 175 171 162 169 178 168 169 179 184 176 175 185 196 191 178 177 179 147 132 156 168 150 132 99 69 70 55 56 48 39 35 35 39 45 50 50 43 46 56 72 79 84 87 79 72 68 68 74 74 75 71 75 87 139 165 187 199 195 179 162 143 120 118 112 111 133 132 121 115 107 89 85 90 93 110 103 90 87 95 114 116 117 113 104 108 103 93 87 93 101 95 91 94 91 97
163 173 167 166 172 173 169 169 177 195 198 190 197 207 202 190 179 171 150 137 149 152 164 166 151 100 65 46 29 31 35 33 32 32 34 36 38 40 42 52 64 75 79 78 72 65 60 57 60 61 60 52 58 72 92 150 173 175 170 159 151 132 126 131 126 132 143 147 141 131 130 120 99 108 124 123 110 102 103 118 118 102 103 106 103 103 102 98 94 96 100 97 107 115 100 98
166 169 173 171 164 160 162 167 188 201 202 195 192 199 213 220 210 193 169 145 125 151 164 178 176 138 74 40 26 31 36 35 32 32 29 29 33 37 44 52 61 65 65 62 54 46 48 47 54 59 56 53 51 57 87 140 172 185 172 165 162 148 134 133 137 142 144 149 144 136 132 120 111 106 114 119 122 123 115 120 129 123 118 112 108 107 107 104 102 97 97 98 105 110 107 107
179 178 180 176 158 151 185 175 164 181 194 198 192 190 205 216 201 176 144 125 119 133 143 169 158 138 125 48 22 31 34 31 30 28 25 28 30 32 39 44 50 52 55 50 42 35 38 42 46 47 42 41 47 50 53 104 154 172 172 158 144 143 144 133 125 134 137 129 126 126 128 116 105 102 112 119 124 134 128 124 125 124 121 118 112 114 113 106 103 96 92 97 101 106 110 94
174 182 186 188 185 187 189 169 146 147 159 173 211 220 212 211 205 189 141 138 145 129 144 156 129 111 95 31 33 34 29 28 26 25 25 26 28 29 29 34 36 41 38 36 35 30 31 35 35 33 30 27 30 41 35 69 125 152 167 163 147 141 145 144 144 144 133 124 120 112 111 106 100 95 82 95 120 129 123 117 118 119 115 113 114 114 108 105 98 94 91 93 93 102 101 103
166 177 188 186 178 183 194 188 172 160 169 198 221 233 223 198 178 168 138 111 118 126 133 145 138 113 66 30 37 37 33 32 29 26 26 27 30 29 32 33 32 35 34 38 35 31 30 28 25 25 23 25 25 42 42 75 132 160 162 165 161 162 155 147 146 152 150 143 136 137 130 112 107 117 115 118 121 122 122 121 117 113 107 98 99 104 107 104 105 109 93 96 109 111 111 118
172 182 187 179 177 187 200 206 198 189 186 191 207 222 204 173 150 151 162 151 134 128 112 109 112 102 77 48 38 36 39 39 35 27 26 29 32 30 30 29 32 32 34 36 33 30 27 22 23 25 28 30 35 38 41 59 132 158 159 151 139 140 155 143 138 146 144 141 133 123 126 125 129 132 133 131 126 123 120 114 109 104 94 79 79 97 105 101 106 103 102 105 110 99 81 77
165 186 189 178 181 190 196 201 199 204 208 198 202 202 170 151 147 135 148 141 122 120 110 107 108 103 99 69 36 29 32 35 29 26 23 29 30 28 28 28 32 35 36 36 35 31 25 25 22 33 36 39 42 44 39 62 136 176 189 171 155 153 159 152 148 144 129 115 115 113 112 117 129 129 125 121 118 117 112 100 104 112 96 69 61 45 48 89 98 96 80 62 45 58 54 48
147 169 177 179 184 189 192 192 189 201 197 184 193 182 144 120 124 122 115 107 98 94 106 124 123 102 102 100 68 40 37 32 29 26 26 27 29 27 27 28 32 32 36 39 41 39 33 28 30 34 40 42 45 39 42 63 115 163 182 190 183 172 166 157 144 129 123 118 102 96 81 96 126 127 124 120 105 101 100 89 101 99 99 78 52 35 31 34 52 82 42 41 41 35 28 29
127 147 163 180 186 188 183 176 171 188 188 172 178 177 155 143 142 114 76 49 58 82 109 148 149 116 114 141 122 76 52 36 31 31 29 32 32 31 31 31 33 37 37 42 44 44 38 33 35 39 42 42 37 38 50 57 103 152 175 184 182 168 159 149 142 138 119 86 58 48 40 39 47 61 81 80 68 82 88 80 82 94 99 75 54 37 43 61 69 64 39 32 26 17 15 24
154 142 148 168 169 164 174 181 170 159 160 156 177 186 167 156 157 113 81 67 55 64 102 153 161 151 125 129 156 127 76 52 41 36 38 36 32 29 29 30 33 32 37 40 43 44 41 36 34 39 42 39 34 39 55 54 102 133 148 171 187 185 180 172 167 144 105 60 50 48 53 48 56 70 71 67 64 72 83 79 67 65 68 49 41 35 35 66 70 54 32 19 26 36 30 27
159 157 146 155 168 171 179 186 184 169 159 160 178 190 174 152 133 100 80 70 78 110 150 178 170 160 154 145 149 141 113 87 65 49 38 32 29 27 26 29 29 34 37 44 45 44 40 34 31 32 40 43 41 45 55 72 107 132 149 160 166 167 155 146 139 121 91 72 56 64 65 59 73 85 75 63 57 55 83 122 113 113 102 74 65 44 36 63 80 52 36 29 28 25 22 27
171 170 144 131 158 185 186 169 162 154 152 158 163 163 156 145 127 104 105 121 139 160 175 177 178 175 177 163 149 139 141 126 98 71 54 40 34 29 26 28 29 33 42 54 57 45 37 35 30 32 33 42 44 44 54 80 92 100 94 78 65 65 65 73 109 135 107 81 64 70 67 48 43 54 75 82 81 75 82 91 71 63 73 66 59 49 39 40 62 59 34 25 24 27 24 28
181 172 155 152 178 181 152 144 160 154 142 134 139 158 170 149 144 139 122 122 140 150 163 172 175 182 192 193 184 168 160 147 131 107 81 63 49 41 37 35 38 39 41 44 49 42 35 39 47 48 42 41 46 51 74 100 98 103 73 51 34 22 34 39 36 69 59 57 67 63 49 40 73 71 55 72 64 58 44 34 34 35 52 63 53 41 35 31 38 46 38 31 28 27 30 36
188 164 153 154 162 163 152 156 171 174 156 136 150 165 157 140 135 144 131 105 91 89 127 155 158 167 196 204 203 198 187 162 148 138 124 107 84 74 67 67 69 62 47 39 55 62 77 77 59 59 65 71 79 86 101 114 117 117 113 93 57 32 30 31 29 38 46 47 54 48 42 38 54 72 68 63 66 58 46 44 37 32 51 50 56 50 40 31 28 44 50 42 39 36 33 32
199 171 156 153 156 159 157 163 172 170 165 162 167 153 143 139 130 123 122 112 104 107 132 152 153 166 192 192 198 190 168 145 133 138 126 109 103 100 100 103 107 91 69 65 79 81 65 82 85 70 84 102 107 110 107 105 87 96 121 121 83 45 34 34 38 42 64 65 47 51 40 36 44 64 78 69 60 53 43 41 44 41 41 37 53 62 54 37 31 25 38 48 50 42 43 37
192 174 166 159 166 173 168 161 166 168 170 171 166 163 159 147 129 119 121 115 114 115 115 132 146 160 186 196 199 194 175 158 144 138 145 147 138 122 112 110 109 99 93 101 95 43 37 35 51 73 84 95 100 99 109 115 99 103 120 116 109 60 45 63 56 62 78 64 58 82 74 67 62 60 70 76 60 64 70 58 62 50 38 32 49 54 42 43 40 33 32 50 64 54 42 37
170 162 170 171 168 172 169 166 166 168 174 175 162 149 155 157 148 140 134 125 115 105 99 108 117 119 151 174 178 180 189 184 176 169 164 155 147 147 150 145 132 121 137 101 53 23 37 50 101 99 101 88 93 98 101 114 125 130 138 139 117 81 76 93 101 90 68 61 73 89 102 95 92 82 78 67 40 43 47 45 44 40 42 45 42 52 49 41 27 27 26 26 41 56 56 48
165 161 173 172 166 172 170 165 170 175 171 157 153 147 145 147 151 139 129 125 122 116 110 114 121 124 127 137 145 135 125 132 138 133 139 155 149 162 169 167 161 152 149 80 56 44 44 59 98 106 96 108 129 137 133 137 143 137 133 141 151 152 142 130 127 114 87 73 92 123 137 131 126 123 91 62 43 42 45 40 32 30 39 47 31 36 39 31 30 41 33 28 29 32 36 41
178 189 198 183 167 165 159 147 147 157 150 135 133 130 131 138 139 117 112 119 131 148 163 180 183 172 130 96 98 88 76 86 113 148 134 124 141 172 163 154 154 154 135 86 99 88 72 85 105 122 126 137 144 147 141 136 132 126 123 131 131 135 137 134 127 121 125 126 127 131 144 143 135 105 65 53 51 47 41 49 58 54 55 55 30 28 31 35 25 31 31 21 18 18 31 47
165 170 173 175 164 157 162 158 146 146 144 129 120 117 121 126 131 129 131 136 138 144 167 215 220 196 148 100 78 69 70 83 110 135 120 122 139 154 147 140 153 159 133 105 130 107 90 87 86 135 152 156 158 153 143 129 120 124 131 130 129 137 134 135 136 134 141 148 149 147 149 149 153 130 102 77 59 49 42 38 45 53 51 52 44 36 32 38 28 29 40 36 28 23 22 35
139 137 135 146 155 157 167 160 143 143 139 138 129 118 113 115 117 125 133 150 160 166 189 209 200 168 128 102 82 68 68 79 94 107 115 122 125 132 145 153 154 154 161 159 153 139 127 139 146 152 159 162 152 133 132 139 132 134 137 134 134 137 139 138 142 144 141 138 147 151 149 157 174 161 146 122 97 74 48 41 45 41 35 32 33 35 31 39 35 31 31 34 29 32 25 31
145 157 160 152 157 159 152 137 129 133 134 131 124 122 128 136 133 134 133 146 173 188 185 178 159 128 108 101 94 79 71 77 100 96 90 105 120 125 134 142 139 138 153 158 157 154 155 153 145 149 149 138 124 101 108 135 147 144 138 134 137 140 138 133 138 139 139 147 155 151 164 184 183 162 132 93 70 71 54 40 43 24 23 33 36 33 32 36 31 34 30 30 27 32 26 28
165 165 160 138 144 154 156 154 148 144 144 138 129 137 119 114 128 143 155 156 153 148 143 131 118 109 99 98 106 102 83 86 98 75 62 77 108 129 140 146 152 151 145 140 155 154 150 153 150 148 147 125 110 114 120 118 130 144 142 139 145 145 140 135 141 137 134 146 157 156 156 180 172 152 129 87 59 73 67 44 39 39 34 32 30 31 33 34 33 34 31 44 46 48 42 36
167 170 171 161 155 150 155 161 154 151 143 143 144 149 156 150 150 156 159 143 156 145 121 111 105 98 97 103 108 115 127 117 111 92 68 72 87 104 124 144 159 164 162 160 168 178 164 141 135 127 122 119 126 140 133 120 136 146 146 144 151 150 145 139 143 144 139 136 146 162 172 165 122 114 118 85 56 54 63 60 50 47 44 33 30 33 35 34 36 39 34 35 46 43 49 45
163 172 175 176 164 151 156 164 170 169 154 159 150 151 166 175 176 162 164 153 139 141 141 140 130 112 96 87 90 103 132 143 117 95 77 71 77 93 118 147 170 179 181 178 193 183 134 102 92 103 115 125 118 127 129 132 141 142 146 144 140 141 149 146 146 147 144 143 148 166 162 145 112 93 95 85 58 46 47 53 50 32 29 30 31 33 37 35 36 38 38 37 51 41 42 49
167 169 166 169 170 164 166 169 170 164 161 171 172 176 183 186 172 127 146 157 137 137 145 165 151 124 108 100 106 112 142 171 150 130 118 113 111 118 138 162 179 187 192 199 201 163 114 101 97 113 137 140 124 128 130 125 119 129 144 151 148 141 142 143 147 155 157 162 178 184 164 148 139 94 76 76 71 60 51 49 49 38 40 48 52 46 41 36 32 32 44 53 49 40 44 51
166 161 155 158 167 159 146 151 162 161 163 173 180 182 195 179 153 140 147 170 178 172 170 174 140 119 110 113 114 110 143 171 162 138 119 134 153 150 150 165 185 193 200 204 172 151 141 148 152 160 164 161 148 141 137 121 120 148 168 164 152 136 136 144 151 158 163 184 192 174 148 128 138 114 81 65 54 60 43 49 56 58 44 36 35 37 46 52 54 55 57 53 49 44 41 43
