examples/data/proba_v_out_italy/probav_s5_toc_x19y03_20141206_100m_ndvi_v001.txt
ncols         273
nrows         192
xllcorner     12.62996031746
yllcorner     41.659722222222
cellsize      0.0009920634920635
NODATA_value  -9999
[rows 0 to 41 of 192, columns 0 to 95 of 273]
172 179 184 190 192 196 200 197 182 185 196 198 199 204 198 176 170 165 158 147 134 148 130 120 132 151 167 170 170 173 167 161 155 154 160 160 155 146 152 159 136 114 148 172 177 167 160 165 162 159 152 147 148 156 165 164 148 149 163 161 150 152 157 153 149 139 135 136 143 147 136 123 147 143 133 135 144 146 160 152 142 149 161 156 147 154 172 185 168 132 124 146 158 150 145 159
142 158 169 174 173 183 193 190 177 170 184 200 203 213 216 199 190 172 151 142 154 181 173 159 155 152 157 166 162 165 165 148 140 157 165 171 167 160 154 130 146 158 161 157 157 158 132 130 148 147 129 127 142 153 150 153 154 158 163 157 154 161 170 169 166 157 145 137 142 147 150 144 154 142 138 135 124 110 138 150 148 153 156 142 126 142 153 159 173 157 141 138 150 154 137 139
118 130 142 139 133 141 162 166 174 176 184 201 202 209 216 216 211 201 185 179 182 179 164 137 134 158 179 181 168 152 142 135 136 152 165 179 160 140 132 126 154 174 184 168 156 166 151 135 130 129 131 140 155 162 163 166 170 165 153 154 162 169 177 175 169 165 156 146 136 116 124 144 147 138 136 135 137 144 153 156 146 142 144 144 142 135 136 134 145 150 138 153 162 154 125 113
153 149 142 130 130 142 150 152 171 182 173 189 204 205 211 212 209 204 195 187 187 168 121 86 98 144 174 172 150 133 136 156 169 169 171 170 158 148 144 154 166 177 182 165 150 158 169 158 145 144 150 156 160 163 170 163 158 158 157 167 172 173 182 188 179 160 143 137 141 138 141 147 150 147 142 140 152 159 165 156 142 143 148 145 135 135 146 149 154 149 144 149 151 143 133 131
148 147 127 125 155 166 181 185 186 181 155 177 199 203 208 207 203 192 189 189 191 181 134 86 75 114 154 154 141 139 146 158 170 173 161 152 152 158 169 170 174 177 175 162 150 142 143 149 152 148 145 148 152 165 179 169 166 162 164 168 156 148 162 172 162 154 165 170 171 161 148 153 155 157 154 155 158 150 153 161 161 155 152 148 146 149 161 165 154 151 156 159 156 148 143 149
128 133 106 103 108 83 133 162 164 163 152 161 197 210 212 211 202 185 181 185 184 177 145 109 98 100 125 149 155 162 167 161 155 154 150 144 159 175 175 170 155 140 146 149 139 132 135 149 159 149 133 124 143 157 155 154 169 177 180 184 180 173 173 173 168 163 165 172 181 167 158 165 166 164 162 167 164 151 146 153 159 163 158 154 154 156 158 166 155 146 167 173 165 155 145 143
119 120 119 120 115 98 103 98 97 102 132 168 196 213 216 212 203 189 166 164 166 140 122 113 107 117 113 123 148 173 175 158 152 151 149 145 148 157 169 174 167 157 170 172 156 146 150 158 161 155 143 137 141 143 139 136 148 167 177 178 177 169 166 173 172 159 154 153 154 154 154 163 168 169 165 169 169 160 152 148 146 157 149 145 151 154 159 174 163 146 157 167 154 148 150 156
139 137 133 122 99 63 16 24 83 105 152 179 186 200 194 186 173 165 175 192 190 139 94 87 106 134 128 112 143 177 177 167 169 172 172 167 155 154 168 179 185 186 179 180 179 166 150 145 153 163 172 173 158 139 147 153 150 156 163 159 152 146 145 158 168 168 162 156 155 155 143 157 168 171 165 160 167 169 159 156 160 150 144 149 154 147 146 160 159 155 162 174 169 157 148 157
169 168 159 136 102 83 63 68 118 139 155 170 173 181 186 182 183 185 182 185 179 143 126 130 146 146 142 139 165 172 163 154 153 164 165 159 149 147 159 166 176 184 189 188 181 164 151 156 160 156 164 172 170 161 153 140 130 138 148 149 153 150 141 142 154 164 166 165 161 165 162 149 146 145 141 133 139 159 159 141 147 149 147 155 158 156 153 148 143 146 141 152 160 160 157 151
148 158 149 147 161 174 158 143 136 154 174 182 189 188 191 186 181 180 179 190 186 172 158 132 114 97 107 150 175 182 161 135 133 146 152 155 153 168 180 173 162 153 158 174 178 170 165 163 160 151 146 155 164 163 155 148 143 147 158 163 157 148 139 139 149 165 170 169 163 157 157 159 157 146 133 133 147 170 161 135 171 175 151 146 156 163 161 154 151 155 155 157 159 170 170 153
129 133 151 148 155 174 165 141 136 169 183 183 188 193 200 187 153 130 143 180 189 179 176 180 167 119 100 119 131 126 143 152 150 149 149 155 155 162 174 166 149 146 159 175 175 171 172 169 177 180 168 156 159 166 160 160 165 166 167 168 159 150 146 140 142 160 164 165 165 159 164 170 163 148 139 146 154 168 153 134 153 159 152 156 166 168 164 161 156 154 155 153 152 164 171 158
125 124 148 145 123 120 129 126 136 177 179 174 175 187 192 172 124 109 140 173 182 178 173 162 129 85 52 71 100 110 131 182 182 183 183 172 167 164 166 159 155 153 149 156 165 166 166 172 171 169 172 164 154 164 164 166 168 165 161 163 150 138 141 135 132 142 153 168 170 162 159 165 172 181 188 178 154 148 162 141 142 160 165 170 172 172 170 166 161 151 144 143 148 157 169 169
114 94 125 160 164 148 137 146 137 133 149 152 161 169 183 177 150 159 177 178 160 166 168 144 69 43 65 104 123 156 175 191 197 190 184 173 166 161 157 174 179 134 117 121 147 188 187 177 169 168 179 190 155 136 154 170 163 151 143 148 154 151 144 139 134 141 150 160 162 158 151 149 162 184 200 191 158 145 165 161 162 151 150 171 181 177 165 159 156 148 142 145 148 153 160 169
129 103 111 145 173 191 194 190 181 151 143 156 163 162 178 187 189 195 194 180 96 102 166 165 140 144 158 171 160 150 150 164 187 198 194 182 172 174 161 160 171 149 147 154 136 147 180 187 174 154 155 174 181 180 180 173 157 140 128 141 131 130 146 155 155 164 171 168 158 151 144 145 167 192 200 196 177 166 181 190 172 147 143 154 159 164 161 159 166 162 151 146 143 150 155 159
163 160 129 126 156 183 187 175 168 158 164 168 157 146 162 181 190 193 196 178 145 156 182 190 185 180 177 165 156 144 142 152 180 184 180 174 168 175 164 163 172 174 177 182 153 135 160 175 171 162 156 162 169 166 164 162 159 149 135 134 143 152 169 168 162 176 183 176 164 155 149 146 165 183 196 203 188 165 168 184 181 165 164 177 166 156 163 158 160 157 149 141 140 152 166 172
116 142 142 138 152 163 162 154 154 155 149 156 166 171 176 175 169 165 172 158 145 168 193 199 188 165 150 144 170 188 199 197 186 167 160 157 165 168 144 121 151 173 180 183 178 143 142 163 167 164 165 164 155 155 164 165 159 158 150 151 163 162 173 176 166 159 160 164 163 160 155 144 143 158 168 176 180 172 156 161 169 170 164 167 172 176 175 162 150 153 153 150 147 154 165 171
97 118 131 152 181 187 168 157 159 159 158 168 176 180 190 188 178 168 160 135 113 129 172 179 177 161 163 184 198 212 203 210 203 176 162 160 167 175 164 151 174 175 174 174 168 160 150 170 175 156 148 157 153 158 169 165 158 167 167 149 143 155 169 179 182 178 175 165 148 143 154 154 156 180 193 196 184 173 163 159 136 152 174 180 167 153 169 181 173 166 163 159 159 163 171 164
134 128 122 125 150 177 180 171 156 149 160 172 167 160 180 177 150 145 161 164 156 123 95 97 110 129 149 185 201 192 176 174 179 177 172 175 177 181 190 190 182 174 161 168 179 176 162 163 168 140 127 136 143 163 178 171 161 170 177 161 143 146 158 158 151 134 152 158 147 151 163 154 154 185 213 209 186 169 164 143 122 141 176 183 172 161 165 170 183 177 166 161 157 149 156 155
132 135 133 121 119 137 160 162 148 146 154 155 166 177 183 169 124 134 172 187 183 159 123 114 130 126 86 75 131 160 152 155 167 180 186 186 176 176 192 193 192 193 183 175 167 165 146 134 151 143 134 136 143 153 165 175 175 173 176 169 158 149 170 181 163 152 174 173 171 179 176 156 148 175 201 203 191 162 157 151 129 133 163 169 174 179 167 157 180 179 168 159 157 156 160 169
134 139 139 133 127 136 157 170 177 178 170 158 161 159 173 186 150 117 144 176 165 138 141 154 174 162 107 63 101 155 161 157 158 164 180 191 193 197 200 179 167 170 190 167 136 146 162 164 150 151 156 156 158 156 158 163 170 182 188 180 167 164 176 188 190 185 187 180 169 176 176 157 150 168 173 167 152 148 155 148 135 124 136 153 167 174 165 160 170 183 177 162 157 160 167 178
131 139 133 130 139 146 152 159 172 182 167 145 143 142 158 170 164 143 145 163 167 149 145 161 179 175 175 158 132 142 154 144 151 162 180 202 199 206 203 188 177 160 167 159 152 167 174 170 142 134 150 160 166 164 156 156 164 175 180 175 168 171 185 187 198 197 179 169 169 168 171 161 154 158 154 150 142 138 145 147 142 117 118 133 155 176 182 184 186 181 169 169 168 170 176 165
134 141 144 133 144 147 150 157 157 161 154 152 150 142 151 150 160 130 113 155 180 173 170 174 181 188 190 175 156 153 156 141 154 164 169 187 198 203 204 200 198 193 182 175 170 160 149 135 120 133 158 166 165 156 150 140 147 163 165 162 169 169 165 160 160 169 173 168 176 179 175 164 160 161 160 156 148 144 128 142 150 129 126 116 133 154 167 180 180 175 175 167 161 163 175 166
147 145 147 151 151 142 142 141 147 157 156 152 153 148 139 152 180 182 148 147 176 181 180 187 188 189 187 184 176 176 158 144 153 148 150 148 158 175 178 170 175 189 175 146 137 151 154 144 133 143 164 169 161 161 163 168 166 158 169 184 187 186 180 173 170 175 183 170 174 177 163 152 171 175 172 158 149 146 135 145 153 139 132 137 147 154 168 175 169 159 164 153 139 144 160 169
123 135 149 150 152 158 161 141 129 135 149 155 135 131 160 180 183 182 174 182 194 186 176 184 180 169 161 166 179 167 136 135 159 161 147 141 134 141 152 155 158 161 141 108 105 133 155 157 152 150 158 176 158 161 171 158 148 152 166 182 179 173 184 185 179 187 188 173 180 196 194 186 174 166 171 164 156 156 146 141 152 161 159 157 163 162 174 167 160 155 151 153 134 131 166 188
121 112 130 141 165 159 153 152 133 142 148 146 144 141 146 162 165 149 147 168 180 178 164 162 180 183 168 148 149 159 153 151 160 156 146 153 143 137 144 127 108 114 138 145 137 141 159 165 158 148 155 169 166 168 160 145 148 167 171 167 166 164 173 182 174 177 180 185 188 186 186 184 183 173 165 153 117 132 154 171 197 194 180 168 164 175 188 182 176 164 160 163 151 147 169 182
126 115 129 138 158 165 169 156 109 90 140 149 147 127 102 125 158 141 124 141 159 165 168 172 179 184 169 138 135 153 166 155 139 149 142 137 140 147 163 142 111 105 108 129 154 170 172 177 178 168 166 169 170 174 169 154 173 185 182 172 162 158 176 203 194 166 156 168 173 173 180 184 186 180 169 159 149 159 162 170 191 197 184 183 167 172 177 161 169 175 177 181 177 164 158 185
178 148 140 136 129 139 157 135 84 73 138 171 154 130 121 149 175 178 174 181 191 182 161 158 166 171 163 141 140 162 176 168 147 132 138 134 141 154 165 148 112 103 90 85 114 160 166 181 194 180 170 163 159 174 188 181 181 183 190 184 158 140 159 187 196 188 189 201 190 184 178 167 163 170 172 173 173 169 159 161 178 192 182 170 165 163 175 183 178 165 153 177 190 179 170 188
181 163 126 125 132 129 138 131 136 157 139 109 101 119 147 167 181 189 194 199 203 188 158 130 127 163 179 173 155 150 164 179 180 163 146 149 160 165 149 122 97 93 90 86 98 127 157 190 196 179 167 160 165 188 188 169 159 178 199 204 193 165 155 168 182 196 200 199 192 187 180 160 141 144 165 178 167 142 156 183 175 175 164 162 177 174 177 172 175 166 157 175 186 179 174 180
169 170 139 123 150 150 146 135 110 135 144 120 110 136 176 184 189 194 171 147 185 176 139 123 149 192 194 189 173 152 162 186 184 175 164 158 158 164 155 128 95 87 112 129 131 139 152 177 193 162 150 140 133 145 136 116 118 155 192 189 192 189 178 187 200 196 190 193 204 204 186 171 159 156 172 181 161 119 129 158 162 167 179 190 190 187 191 180 166 175 162 159 175 179 175 176
177 168 160 159 163 146 138 139 132 137 136 118 131 167 195 193 189 175 155 133 145 154 140 131 159 199 208 192 181 173 180 191 182 177 170 157 150 161 154 117 116 120 128 146 160 168 158 149 169 181 179 147 98 89 112 112 121 138 176 196 191 194 193 189 195 197 181 171 194 199 185 177 170 155 168 187 183 166 165 168 179 188 194 197 178 176 191 177 159 173 174 151 165 185 184 177
193 183 176 166 170 174 167 170 164 158 154 139 131 179 196 187 179 163 147 147 147 142 135 163 185 192 189 181 180 185 193 197 185 170 168 168 166 167 167 142 120 105 116 129 138 144 170 162 170 170 140 143 124 124 152 155 122 118 136 149 185 211 206 191 185 195 190 168 179 179 169 169 176 175 174 178 192 197 187 190 185 185 185 178 158 157 188 172 152 172 183 142 156 171 177 180
151 156 168 159 155 160 164 172 171 175 150 139 144 159 174 186 179 142 126 179 176 172 163 167 191 200 178 160 159 161 174 190 202 192 184 174 163 165 164 151 124 107 137 158 176 192 194 193 200 203 169 151 168 182 173 141 112 104 99 96 161 204 197 187 182 179 185 170 163 169 188 197 189 177 168 172 183 188 175 175 189 185 169 164 170 180 192 164 156 182 176 149 167 175 184 190
158 152 156 159 163 170 163 162 173 168 130 114 136 162 176 172 159 152 160 187 176 160 169 172 180 201 199 181 164 161 164 170 187 197 203 203 189 179 170 148 148 166 176 175 183 164 157 184 213 208 170 153 165 170 146 103 98 107 106 111 158 202 201 191 187 186 195 175 178 190 190 201 190 182 170 167 181 180 160 166 179 183 187 185 184 140 101 92 102 119 142 157 177 190 195 194
165 153 174 181 173 178 180 175 172 177 171 139 139 162 161 151 141 168 181 183 168 156 169 193 174 181 195 192 184 182 194 195 192 206 207 201 188 185 183 164 154 158 157 155 162 146 138 163 195 188 162 164 168 168 155 124 109 110 140 160 173 194 199 205 204 195 197 194 192 195 192 198 200 183 160 158 165 164 150 151 162 157 167 171 126 68 79 86 83 116 167 155 158 172 184 187
131 139 179 190 176 168 175 176 164 164 170 158 152 163 146 147 178 187 183 183 183 168 168 180 167 187 196 187 186 188 193 200 193 194 204 203 204 207 202 184 161 155 148 152 157 150 138 135 154 171 161 150 155 160 186 186 157 140 181 205 202 201 200 205 209 191 185 193 197 191 179 180 184 171 154 161 161 169 172 169 175 174 180 162 106 71 70 77 88 114 146 149 158 159 162 168
104 120 154 178 172 164 163 167 162 160 162 165 168 174 164 168 191 195 176 168 171 175 165 163 170 185 187 187 186 185 184 189 191 189 182 178 185 194 197 192 189 195 179 161 161 152 140 139 149 174 161 137 147 165 187 176 171 159 161 186 181 189 195 201 198 164 164 183 199 197 185 179 181 178 172 162 156 165 180 180 183 186 176 171 146 121 115 108 130 151 150 125 118 141 137 140
102 116 142 166 171 165 151 156 177 176 163 165 168 173 152 150 185 180 173 172 179 198 184 155 140 159 183 182 176 173 175 180 182 187 179 179 187 186 179 191 190 197 195 174 156 152 135 132 143 145 154 182 197 204 194 158 131 138 160 167 167 196 189 158 160 172 181 178 183 197 204 206 196 186 182 173 156 152 164 172 154 143 146 156 165 170 143 129 158 181 145 133 130 124 118 136
128 129 102 113 154 168 157 151 161 169 172 172 160 169 159 148 176 177 181 189 191 194 192 168 117 123 155 165 165 175 187 193 192 188 195 195 184 157 139 164 199 208 184 161 163 163 126 79 99 121 118 164 178 192 193 167 133 121 166 189 191 196 192 181 186 198 193 183 188 190 203 205 195 179 166 185 192 164 141 150 141 144 147 122 107 128 113 119 148 139 112 129 136 141 142 144
123 127 119 124 146 155 160 164 169 168 172 180 182 179 176 183 190 192 187 192 188 192 183 165 153 144 153 168 187 170 164 200 203 182 170 179 188 175 156 153 179 201 204 176 154 150 136 112 131 142 107 95 92 115 129 140 144 145 159 178 199 214 218 211 208 198 187 194 202 187 186 195 192 180 159 159 187 196 188 180 178 173 168 161 147 148 141 139 158 142 127 152 163 176 172 160
89 77 102 116 135 148 171 186 181 177 174 186 199 191 176 188 193 198 199 192 184 186 184 177 172 174 174 141 151 162 163 195 186 153 146 161 178 179 164 149 153 160 169 174 138 138 167 166 138 152 143 115 105 99 90 105 138 168 173 161 181 196 216 221 215 207 202 194 189 181 183 191 185 176 168 160 180 184 192 198 196 194 183 153 143 141 168 190 193 185 173 163 158 164 159 156
136 116 119 119 128 152 171 177 161 154 173 182 181 169 169 186 194 191 189 185 184 192 195 189 181 178 180 167 159 166 174 179 176 174 184 190 192 185 160 142 125 96 81 108 141 145 160 135 90 75 89 83 74 85 87 100 154 193 194 189 185 181 209 219 214 205 176 164 183 184 184 191 192 193 195 196 188 178 178 187 193 190 184 170 151 145 173 185 172 173 155 160 164 156 157 159
136 142 145 131 122 142 139 124 140 166 192 186 179 191 191 192 190 185 183 181 182 184 179 176 185 185 177 164 144 132 157 184 185 179 187 193 194 198 198 186 165 138 111 124 138 128 138 107 69 54 51 58 69 68 94 116 153 201 210 205 192 191 215 220 213 207 166 137 166 186 171 168 183 199 194 189 190 188 187 186 190 190 180 154 136 133 146 140 133 132 146 164 167 162 164 161
