examples/data/proba_v_out_italy/probav_s5_toc_x19y03_20150506_100m_ndvi_v001.txt
ncols         273
nrows         192
xllcorner     12.62996031746
yllcorner     41.659722222222
cellsize      0.0009920634920635
NODATA_value  -9999
[rows 0 to 41 of 192, columns 95 to 189 of 273]
191 178 146 131 119 85 100 110 110 126 124 99 76 71 75 89 84 89 124 183 220 220 206 200 204 188 178 202 206 182 171 171 154 165 186 184 187 191 185 177 180 182 187 193 203 205 201 180 170 183 172 168 169 167 160 151 174 203 208 187 166 169 175 194 202 194 187 165 159 175 194 185 195 193 181 178 172 162 156 159 158 164 185 205 216 214 201 183 167 163 172 184 190 210 231
201 185 150 145 171 167 141 116 110 114 120 122 118 120 122 116 102 134 171 201 217 225 227 196 176 193 205 209 197 180 173 154 139 150 168 169 169 159 176 188 192 187 190 197 200 202 197 180 171 167 159 160 172 185 180 161 160 182 185 177 175 177 158 175 196 201 191 167 162 174 189 181 167 191 191 166 153 163 157 147 143 166 194 183 182 199 202 185 177 168 169 185 195 200 214
154 134 120 113 132 167 180 161 146 128 113 110 112 117 126 135 123 125 153 171 191 203 195 179 154 160 176 175 176 167 150 150 161 158 151 144 149 171 190 188 177 167 170 179 188 193 189 175 166 166 168 178 186 182 176 169 163 175 186 193 202 189 163 161 168 182 191 185 179 177 177 181 181 195 199 181 166 176 184 170 156 152 162 182 198 213 210 195 197 191 186 188 192 191 200
124 116 118 123 125 144 171 182 175 161 144 121 105 102 112 125 139 142 142 138 141 175 192 173 144 135 138 145 156 161 159 173 190 181 173 173 183 191 187 184 172 161 167 174 187 192 198 192 181 174 166 172 182 179 183 191 173 165 182 183 195 197 189 174 159 166 194 202 195 193 196 217 214 187 181 176 169 177 185 181 172 167 169 181 201 216 210 199 200 193 178 173 181 183 190
131 127 125 133 145 148 165 171 162 154 159 148 126 110 110 120 148 150 139 142 149 158 158 148 163 185 175 164 160 170 188 182 183 196 210 206 182 167 168 175 181 148 142 160 174 167 167 173 179 179 165 161 156 161 176 193 200 198 185 178 199 212 207 191 172 170 191 193 196 190 174 182 199 197 180 163 168 190 198 192 189 188 199 192 197 217 208 194 189 181 164 165 174 189 200
152 159 159 152 151 154 170 178 169 159 160 156 138 115 128 158 172 164 167 174 179 180 158 151 161 165 152 141 101 124 175 152 156 176 181 187 210 207 203 202 188 158 149 162 168 160 164 163 171 184 171 157 156 168 178 178 181 179 172 180 181 179 193 201 196 185 177 165 189 187 163 160 186 203 180 158 178 200 213 203 186 179 204 210 196 188 185 191 196 193 191 198 208 212 219
170 176 180 176 167 158 161 174 181 182 178 168 149 122 152 181 176 175 182 185 192 194 177 158 159 149 111 91 86 142 198 193 183 185 173 187 223 218 193 189 191 193 199 201 176 172 196 197 182 183 182 181 189 169 159 166 187 204 198 193 175 174 199 213 203 191 182 170 178 198 183 157 160 183 179 159 161 187 209 193 185 180 182 187 184 194 195 194 198 197 191 182 180 187 203
152 165 174 172 165 156 155 164 175 180 173 164 162 159 166 169 160 156 162 157 161 174 182 175 170 167 157 129 119 156 182 188 191 178 168 161 184 188 167 171 172 176 179 180 192 200 194 188 187 191 203 205 185 163 171 184 179 185 190 181 174 179 200 213 215 206 197 177 176 205 210 174 155 159 174 181 178 182 199 208 215 193 180 187 193 198 196 186 187 204 211 192 185 193 206
156 160 170 179 178 167 156 157 164 164 160 158 166 173 166 165 169 168 168 169 174 194 206 197 177 152 155 164 143 128 161 180 182 180 168 143 159 183 177 165 161 166 179 179 189 205 184 170 169 175 185 188 172 158 162 167 156 156 174 180 176 170 193 217 223 212 190 165 160 188 209 187 156 166 185 197 203 196 207 211 187 165 170 189 193 184 192 182 162 182 212 210 202 197 204
168 163 167 180 195 188 161 154 165 168 162 160 163 166 158 151 158 153 156 160 163 170 185 194 181 166 178 193 178 163 187 183 177 184 182 164 154 158 161 158 165 178 193 180 180 206 202 186 179 168 147 143 159 160 164 172 175 179 200 202 197 201 208 215 212 190 163 158 157 176 192 190 177 177 185 195 205 194 175 171 181 191 192 203 214 209 185 169 163 175 187 184 185 184 199
182 175 165 169 178 181 162 150 163 169 167 167 170 168 157 154 160 147 150 139 134 142 177 202 187 175 188 201 196 183 185 183 186 196 188 178 159 127 133 146 163 182 187 186 179 192 207 198 179 169 155 145 150 157 166 175 181 182 195 216 219 211 202 190 168 158 149 152 164 172 185 200 192 175 168 161 168 184 174 165 186 211 218 217 209 195 183 180 189 186 192 194 191 180 175
164 157 156 157 161 157 153 146 155 162 161 167 176 176 172 165 155 148 151 142 135 135 170 213 214 203 189 186 194 185 174 176 187 188 171 192 173 151 166 183 193 193 182 171 169 170 179 180 168 171 177 164 145 136 154 168 172 167 166 195 210 208 195 179 161 166 171 181 187 186 168 180 197 189 185 178 181 190 191 195 211 206 198 210 213 181 183 205 213 194 191 202 209 195 180
155 170 177 171 176 167 144 125 130 144 143 152 168 174 177 171 165 156 153 152 163 153 159 194 210 205 206 208 215 215 204 180 162 142 129 157 135 122 149 164 168 165 172 175 173 172 173 171 168 185 198 182 155 149 150 144 154 169 169 178 194 203 195 186 179 175 181 193 179 167 178 184 204 208 202 196 184 192 194 182 173 174 191 186 176 178 187 195 191 184 175 187 210 197 168
148 171 181 172 170 172 152 132 135 145 145 153 163 163 160 160 165 161 167 184 193 177 147 167 201 220 232 227 214 202 197 203 182 159 153 155 143 133 137 148 137 124 149 144 153 190 193 191 197 200 199 185 167 162 168 171 169 188 184 160 162 191 201 181 162 154 170 186 183 178 195 221 205 180 193 207 205 205 213 193 166 157 175 193 194 186 178 185 193 200 203 195 189 193 172
144 153 166 174 174 162 145 136 139 145 144 146 160 169 175 173 158 167 182 179 183 182 149 163 193 205 204 203 191 158 161 187 169 166 193 214 208 188 172 167 155 144 153 153 153 161 162 181 205 192 179 171 162 168 180 184 188 195 200 166 153 174 184 172 158 161 168 175 186 193 189 205 203 160 178 195 190 191 203 189 179 173 185 212 211 196 185 194 204 203 197 187 180 173 171
151 155 159 169 167 153 140 135 143 146 138 134 148 185 211 213 200 189 188 188 195 200 186 177 182 193 180 146 139 150 178 169 137 142 192 228 234 227 216 212 198 184 187 199 192 189 187 188 190 179 177 167 168 179 183 175 177 184 182 156 143 153 180 187 157 144 163 181 187 184 183 193 220 209 195 190 184 172 181 206 202 182 180 192 185 175 173 188 211 212 191 179 184 189 184
153 144 140 144 147 149 147 140 141 145 139 136 153 182 193 194 201 201 198 194 192 193 191 193 200 189 145 103 92 98 139 180 164 146 180 221 222 212 213 219 213 205 197 194 197 190 181 192 201 193 184 173 165 166 165 174 179 175 167 164 159 166 196 215 201 165 160 162 170 185 202 204 223 240 229 205 190 184 182 197 204 190 174 164 170 186 186 199 221 209 178 194 199 194 190
148 144 126 126 156 182 161 134 122 129 141 140 163 176 163 164 196 201 194 185 176 176 175 185 199 191 154 107 84 89 103 137 162 158 169 194 193 195 198 209 212 201 195 168 162 160 144 162 183 184 173 175 182 183 172 167 173 185 176 175 172 154 158 192 191 162 146 156 172 191 210 218 222 232 239 224 200 187 178 177 181 179 171 166 181 198 195 183 179 183 185 191 201 208 198
151 165 147 109 114 140 143 141 140 139 152 164 171 173 160 164 200 203 196 184 167 154 140 142 149 154 142 113 84 86 126 157 155 154 162 174 183 199 197 199 198 191 176 139 129 153 159 163 167 172 155 146 160 173 173 175 184 199 181 157 157 161 165 186 192 186 179 166 166 175 185 198 197 209 238 236 216 213 215 200 194 193 185 173 188 209 208 192 177 182 193 181 191 208 191
193 202 191 176 170 174 164 148 157 160 169 174 169 152 147 151 182 212 210 183 161 152 148 154 144 136 140 133 112 112 133 184 210 183 164 158 183 206 201 191 177 172 171 165 149 159 142 130 158 158 136 143 170 177 160 191 192 183 178 168 167 186 183 194 211 199 184 173 161 149 158 172 193 211 239 246 228 211 206 195 193 204 219 210 193 201 216 217 206 193 185 183 196 211 198
208 190 172 174 173 187 181 164 163 164 178 191 198 194 180 171 186 204 200 169 150 164 167 163 160 153 161 162 139 123 122 126 153 170 183 184 191 186 172 172 176 177 171 164 146 155 163 155 162 164 142 150 165 168 159 160 165 170 182 192 186 203 196 196 192 184 199 185 183 194 179 147 169 194 212 234 237 215 207 210 202 201 203 182 172 185 189 183 177 179 189 204 189 184 176
178 162 169 185 189 189 186 183 185 190 197 204 212 211 201 192 183 182 182 166 153 178 173 159 165 174 168 137 136 142 138 127 123 149 193 214 199 197 199 196 199 215 213 194 167 163 172 174 179 179 167 163 168 177 179 165 157 162 156 178 203 207 202 181 165 178 206 193 176 190 190 160 171 188 198 219 238 227 202 211 218 215 209 181 169 160 167 182 187 201 197 182 177 191 185
146 154 172 173 176 189 184 164 177 184 189 203 207 197 196 195 184 194 200 175 167 199 196 166 165 187 188 168 172 186 184 160 131 134 167 195 191 196 208 216 205 191 205 214 202 192 193 193 188 177 170 167 161 163 178 179 176 173 157 147 162 183 187 163 175 204 214 188 164 164 178 187 193 192 197 212 231 226 198 185 206 214 208 202 197 171 155 168 201 230 228 212 189 174 161
149 141 156 178 197 209 199 172 166 169 174 189 191 169 164 162 166 178 172 168 187 197 181 176 190 201 200 194 209 218 223 203 166 158 188 196 188 189 194 186 174 166 182 199 195 191 190 190 181 170 168 170 166 169 181 181 183 190 185 148 146 159 168 177 183 183 184 183 167 157 181 187 191 193 191 191 204 219 212 189 186 199 202 205 209 201 177 202 230 232 228 211 182 154 139
159 145 147 182 212 206 189 182 184 189 179 180 184 185 188 181 187 192 186 186 187 198 202 203 206 203 205 202 199 200 214 218 206 207 219 206 191 210 223 203 186 173 150 159 181 176 169 174 182 180 183 189 190 186 183 183 191 197 195 187 172 177 198 213 190 130 114 152 173 170 177 171 170 165 160 173 201 226 223 211 188 177 184 186 195 205 207 196 184 196 209 208 197 193 172
173 157 148 157 172 167 177 187 190 187 177 190 203 212 218 210 202 197 197 204 197 192 194 191 192 204 212 195 195 205 213 215 192 192 203 192 185 213 226 210 180 158 162 170 180 176 171 172 182 182 179 185 181 175 179 184 193 204 206 203 191 177 205 224 224 149 84 118 157 159 165 171 178 193 188 181 194 214 223 215 206 206 210 183 179 185 177 141 144 183 200 192 190 204 194
173 175 158 148 148 144 152 168 180 183 190 210 223 226 219 202 191 206 201 198 195 182 181 186 194 210 216 195 189 199 211 215 187 186 196 189 182 178 166 152 144 158 182 171 170 173 169 165 173 180 178 161 159 172 186 189 187 193 196 185 182 170 158 178 206 219 196 187 191 162 136 126 161 198 179 160 174 205 219 197 187 197 201 170 159 145 151 152 158 191 184 172 189 214 202
178 206 186 160 156 155 162 175 184 197 198 201 212 218 193 186 197 208 194 192 190 176 170 180 196 199 194 188 175 165 185 209 214 220 215 194 181 171 163 154 158 159 169 175 186 192 187 186 186 171 161 161 168 179 185 184 188 194 192 191 204 185 132 106 123 163 220 230 195 156 141 130 128 130 121 136 154 184 199 179 154 166 176 151 123 135 155 157 161 183 196 208 206 197 191
182 197 180 155 162 177 197 211 206 200 197 195 206 214 203 208 203 195 184 166 181 171 153 162 185 189 169 180 201 196 191 194 205 214 214 210 203 189 173 168 196 177 179 198 194 179 164 185 202 184 161 159 183 193 186 181 186 189 195 203 187 136 113 99 97 125 205 230 212 189 185 177 151 103 78 96 120 148 149 124 111 141 166 164 122 131 174 183 181 198 212 216 218 205 189
202 185 182 176 176 178 198 216 204 185 194 192 190 194 193 216 213 183 166 168 181 176 178 176 182 184 150 161 185 186 178 173 185 190 191 199 214 198 174 172 193 199 201 206 200 198 197 182 196 183 152 153 195 206 180 167 181 210 220 210 187 157 144 135 123 134 181 216 224 214 190 163 138 113 94 96 103 92 94 104 114 123 118 119 126 170 206 198 184 197 213 210 212 223 213
205 178 175 187 197 199 209 225 220 196 191 196 194 200 212 212 196 172 159 182 212 206 202 195 196 190 157 163 168 173 181 179 189 205 209 205 198 191 173 165 185 199 203 201 198 191 201 200 181 146 127 134 156 148 116 115 159 195 172 137 137 150 152 155 160 169 198 235 236 227 212 196 173 149 127 114 99 93 103 124 131 144 170 166 139 180 206 206 198 187 196 205 202 200 204
210 198 189 196 218 235 234 230 222 208 206 210 201 201 203 201 200 205 193 176 187 204 200 196 197 197 199 205 193 186 185 187 193 200 197 185 179 186 191 186 183 187 198 199 175 135 143 169 144 111 102 115 104 76 76 69 77 138 184 167 155 147 154 158 172 201 228 246 245 236 220 211 184 147 127 125 98 86 91 102 128 152 181 198 185 196 197 195 193 182 162 165 186 193 205
216 211 202 191 202 225 235 230 217 194 189 194 191 192 193 196 203 208 196 177 179 186 186 190 191 186 185 186 183 184 181 181 186 189 190 183 171 149 132 132 139 169 162 166 179 166 137 118 107 111 104 99 101 102 113 104 84 106 144 159 181 171 162 177 198 222 236 240 241 233 216 200 170 134 119 123 106 86 86 93 116 157 199 215 201 188 190 187 181 175 168 160 185 191 195
213 202 201 192 194 210 225 227 218 202 196 187 190 200 209 211 195 197 199 191 196 198 191 195 200 187 187 186 180 182 190 202 211 203 197 197 185 150 130 126 115 144 125 100 103 104 90 84 92 95 111 137 156 173 181 173 165 172 184 188 186 186 190 192 187 199 221 205 185 186 181 170 160 148 131 137 143 106 95 112 138 165 203 220 198 196 207 194 193 189 179 179 185 188 183
203 191 207 219 218 220 223 222 213 202 200 199 204 208 219 224 198 199 195 197 198 182 187 198 192 180 183 170 179 190 200 214 220 211 196 192 180 144 110 125 131 104 104 115 123 97 75 83 89 101 124 151 180 202 188 174 184 199 199 214 214 202 190 181 178 183 202 193 173 178 175 171 171 161 126 111 124 120 92 104 127 147 168 196 203 206 204 195 194 206 216 201 182 182 186
170 184 208 206 211 212 205 220 219 209 205 213 216 215 213 216 208 196 183 196 194 180 192 202 194 181 176 182 198 198 202 212 219 211 182 175 174 137 100 94 103 130 156 177 182 160 129 142 167 166 184 189 189 187 184 176 183 198 199 197 194 194 184 178 185 165 156 166 174 189 186 175 173 171 143 119 121 122 101 106 121 163 195 199 193 192 177 182 173 164 184 196 192 174 177
147 160 198 204 187 180 189 214 220 219 216 216 219 219 198 209 217 210 202 201 200 198 200 197 190 180 179 188 192 195 208 212 213 210 186 167 156 127 88 87 106 156 187 194 207 206 175 176 208 207 201 188 187 193 189 186 182 194 198 176 165 172 173 179 187 167 153 175 206 220 214 203 188 184 180 156 138 156 157 157 176 194 211 203 194 183 173 184 169 162 168 175 188 188 181
151 166 198 224 187 178 208 222 215 216 218 215 208 207 194 206 222 226 224 220 223 219 211 202 194 192 192 197 196 199 215 218 213 213 217 208 170 122 88 93 143 188 211 216 212 197 179 172 179 181 187 203 191 167 155 152 167 191 206 200 180 166 160 166 180 194 190 178 199 221 220 211 199 191 193 188 183 182 173 165 180 194 202 193 184 181 202 210 192 186 192 174 168 185 180
157 155 178 211 198 176 191 210 213 204 205 214 217 218 222 227 227 230 223 222 230 228 221 213 200 199 209 211 206 212 216 208 207 220 231 237 230 190 162 158 176 181 184 186 184 171 165 165 174 198 210 209 179 138 148 169 185 217 238 234 207 193 196 187 186 201 199 174 167 175 180 183 186 171 169 197 208 193 175 158 176 190 192 184 175 190 212 199 162 146 177 188 179 185 187
183 167 141 174 213 217 214 209 213 192 181 204 220 216 211 215 220 209 179 201 223 219 215 212 196 207 227 225 221 221 217 204 197 201 217 237 228 199 184 179 183 182 173 167 166 171 182 184 175 204 213 208 191 173 183 190 190 204 230 241 240 231 221 202 186 197 215 211 187 167 178 173 169 179 179 193 216 211 191 174 182 183 187 187 192 197 187 190 175 155 159 187 186 176 185
213 206 188 216 237 241 236 218 193 186 183 197 206 170 129 135 173 174 161 208 219 198 191 192 196 207 224 231 227 221 207 208 221 228 220 225 209 201 215 222 208 191 184 185 186 212 222 200 181 211 228 220 203 185 174 174 178 193 220 241 245 210 192 193 184 188 196 200 197 185 186 194 176 180 196 190 182 187 184 169 169 178 183 191 200 199 189 205 221 196 169 172 174 185 201
232 204 191 220 242 242 234 220 188 174 174 184 176 128 93 110 125 141 147 149 159 160 173 199 226 233 225 233 234 226 219 219 224 226 220 219 203 206 215 215 207 199 186 176 177 187 206 206 203 216 221 212 204 194 183 176 171 181 205 231 237 208 177 170 171 182 185 188 190 186 181 182 182 205 227 214 182 187 195 179 162 176 191 179 189 202 194 183 190 199 197 186 176 187 189
