examples/data/proba_v_out_italy/probav_s5_toc_x19y03_20141006_100m_ndvi_v001.txt
ncols         273
nrows         192
xllcorner     12.62996031746
yllcorner     41.659722222222
cellsize      0.0009920634920635
NODATA_value  -9999
[rows 42 to 83 of 192, columns 0 to 94 of 273]
133 150 141 150 136 128 128 140 150 172 184 187 193 195 194 182 170 173 180 178 174 176 170 164 183 194 184 165 143 126 147 180 197 202 205 208 211 203 185 175 175 165 139 141 155 136 136 113 85 77 72 69 83 74 97 130 139 188 212 209 202 194 199 209 213 215 194 156 176 210 214 207 209 211 207 202 213 224 216 203 203 214 215 198 182 200 213 213 214 190 197 220 223 223 224
137 175 187 176 169 154 140 129 142 182 209 202 194 195 190 167 144 144 168 185 177 163 154 161 183 192 181 167 152 138 141 163 189 209 214 206 198 185 171 177 191 199 203 188 170 132 104 91 74 75 75 76 87 84 140 184 190 200 203 193 202 211 214 217 217 216 211 199 197 211 217 213 203 199 204 202 205 212 212 207 208 203 197 179 180 211 216 187 180 184 213 218 221 218 220
147 154 177 182 175 172 172 164 166 189 210 206 197 188 183 182 179 188 196 203 202 195 189 185 176 174 177 173 172 171 168 173 195 214 205 187 175 169 169 177 179 172 181 206 189 146 122 105 106 119 105 88 96 132 186 209 206 207 200 181 190 205 214 218 218 216 218 217 211 212 218 217 209 204 204 197 187 191 206 214 208 194 197 197 201 215 215 197 192 210 211 211 213 214 218
157 154 162 173 177 175 175 177 177 185 202 202 189 171 161 175 199 219 215 212 211 208 197 180 171 162 170 177 181 175 167 169 174 178 172 162 154 161 177 179 174 169 175 192 183 143 152 152 143 147 137 125 154 184 186 193 207 219 219 212 218 222 223 220 216 217 220 220 214 209 209 214 221 219 214 192 180 188 205 206 210 208 207 217 221 221 219 197 213 212 215 218 215 213 214
169 180 187 187 180 171 178 187 183 191 200 202 190 168 140 154 184 203 210 209 207 205 204 197 181 156 162 165 171 185 184 172 170 174 171 165 158 155 167 174 177 180 172 165 155 148 157 160 154 158 180 206 211 203 185 190 219 220 225 226 229 232 233 229 225 221 219 218 220 215 199 181 179 196 214 202 194 202 198 187 189 211 215 218 219 220 202 201 218 213 211 214 213 207 203
184 193 201 197 176 153 155 164 169 185 196 199 201 194 179 189 196 202 207 209 207 199 200 208 204 172 153 156 170 202 218 196 172 170 179 179 177 177 184 172 175 190 182 164 162 157 156 153 154 175 212 231 219 201 195 211 232 213 176 173 199 226 235 232 227 224 220 224 228 227 214 198 192 203 220 234 230 227 222 207 192 219 225 210 204 205 212 219 222 221 216 209 199 193 191
196 198 205 208 204 188 172 160 165 184 201 203 195 197 202 202 201 202 204 208 211 209 211 212 210 198 184 193 197 198 190 180 170 165 167 170 165 166 163 141 161 188 194 196 179 152 147 151 163 184 209 220 210 195 206 226 241 231 208 196 204 221 234 234 234 229 228 231 233 232 223 217 214 217 221 224 227 229 231 226 221 222 222 218 212 207 208 214 218 220 218 215 206 199 205
197 190 212 205 189 189 193 183 168 161 180 197 197 203 209 210 205 203 203 204 208 212 211 203 192 190 205 219 215 186 161 173 179 166 160 174 177 191 189 172 187 211 215 207 179 147 148 141 127 144 180 206 221 223 229 234 243 245 239 235 238 234 221 212 222 236 236 236 237 235 230 222 217 220 223 226 227 230 232 230 228 227 224 221 221 220 219 216 214 211 206 208 212 207 199
202 201 200 194 187 197 203 191 178 164 164 164 173 195 205 205 207 208 208 205 201 202 202 202 201 197 200 214 205 183 165 172 180 164 158 170 166 191 195 190 200 211 210 199 195 191 182 168 151 153 176 207 221 204 203 218 230 237 239 236 233 231 218 211 231 238 236 234 235 237 236 231 223 222 228 233 229 227 229 228 229 231 230 226 220 220 218 213 207 209 210 209 214 214 204
197 206 204 195 193 203 205 194 182 172 168 167 166 178 191 192 192 201 209 201 191 191 193 198 210 219 203 159 150 172 181 169 171 170 173 177 189 217 228 220 199 192 201 190 183 186 197 212 222 222 213 212 213 200 189 195 206 219 229 234 231 225 222 226 236 235 237 234 232 234 238 237 231 225 226 232 234 229 224 219 222 230 234 228 217 212 215 216 211 204 199 194 192 197 202
191 193 188 191 197 205 208 192 175 172 180 189 186 181 176 176 181 190 200 202 194 186 185 193 200 205 185 141 135 167 176 159 165 187 219 228 228 226 221 214 206 203 197 188 181 182 194 181 186 223 233 222 211 198 193 201 201 205 224 236 229 215 209 216 230 238 239 239 237 233 232 238 234 227 223 225 225 224 222 218 211 212 217 216 202 195 199 204 207 209 199 190 186 191 202
194 172 170 184 197 200 192 182 176 184 184 181 188 205 194 185 183 184 189 195 197 191 183 176 170 181 192 176 163 167 183 180 188 209 223 229 225 215 206 200 193 201 191 196 190 167 181 197 195 192 195 210 215 197 201 210 205 204 223 229 221 215 211 217 228 238 240 233 229 224 222 218 214 215 202 191 186 190 191 183 178 184 194 196 187 188 194 201 206 208 203 206 194 184 179
199 186 178 172 180 190 168 168 184 195 196 194 191 195 195 194 191 192 195 200 199 184 158 147 146 158 171 138 148 176 179 171 176 191 201 208 213 196 180 179 181 182 183 193 197 201 216 237 229 199 185 207 217 214 221 221 210 208 224 223 213 206 212 224 228 230 217 203 197 193 186 193 188 180 175 164 164 175 185 189 187 189 192 187 170 183 191 197 205 196 192 203 192 183 174
175 161 169 173 168 176 157 162 180 190 195 196 178 183 197 192 173 182 186 190 198 193 167 163 179 188 183 158 166 174 156 148 162 171 189 189 180 168 162 171 179 190 190 187 189 207 223 232 236 222 191 193 210 221 228 226 215 217 226 225 212 204 214 225 224 215 200 188 178 169 172 195 194 184 171 160 161 172 185 187 193 193 188 181 178 179 183 190 210 207 207 211 200 192 181
157 163 181 189 173 166 180 194 197 194 200 205 197 204 204 200 190 181 176 179 192 198 192 195 194 159 137 137 145 157 161 163 160 150 151 153 165 171 159 152 158 170 185 181 173 181 201 215 201 192 195 211 222 218 212 217 218 219 224 218 213 218 223 226 211 188 177 186 197 195 186 193 203 202 203 199 186 180 181 171 183 195 185 177 180 187 189 181 209 211 212 216 214 205 195
159 167 166 177 178 181 183 194 198 187 191 199 206 206 205 196 183 181 183 183 186 186 190 199 194 177 176 166 160 178 195 195 191 164 139 140 162 181 167 160 172 161 169 179 175 176 192 202 198 199 209 213 211 188 170 192 217 217 216 208 214 222 219 211 199 184 178 180 195 210 202 191 188 187 190 199 189 173 162 160 179 196 191 185 189 190 190 192 198 202 203 211 219 217 211
168 176 178 182 190 196 189 197 197 182 189 202 207 212 213 206 195 193 190 185 185 191 193 201 197 186 187 184 179 188 175 148 145 167 157 136 126 137 146 147 150 162 188 196 188 177 187 203 210 220 222 222 215 187 154 178 197 201 201 193 192 199 197 190 183 176 185 192 180 186 201 202 196 187 183 188 182 173 171 177 195 204 197 192 192 190 192 203 203 204 205 209 218 217 218
165 161 169 180 197 205 203 199 182 174 183 201 198 195 196 189 184 189 186 194 199 200 194 197 209 213 207 195 185 181 168 153 163 180 165 139 125 118 122 128 143 152 163 173 170 163 169 178 178 188 208 206 196 178 159 160 154 156 169 177 182 192 181 174 176 182 186 173 148 159 191 201 202 203 207 201 185 189 191 189 193 192 187 189 179 181 169 154 172 191 200 214 226 214 208
162 154 162 162 184 198 190 194 207 194 179 187 195 182 178 178 176 182 192 201 208 208 203 202 215 209 200 190 188 197 203 195 191 190 173 141 123 113 117 128 135 147 151 165 167 164 170 162 161 176 187 172 156 151 149 146 149 162 165 168 188 194 163 152 180 203 197 187 177 174 186 195 198 200 201 210 213 209 204 195 198 203 205 205 190 190 195 190 194 205 210 222 226 217 204
167 156 157 175 185 190 173 163 172 167 181 186 180 167 169 182 186 196 198 194 199 204 209 175 156 179 201 212 220 223 206 174 173 183 178 163 132 103 115 126 129 128 120 135 145 152 177 194 180 182 177 167 158 159 155 155 161 172 174 182 187 181 163 161 195 202 180 180 189 188 193 197 197 198 197 196 197 204 214 222 223 218 204 194 194 201 206 201 208 216 217 220 225 228 214
177 174 167 172 185 198 194 176 174 179 189 194 191 184 185 187 187 199 202 194 187 186 191 192 178 178 205 224 221 220 206 178 165 167 125 126 132 110 112 105 118 125 110 111 138 140 158 181 172 176 172 168 169 167 153 154 160 166 171 181 198 194 188 190 200 196 176 183 165 157 187 202 200 196 194 195 196 201 207 209 214 214 189 185 186 192 195 191 203 214 217 218 221 226 223
177 174 158 155 181 203 191 181 186 180 179 193 200 205 202 192 185 184 191 187 184 185 192 201 208 218 226 227 226 227 217 208 204 194 160 134 128 109 89 89 115 136 122 118 138 156 163 166 168 165 163 162 159 155 151 152 166 179 201 208 205 197 196 203 194 184 186 161 116 115 158 191 196 193 196 201 206 211 214 211 208 205 205 202 196 196 194 195 204 216 218 221 225 226 226
193 181 170 184 181 183 183 174 171 166 180 187 193 200 190 160 172 192 198 187 188 192 190 185 186 203 220 225 229 231 230 224 221 223 222 208 171 134 118 110 114 118 110 113 135 153 164 171 172 174 169 162 152 132 154 168 164 175 205 218 215 207 201 190 189 183 175 156 120 109 151 184 194 207 201 201 202 206 206 205 203 203 208 207 197 195 194 182 192 216 220 222 224 225 224
194 182 175 172 170 178 190 179 169 183 197 202 209 209 201 185 179 192 201 197 191 194 187 191 203 213 218 216 210 203 196 202 210 215 225 217 179 149 163 136 130 134 118 106 115 139 166 183 176 175 177 183 175 156 168 164 155 168 194 206 198 173 170 173 151 149 155 160 158 153 165 181 202 211 207 205 203 205 202 198 196 199 202 204 205 205 202 202 215 225 226 224 222 223 226
202 191 189 182 181 189 190 179 174 181 187 187 191 196 203 206 193 195 192 178 176 190 197 199 207 209 208 203 193 191 192 190 187 199 225 220 195 164 159 146 140 148 140 128 125 134 146 155 149 137 137 147 159 165 169 153 163 176 184 181 168 154 137 137 149 154 151 146 166 183 187 182 186 201 203 203 209 217 218 212 211 214 217 214 222 215 213 210 210 213 218 221 219 220 226
211 207 199 183 183 189 177 164 178 181 188 189 176 169 155 172 197 212 210 196 188 197 201 198 194 176 184 197 192 190 191 186 180 182 207 226 218 204 185 168 156 151 151 142 122 102 98 102 118 128 133 143 152 156 168 178 176 179 182 172 152 141 139 141 162 167 145 140 189 203 188 165 166 192 196 197 204 208 210 211 206 222 221 218 222 216 220 221 218 214 211 215 215 218 226
197 198 196 183 173 198 188 180 199 204 201 200 197 180 164 192 211 207 201 194 185 196 204 206 194 176 189 199 197 194 197 202 199 160 159 199 223 222 215 191 171 163 162 156 125 105 111 128 139 140 145 155 150 155 158 148 144 151 154 148 136 131 136 154 186 201 185 171 188 198 194 170 175 192 190 195 203 209 212 211 204 208 210 212 213 213 217 220 223 222 219 219 219 224 227
204 206 206 204 188 186 193 198 203 205 200 192 191 184 183 190 204 203 188 181 181 186 196 210 205 191 194 201 202 198 197 202 200 167 152 169 194 203 216 205 203 209 205 198 174 161 170 189 205 206 202 189 168 143 133 131 132 141 152 161 162 151 141 166 197 209 204 156 132 152 177 181 185 189 185 189 199 211 212 210 208 206 207 210 214 215 218 218 220 223 226 221 229 231 223
195 202 199 192 193 186 187 199 203 205 201 187 179 183 195 186 175 192 187 173 172 176 181 192 201 205 204 205 207 209 215 212 201 201 207 201 194 172 169 192 192 211 221 224 219 186 178 187 190 196 198 160 145 150 149 150 147 132 138 145 143 136 137 173 197 194 182 149 134 162 185 186 181 180 184 185 189 202 207 195 208 208 208 208 218 216 216 219 221 221 221 218 207 203 214
205 213 212 195 186 189 187 184 178 182 192 191 185 183 185 199 200 184 174 171 169 184 197 203 210 209 203 203 208 211 212 207 192 185 193 200 198 177 167 180 188 208 221 221 218 209 190 165 163 176 186 157 122 125 131 126 129 141 153 164 151 130 129 157 183 198 199 181 162 174 190 187 182 178 175 190 195 194 195 186 191 206 213 213 211 212 213 217 215 211 217 216 204 216 226
207 194 195 196 185 195 210 210 187 163 176 185 188 186 189 200 202 192 192 194 181 181 193 205 207 205 205 204 202 200 195 190 179 173 170 185 194 176 164 171 183 186 175 188 191 181 166 163 173 160 162 149 124 127 138 145 146 153 171 181 158 142 145 160 169 180 184 166 150 163 174 176 181 177 169 182 193 188 181 177 173 206 216 218 214 212 216 220 218 214 212 211 213 222 228
193 174 174 191 175 166 197 210 205 185 172 169 176 186 194 202 209 206 201 194 182 179 190 194 198 196 195 197 196 193 187 173 143 121 137 173 189 183 169 155 166 170 186 203 207 205 195 185 168 152 163 177 150 139 154 154 158 160 171 175 158 150 138 159 184 197 194 168 149 153 160 164 179 177 168 179 203 200 185 178 178 180 199 219 214 215 222 226 224 221 219 220 223 226 233
187 187 184 195 187 178 196 205 213 200 179 168 178 194 205 212 209 200 195 191 188 189 187 178 183 178 176 186 189 183 188 196 175 147 155 178 189 188 174 166 185 171 174 187 198 196 180 181 167 159 175 177 143 142 166 179 181 180 168 165 161 148 138 151 180 208 214 191 169 169 162 159 167 167 172 187 199 194 188 184 184 198 221 226 218 221 224 227 226 222 222 222 224 227 231
181 187 195 194 189 194 195 191 190 194 189 173 176 194 200 190 190 188 190 199 198 178 183 196 197 182 177 179 175 173 189 208 211 202 204 203 195 188 170 158 163 155 154 149 162 169 171 173 158 157 157 166 183 196 195 192 184 185 192 186 178 176 179 183 190 196 198 188 173 172 160 165 174 179 190 186 204 205 199 203 220 220 226 228 225 223 223 227 224 220 222 224 226 226 227
189 203 203 194 188 186 185 184 185 184 178 171 170 181 185 172 192 205 204 200 198 176 166 173 187 194 184 151 141 176 204 204 210 212 211 207 194 180 178 185 165 141 134 134 141 149 160 166 137 123 121 148 177 194 195 198 197 200 204 189 162 150 174 194 184 157 139 145 151 161 170 165 163 173 181 179 200 209 192 193 199 200 204 219 225 219 219 223 220 217 221 224 225 224 222
176 179 199 208 207 201 193 182 189 194 195 160 131 153 179 193 210 205 186 184 187 197 195 198 209 210 195 179 174 201 207 192 194 203 193 189 187 194 194 186 159 130 135 154 137 133 146 164 171 163 164 196 181 179 193 194 195 188 185 171 156 146 142 147 161 153 130 138 145 158 177 173 163 178 187 189 190 184 180 182 193 195 195 216 223 225 223 223 225 225 224 224 224 221 218
187 181 178 186 201 208 202 196 202 203 207 167 130 162 194 200 207 184 155 169 184 189 193 192 202 203 193 186 184 188 183 174 187 185 162 153 145 165 160 146 143 132 122 131 147 152 163 182 186 182 179 187 200 210 206 190 175 162 158 161 174 181 174 181 194 177 157 159 175 183 187 187 180 171 180 198 198 173 149 183 206 204 214 230 227 226 228 228 227 225 224 222 220 219 217
198 195 182 177 186 198 206 202 204 206 201 191 184 193 194 185 185 161 124 125 148 161 172 195 199 193 177 178 164 172 191 184 170 164 141 119 114 134 132 125 119 115 119 128 152 175 182 186 188 178 155 147 171 185 194 181 161 157 163 169 176 188 192 188 187 175 171 180 190 206 208 182 189 209 205 197 191 166 159 185 210 208 212 220 224 226 225 227 226 225 223 221 217 215 216
204 204 194 193 204 201 188 189 197 196 185 183 173 177 179 183 206 194 159 152 138 99 92 135 145 135 123 109 98 116 147 148 127 126 112 122 131 129 129 140 142 136 120 121 146 172 155 157 159 147 164 143 135 165 200 201 174 167 160 149 160 174 180 178 184 192 181 172 179 189 194 181 192 204 184 167 165 145 145 155 175 194 215 221 224 228 228 227 225 224 224 222 217 214 214
204 210 195 188 194 198 194 199 197 182 177 186 192 187 190 204 208 198 194 188 161 118 102 117 109 111 111 91 74 73 86 99 123 130 116 132 130 125 130 144 152 150 112 105 139 183 160 148 136 133 159 142 123 128 179 203 194 189 185 182 176 172 170 181 188 194 184 161 169 169 169 187 211 212 177 147 148 142 126 132 148 187 225 228 225 227 229 229 225 223 223 224 223 223 221
189 193 185 174 177 191 195 199 202 195 203 207 209 205 197 194 189 191 185 183 188 166 155 155 143 141 148 134 121 103 80 69 85 91 91 99 100 100 119 165 199 205 188 195 208 213 194 176 177 174 162 147 123 108 144 189 190 185 176 187 185 175 180 195 183 174 185 178 173 184 181 188 205 200 185 204 197 163 138 149 144 157 205 218 216 225 230 231 228 223 220 221 223 226 223
188 186 185 173 170 179 184 191 195 197 208 206 202 196 201 212 205 200 190 181 178 164 159 151 144 147 167 172 173 169 156 130 107 110 123 121 118 134 181 211 225 231 232 224 214 211 212 203 194 195 163 166 164 158 177 194 193 185 178 177 171 168 175 193 198 191 198 187 185 203 204 205 196 182 183 215 211 181 168 180 171 148 183 214 218 223 228 231 230 227 222 219 216 217 211
