examples/data/proba_v_out_italy/probav_s5_toc_x19y03_20140806_100m_ndvi_v001.txt
ncols         273
nrows         192
xllcorner     12.62996031746
yllcorner     41.659722222222
cellsize      0.0009920634920635
NODATA_value  -9999
[rows 42 to 83 of 192, columns 95 to 189 of 273]
232 215 204 229 250 248 240 248 241 218 183 143 112 90 91 113 130 150 179 178 170 173 205 228 236 226 209 209 224 236 244 246 241 235 223 218 210 203 197 214 219 209 204 194 191 199 205 200 193 195 202 207 204 189 190 195 191 195 209 223 218 191 177 185 191 185 175 180 183 193 204 192 193 202 206 203 206 214 220 208 181 167 175 184 196 191 176 162 164 188 188 179 169 170 175
250 247 245 248 250 250 245 249 241 227 176 105 91 85 97 136 156 163 169 166 160 152 168 193 216 237 226 216 227 239 247 248 246 236 223 223 214 195 186 199 211 208 200 199 202 205 208 205 198 189 187 198 201 185 195 203 199 194 198 212 213 196 184 191 195 198 193 186 188 191 204 202 196 210 209 197 190 204 220 205 170 151 169 201 216 211 196 185 165 162 176 183 179 171 172
250 250 250 250 250 250 250 241 229 222 184 130 112 116 126 151 177 173 165 149 148 156 145 150 195 237 236 232 237 245 250 250 249 242 230 232 239 233 219 215 220 226 226 206 199 211 214 215 209 197 188 195 202 204 204 199 194 195 206 214 208 202 201 206 209 215 212 205 205 211 224 223 212 213 215 212 188 173 192 193 169 153 159 185 206 213 208 197 182 168 161 164 170 167 170
250 250 250 244 242 240 237 226 205 197 208 192 158 135 134 157 166 159 156 157 172 158 137 157 219 248 246 244 246 250 250 250 250 246 240 242 244 234 225 230 236 242 243 223 219 222 225 230 230 228 222 216 210 205 200 195 192 191 211 215 199 188 185 188 207 227 227 228 235 240 237 226 215 207 208 208 185 168 178 198 180 168 161 169 192 208 206 191 188 192 170 157 158 165 174
250 248 236 228 238 250 250 233 213 220 221 191 153 140 145 167 170 144 132 145 182 175 181 206 241 248 248 248 249 248 248 250 250 250 249 250 248 239 235 245 249 250 248 241 242 242 238 237 237 237 236 234 227 218 210 201 193 197 220 213 191 181 181 179 196 217 226 228 233 238 236 227 217 209 204 198 181 172 185 198 187 172 167 169 180 189 200 197 197 198 185 178 166 157 149
235 228 219 223 242 250 250 236 221 224 217 195 191 210 216 211 193 162 147 144 165 192 212 222 231 242 248 250 249 249 249 250 249 250 250 250 250 250 249 250 250 250 248 246 243 243 244 240 238 238 239 239 237 233 227 223 218 219 225 217 200 194 197 199 210 223 231 235 235 237 238 235 225 212 202 197 184 172 176 183 180 174 175 166 172 185 195 203 218 211 200 193 178 177 167
238 228 221 226 239 249 240 229 225 222 226 236 244 246 240 234 226 217 214 215 225 241 244 237 237 243 248 249 248 247 247 248 248 249 250 250 250 250 250 250 250 248 248 248 248 247 245 242 239 239 241 241 240 239 236 236 236 235 236 232 222 216 216 218 222 230 237 240 240 241 243 241 230 213 202 202 201 192 179 171 168 167 163 155 164 182 183 194 217 223 216 199 186 187 191
214 217 219 224 227 237 231 215 225 238 247 250 249 249 245 238 228 212 218 235 244 248 246 240 240 245 248 248 246 245 246 247 248 249 250 249 250 250 250 250 250 250 250 250 249 247 246 243 242 243 244 244 241 241 241 240 238 237 237 235 229 227 229 230 231 233 237 242 244 246 246 244 239 232 221 210 203 202 200 189 169 149 156 169 166 163 168 191 220 233 225 212 207 207 207
205 193 190 208 219 226 230 226 239 250 250 250 250 248 244 244 224 189 201 232 245 244 244 239 239 244 247 248 247 248 250 250 250 250 249 249 250 250 250 250 250 250 250 250 249 247 247 245 242 241 243 243 240 240 242 242 241 238 236 233 228 228 231 231 233 235 237 242 246 248 246 243 236 228 218 209 202 205 212 202 185 172 184 207 194 165 157 178 210 217 210 203 208 213 219
209 200 199 206 214 210 209 219 238 250 250 250 250 249 248 250 244 230 231 239 241 237 234 234 235 241 246 249 250 250 250 250 250 249 248 248 250 250 250 250 248 248 249 249 250 250 249 244 235 232 235 239 242 242 242 243 243 238 233 226 215 214 226 231 234 236 238 240 243 245 245 241 235 223 206 200 193 196 202 201 200 179 173 180 165 139 140 164 183 191 197 198 205 217 223
214 208 204 205 213 222 223 226 236 244 248 250 250 250 248 248 246 244 243 242 240 238 235 236 238 239 242 248 243 238 241 249 250 248 247 249 250 250 250 246 229 225 236 247 250 250 250 243 234 228 233 241 246 244 242 241 242 237 228 204 182 196 229 234 236 238 238 239 241 242 244 244 240 229 213 201 196 208 214 211 194 150 143 142 139 137 145 162 167 174 205 218 217 216 218
224 230 242 246 238 231 228 231 238 229 226 237 248 250 250 250 250 247 244 243 243 242 240 241 244 238 242 250 236 227 235 250 250 250 250 250 250 250 250 236 206 197 226 243 249 250 248 244 239 236 240 244 245 242 240 240 239 236 232 222 211 217 232 237 240 242 243 244 243 244 245 248 247 238 226 216 216 220 222 218 180 129 116 121 144 168 182 192 182 187 210 219 211 205 215
216 232 248 250 250 250 235 231 239 229 215 212 229 239 243 246 247 244 243 245 244 242 231 227 228 211 220 238 235 235 245 250 250 250 250 250 250 250 245 226 226 223 234 242 244 246 246 243 239 240 242 245 243 243 243 241 239 238 238 238 233 229 232 237 240 243 244 244 245 245 247 248 246 240 231 228 226 228 229 221 183 139 112 112 142 176 191 208 209 211 219 222 215 209 225
221 241 250 250 250 250 242 230 226 229 226 219 238 237 228 233 244 245 246 246 243 232 207 201 204 190 188 218 238 243 245 248 240 239 246 250 250 248 233 214 207 217 237 249 241 235 234 237 238 240 242 244 244 245 244 241 239 237 234 232 229 230 235 240 242 242 242 243 245 246 249 247 243 241 236 231 229 230 230 221 189 138 113 107 131 172 186 203 221 212 211 217 217 224 239
229 239 245 245 242 241 243 241 236 229 218 214 231 226 217 222 230 225 234 242 238 225 209 201 191 176 177 224 237 236 244 247 215 201 233 250 250 234 190 150 156 186 222 242 245 240 229 236 244 244 244 244 244 244 242 240 239 239 234 228 227 232 238 241 241 241 242 243 243 245 249 247 244 239 235 232 231 231 228 230 193 136 116 115 138 178 201 202 213 214 202 197 201 215 230
235 242 243 236 231 232 239 242 240 235 228 226 229 223 218 220 224 228 236 236 225 206 202 210 209 209 216 228 227 223 216 221 220 210 238 250 250 216 145 93 93 140 205 243 250 246 238 240 245 245 244 243 242 241 241 240 240 240 237 232 231 233 236 240 241 243 243 243 243 245 247 246 244 240 236 234 233 231 230 231 202 161 140 145 160 187 194 190 204 204 201 204 215 224 234
237 247 242 232 234 236 240 239 236 240 249 242 237 233 227 219 220 230 233 221 208 198 184 186 200 207 212 220 220 208 191 178 174 179 198 219 207 167 115 91 102 138 199 242 247 250 247 242 244 244 241 240 239 240 240 241 241 240 238 236 235 236 238 241 243 243 245 245 246 246 247 246 244 241 237 234 235 234 233 233 231 217 200 180 181 207 199 196 204 204 204 213 222 226 228
234 245 235 232 238 239 238 223 212 215 230 232 237 237 228 215 212 211 202 204 215 211 200 200 211 199 167 145 148 157 157 148 141 134 142 144 125 114 104 95 103 136 165 201 235 247 247 244 244 244 241 238 239 242 243 242 242 241 240 240 239 239 240 243 245 245 246 248 249 248 249 248 245 241 236 235 237 238 234 234 237 239 236 220 220 235 234 235 226 210 202 212 224 223 214
215 213 211 220 227 233 236 229 236 239 229 219 226 226 222 208 201 202 188 184 200 210 209 197 205 194 153 121 124 127 146 172 184 159 127 112 111 117 101 90 98 109 122 136 192 235 240 245 244 243 241 239 239 241 242 242 243 243 243 243 241 240 240 243 247 248 247 248 249 248 247 245 244 239 236 237 239 238 233 231 233 235 236 234 239 243 242 236 224 205 199 210 222 228 230
222 187 158 170 189 203 217 231 249 250 233 215 215 212 198 206 200 187 174 169 182 188 183 181 178 178 178 164 158 165 181 220 236 200 133 102 110 130 129 118 138 150 156 174 217 240 245 245 244 242 241 240 241 240 241 241 241 243 245 246 245 244 246 249 250 249 247 248 247 244 241 238 238 237 237 238 240 236 232 229 229 231 236 239 241 239 236 233 232 226 219 220 224 226 230
244 212 161 150 164 168 168 172 206 234 218 207 196 176 155 174 197 195 186 179 178 189 188 173 158 152 159 143 144 170 186 212 230 211 170 140 144 146 147 136 124 135 141 173 215 231 236 241 246 247 245 243 242 244 246 247 246 245 246 247 248 248 249 250 247 246 243 244 244 241 236 234 236 239 239 240 238 231 227 225 225 227 232 237 240 239 235 229 226 222 217 223 224 221 226
250 249 222 207 191 177 175 168 176 211 231 226 213 214 206 189 186 184 181 176 171 177 179 178 176 170 167 159 166 182 196 199 201 185 180 189 198 194 171 167 165 177 171 159 161 195 221 199 218 239 245 245 245 248 250 250 250 249 249 250 249 250 250 248 245 244 242 241 240 237 234 235 237 241 242 241 236 228 225 224 226 229 235 239 241 241 239 233 225 215 209 205 212 213 221
250 250 250 237 203 173 193 218 213 222 229 226 215 201 186 178 182 183 169 164 160 166 172 172 176 179 174 171 176 185 208 213 192 164 168 185 212 227 222 235 217 203 214 191 164 177 194 192 210 229 238 241 241 246 250 250 250 250 250 250 250 249 247 245 245 243 240 239 239 239 239 240 240 243 245 242 234 229 224 225 227 233 239 243 243 243 244 242 228 203 212 212 211 221 218
250 250 250 241 213 180 205 240 247 243 237 224 212 187 167 164 171 170 157 158 158 159 164 167 173 178 168 169 181 192 209 203 185 176 187 191 206 213 218 235 236 229 226 222 213 210 202 205 218 230 237 238 226 223 237 240 239 237 238 243 248 249 246 243 240 238 236 236 238 241 240 242 244 246 246 242 236 232 226 223 226 233 240 243 244 245 249 249 230 205 203 209 220 224 217
250 250 250 250 239 225 238 250 250 250 249 235 214 187 169 175 184 184 170 158 159 147 147 153 161 168 167 181 196 211 217 208 204 208 207 194 186 178 186 202 215 223 229 226 219 212 210 219 233 243 244 232 210 202 213 226 237 238 230 224 226 230 232 232 233 235 235 233 232 234 238 241 243 246 246 243 239 235 229 225 227 233 239 241 244 245 248 249 240 215 200 210 221 210 204
250 250 250 250 250 250 250 250 249 250 250 238 208 204 202 204 210 216 213 189 172 169 169 170 159 156 174 202 221 221 223 228 229 227 212 196 179 167 199 210 212 216 219 211 207 208 215 226 240 250 244 230 226 232 229 216 219 234 242 241 236 234 235 232 229 229 229 226 225 227 231 235 239 243 245 243 241 238 233 230 231 235 239 242 244 246 247 249 250 244 226 208 198 191 187
250 250 250 250 250 250 250 250 250 249 249 250 249 242 235 215 213 220 222 209 184 190 189 178 172 164 179 200 214 214 195 194 204 205 193 194 182 178 202 214 195 199 204 205 219 218 224 234 244 250 248 243 247 250 242 206 192 221 249 244 236 238 244 245 240 231 221 220 227 230 235 239 243 246 245 244 241 237 234 234 236 238 240 243 245 248 248 248 249 246 232 213 184 184 211
250 250 250 250 250 250 250 250 250 250 250 250 250 250 235 203 196 197 200 200 199 212 201 185 187 198 217 213 187 172 170 176 183 174 170 198 201 204 216 217 186 181 197 213 226 224 236 244 246 250 250 250 250 250 245 237 233 242 250 246 241 241 245 246 244 239 225 222 228 235 241 244 246 245 242 239 238 235 234 235 236 238 241 245 248 250 249 247 245 245 244 239 232 226 232
250 250 250 250 250 250 250 250 250 250 250 250 250 250 243 229 221 211 195 200 210 215 206 187 187 201 221 218 189 186 194 188 189 180 181 198 207 210 210 213 211 195 196 216 221 220 235 245 243 249 250 250 250 248 246 248 249 250 248 243 240 239 244 246 246 243 237 230 230 235 239 242 244 243 240 238 238 239 239 239 239 240 244 247 250 250 250 249 247 250 250 247 242 240 224
250 250 250 250 250 250 250 250 250 250 250 249 249 249 244 229 212 195 179 193 200 208 204 195 205 207 213 209 198 205 195 169 171 184 179 202 217 210 205 209 217 222 217 207 211 221 231 236 232 238 245 247 249 250 250 249 246 240 228 230 232 232 240 242 237 235 230 221 223 228 234 239 242 243 240 238 239 240 241 242 243 243 245 249 250 250 250 250 250 250 250 238 223 218 212
250 250 250 250 250 250 250 250 250 250 250 248 248 246 243 229 201 201 193 189 198 208 207 201 192 178 191 198 202 199 194 169 166 174 176 200 220 226 223 216 216 206 206 208 205 208 217 219 218 224 229 239 245 250 250 250 244 240 237 234 228 227 224 220 219 218 215 213 216 215 227 238 239 237 237 237 240 241 242 242 243 243 245 246 248 250 250 250 250 250 250 240 223 210 208
250 250 250 250 250 250 250 250 250 250 250 250 246 244 246 237 213 207 210 199 199 214 220 205 189 189 203 194 207 200 186 180 184 169 149 153 188 199 191 201 212 193 197 186 175 179 192 192 197 216 232 246 250 250 250 250 250 250 250 246 237 231 208 196 200 203 221 229 226 223 232 238 233 230 236 239 239 240 241 242 243 245 247 248 249 250 250 250 250 250 250 247 239 229 222
250 250 250 250 250 250 250 250 250 250 250 250 249 246 247 248 238 223 218 213 199 201 209 200 198 201 198 192 199 180 181 195 207 214 215 205 189 165 140 171 200 202 208 202 204 196 178 161 162 209 239 247 250 250 250 250 250 250 250 250 240 226 213 202 202 210 226 228 233 238 238 233 229 231 237 242 240 240 240 241 243 245 247 248 248 249 250 250 250 250 250 247 244 241 239
250 250 250 250 250 250 250 250 250 250 250 250 249 249 249 249 239 221 211 199 185 184 186 195 215 219 207 207 206 185 182 204 218 216 202 201 193 177 166 186 209 211 213 217 215 214 199 168 161 214 236 243 248 250 250 250 250 250 248 246 230 218 216 211 222 229 217 198 216 231 231 229 231 236 239 241 241 242 240 241 243 244 243 244 247 250 250 250 250 250 250 250 249 249 247
250 250 250 250 250 250 250 250 250 250 250 250 250 250 250 248 231 205 207 201 179 171 187 204 226 235 227 221 210 192 191 215 223 218 198 177 179 185 187 206 223 215 222 225 216 211 212 216 223 233 240 240 240 244 248 248 248 246 239 236 243 242 228 217 229 234 221 207 212 227 229 231 233 237 239 241 246 244 240 242 243 244 245 246 249 250 250 250 250 250 250 250 250 250 250
250 250 250 250 250 250 250 250 250 250 250 250 250 250 250 246 231 212 213 218 215 208 212 207 221 222 213 200 193 193 204 217 215 208 201 201 202 198 187 211 229 226 225 214 200 195 203 224 231 233 236 239 238 237 239 241 242 238 228 219 226 237 233 221 220 224 214 212 216 223 224 226 229 234 238 243 249 249 246 247 247 249 250 250 250 250 250 250 250 250 250 250 250 250 250
250 250 250 250 250 250 250 250 250 250 250 250 250 250 250 250 250 247 239 239 248 239 212 203 208 201 208 205 197 194 193 205 208 205 203 194 206 214 203 218 232 235 230 215 199 192 208 225 224 228 234 241 241 233 229 228 230 233 225 198 207 232 228 216 214 217 217 218 215 212 218 226 228 232 235 233 239 247 246 247 246 246 249 250 250 250 250 250 250 250 250 250 250 250 250
250 250 250 250 250 250 250 250 250 250 250 250 250 250 250 250 250 250 250 250 250 245 212 200 197 191 198 188 178 177 180 193 212 210 199 188 187 205 218 223 228 232 232 225 213 205 206 205 212 233 241 244 242 234 223 217 212 217 226 221 228 232 224 216 219 219 215 207 190 176 193 213 226 234 222 190 187 217 240 245 242 245 250 250 250 250 250 250 250 250 250 250 250 250 250
250 250 250 250 250 250 250 250 250 250 250 250 250 250 250 250 250 250 250 250 250 245 218 202 203 193 192 203 206 178 182 193 187 186 186 189 201 213 209 195 208 226 224 221 227 226 208 191 214 237 242 244 243 238 228 217 208 209 215 221 226 220 210 206 209 209 206 193 171 153 166 191 219 239 226 184 187 215 234 243 243 245 248 250 250 250 250 250 250 250 250 250 250 250 250
250 250 250 250 250 250 250 250 250 250 250 250 250 250 250 250 250 250 250 250 250 247 231 214 214 207 195 209 218 194 195 197 192 195 194 195 199 209 207 186 201 228 234 236 235 227 207 191 216 234 244 246 239 234 233 228 223 222 223 222 223 226 218 206 196 210 225 204 176 164 171 187 206 224 229 211 193 214 231 239 242 242 246 250 250 250 250 250 250 250 250 250 250 250 250
250 250 250 250 250 250 250 247 240 250 250 250 250 250 250 250 250 250 250 250 250 243 236 237 226 207 198 195 191 192 206 189 178 183 200 214 209 211 219 228 230 229 230 237 239 229 222 207 199 215 237 240 228 226 245 242 231 224 225 224 223 224 225 215 181 188 208 201 188 181 181 188 194 197 219 227 219 213 218 228 235 239 243 248 250 250 250 250 250 250 250 250 250 250 250
250 250 250 250 250 250 250 246 246 250 250 250 250 250 250 250 250 250 250 250 250 250 247 250 246 237 222 200 211 224 221 211 213 210 212 207 193 197 201 218 227 221 209 220 233 230 214 205 188 192 213 215 205 206 226 239 250 248 242 246 250 250 248 242 228 206 200 199 198 193 188 191 183 182 211 240 246 245 242 237 235 239 243 247 249 250 250 250 250 250 250 250 250 250 250
