examples/data/proba_v_out_italy/probav_s5_toc_x19y03_20141006_100m_ndvi_v001.txt
ncols         273
nrows         192
xllcorner     12.62996031746
yllcorner     41.659722222222
cellsize      0.0009920634920635
NODATA_value  -9999
[rows 42 to 83 of 192, columns 95 to 189 of 273]
212 195 185 205 226 221 216 219 219 205 175 144 109 105 133 114 123 155 165 155 146 142 177 209 217 212 205 202 203 209 218 219 218 211 206 206 203 198 197 203 210 207 203 190 183 198 199 198 189 187 206 207 205 198 199 185 188 195 207 218 212 192 177 182 192 182 176 173 178 184 189 183 185 194 196 203 210 221 219 206 185 174 195 200 199 192 177 173 185 198 204 188 176 181 180
211 219 214 218 227 227 223 225 221 214 162 102 93 89 104 134 154 161 172 161 158 157 162 179 211 225 213 197 203 214 220 226 224 217 208 210 198 184 182 195 213 212 208 204 201 207 217 217 201 183 186 203 184 178 192 198 195 198 202 215 218 212 190 192 198 191 177 178 189 208 207 190 192 204 203 203 202 214 227 210 182 167 182 209 209 198 188 174 167 170 181 194 187 178 181
221 225 225 220 217 218 228 214 189 196 170 125 111 118 129 160 173 165 163 154 151 144 135 149 192 228 226 213 210 220 226 224 222 216 213 216 221 209 199 202 213 213 217 212 203 191 206 215 207 203 197 195 197 198 199 200 199 190 202 222 211 203 198 203 203 205 203 201 203 216 224 219 206 197 206 209 188 191 208 199 180 173 171 185 204 202 191 172 161 158 170 187 187 180 182
212 219 219 212 210 207 208 201 186 190 189 181 166 144 140 156 171 172 156 155 162 146 141 163 200 224 222 217 207 217 227 225 223 215 215 219 222 222 218 217 220 223 224 216 209 207 210 217 224 222 219 213 209 205 198 192 192 188 203 215 204 202 198 195 197 214 219 222 223 222 222 218 217 211 201 200 177 172 189 205 191 178 170 175 187 200 200 178 179 177 165 161 166 185 189
202 205 201 200 205 207 205 205 206 206 201 180 157 146 141 160 171 164 131 143 171 171 170 195 220 222 214 219 219 216 218 221 219 218 217 216 216 221 223 218 222 224 234 225 224 220 218 217 224 220 224 224 221 210 202 194 188 194 207 203 198 192 184 177 192 219 224 224 227 227 220 219 206 205 203 196 190 188 184 194 190 177 166 164 179 193 194 181 181 189 185 167 162 160 153
197 201 197 194 209 212 202 200 203 207 199 184 174 184 195 197 170 143 140 145 155 174 193 211 223 220 220 223 220 213 218 222 223 220 222 220 225 232 234 236 236 234 233 233 230 228 224 222 221 220 214 214 213 214 212 204 198 206 218 203 192 197 199 198 208 218 218 218 223 224 224 218 210 203 200 194 192 200 200 199 195 189 182 172 172 185 202 213 214 203 190 177 173 181 169
210 210 202 193 203 210 201 190 190 203 202 204 208 209 207 207 202 193 189 195 208 217 217 215 217 220 225 224 221 218 222 223 223 233 239 232 233 238 243 239 236 234 233 233 232 227 223 216 214 214 213 212 212 216 220 222 219 217 219 212 205 205 211 217 219 215 216 216 216 236 222 221 215 204 196 196 194 199 193 176 177 176 169 155 156 174 188 193 214 221 206 189 181 177 179
203 204 202 202 185 192 203 191 191 205 206 217 215 209 206 207 205 191 191 209 224 226 224 218 218 225 226 221 222 224 226 225 226 229 231 232 237 243 247 243 239 235 231 229 229 226 220 217 210 213 216 214 214 215 218 221 222 221 222 222 214 210 210 211 214 214 215 216 216 219 223 222 217 212 206 203 201 199 196 195 173 158 162 166 157 165 169 178 219 235 215 194 191 186 193
186 175 177 183 175 179 193 193 204 215 220 222 217 212 211 209 196 166 168 198 222 231 229 220 219 226 224 219 222 230 228 224 222 226 230 233 237 244 249 246 243 238 227 228 225 221 220 219 215 218 221 220 216 212 212 214 218 217 217 218 216 209 211 213 217 217 216 213 212 215 219 220 217 211 203 198 192 203 215 203 184 165 168 177 176 152 157 176 204 215 204 196 203 211 210
190 176 165 175 186 186 185 187 202 216 223 223 218 212 212 215 213 209 200 201 210 219 225 222 216 211 219 225 229 234 234 227 223 222 230 232 227 226 246 222 223 222 226 229 227 224 225 222 222 231 229 223 219 215 215 217 219 216 211 217 206 207 217 215 217 219 220 219 218 216 216 216 216 205 196 196 196 205 216 211 199 166 158 166 161 147 152 168 185 196 190 197 205 210 211
196 198 196 187 183 188 192 194 202 211 221 228 226 218 219 226 221 218 214 210 205 206 205 208 210 212 219 221 210 216 231 230 225 225 224 221 221 222 237 217 209 201 208 227 226 227 228 225 227 229 224 222 222 219 218 220 220 218 211 199 180 188 215 214 213 210 212 213 215 216 215 214 210 196 191 202 209 212 210 209 189 156 140 145 143 133 133 153 161 175 207 218 208 207 206
188 211 224 224 218 212 204 201 198 189 185 199 210 215 221 226 220 220 215 211 207 204 202 203 206 209 217 217 204 199 213 220 215 220 226 222 221 224 225 218 188 182 202 233 230 227 228 231 226 218 221 221 221 218 216 217 218 214 207 202 212 220 216 213 211 205 206 209 211 216 217 217 218 211 207 211 213 218 220 212 174 140 124 139 161 174 178 180 170 179 203 213 205 197 208
184 209 221 235 237 227 211 199 190 181 171 174 188 201 209 217 218 216 212 208 203 202 198 197 211 209 211 215 212 212 220 210 204 214 229 229 226 222 213 202 197 199 215 220 221 221 221 216 206 218 221 220 215 216 219 219 214 212 216 214 211 217 213 213 212 212 213 213 214 217 218 220 223 225 216 215 218 219 219 212 184 136 104 110 133 167 186 197 202 207 214 210 199 200 214
190 205 214 223 222 219 212 200 189 186 180 179 184 187 196 213 219 212 208 208 205 201 185 181 186 174 181 206 215 216 218 208 200 207 220 226 226 217 208 194 183 196 216 219 214 213 212 210 218 218 217 216 218 223 226 221 217 222 223 212 213 215 218 219 223 224 221 220 221 223 220 216 213 210 213 214 219 220 218 217 195 133 107 110 139 171 171 185 201 206 205 208 210 213 222
197 203 212 215 213 213 217 205 194 189 179 174 179 179 179 190 198 197 204 217 208 186 181 180 177 172 181 209 212 204 205 206 193 178 207 225 221 207 169 151 154 171 203 222 216 207 201 208 227 224 218 219 226 229 229 222 222 223 222 208 205 216 219 218 214 215 224 229 225 216 207 204 209 214 216 217 220 220 215 218 192 125 107 111 135 169 192 192 197 201 195 191 187 206 209
210 211 211 207 205 208 210 208 205 200 194 192 191 188 183 182 187 193 203 212 196 180 188 204 197 191 191 199 198 194 188 194 197 191 208 222 228 194 133 84 90 133 187 218 222 223 215 217 227 230 228 223 216 219 224 218 220 221 222 221 217 215 215 221 219 221 224 218 209 203 200 207 214 219 217 217 218 217 217 223 193 148 124 122 147 174 200 171 183 191 184 180 191 201 208
219 222 217 204 204 205 211 212 207 214 221 218 211 203 194 186 188 196 199 195 174 166 165 171 182 186 181 197 208 200 192 176 163 163 181 196 188 147 101 92 105 125 183 216 218 207 203 211 212 216 219 211 207 217 223 220 214 212 216 216 216 215 219 223 225 222 221 218 208 203 203 211 219 221 221 218 217 217 220 224 219 201 175 149 148 179 178 180 197 199 193 189 197 208 208
214 219 214 207 215 213 213 198 190 209 216 211 209 211 205 192 184 188 189 186 187 193 185 181 188 175 145 128 145 155 153 137 124 126 136 134 119 110 107 96 105 131 159 172 200 213 219 219 215 216 214 211 214 219 223 216 213 211 209 217 219 220 223 223 219 218 225 225 214 206 208 219 222 221 220 219 215 219 220 220 224 225 208 194 185 194 198 202 205 191 189 203 203 205 199
199 199 194 200 212 216 216 211 210 218 215 209 209 206 201 191 186 186 177 176 183 190 189 188 191 174 137 114 123 129 144 166 175 153 129 113 111 117 106 89 97 107 112 128 177 214 222 215 208 210 214 210 213 212 212 218 214 215 211 209 212 213 213 212 215 220 223 223 216 208 213 223 222 221 218 217 217 220 222 228 228 223 213 205 203 205 205 209 208 185 176 195 203 214 213
207 188 152 159 173 181 194 209 220 226 215 203 197 187 172 166 170 179 171 165 168 177 174 167 169 180 191 178 158 163 188 215 219 183 125 107 115 122 117 110 125 146 145 170 205 221 228 221 212 208 212 217 219 213 210 215 214 203 204 207 209 210 213 217 223 226 223 223 223 215 222 229 229 226 220 218 218 219 221 220 221 219 217 211 206 212 214 215 216 207 191 205 215 213 215
222 190 139 153 163 168 173 169 175 205 200 186 178 163 151 167 183 181 178 180 175 179 170 159 155 168 204 213 206 196 188 205 217 199 164 139 143 135 123 119 118 121 122 163 189 206 218 214 212 213 212 219 223 215 213 211 205 202 197 204 210 216 215 215 220 219 215 214 217 224 229 234 235 228 218 214 216 218 217 213 217 220 219 217 217 216 214 206 206 206 201 204 206 207 212
226 225 206 191 184 165 167 161 170 201 212 200 191 187 176 170 176 178 181 177 167 170 164 164 169 170 187 196 207 206 199 193 203 200 197 191 195 189 162 166 159 163 161 154 144 172 193 175 175 208 215 224 226 221 216 216 217 211 204 201 202 213 212 204 203 203 206 208 214 223 232 230 228 224 217 218 227 222 219 217 217 219 220 221 222 222 217 207 203 204 201 192 199 210 212
226 226 216 208 186 160 181 213 219 210 203 201 192 166 163 173 176 169 169 168 160 165 178 177 178 176 175 176 180 192 214 210 195 192 193 193 197 203 203 211 185 198 206 185 165 158 165 184 199 207 205 209 209 212 213 212 216 208 200 199 200 201 197 196 210 203 199 205 209 216 224 230 222 218 221 225 228 222 220 220 220 222 224 225 224 224 224 223 209 181 197 195 201 221 221
229 229 222 211 193 165 172 221 225 216 209 197 182 171 150 154 160 153 152 154 152 155 169 167 164 174 170 173 186 201 218 214 205 201 195 201 211 212 214 215 211 215 221 212 195 182 176 177 190 205 203 195 186 182 193 201 199 186 190 194 192 195 195 215 199 202 198 198 203 209 221 221 222 228 229 230 226 221 223 223 222 224 228 228 224 226 225 227 214 195 196 203 210 215 209
229 231 228 220 211 203 206 217 215 210 206 203 187 173 160 151 173 188 176 164 164 155 158 166 160 162 163 175 200 212 210 202 196 204 200 199 208 214 220 219 210 210 213 213 199 185 186 197 205 215 212 200 193 187 194 200 204 202 202 198 192 193 197 206 200 197 206 209 211 214 224 231 230 229 228 225 219 220 219 219 219 221 223 223 223 223 225 231 225 205 193 203 210 198 191
226 226 224 221 221 219 220 218 214 210 208 207 188 177 187 193 200 219 205 177 167 170 162 167 153 143 162 185 208 209 207 203 201 205 200 193 177 178 206 213 192 194 210 201 180 190 201 208 208 215 214 201 203 209 199 191 198 210 208 206 207 206 206 201 196 199 207 216 221 222 223 226 228 228 230 226 222 226 224 218 215 217 220 221 221 221 223 230 237 235 215 193 182 177 180
228 230 227 226 223 222 224 223 219 215 213 213 215 226 218 200 199 212 203 186 178 181 180 170 167 173 188 203 204 205 184 187 194 196 204 200 186 177 191 201 180 188 193 197 200 207 212 217 218 219 216 211 218 216 205 186 175 208 217 211 206 205 212 218 217 211 206 214 218 220 224 229 234 237 238 236 234 234 234 231 226 225 223 220 218 215 221 229 238 236 217 181 155 166 204
227 227 240 226 225 224 224 224 223 219 217 216 221 227 218 197 186 188 192 188 180 188 190 188 182 187 206 208 189 178 176 183 191 165 168 200 200 197 201 207 193 183 193 208 218 217 213 218 220 221 214 205 210 216 217 211 210 220 219 219 216 211 210 217 219 222 219 216 215 216 220 225 230 233 232 232 232 234 236 234 227 217 219 225 215 198 221 232 231 233 230 213 203 213 228
219 222 224 226 227 226 223 221 219 218 217 217 217 221 221 216 207 198 182 190 201 200 196 184 184 193 209 209 179 187 206 194 187 178 179 193 198 202 202 206 204 192 194 215 223 221 213 209 209 211 214 213 211 214 217 217 220 216 218 221 219 218 217 214 214 221 221 219 213 209 212 217 217 216 221 225 227 226 223 225 230 228 221 220 223 225 228 229 227 226 227 224 229 226 219
221 222 227 228 228 226 226 225 223 220 216 214 213 219 221 213 193 181 189 197 208 206 197 189 195 197 199 198 193 197 198 172 168 178 171 196 205 200 196 198 210 214 205 194 191 206 208 205 207 210 210 213 216 216 216 214 205 178 177 192 205 217 213 200 198 212 215 208 204 203 213 217 217 218 219 220 222 227 228 223 221 223 222 221 221 222 221 219 221 225 230 217 202 202 204
228 228 229 227 225 225 227 230 230 228 218 209 208 212 216 203 179 173 193 191 195 194 186 181 183 181 187 188 189 198 198 189 182 177 167 184 200 202 195 193 201 202 199 194 202 216 213 211 210 212 213 216 222 222 218 208 195 187 195 201 202 207 210 205 197 196 196 189 199 194 206 217 218 220 220 221 221 221 221 219 217 219 220 220 221 221 219 215 215 222 224 217 200 193 200
232 230 228 225 223 222 227 229 230 227 218 208 205 206 207 206 205 215 207 185 195 209 206 197 190 190 202 192 191 193 195 196 189 164 132 136 172 185 176 183 189 195 207 202 187 188 195 194 193 209 217 215 213 215 215 200 197 210 223 225 214 208 205 205 208 197 206 213 211 209 216 226 226 224 222 220 218 218 216 214 214 219 223 222 220 219 219 217 213 215 218 222 218 211 213
233 233 230 226 222 221 223 222 219 215 209 205 207 207 208 208 208 207 204 202 198 197 202 200 189 189 192 182 185 179 182 193 194 196 192 189 191 173 148 172 192 199 196 193 195 186 161 148 159 192 212 214 209 203 201 203 208 213 221 222 212 196 197 207 210 205 213 210 213 222 221 214 221 226 224 220 220 222 222 220 216 219 225 222 213 209 211 215 217 221 222 224 224 223 224
230 232 228 225 221 217 216 214 214 209 206 209 211 211 212 206 205 197 181 188 182 178 186 192 193 198 194 191 194 184 181 190 196 193 188 192 193 183 173 187 205 198 192 193 199 196 166 155 164 190 214 217 216 211 205 204 204 202 208 217 213 202 198 202 219 221 211 197 207 226 226 217 217 223 231 235 236 231 225 223 227 225 218 213 214 216 216 220 222 223 224 224 225 234 237
222 222 219 215 216 216 213 210 212 212 213 214 214 213 215 209 191 178 177 187 185 191 195 192 196 205 204 202 196 183 179 190 199 200 192 183 184 191 194 199 199 196 198 201 192 184 189 197 203 209 212 207 208 214 214 209 204 205 211 216 221 226 222 208 219 222 214 205 207 225 229 228 223 220 221 223 230 224 222 230 230 218 209 205 202 204 209 218 219 210 205 211 214 208 212
218 215 213 211 211 216 214 212 213 216 217 216 215 214 211 202 190 191 197 198 196 204 208 193 196 201 196 199 193 188 196 205 205 202 201 204 200 190 185 193 201 204 202 200 195 186 190 202 207 208 208 199 197 206 204 199 193 199 202 199 210 223 223 215 218 220 217 213 217 231 233 228 224 224 229 231 231 226 219 217 219 214 213 214 212 209 205 205 212 212 211 211 214 217 218
216 214 214 214 212 212 213 211 214 217 217 218 220 214 210 207 207 208 207 205 201 205 206 195 200 192 191 203 204 198 197 204 212 210 197 197 204 203 195 199 197 198 197 195 195 195 195 203 207 205 210 208 199 190 185 184 185 194 192 189 201 219 225 216 208 207 211 218 218 222 227 226 224 228 234 224 216 223 221 216 211 211 214 209 209 205 200 201 207 212 214 213 214 216 218
216 215 213 216 219 218 216 215 215 218 219 222 222 216 219 217 216 214 211 216 212 206 195 191 197 185 197 215 216 210 211 209 215 212 201 193 183 196 206 203 197 193 193 195 200 206 203 182 198 212 220 222 209 194 184 177 180 193 197 200 212 222 215 197 203 209 210 219 220 210 225 229 226 226 207 164 169 202 220 215 216 212 212 213 211 210 208 207 208 215 220 219 218 217 216
216 216 213 215 221 223 223 220 215 217 219 222 221 219 221 218 216 214 212 211 212 206 190 187 192 190 204 209 195 187 199 207 211 207 198 197 200 191 190 175 184 198 200 197 195 202 197 184 199 214 222 225 218 209 195 183 184 195 204 210 213 210 195 184 200 205 197 209 212 196 224 234 229 224 209 172 183 212 226 228 232 227 213 206 205 207 205 207 214 221 225 223 218 213 212
220 216 213 213 219 223 224 220 200 212 211 216 219 219 218 216 213 221 220 215 207 203 198 194 201 207 202 189 187 191 197 196 190 189 190 186 188 201 205 172 180 205 220 222 206 206 198 193 204 217 226 227 222 219 216 209 204 203 215 219 211 208 202 195 196 206 211 219 226 222 222 227 217 211 219 214 193 198 217 229 232 226 213 207 208 210 209 211 217 222 227 228 223 213 209
218 216 214 214 217 219 221 223 216 207 207 214 214 216 213 211 208 209 208 215 211 207 211 210 194 195 189 196 211 212 202 189 176 175 191 205 207 204 205 206 210 210 213 215 208 205 200 196 197 207 215 211 204 209 222 226 214 204 218 222 216 216 214 203 183 190 214 217 218 216 217 219 206 192 211 223 214 209 219 230 232 227 219 212 209 209 211 212 215 221 227 232 227 219 212
206 208 209 209 213 217 218 217 218 216 212 212 214 220 222 216 214 216 215 217 216 215 213 214 211 212 204 207 215 208 204 200 201 200 204 211 214 210 208 209 208 200 197 204 213 213 203 195 187 196 204 199 192 194 202 220 231 232 236 226 221 223 221 220 217 203 205 207 206 206 209 213 201 189 203 223 234 230 222 225 229 227 219 211 207 206 207 210 212 218 227 233 229 223 218
