examples/data/proba_v_out_italy/probav_s5_toc_x19y03_20150506_100m_ndvi_v001.txt
ncols         273
nrows         192
xllcorner     12.62996031746
yllcorner     41.659722222222
cellsize      0.0009920634920635
NODATA_value  -9999
[rows 42 to 83 of 192, columns 0 to 94 of 273]
124 150 150 138 125 122 128 125 140 167 193 211 196 188 188 181 174 172 176 180 181 181 164 154 177 206 193 176 152 132 144 173 194 189 178 189 215 218 215 205 189 174 137 138 151 141 132 120 87 77 83 71 72 73 86 117 147 197 235 240 232 225 230 238 235 226 208 166 168 223 223 221 231 224 207 203 217 227 213 192 194 215 228 210 180 186 213 240 243 239 241 245 249 250 246
119 141 145 154 159 165 158 130 140 184 217 221 200 196 193 177 153 145 170 199 199 171 146 154 189 208 192 175 163 138 135 164 187 189 183 198 218 204 187 190 202 206 202 192 166 127 95 93 79 69 71 63 67 64 98 160 189 223 236 228 225 241 248 247 240 235 229 216 216 236 241 223 209 208 212 214 224 227 222 215 215 207 207 190 180 209 231 243 246 246 245 245 247 249 245
117 110 122 158 185 183 172 152 148 191 222 226 214 199 186 181 176 179 194 210 203 201 195 182 179 184 181 174 171 164 167 177 192 214 209 196 184 176 172 178 193 190 183 201 185 145 116 107 103 110 94 73 81 93 147 205 226 236 233 213 209 235 242 248 245 238 232 226 226 231 232 232 225 206 202 201 193 193 215 234 225 201 193 196 192 202 230 240 241 242 242 242 243 245 246
132 141 152 160 155 158 182 182 171 195 216 223 216 188 167 184 207 213 194 156 150 172 191 184 171 173 181 179 180 178 174 175 185 198 196 175 158 164 178 185 196 205 201 199 189 153 143 147 136 141 126 101 112 149 161 170 200 222 227 225 225 232 237 241 242 240 239 236 229 225 227 232 244 240 227 206 189 190 202 214 226 222 215 234 232 227 234 238 239 237 237 239 245 249 250
144 173 199 199 182 167 182 199 202 204 206 205 198 167 140 154 202 209 181 145 132 127 144 172 178 168 172 169 181 195 188 176 167 169 171 165 155 149 158 175 190 215 208 189 166 144 147 151 150 146 149 157 148 148 158 166 198 225 227 234 237 241 237 235 239 242 240 238 233 222 210 196 197 218 232 231 218 204 200 197 193 218 235 236 231 229 233 240 242 239 232 237 248 248 244
173 177 196 189 175 151 137 160 194 206 199 197 197 189 183 190 203 198 191 185 179 163 155 178 201 186 147 143 166 203 226 215 180 174 178 176 176 170 177 175 180 209 213 184 163 158 157 162 159 163 190 195 161 134 145 189 214 218 208 197 200 226 233 234 240 242 242 240 239 238 234 213 187 193 224 244 246 234 222 213 197 217 239 225 204 211 222 231 239 240 234 232 227 219 218
163 161 157 153 144 142 151 158 160 189 199 192 195 201 204 199 191 178 176 190 202 210 215 218 222 207 191 185 190 203 213 199 172 163 161 172 173 165 163 144 158 197 204 190 177 164 156 156 158 179 202 211 203 179 180 208 218 222 211 191 183 208 227 229 235 237 240 240 237 234 234 231 222 222 229 231 238 239 240 238 234 239 235 216 195 201 210 219 230 234 231 230 228 212 210
158 149 160 164 154 160 165 163 157 160 170 171 173 184 193 193 185 165 162 188 199 201 206 211 206 189 208 234 232 213 191 181 181 176 158 176 182 187 190 172 195 227 228 213 203 154 138 142 132 136 166 197 212 207 210 227 236 240 241 238 231 222 218 204 219 233 236 242 242 239 236 234 232 234 234 233 236 239 241 242 239 233 230 227 212 207 217 226 230 223 216 222 236 224 204
189 171 176 167 153 152 151 160 165 159 152 159 170 183 189 193 200 204 200 203 209 217 217 200 195 210 217 235 235 215 192 179 192 181 161 172 171 192 207 203 214 222 217 208 211 203 198 190 168 143 152 190 211 202 189 211 230 235 238 238 236 233 218 202 223 236 241 244 244 243 241 239 235 233 234 236 236 238 242 245 244 239 240 247 239 228 224 223 227 226 221 225 233 235 220
191 177 166 160 168 182 186 187 190 181 177 177 171 176 176 172 180 205 213 208 203 205 205 201 206 225 231 207 174 180 193 176 170 177 189 184 179 219 239 237 217 204 212 198 185 187 203 218 235 231 208 202 195 193 196 213 222 229 234 236 230 222 219 219 227 235 240 241 238 237 237 235 232 229 231 235 239 240 241 243 245 245 244 247 249 243 238 235 231 226 223 223 223 226 228
178 164 170 182 200 217 203 185 194 196 196 195 185 170 170 184 187 187 193 203 204 189 180 194 214 218 202 163 137 163 189 177 164 187 220 238 238 243 231 227 221 216 218 193 176 176 183 187 196 222 235 235 219 199 200 206 216 225 230 234 231 208 193 207 222 232 238 235 231 229 230 231 230 229 230 232 235 237 235 233 232 236 242 236 228 225 222 225 228 231 229 224 219 217 221
194 174 165 191 212 207 182 170 189 206 205 197 180 148 154 185 194 193 187 192 194 184 171 175 188 173 164 156 152 155 177 182 186 215 235 245 248 236 215 207 200 199 205 201 192 180 187 200 198 186 183 208 222 197 196 205 217 228 231 225 205 178 175 210 222 228 235 229 223 229 229 229 229 229 228 226 226 228 228 224 215 215 227 229 226 223 222 227 229 228 227 230 229 225 227
208 192 169 184 201 189 173 141 153 183 188 173 165 158 154 169 178 198 190 187 191 176 157 143 136 137 155 144 146 171 184 166 171 199 221 229 230 213 195 188 184 176 174 189 201 190 203 229 231 192 162 182 212 209 205 215 222 231 233 224 195 184 199 228 230 230 224 220 218 218 208 219 224 217 208 205 209 216 220 221 221 221 225 225 226 225 226 228 227 221 216 229 231 223 222
164 156 156 161 155 158 154 124 119 147 168 154 144 156 161 166 172 179 177 184 187 170 158 150 164 176 176 158 149 161 164 148 154 175 205 221 211 188 176 171 174 186 185 183 191 205 220 228 229 220 203 192 202 212 218 228 217 225 233 232 229 233 235 234 228 220 194 174 172 182 184 202 223 222 207 198 201 208 217 223 223 224 223 224 226 229 228 227 231 230 227 237 230 221 215
154 161 169 180 193 164 136 124 121 144 174 175 160 161 181 200 191 176 186 187 175 171 178 180 192 162 141 151 142 148 156 158 160 156 158 170 173 164 162 154 163 178 190 189 179 189 210 223 202 181 200 218 224 228 227 221 214 229 234 235 238 242 239 230 210 195 191 194 182 183 188 194 213 223 222 219 214 211 212 207 205 212 219 221 223 225 223 224 237 239 238 239 235 230 224
163 170 173 171 174 174 171 178 179 172 184 191 166 169 201 208 181 173 180 170 158 167 168 169 183 185 185 174 158 171 189 190 186 167 131 126 152 176 170 158 165 156 157 173 174 182 195 210 212 199 203 195 183 184 181 211 231 235 236 234 236 237 234 228 201 178 176 177 189 216 225 214 196 189 196 210 217 209 196 180 186 200 209 212 215 219 222 218 214 212 221 229 233 231 229
164 175 178 170 166 181 192 205 209 201 198 184 151 178 211 207 183 178 166 161 168 159 158 181 198 198 200 196 189 193 191 159 153 171 166 135 134 144 150 151 147 148 167 189 190 178 176 198 214 219 217 188 175 166 146 174 211 222 221 216 220 225 210 198 186 172 173 182 192 218 235 231 217 191 175 190 209 215 210 201 207 216 220 217 213 209 205 192 182 179 191 211 221 219 225
171 164 169 175 169 162 176 208 199 188 183 167 156 176 184 172 159 164 169 182 181 159 166 202 222 225 222 210 196 190 178 153 154 184 178 141 128 133 131 136 144 158 167 174 170 168 173 184 190 197 200 176 184 178 155 153 160 164 183 192 184 190 184 177 176 179 186 197 171 172 216 227 226 228 225 215 203 211 212 206 204 205 196 191 184 181 175 168 202 223 214 215 231 224 217
188 170 159 152 134 131 158 195 200 192 174 156 146 153 160 165 157 141 153 186 186 169 180 205 216 227 224 210 201 207 211 203 200 207 201 155 124 126 121 139 141 145 153 166 168 164 169 155 147 167 182 170 157 145 137 134 129 142 162 169 179 186 169 164 182 201 211 194 176 174 194 207 204 218 232 236 233 233 219 205 206 213 208 207 210 208 207 213 225 241 246 242 239 231 216
175 153 149 156 148 132 141 164 178 191 198 186 168 153 147 154 166 144 135 163 176 167 168 171 165 184 207 218 221 224 220 187 178 203 216 186 147 106 94 134 138 141 131 128 151 164 189 202 187 188 182 164 158 158 154 150 150 162 176 187 201 209 174 150 202 214 190 183 178 164 177 186 188 200 212 224 230 234 237 237 237 237 230 211 204 214 215 218 220 229 242 246 241 236 218
176 162 154 170 167 127 125 154 172 179 192 201 196 178 138 119 151 144 134 153 182 185 184 181 175 177 192 221 238 237 223 186 160 151 141 125 140 119 111 126 119 132 113 114 136 142 164 184 186 182 175 165 171 168 160 153 150 153 159 177 217 234 217 209 222 200 178 186 173 154 172 186 184 192 197 206 225 234 238 242 249 249 241 210 187 190 179 190 208 219 233 242 244 242 232
180 174 160 163 153 123 115 139 157 162 174 196 207 196 153 126 139 147 167 177 187 197 202 202 210 225 234 237 241 243 237 218 209 204 177 132 120 111 92 85 104 134 122 126 139 154 174 175 182 178 164 156 164 160 156 153 157 167 194 212 226 234 227 215 213 197 171 165 124 108 142 185 184 174 187 197 216 231 237 238 240 245 245 225 209 206 190 199 202 203 212 229 242 246 244
191 175 172 185 173 172 171 161 152 154 178 190 179 174 179 144 145 174 191 195 187 193 190 168 164 196 230 239 239 242 245 244 241 239 237 222 186 148 127 114 116 130 121 110 135 171 190 179 179 166 159 160 159 144 149 148 152 173 210 208 195 204 219 201 196 204 191 166 130 105 140 183 181 185 203 211 212 231 234 234 235 237 234 219 205 204 201 187 197 206 213 227 241 244 242
173 161 161 173 182 192 192 172 159 167 190 190 158 134 147 158 166 186 196 196 181 189 183 169 176 194 212 220 225 232 225 217 217 229 245 240 200 162 156 146 151 143 122 104 121 153 180 198 207 179 168 176 173 157 169 165 164 172 201 220 208 186 177 172 152 156 174 180 171 149 158 177 197 215 209 215 215 222 232 236 234 233 234 233 229 216 217 231 234 239 240 238 237 235 234
194 181 175 174 177 187 184 158 154 172 191 184 163 152 160 177 169 172 176 171 166 186 186 170 169 169 159 166 193 219 213 186 174 200 235 238 220 179 152 149 146 149 150 142 140 147 172 169 157 143 139 146 159 168 166 154 157 176 194 196 171 147 135 138 145 150 148 150 174 188 191 199 198 199 202 213 220 227 235 241 239 237 237 242 242 238 236 239 241 243 240 238 234 229 228
216 209 199 195 182 180 174 156 158 163 177 178 168 162 149 154 164 173 182 182 184 199 203 187 188 182 163 170 178 196 208 199 187 198 221 238 239 225 200 173 156 158 161 147 137 124 103 103 120 125 133 139 145 152 174 188 194 198 189 179 162 146 137 134 148 171 164 150 179 199 205 216 212 203 206 215 224 236 244 249 249 247 246 245 243 240 237 238 241 241 239 236 234 233 233
207 195 189 192 186 194 187 166 154 140 156 185 195 185 149 150 152 146 168 184 193 201 211 218 228 212 196 198 194 196 205 204 193 177 157 199 244 244 230 204 177 165 164 157 136 116 115 124 140 143 144 152 150 148 154 152 144 152 153 155 138 124 130 145 183 211 207 181 188 193 211 222 218 207 199 189 205 237 247 250 250 249 244 240 236 234 231 234 238 239 238 238 236 233 234
202 194 199 204 185 179 189 182 160 138 157 199 219 202 160 154 136 131 155 165 183 183 189 204 213 194 186 200 205 196 187 180 163 136 114 150 190 219 238 224 213 221 220 207 186 167 173 202 218 226 211 206 191 151 130 132 137 142 159 171 163 140 130 166 212 224 224 171 120 147 181 198 203 208 196 177 186 222 240 244 243 229 228 241 240 235 232 233 237 240 238 232 222 221 240
197 199 197 202 197 179 180 184 186 176 172 189 210 208 169 129 130 151 166 165 170 169 188 192 195 196 191 199 203 192 187 185 183 177 179 186 169 156 185 210 198 222 241 245 240 227 195 206 222 225 228 183 152 146 143 144 142 133 138 154 155 153 145 177 224 221 208 174 141 146 173 191 195 189 184 192 193 212 223 220 219 210 211 224 232 240 243 242 238 236 231 214 184 191 229
185 178 166 165 171 176 182 182 177 187 201 207 214 213 185 161 171 184 187 178 159 157 184 183 177 183 171 155 151 154 162 170 182 186 206 220 201 174 169 180 194 210 237 249 246 237 217 187 191 207 217 184 134 120 120 121 127 138 151 170 164 138 132 155 190 208 207 186 164 159 177 186 176 178 176 195 209 201 200 199 207 217 218 225 233 240 243 240 225 207 192 182 171 191 223
138 131 140 167 186 205 222 227 204 174 190 203 203 206 214 210 199 194 196 195 175 163 182 212 197 185 176 157 144 147 158 166 182 198 192 194 173 139 136 154 185 205 206 213 212 200 177 155 159 161 168 172 140 129 133 133 135 143 165 189 180 158 146 162 177 195 204 191 170 170 167 169 173 186 179 197 224 208 195 192 199 213 220 226 232 234 236 234 220 198 181 182 194 209 227
123 126 145 145 138 164 199 222 218 184 175 170 175 192 217 228 233 230 219 201 178 167 170 189 197 201 203 184 162 168 177 169 155 141 123 139 148 136 131 134 155 179 185 195 210 207 196 187 167 144 150 158 144 122 136 151 159 163 176 185 173 171 165 169 195 199 203 181 148 147 163 179 195 192 175 185 220 230 209 189 172 175 197 217 228 231 234 236 235 228 211 209 225 236 238
124 140 156 159 126 126 174 208 223 217 185 154 179 206 218 223 220 210 218 208 185 185 187 183 183 188 199 197 187 177 169 177 181 183 174 176 185 172 152 154 168 173 185 201 219 213 205 195 180 165 165 172 153 147 166 175 183 177 166 162 167 176 158 151 173 206 226 207 173 161 167 170 181 175 166 186 210 221 212 199 187 191 206 222 231 236 238 239 241 241 235 232 239 244 241
116 135 151 165 156 133 140 170 191 204 186 164 177 206 213 206 198 192 185 193 189 187 205 214 212 204 188 183 183 174 179 206 214 223 224 215 206 200 190 172 166 161 150 141 156 168 165 174 154 152 159 166 166 181 191 192 202 209 206 199 193 192 184 195 200 197 205 188 174 167 161 154 173 180 181 189 202 216 212 211 208 200 222 235 238 239 239 238 237 238 241 241 241 241 239
119 139 172 186 172 164 152 148 171 185 190 189 191 179 195 194 194 207 204 195 187 154 141 176 191 196 185 156 143 171 204 210 206 219 217 210 198 182 176 180 162 144 146 144 139 145 157 176 156 130 122 151 187 193 208 208 209 217 219 217 180 148 167 209 217 184 146 143 160 154 155 156 166 180 187 187 204 227 218 211 210 187 182 215 229 234 237 236 234 233 237 242 241 239 234
156 158 162 158 134 142 174 178 164 170 191 170 149 160 193 216 204 195 206 210 202 193 189 188 188 192 191 179 168 184 209 199 185 199 193 179 177 187 184 185 170 153 141 158 151 139 146 163 166 148 150 184 198 178 211 220 215 207 198 187 165 149 147 164 183 164 133 125 136 147 174 167 160 175 188 192 194 194 181 177 202 197 192 218 226 228 227 230 231 230 234 239 239 235 228
195 185 159 156 172 174 170 162 151 151 176 172 128 149 192 202 191 197 214 221 213 205 222 231 225 214 190 188 179 172 180 177 168 172 167 149 141 156 171 154 148 150 140 128 140 152 152 169 181 182 193 193 201 213 223 203 188 172 163 167 174 193 190 180 190 193 161 161 169 177 186 188 181 182 198 212 205 176 157 173 216 218 222 232 231 231 232 232 230 228 230 234 235 231 223
211 198 183 179 196 207 206 196 200 205 203 197 193 200 212 201 189 202 205 187 178 189 181 205 217 211 196 193 167 167 196 199 171 152 136 114 111 113 123 134 129 121 125 130 150 178 188 185 172 154 135 131 179 196 207 198 166 159 167 169 181 196 198 193 188 183 171 169 182 199 209 200 203 203 212 210 190 181 160 174 213 216 218 223 227 227 230 232 231 230 230 232 233 229 222
204 193 175 166 196 201 192 194 205 195 189 189 182 182 189 190 197 199 174 174 166 127 94 130 147 138 123 112 99 99 134 160 139 116 109 118 128 123 122 127 134 130 118 119 137 172 177 157 149 128 129 132 143 159 197 211 185 163 173 166 173 182 169 170 168 184 186 172 179 184 184 169 174 180 185 180 158 149 145 157 182 207 227 227 225 226 231 234 233 232 231 232 234 232 227
205 195 170 160 180 172 168 181 200 201 194 182 178 174 173 192 198 210 216 210 194 136 106 108 101 97 95 85 77 73 77 89 114 132 115 128 130 124 138 142 149 148 116 109 141 175 165 158 166 137 160 164 147 162 206 236 230 208 197 186 184 184 175 165 175 167 173 155 143 158 170 179 199 209 183 155 146 133 126 125 140 181 221 230 232 232 232 231 233 234 234 235 237 238 236
176 186 179 182 189 187 205 213 217 219 217 217 212 204 193 181 179 199 191 184 194 180 170 161 145 134 131 125 117 102 83 70 75 92 90 91 97 92 104 150 212 221 195 187 211 226 220 209 198 191 181 150 123 111 141 205 211 195 188 190 184 154 158 191 199 170 189 185 173 181 177 176 193 203 192 183 182 169 143 137 142 152 196 228 231 229 230 231 233 235 236 237 238 240 240
199 191 181 171 177 185 190 199 209 213 214 219 222 205 197 200 190 195 197 188 178 165 159 153 154 155 153 159 153 149 145 126 98 107 113 106 114 123 163 200 232 244 239 236 231 222 225 229 220 214 194 164 173 155 155 192 189 192 191 187 180 173 169 191 206 203 213 214 212 212 213 206 200 186 192 214 213 201 165 155 167 142 168 214 224 224 233 235 235 236 234 235 237 241 242
