examples/data/proba_v_out_italy/probav_s5_toc_x19y03_20141206_100m_ndvi_v001.txt
ncols         273
nrows         192
xllcorner     12.62996031746
yllcorner     41.659722222222
cellsize      0.0009920634920635
NODATA_value  -9999
[rows 84 to 125 of 192, columns 96 to 191 of 273]
184 189 184 181 178 168 160 162 163 158 156 155 157 159 157 158 159 165 160 158 163 168 168 166 179 193 187 183 183 186 184 181 186 190 183 177 179 186 182 179 174 172 178 175 163 169 167 163 179 175 174 177 177 173 177 179 179 175 164 160 152 146 147 156 181 197 182 192 196 192 205 203 197 187 176 182 179 173 161 171 174 169 175 170 178 180 179 180 180 186 193 188 178 178 174 173
193 189 177 168 158 156 155 158 158 152 153 147 144 152 164 175 172 167 165 161 156 163 177 183 189 188 179 182 187 184 180 177 179 188 187 175 171 183 191 184 175 169 169 171 166 168 167 132 134 164 180 179 180 180 179 175 173 171 176 168 155 152 161 168 188 198 183 192 197 196 198 197 191 187 169 172 182 178 174 177 169 164 173 174 166 169 170 172 175 171 172 178 184 184 180 181
193 184 172 153 129 135 158 166 161 153 158 164 154 155 160 163 162 161 158 162 166 174 182 182 185 179 174 179 183 178 176 174 173 178 190 191 187 183 186 184 180 173 172 181 172 139 138 105 90 122 178 180 188 183 169 162 170 174 173 175 170 169 173 168 183 195 198 199 195 188 197 193 183 182 187 179 187 183 165 169 180 177 180 180 170 161 165 170 170 174 179 188 195 192 187 184
179 172 165 160 163 165 169 174 169 156 161 165 160 160 158 157 162 168 166 165 180 190 188 183 179 174 180 186 184 176 172 174 187 190 192 187 175 176 178 176 176 178 175 179 178 170 174 180 186 189 177 173 185 182 168 169 174 176 166 164 173 172 164 174 192 204 204 190 172 180 190 190 184 179 184 187 183 184 182 181 182 180 174 178 179 181 188 195 196 195 192 189 189 192 191 187
169 165 157 163 171 174 173 169 166 163 167 163 162 164 164 161 159 170 176 177 181 180 185 189 190 193 197 190 182 180 175 176 186 190 182 179 175 172 173 179 185 182 171 169 176 179 181 182 184 185 176 177 179 171 160 169 173 171 171 171 171 163 168 182 198 204 203 193 186 188 192 192 182 185 192 195 192 187 181 180 178 177 170 176 194 193 192 197 197 201 201 189 182 182 184 183
158 168 162 159 171 178 177 176 167 161 164 161 164 168 172 175 172 167 163 166 168 169 185 190 183 189 195 187 177 168 161 170 181 180 186 183 170 163 165 172 178 173 174 181 183 188 183 173 173 181 175 177 161 153 161 176 174 169 165 169 165 159 169 179 194 201 201 198 194 191 185 177 171 178 191 198 191 183 184 188 179 179 187 189 194 196 190 198 210 205 204 200 188 180 183 185
164 167 166 160 159 163 175 183 170 170 170 167 176 178 170 174 176 170 156 156 163 171 177 178 169 178 188 185 174 166 175 176 174 174 180 181 169 165 168 167 164 164 180 192 196 191 178 172 179 189 190 175 161 164 167 171 172 174 173 178 175 170 168 166 183 199 199 191 187 192 187 175 169 172 179 183 185 183 181 175 173 180 190 198 206 210 214 214 214 212 207 204 202 194 189 186
176 168 165 162 157 162 178 187 173 168 175 178 177 168 159 160 162 154 151 162 166 166 170 172 164 164 164 158 155 165 185 182 179 181 167 163 177 173 165 162 157 164 187 194 197 185 172 178 186 190 188 180 176 179 171 176 179 178 176 176 180 185 176 170 181 191 191 184 187 194 194 180 177 187 189 190 191 179 171 178 176 176 182 203 199 207 214 213 209 207 204 207 206 202 199 193
169 171 170 170 171 168 172 174 176 177 174 178 180 174 166 164 161 154 146 149 158 163 167 180 172 153 159 165 162 162 176 184 177 174 160 171 179 173 168 163 164 155 162 179 186 182 177 179 178 174 172 173 171 168 173 177 172 174 179 181 186 186 178 178 183 193 197 180 186 196 190 178 177 184 186 187 190 186 177 183 181 186 196 203 202 207 209 208 209 207 202 208 212 199 182 181
166 173 177 171 169 169 172 183 189 185 176 168 166 174 174 165 156 161 161 145 152 174 181 175 169 164 158 164 175 160 160 170 186 188 176 184 185 173 170 171 169 159 163 173 171 169 167 177 179 174 168 172 181 177 176 188 197 189 181 177 178 178 173 175 175 187 187 177 188 197 190 192 186 179 182 180 181 183 187 198 198 198 200 199 198 199 201 204 206 204 201 197 194 192 186 184
170 172 177 174 168 168 169 169 171 187 181 168 164 170 171 160 151 149 152 161 165 163 168 163 161 169 159 150 161 162 157 158 178 191 189 189 189 175 167 177 182 182 176 172 172 176 172 165 172 185 186 187 183 174 172 181 185 176 172 169 175 177 176 175 176 187 191 180 178 185 181 191 190 179 176 176 180 184 188 191 196 199 197 192 189 190 192 191 191 189 186 181 179 191 196 192
171 174 170 162 156 172 178 166 152 163 170 172 174 172 169 157 151 154 152 153 161 155 158 159 158 164 163 155 161 167 162 160 167 179 188 185 182 183 179 182 188 190 189 184 175 184 190 191 185 175 172 182 187 178 171 172 172 170 167 169 179 180 182 182 185 194 196 190 181 180 183 189 189 174 166 171 175 171 183 185 197 200 191 190 187 184 184 183 177 173 176 175 178 188 196 201
178 181 177 174 164 167 176 185 175 168 161 170 177 179 169 160 156 157 159 162 159 149 152 155 154 164 175 166 158 163 167 172 179 182 181 178 176 171 169 178 176 182 188 184 173 169 164 178 186 181 176 177 182 179 173 168 163 166 171 175 181 180 184 185 185 191 192 192 193 195 192 188 184 178 169 168 171 171 175 172 184 188 193 191 187 188 186 183 183 186 186 180 178 183 190 194
170 170 168 170 172 177 185 193 172 169 175 169 161 154 160 164 165 164 157 152 160 156 153 147 143 153 160 162 162 163 164 173 176 176 180 186 181 175 174 183 191 192 189 182 171 158 158 181 183 174 172 173 175 174 172 171 165 159 163 172 179 182 187 192 192 190 191 195 195 194 198 202 197 182 173 179 186 186 181 178 181 174 184 187 177 178 188 194 194 196 193 184 183 182 181 180
172 168 167 174 176 177 181 184 178 169 160 162 161 154 157 161 161 165 164 160 168 171 169 162 160 166 154 159 168 170 170 176 168 164 172 184 187 189 194 193 185 189 196 181 166 163 173 181 179 171 160 159 162 164 165 169 165 163 164 164 173 176 182 194 200 201 199 198 195 192 196 202 195 179 174 181 176 182 189 188 185 183 183 182 183 178 171 174 186 189 183 177 185 182 181 177
187 180 176 179 184 182 182 180 173 167 155 151 155 154 159 167 161 158 161 166 168 161 156 164 169 166 161 169 169 162 163 169 166 168 165 184 197 195 189 186 178 174 182 177 165 169 179 179 170 156 134 143 162 168 163 166 168 174 163 154 168 173 185 192 198 199 196 194 194 192 194 192 174 172 175 179 173 174 185 184 182 187 190 191 188 183 179 178 179 175 173 163 162 170 177 188
185 179 176 177 174 171 174 170 161 152 150 146 141 155 154 155 156 159 164 174 180 173 157 159 165 167 159 156 159 149 158 167 168 169 163 178 195 202 195 188 188 180 172 160 153 159 165 165 167 154 136 145 154 160 160 163 170 169 162 166 176 190 204 194 189 192 196 196 193 191 189 181 170 169 176 176 171 160 164 177 170 172 178 173 172 176 179 176 174 172 169 171 173 178 177 178
174 172 168 171 164 157 161 166 173 162 163 163 156 155 156 159 164 167 173 181 187 189 186 176 164 164 166 158 158 158 153 171 171 164 160 163 179 197 192 180 173 171 172 154 136 148 173 167 157 145 153 151 138 149 157 162 167 168 168 180 184 194 199 193 187 190 201 199 188 180 184 177 165 161 156 160 168 166 167 179 179 168 165 172 170 167 167 173 179 179 176 178 180 184 185 180
170 175 179 177 166 147 150 155 164 178 163 152 156 158 154 155 149 156 170 184 190 186 186 182 173 161 158 165 166 166 159 159 170 173 166 167 176 183 181 179 172 170 176 177 182 180 183 183 181 193 179 149 134 155 161 160 168 170 176 185 184 193 199 192 190 199 206 203 195 180 174 173 165 168 178 174 172 177 170 163 167 167 159 162 169 167 166 169 173 174 169 172 176 176 177 181
181 177 161 152 162 155 144 150 163 166 163 159 157 154 150 157 159 160 172 183 192 194 190 188 184 170 154 162 168 166 175 192 195 183 169 171 172 162 160 170 186 182 175 175 183 189 197 201 197 176 172 159 151 163 169 168 168 169 183 188 185 193 204 204 206 210 208 207 203 182 168 170 172 171 175 172 164 161 167 169 163 161 161 155 155 161 171 178 182 181 178 176 180 180 178 178
159 161 157 158 154 154 162 170 174 171 164 163 169 165 152 152 163 169 173 176 172 173 183 187 188 185 173 166 172 180 195 205 204 192 174 157 156 165 166 165 172 169 176 187 192 194 198 197 171 133 117 138 172 175 169 172 183 186 193 195 194 198 205 207 207 208 203 199 193 168 148 155 167 171 167 165 172 166 167 171 169 165 164 163 157 157 160 163 167 174 177 177 180 181 175 172
121 129 116 135 152 147 159 172 175 174 174 174 171 164 155 150 160 167 167 167 164 160 164 175 184 187 186 190 183 182 198 206 212 207 192 174 162 166 172 173 170 179 194 200 204 204 201 187 163 139 135 148 172 175 178 186 199 204 205 206 208 204 206 209 203 200 187 175 165 167 165 164 163 168 170 173 173 169 168 174 175 171 172 171 169 168 169 173 176 174 169 171 181 188 180 175
136 137 147 154 159 174 177 180 188 191 180 169 166 177 183 176 171 164 162 165 163 156 155 168 181 184 182 182 171 167 168 185 206 208 194 179 169 164 162 160 169 191 201 192 194 202 197 192 184 171 176 186 193 195 194 196 201 200 202 208 210 201 192 185 177 173 187 178 155 148 145 155 164 162 160 162 165 162 163 171 172 167 172 174 170 170 172 177 181 183 179 176 177 176 174 179
152 155 158 167 179 191 199 194 196 195 181 164 167 177 185 189 182 166 161 161 160 160 163 172 183 183 176 164 164 173 173 172 172 173 176 168 168 173 177 177 179 183 184 185 191 199 201 196 193 192 196 199 196 199 203 201 203 204 202 203 197 176 171 166 180 188 165 155 187 193 150 158 164 161 167 174 176 168 163 174 186 177 173 168 161 165 171 174 178 176 168 171 179 177 165 172
163 174 180 172 174 178 181 182 187 189 173 170 182 182 174 175 173 161 156 155 154 162 168 169 170 167 164 163 169 182 190 181 167 157 161 167 174 185 190 193 191 188 187 195 196 198 196 189 192 191 191 195 199 205 209 210 207 198 190 189 196 193 184 199 172 168 173 158 154 168 172 174 181 178 177 178 184 182 174 167 163 165 172 170 168 167 166 168 174 174 173 177 170 165 168 168
193 192 195 188 170 160 156 158 172 177 158 171 190 184 161 151 152 157 162 168 169 171 172 170 167 163 153 161 179 191 194 188 182 174 168 169 179 191 193 198 200 196 192 192 195 198 198 196 193 189 187 191 202 210 205 193 191 181 165 163 161 171 165 160 159 174 188 177 165 167 178 180 180 182 181 181 181 182 180 177 173 175 173 163 169 180 179 169 169 172 163 163 166 174 187 177
195 198 198 195 176 163 161 155 154 155 160 176 189 177 162 158 154 159 154 157 166 174 176 176 175 160 149 155 164 174 179 184 187 179 168 167 175 189 197 205 203 192 197 207 211 203 192 185 186 188 186 191 196 195 184 163 162 155 182 164 152 164 151 135 184 181 151 171 175 169 177 180 179 184 184 184 186 186 185 187 191 174 165 165 156 156 165 165 167 169 178 191 177 172 180 179
192 187 174 172 169 166 163 155 161 166 177 186 179 160 156 165 164 161 160 166 178 186 181 171 161 167 167 163 159 162 166 161 166 175 178 180 192 216 224 220 214 204 205 212 214 210 203 195 190 186 186 191 187 165 160 163 156 154 162 147 176 176 158 154 164 175 171 174 182 177 178 170 165 174 174 154 150 167 169 159 169 173 165 167 168 170 176 182 180 176 176 179 173 171 173 172
167 163 157 159 159 162 161 156 170 177 190 182 160 149 159 160 158 151 159 184 195 197 191 184 177 165 170 173 163 162 165 156 153 175 186 186 188 202 218 210 205 203 196 199 206 212 208 195 199 190 179 177 177 163 169 166 161 159 159 151 178 169 164 170 175 175 176 177 183 183 177 173 170 171 174 173 167 175 185 180 177 179 178 175 176 178 184 186 185 180 175 176 178 173 169 172
160 156 153 157 163 166 166 164 161 164 182 178 159 155 178 191 172 154 154 163 168 170 166 166 176 175 161 163 165 165 165 159 157 168 177 175 176 179 179 165 164 181 196 206 204 204 196 182 184 184 176 168 165 164 173 177 174 162 170 167 156 172 177 172 168 172 178 178 179 182 181 180 178 178 180 175 165 162 164 168 168 169 174 176 175 170 167 172 178 180 178 178 180 182 180 179
162 162 160 160 163 163 164 161 158 155 168 185 178 166 162 174 178 158 158 162 164 168 166 163 166 174 171 165 167 174 173 169 169 168 161 158 184 200 176 118 122 162 185 192 193 194 179 174 178 178 175 169 163 160 163 170 172 149 154 173 186 194 192 185 173 168 179 187 183 181 184 187 188 193 197 188 175 171 173 174 173 170 171 174 176 178 179 176 173 172 173 177 181 181 182 183
158 161 161 161 160 158 157 154 161 159 169 187 193 181 169 162 169 173 170 170 167 171 174 171 173 179 174 173 164 154 160 171 175 178 180 188 198 204 191 150 117 144 170 178 173 178 187 186 181 177 180 183 176 168 163 159 163 164 162 168 177 191 192 190 185 172 170 178 182 178 171 186 197 183 184 191 188 188 182 179 181 177 176 175 178 179 176 175 172 170 170 173 175 175 169 167
158 160 161 163 160 155 154 158 160 156 165 188 190 181 176 174 175 168 165 172 171 171 176 178 182 181 180 178 181 173 163 170 187 191 183 184 195 183 163 166 174 182 197 200 184 182 188 186 179 171 174 183 178 177 182 173 166 160 160 166 165 171 172 176 183 175 168 167 165 161 169 175 173 164 156 157 165 171 177 173 171 182 194 180 162 163 161 152 165 171 172 172 167 169 174 168
153 157 163 168 169 168 164 167 170 162 164 183 173 167 179 184 181 183 178 177 177 174 175 173 173 175 179 187 196 191 180 183 200 205 205 203 196 183 174 183 194 186 183 182 174 183 187 185 181 175 168 164 164 164 189 202 189 173 160 162 176 184 178 181 173 177 178 175 166 163 163 164 167 169 173 172 173 181 185 183 178 180 186 191 186 176 169 162 162 166 170 172 171 166 163 167
154 159 164 169 174 176 170 171 181 181 185 191 174 169 168 174 176 180 184 172 164 162 169 179 183 187 195 204 203 190 179 176 193 203 203 202 199 175 160 179 189 172 172 177 178 182 189 189 189 186 187 185 178 167 154 146 170 181 166 158 172 176 170 173 169 182 190 184 175 173 174 171 170 172 172 171 172 174 180 184 187 188 187 190 194 191 187 182 170 161 166 173 175 173 168 165
162 162 166 165 166 166 166 170 176 181 183 181 170 161 167 177 183 181 181 175 172 169 170 176 180 177 179 203 213 207 193 173 177 195 203 193 176 162 161 175 189 193 193 189 185 187 188 182 179 186 187 188 188 183 176 156 154 177 168 152 154 159 161 164 173 187 200 195 186 180 175 173 174 173 176 184 188 186 187 190 195 200 197 189 188 188 190 194 188 175 172 177 176 174 168 172
164 165 167 167 162 157 162 163 162 162 164 162 169 161 154 163 178 174 170 173 178 182 179 180 181 172 176 198 208 215 215 203 191 178 172 169 164 174 187 198 207 213 211 204 198 195 194 194 188 181 169 177 187 180 179 165 141 147 158 159 158 157 151 153 163 189 211 208 201 186 173 172 177 175 169 171 183 186 192 196 201 200 196 191 188 171 162 170 179 178 174 183 194 196 199 205
165 156 165 170 169 168 172 168 166 172 177 177 185 187 179 178 179 175 174 180 180 169 155 164 177 184 179 186 197 203 214 216 208 189 176 175 171 184 200 206 206 204 205 205 202 191 196 197 193 189 177 164 148 145 161 168 161 158 157 156 160 168 166 157 155 170 192 204 208 200 187 177 172 172 180 186 186 173 167 186 201 200 196 191 181 177 173 174 182 192 193 193 201 199 188 197
152 160 175 190 181 182 194 186 176 185 193 198 196 185 194 199 197 190 188 192 175 166 167 166 168 180 184 178 170 167 178 183 186 188 180 166 168 181 191 199 202 203 200 198 190 161 161 177 168 177 187 165 145 163 171 168 161 161 164 163 164 183 189 176 164 168 180 194 201 203 197 188 184 178 171 175 197 197 193 195 201 201 200 206 201 193 193 190 186 189 187 180 186 191 176 177
164 178 183 187 180 183 193 196 188 179 170 180 204 206 205 211 207 198 192 184 168 169 173 180 183 180 176 173 172 175 182 184 182 177 172 171 178 174 181 188 193 199 198 182 165 159 162 164 146 144 146 156 158 160 162 159 155 160 171 174 173 184 197 188 173 166 161 171 193 203 198 192 192 185 177 172 183 199 205 200 198 194 189 199 200 185 179 189 190 189 183 170 171 177 171 172
171 173 174 177 178 161 163 182 190 170 156 183 209 202 183 184 188 179 173 179 187 185 170 169 184 188 173 172 182 180 186 188 183 180 175 176 175 170 169 174 174 170 164 164 176 170 159 161 162 166 162 162 159 163 160 158 162 170 176 180 183 189 196 194 181 171 163 158 178 203 205 198 191 190 187 178 175 183 193 194 186 176 173 186 193 184 174 178 189 193 192 179 162 148 147 161
180 158 156 166 175 171 169 182 192 191 182 197 213 193 154 156 172 171 163 165 182 191 181 176 179 180 183 181 177 173 179 182 178 172 168 170 169 165 162 165 168 165 165 158 150 164 163 146 152 156 157 157 155 156 154 154 164 172 171 180 186 188 192 200 199 192 188 174 163 182 205 208 198 191 194 191 188 184 184 191 189 179 171 171 175 175 177 177 176 181 190 189 169 156 152 148
