examples/data/proba_v_out_italy/probav_s5_toc_x19y03_20141106_100m_ndvi_v001.txt
ncols         273
nrows         192
xllcorner     12.62996031746
yllcorner     41.659722222222
cellsize      0.0009920634920635
NODATA_value  -9999
[rows 112 to 167 of 192, columns 96 to 191 of 273]
22 24 14 0 16 25 25 26 28 28 30 12 0 2 10 18 28 19 4 6 14 23 25 26 30 36 41 38 20 35 47 40 35 27 15 24 33 31 27 21 22 22 21 22 21 21 21 22 22 22 22 22 22 22 22 22 22 22 22 22 22 22 22 22 22 22 22 22 22 22 22 20 32 40 31 20 18 13 14 33 32 27 16 28 30 8 9 23 27 28 29 28 27 27 28 12
22 24 29 27 32 29 27 14 5 11 19 10 11 26 22 18 34 24 9 5 0 8 25 23 24 26 27 30 33 34 38 43 44 31 8 28 47 44 39 22 20 20 20 21 21 21 22 21 21 22 22 22 22 22 22 22 22 22 22 22 22 22 22 22 22 22 22 22 22 22 21 22 43 57 50 28 20 18 29 40 14 9 13 18 26 28 30 19 15 24 26 26 25 25 26 21
25 16 28 23 11 16 26 16 25 34 26 22 19 25 34 41 44 24 30 33 4 17 24 21 22 23 24 25 26 26 26 25 25 26 26 27 32 24 17 12 16 29 15 11 13 16 21 21 21 22 22 21 21 23 22 21 22 22 22 22 22 22 22 22 22 22 22 22 22 22 20 27 50 54 45 37 22 21 29 40 42 38 30 12 10 11 10 0 10 27 26 27 28 29 34 33
12 0 5 31 32 15 9 19 45 56 55 53 47 26 17 23 25 24 41 43 31 23 22 22 22 22 22 23 23 23 22 21 22 23 23 24 28 28 20 5 10 34 18 7 4 5 11 20 23 23 21 27 36 52 50 27 21 22 21 21 22 22 22 22 22 22 22 22 22 22 22 33 51 50 37 22 21 22 20 20 20 22 24 20 38 46 35 24 26 23 27 31 31 30 32 32
21 13 16 28 15 12 12 19 26 50 56 40 25 21 21 44 54 45 42 35 28 24 23 23 24 24 24 24 24 21 20 20 21 21 22 23 24 20 4 0 0 3 17 29 30 30 13 8 13 16 19 44 56 54 46 23 21 21 21 21 22 22 22 22 22 22 22 22 22 22 21 20 39 53 51 34 25 22 20 20 22 21 19 22 39 49 47 29 9 0 0 13 29 27 25 34
37 43 26 3 3 11 27 43 40 24 31 49 48 32 22 40 37 31 29 27 25 23 23 25 26 25 25 25 25 17 11 18 20 21 22 22 23 26 29 20 0 0 9 27 27 28 8 5 7 6 17 48 53 54 34 20 22 22 22 22 22 22 22 22 22 22 22 22 22 22 20 27 49 54 53 54 53 50 45 31 22 21 21 18 27 50 47 32 16 14 27 30 33 13 0 0
6 16 38 22 7 13 34 52 28 19 25 31 14 4 15 33 29 26 25 24 24 25 25 23 22 22 24 26 29 17 4 19 21 20 21 22 22 23 24 25 23 19 21 27 12 0 2 4 5 7 10 19 28 35 23 21 22 22 22 22 22 22 22 22 22 22 22 22 22 22 20 35 55 53 52 52 52 53 54 33 20 21 22 36 45 53 49 46 44 18 2 4 10 18 11 1
7 7 20 30 17 9 15 33 39 32 32 30 32 29 28 29 26 26 26 25 26 26 23 23 24 12 15 21 26 29 25 21 19 20 21 21 21 21 23 25 23 25 15 10 28 6 0 3 7 13 15 16 16 18 22 22 22 22 21 21 22 22 22 22 22 22 22 22 22 22 22 32 46 51 52 51 52 54 47 24 19 21 21 31 51 47 35 22 23 13 6 4 4 20 37 16
14 10 0 5 28 7 10 21 31 29 26 26 27 27 27 26 26 26 25 26 26 29 11 0 6 11 21 12 1 23 26 25 22 21 22 23 22 23 14 10 22 23 2 0 10 0 0 5 12 19 21 21 22 22 21 21 22 22 21 21 22 22 22 22 22 22 22 22 22 22 22 20 19 36 53 52 52 54 37 20 20 21 22 23 30 22 21 21 19 19 17 7 2 3 19 26
41 18 5 6 24 22 25 27 25 27 20 4 6 19 25 26 26 24 24 25 25 26 7 3 21 42 33 32 27 29 23 18 23 28 18 17 25 4 0 4 26 18 0 0 0 0 3 5 10 18 22 22 22 22 22 21 22 22 22 22 22 22 22 22 22 22 22 22 22 22 22 21 23 42 54 54 55 52 28 20 22 22 22 21 21 22 21 21 20 33 44 34 28 20 12 3
38 15 7 8 15 26 21 22 22 24 25 17 8 20 27 25 26 21 16 19 24 14 0 10 22 26 17 11 6 24 14 0 0 2 0 12 36 35 31 33 35 13 0 0 0 18 32 31 24 13 17 20 21 22 21 21 21 22 22 22 22 22 22 22 22 22 22 22 22 22 22 22 22 21 24 29 37 38 23 20 20 21 22 22 22 20 19 20 22 43 51 39 34 33 37 22
44 25 5 20 33 26 25 24 26 25 4 14 30 27 25 25 30 15 0 1 27 30 17 18 20 22 22 18 10 12 11 5 6 6 7 18 30 39 46 47 42 11 0 0 0 28 31 33 18 6 12 16 21 22 22 22 21 21 22 22 22 22 22 22 22 22 22 22 22 22 22 22 22 22 22 21 20 21 22 21 21 21 22 20 24 35 29 38 43 31 35 35 37 28 15 29
35 31 22 16 19 3 17 26 27 30 29 25 25 24 24 25 30 20 23 35 25 50 57 40 20 20 21 20 18 16 14 12 12 15 17 17 18 18 19 20 21 10 4 0 0 13 14 1 3 7 13 18 22 22 21 21 21 21 21 22 22 22 22 22 22 22 22 22 22 22 21 22 22 22 21 21 21 21 22 22 22 22 22 20 32 51 50 48 32 14 18 23 17 26 31 31
28 31 32 21 1 1 23 27 28 29 27 28 27 25 24 24 26 31 34 42 32 30 51 55 30 12 12 16 18 16 12 10 11 16 21 22 22 23 22 16 12 14 10 5 1 0 1 2 4 7 11 16 21 21 21 21 22 22 22 22 22 22 22 22 22 21 21 22 22 22 21 21 22 21 21 21 22 22 21 21 21 21 21 22 41 54 49 46 40 19 17 43 53 51 52 24
25 27 27 28 16 0 7 19 6 21 4 2 25 25 24 22 22 25 26 23 28 29 40 41 18 6 8 13 17 16 12 10 12 18 21 22 21 20 20 16 14 14 13 11 8 6 7 8 8 8 10 14 18 22 22 21 22 21 20 20 21 22 22 22 21 21 20 21 22 22 21 20 21 22 22 20 20 22 22 21 21 20 20 21 24 45 56 37 13 10 22 29 31 21 40 16
24 28 31 33 31 6 15 27 20 29 7 0 12 27 26 25 27 15 3 0 0 26 40 36 35 35 20 18 21 21 22 22 21 21 21 22 20 16 12 13 16 16 19 19 15 12 14 17 16 14 13 13 15 20 22 21 21 20 20 20 22 22 22 22 22 21 21 21 22 22 21 21 21 22 21 20 18 17 17 19 24 39 27 18 27 46 34 27 29 36 24 26 13 15 34 23
21 25 32 34 19 8 30 18 16 19 7 0 0 15 27 22 2 15 8 4 15 42 34 23 14 16 20 22 22 21 21 22 22 21 21 22 19 11 9 11 13 16 20 21 21 21 22 21 21 18 16 13 12 16 21 21 23 23 20 20 22 22 22 22 22 22 21 21 20 21 22 22 22 22 22 23 21 19 15 14 16 30 37 26 28 41 26 35 41 39 33 40 37 33 36 34
19 19 22 28 10 16 34 11 6 9 15 6 0 20 28 27 22 11 11 16 21 24 20 21 21 20 22 22 21 21 21 21 22 22 22 20 17 11 13 15 15 17 20 22 22 22 22 22 22 21 18 14 11 12 16 20 41 56 43 23 20 21 21 22 22 22 21 20 20 21 21 21 21 18 15 17 15 12 9 12 9 11 26 30 16 17 30 29 33 36 36 34 34 32 29 28
19 18 20 27 27 35 40 44 36 19 30 21 10 33 32 8 22 30 19 21 21 21 21 22 22 22 21 21 22 22 21 22 22 21 16 10 7 8 11 13 15 19 21 21 22 21 21 21 22 22 20 16 11 9 12 18 32 45 48 36 22 21 22 22 21 19 18 18 17 18 20 20 20 17 14 26 32 23 20 34 32 8 7 20 33 31 28 27 27 27 27 27 28 28 27 26
19 17 17 19 25 29 22 38 41 20 15 11 7 9 17 20 18 20 19 26 29 22 21 21 22 22 22 22 22 22 21 22 21 17 12 8 5 6 8 10 14 18 22 22 21 22 22 22 22 21 20 18 13 11 10 8 14 37 41 23 10 13 15 15 14 13 13 15 16 15 18 19 16 12 15 9 5 23 30 28 29 25 28 33 31 32 31 29 28 28 29 29 29 28 28 27
22 23 22 21 24 22 23 34 21 12 15 11 9 23 37 54 47 23 19 31 37 21 21 22 22 22 22 22 22 22 22 22 22 21 18 13 10 9 10 13 16 20 22 21 22 21 21 21 20 19 16 14 15 16 15 11 22 41 34 9 2 5 5 5 5 15 18 11 9 9 24 43 31 6 21 35 28 28 29 29 28 29 28 27 26 27 27 28 27 27 27 27 28 28 27 27
19 23 25 23 4 0 0 5 31 37 36 20 14 39 49 41 32 20 21 20 21 22 22 22 22 21 21 22 22 22 22 22 22 22 21 16 12 10 11 14 17 20 21 21 20 19 19 19 17 14 13 14 17 19 17 15 17 25 19 2 1 2 1 3 1 10 30 19 0 0 25 35 31 23 26 29 29 28 28 27 27 27 26 26 25 24 25 26 26 26 25 25 25 26 26 27
21 21 23 28 19 0 0 0 7 18 31 24 11 10 15 14 19 22 22 22 22 22 22 22 21 21 21 21 22 22 22 21 22 22 20 17 14 12 13 15 18 20 20 19 17 15 13 10 9 8 10 14 18 21 20 16 8 1 0 0 0 0 5 18 17 0 20 29 22 19 27 29 28 29 27 27 27 26 26 26 25 25 26 27 26 25 24 25 25 26 26 23 24 27 26 26
22 22 24 27 10 1 14 4 5 10 16 21 17 9 7 12 18 22 22 22 22 22 22 22 22 21 21 21 21 21 22 22 22 22 21 21 20 17 16 18 20 20 18 16 14 11 8 5 5 6 9 15 21 22 22 19 11 6 2 0 0 5 32 35 12 0 10 17 25 27 27 26 27 27 26 26 25 25 25 25 25 26 26 27 26 27 28 28 28 17 21 20 3 4 13 22
8 0 9 23 4 0 9 4 10 13 17 20 19 16 15 17 20 21 21 21 22 22 22 22 22 22 22 22 21 22 22 22 22 22 22 21 22 22 21 21 20 17 14 8 6 5 4 3 4 5 8 12 16 18 17 13 6 3 2 3 2 5 19 23 4 0 1 8 24 27 26 27 27 26 26 26 26 26 25 27 28 28 28 28 29 29 30 29 27 13 21 19 3 10 0 9
6 0 0 14 18 2 12 29 44 38 17 12 20 23 22 21 20 21 22 22 22 22 22 22 22 22 22 22 22 22 22 22 21 22 22 22 22 22 22 20 19 17 27 29 14 3 2 2 3 4 7 11 14 15 11 4 1 1 3 5 6 4 0 1 2 1 6 21 24 24 25 26 27 27 26 26 27 27 26 26 26 25 25 26 27 27 27 26 21 16 25 14 20 30 3 1
11 1 0 0 0 25 35 42 44 29 8 8 22 43 33 17 20 22 23 23 22 22 22 22 22 22 22 22 22 22 20 24 26 22 22 22 22 21 21 19 28 44 40 40 19 2 3 3 4 3 8 11 13 13 11 6 2 1 5 8 10 12 21 10 4 9 19 25 26 24 23 23 25 26 27 26 27 27 27 25 24 24 24 24 24 27 25 3 15 21 13 6 6 18 22 31
18 4 16 9 0 8 34 40 42 17 4 6 9 35 42 20 11 16 17 18 20 20 21 23 22 22 21 19 21 22 34 45 47 23 21 22 22 22 21 20 35 45 39 35 12 4 6 6 6 5 20 41 39 33 23 10 4 4 7 12 15 18 25 14 8 9 12 15 24 25 23 22 25 25 25 25 25 25 24 24 27 22 17 22 27 17 13 7 30 43 20 1 3 25 33 29
0 0 11 27 2 0 6 17 23 8 2 18 20 23 27 7 1 2 4 8 12 26 18 17 21 24 35 30 36 50 53 54 55 41 21 20 22 22 21 19 26 34 39 33 11 8 9 9 9 8 8 30 48 50 42 13 5 7 9 12 15 15 13 12 7 3 0 4 26 25 25 10 6 16 21 24 24 24 26 25 10 11 3 1 2 0 19 37 39 37 8 13 30 29 29 29
26 24 8 3 0 0 0 3 4 6 10 30 25 0 0 0 2 15 14 22 38 46 35 20 20 29 53 58 54 53 52 53 53 35 19 20 20 21 20 15 10 9 11 14 12 12 11 11 11 13 15 36 47 47 38 17 11 10 11 13 13 12 9 4 1 2 16 22 29 16 2 15 0 0 0 1 21 28 28 22 3 15 26 29 27 26 37 24 6 13 17 25 31 30 30 29
24 27 23 4 0 3 4 4 16 33 28 7 23 10 0 0 7 37 43 36 27 21 29 18 16 37 47 39 45 50 53 54 54 52 46 43 36 25 14 11 9 10 11 12 13 13 13 13 14 16 15 14 19 41 46 43 42 40 35 20 12 15 29 23 18 26 28 26 29 11 0 6 3 0 12 28 34 33 9 4 6 5 5 23 39 41 42 39 10 13 33 29 29 30 29 29
11 8 33 14 9 12 12 7 17 36 16 4 22 24 25 5 0 6 14 8 3 5 18 27 25 44 37 18 21 24 26 31 36 36 17 17 23 19 10 27 29 24 14 8 8 8 10 13 16 18 18 19 24 44 44 39 40 45 46 29 12 10 14 20 14 1 13 23 12 2 0 1 4 5 5 8 12 16 7 7 11 12 9 11 34 40 37 36 30 27 29 27 27 27 28 29
3 0 9 13 16 14 29 21 5 25 26 21 21 21 22 24 21 15 14 28 27 26 36 50 48 45 23 12 26 38 17 9 3 2 4 19 13 0 10 36 38 26 13 1 3 5 8 12 16 19 21 36 47 40 36 36 34 35 39 36 10 5 4 5 20 30 28 11 0 0 2 4 6 12 16 11 6 5 11 15 15 13 12 18 38 36 16 16 14 3 23 28 28 29 30 33
0 0 4 6 7 11 33 13 6 24 20 19 18 19 19 19 20 22 22 23 25 29 32 25 14 10 29 25 7 6 11 22 14 19 30 30 28 10 15 32 23 0 0 0 0 3 6 10 14 18 19 19 35 40 23 14 21 27 16 8 3 2 2 12 19 31 27 4 0 2 4 7 9 31 49 35 10 5 26 45 45 37 17 9 18 36 17 0 15 29 29 30 30 31 32 32
8 9 29 31 12 8 28 26 2 0 12 19 18 19 19 18 18 18 19 19 21 24 23 0 0 0 1 9 10 21 31 32 32 29 29 29 29 31 27 5 7 11 9 24 8 0 6 11 15 18 19 18 13 9 3 0 0 1 0 0 1 0 2 26 32 32 20 0 1 4 6 9 11 23 43 46 40 34 41 46 44 45 33 23 12 22 33 16 24 30 30 32 32 30 29 30
30 30 31 32 8 0 12 25 0 0 5 21 19 19 19 19 19 18 18 17 19 4 0 0 0 0 0 7 29 27 28 29 29 28 28 28 28 28 29 26 25 31 30 28 25 6 4 9 16 21 22 21 17 11 6 5 6 4 1 0 0 14 28 29 27 18 8 0 2 3 6 9 10 13 30 42 49 40 30 33 17 13 19 28 38 35 35 32 28 27 28 29 30 30 30 30
25 27 11 9 25 20 29 20 0 0 16 22 20 19 18 19 19 18 17 19 17 0 0 0 5 6 0 15 27 25 25 26 26 25 25 26 26 27 28 29 29 27 30 13 0 3 18 19 17 18 21 21 19 15 12 11 9 5 0 3 16 26 31 31 27 10 5 1 11 21 14 9 10 10 11 14 17 17 12 10 8 5 14 24 35 33 32 30 30 31 31 32 31 31 32 31
26 24 4 16 37 37 33 7 0 0 7 21 20 18 18 20 19 18 18 24 16 0 0 0 15 35 28 26 26 26 25 25 25 25 25 25 26 26 27 27 26 26 28 12 0 12 42 45 45 25 14 17 18 18 17 15 14 14 25 32 36 33 34 35 35 34 34 32 33 40 26 7 8 10 11 12 12 10 7 2 8 27 31 31 30 31 32 33 33 32 30 29 30 32 33 32
28 26 8 21 34 35 23 0 0 0 0 10 16 20 4 9 20 19 19 22 13 9 24 15 21 29 27 26 26 26 26 25 25 25 25 26 26 27 25 20 26 18 17 34 12 9 20 27 31 16 10 13 16 18 19 30 38 43 37 35 34 37 35 35 35 34 27 28 35 37 16 5 8 9 9 10 9 8 4 1 0 9 28 27 27 28 30 30 30 30 29 28 28 31 33 34
6 7 10 0 1 26 14 0 0 0 0 0 0 0 0 0 8 13 18 20 23 20 24 24 24 25 26 25 25 25 25 25 25 25 25 26 26 29 17 0 0 22 25 24 13 13 14 11 10 10 11 13 16 20 24 47 50 45 41 41 39 25 11 10 34 34 18 5 7 12 7 5 7 7 8 9 9 8 6 3 2 3 16 30 28 27 29 31 30 29 29 29 30 31 32 33
0 0 0 0 0 4 1 0 5 19 12 22 13 0 0 0 0 0 0 5 18 0 9 26 24 23 23 23 25 25 25 25 25 25 24 24 26 29 12 2 8 15 16 14 16 16 16 15 14 14 16 19 20 38 53 52 55 54 30 17 14 3 7 1 15 38 37 12 4 5 6 6 5 5 7 8 10 12 9 6 10 27 10 3 16 25 27 30 31 30 30 30 30 29 31 32
0 0 0 0 0 0 0 0 0 11 30 29 30 29 24 18 10 4 0 0 6 0 0 0 14 24 24 25 25 25 25 25 25 24 23 23 25 25 5 12 13 10 12 14 15 16 17 17 16 18 20 20 24 47 56 38 29 36 25 19 13 16 34 10 1 9 12 4 5 6 5 4 4 5 6 8 18 40 41 33 12 16 27 0 15 28 25 27 30 30 27 26 28 29 30 30
23 3 0 0 4 4 2 0 0 0 2 17 27 24 9 10 22 33 34 10 2 1 0 0 20 29 26 25 24 24 25 26 27 27 28 28 9 0 0 16 9 2 7 9 11 14 17 19 21 22 21 19 31 55 53 28 18 21 21 17 10 19 34 25 1 0 0 1 4 4 3 11 12 6 6 8 10 12 25 42 16 17 32 25 26 26 26 26 29 30 30 31 31 30 29 27
22 5 0 4 34 37 31 13 3 0 0 6 8 0 2 6 11 15 18 15 9 4 0 0 0 7 22 25 24 24 26 26 26 27 30 29 7 0 0 0 0 0 0 3 7 12 17 21 22 21 18 18 22 42 54 48 25 18 15 7 4 21 28 28 27 22 15 4 2 11 29 37 42 22 7 8 10 9 26 33 8 3 4 15 29 28 29 29 28 30 31 32 31 30 29 28
11 6 14 22 37 42 41 16 5 4 2 2 13 12 9 13 19 21 21 20 22 25 13 4 0 0 10 18 21 24 25 25 25 6 4 10 2 5 19 20 6 0 0 3 8 13 18 21 22 21 19 23 39 47 53 51 47 40 20 8 13 31 29 28 27 29 23 2 3 7 24 43 42 20 8 10 8 9 31 18 12 17 24 29 30 29 30 30 30 30 30 29 29 30 31 31
13 15 38 40 37 41 31 8 5 5 6 9 28 46 25 16 21 21 21 20 36 54 47 37 10 1 1 1 0 19 28 27 30 27 7 10 22 38 41 42 16 1 4 7 11 17 21 22 22 22 20 33 53 53 51 51 55 46 20 16 14 12 8 13 24 27 23 15 14 9 12 20 32 38 13 5 4 10 26 7 6 14 9 28 30 27 27 28 29 29 29 29 29 30 31 33
35 48 48 45 43 42 22 5 6 5 6 7 13 30 20 18 21 20 20 21 25 30 40 39 13 6 5 17 31 26 28 21 15 7 13 39 50 30 14 16 9 7 9 11 16 20 23 22 21 20 20 42 54 52 53 52 50 48 36 30 21 9 0 2 26 28 30 23 16 7 6 5 14 33 35 28 22 8 2 6 19 28 31 29 29 30 30 28 28 28 29 29 30 30 29 29
20 22 41 55 52 46 19 8 8 7 5 6 8 12 16 18 19 19 19 21 20 19 40 53 46 38 28 30 30 28 24 0 0 6 22 48 47 22 11 11 12 13 14 16 19 21 22 20 31 38 35 50 54 56 48 38 22 25 46 55 39 10 14 22 28 28 24 1 0 18 28 7 6 29 43 38 39 26 9 3 10 31 29 29 30 31 32 32 31 30 29 30 31 30 29 27
22 20 23 32 39 36 17 12 10 13 12 8 11 15 18 20 21 22 22 21 21 22 34 48 47 46 45 36 8 1 5 6 14 13 30 51 38 17 17 20 21 21 20 20 21 20 28 49 51 54 57 42 23 28 24 19 19 23 48 51 43 36 28 11 21 26 26 14 1 22 38 22 11 33 52 33 22 28 17 21 28 32 31 29 31 34 32 32 31 29 29 29 30 30 28 26
22 21 20 20 20 21 20 17 15 37 49 31 14 17 19 21 22 22 21 21 21 19 26 48 44 39 41 30 9 9 10 30 52 41 24 25 25 20 22 22 22 22 22 21 22 21 31 49 52 53 41 29 20 21 21 21 21 19 29 42 38 37 18 0 12 26 29 27 19 30 35 35 19 19 41 28 15 26 41 28 26 31 33 32 30 30 30 29 29 28 28 28 28 28 28 25
22 22 22 22 22 22 20 30 43 50 51 50 44 39 32 26 22 22 21 20 21 21 25 43 47 43 43 26 15 20 21 28 28 20 22 21 22 22 22 21 21 22 22 22 22 20 19 20 23 26 21 21 22 22 21 17 15 13 12 17 22 31 31 7 6 33 36 36 38 38 38 38 18 9 17 23 37 24 22 25 23 29 32 30 29 32 32 31 30 28 27 27 28 27 27 25
22 21 21 22 22 22 22 41 57 54 54 54 54 55 56 48 24 19 21 22 22 21 20 28 46 48 44 23 19 22 21 20 22 22 21 21 22 22 22 21 21 22 22 22 22 20 20 20 20 20 22 21 20 17 13 9 7 5 2 0 6 29 38 32 32 44 41 37 23 23 35 31 9 6 29 28 21 31 8 10 24 25 29 31 32 32 31 29 29 28 27 27 27 27 26 26
22 20 21 22 21 20 21 24 28 33 41 48 52 54 54 53 52 44 23 20 21 22 22 20 34 49 40 22 21 22 22 22 21 21 21 21 22 22 22 21 21 21 22 22 22 21 20 21 18 16 16 17 16 13 8 4 4 4 3 3 4 20 45 52 52 41 26 11 8 7 30 21 9 23 30 16 4 19 21 7 15 27 29 32 31 30 31 31 30 29 27 28 28 27 28 30
21 21 22 22 22 22 22 22 21 20 20 21 24 28 34 50 53 52 42 34 23 22 22 22 20 21 22 21 22 22 22 22 22 21 21 21 22 22 22 21 21 21 21 21 22 21 20 18 15 15 15 15 12 22 36 25 9 6 7 9 13 17 21 26 29 21 18 16 14 15 28 13 18 34 30 31 30 35 41 35 31 30 31 33 32 30 29 30 31 31 28 29 29 30 30 29
21 20 22 22 22 22 22 22 22 22 22 22 22 21 23 39 48 52 58 47 23 21 22 22 22 22 21 22 22 22 22 22 22 22 22 22 22 22 21 21 21 21 20 21 22 22 21 19 18 18 20 20 16 32 46 32 8 8 11 15 19 21 21 21 21 20 19 18 17 13 15 15 7 6 7 15 23 27 32 34 34 33 31 31 32 32 31 32 33 32 29 27 28 28 28 28
21 21 21 21 22 22 21 21 22 22 22 22 22 22 21 20 21 23 28 27 20 22 22 22 22 22 22 22 22 22 22 22 22 22 22 22 22 22 21 21 21 21 20 20 22 22 22 21 20 21 22 22 23 37 44 40 21 13 16 19 21 22 21 21 19 16 15 19 19 18 25 44 32 4 10 8 20 22 27 30 28 26 26 28 31 33 33 32 31 34 31 26 25 24 24 24
