examples/data/proba_v_out_italy/probav_s5_toc_x19y03_20140806_100m_ndvi_v001.txt
ncols         273
nrows         192
xllcorner     12.62996031746
yllcorner     41.659722222222
cellsize      0.0009920634920635
NODATA_value  -9999
[rows 0 to 41 of 192, columns 95 to 189 of 273]
179 179 172 151 104 76 96 93 104 114 110 91 72 70 78 80 77 86 100 103 109 135 155 165 160 150 155 153 144 153 165 164 151 167 180 183 181 173 160 152 154 161 168 181 185 180 174 160 151 159 166 170 172 173 173 173 182 196 200 192 183 187 184 189 192 191 174 158 161 177 192 193 188 180 172 171 173 165 154 158 181 193 203 211 217 215 200 185 160 154 171 185 198 213 222
182 185 184 182 168 145 118 97 100 102 107 110 108 112 116 99 92 115 132 133 137 145 150 146 148 155 163 160 149 156 163 154 144 162 174 176 173 173 179 173 170 175 178 180 187 188 183 175 164 162 165 162 164 174 179 174 166 170 184 185 183 180 160 179 192 191 183 175 176 187 197 197 196 193 188 172 163 174 176 173 175 184 202 214 219 211 186 172 168 166 177 192 186 193 209
140 170 167 149 153 169 169 154 134 110 102 104 108 111 119 124 102 102 126 146 154 151 141 135 137 156 166 166 161 157 157 169 170 165 159 158 160 170 184 182 176 171 170 169 173 179 184 178 167 162 167 176 177 174 176 175 168 167 184 206 223 214 183 174 185 191 190 187 189 189 195 200 200 196 186 183 172 177 191 192 183 172 173 190 205 203 189 186 195 189 180 181 189 195 200
121 165 179 147 133 155 185 192 182 160 131 109 101 103 107 121 136 122 115 124 138 160 154 136 142 160 157 156 165 168 166 173 172 173 173 168 168 168 167 165 169 173 165 161 163 174 185 188 181 173 175 180 178 172 172 175 171 171 182 198 210 215 206 185 177 177 185 192 192 185 187 196 200 187 178 189 194 193 190 184 188 185 175 179 191 192 181 182 186 178 175 177 185 189 191
149 178 190 170 139 149 181 193 190 185 168 141 113 103 108 129 145 138 124 129 142 151 145 130 152 170 165 159 163 179 174 157 158 185 198 186 167 162 161 165 176 181 172 162 161 165 172 182 188 186 179 172 171 171 174 176 175 169 168 177 195 210 209 189 172 171 179 190 192 179 165 173 204 198 184 184 188 189 186 180 182 190 194 183 184 187 178 188 190 183 174 169 184 196 191
151 168 186 182 163 170 187 190 187 190 184 173 133 107 119 145 154 153 152 152 152 162 164 155 163 160 149 116 106 149 162 144 146 171 177 185 184 183 183 179 182 188 187 180 173 171 170 171 174 181 180 174 174 176 173 168 167 169 169 172 185 193 192 187 175 164 163 176 188 184 177 181 201 204 186 173 175 183 187 177 164 175 199 200 194 185 178 187 202 209 205 197 197 200 198
156 171 191 189 176 179 196 198 187 182 185 183 128 114 141 163 159 159 168 176 177 171 169 175 177 153 104 74 103 161 183 163 152 154 163 184 202 200 194 187 183 185 193 196 189 177 167 159 167 183 192 190 181 177 176 175 179 184 181 171 169 174 178 185 191 194 185 177 192 210 189 187 194 201 187 172 171 185 193 183 170 178 192 191 179 179 189 197 198 200 203 195 187 190 204
168 180 192 192 181 172 177 185 178 181 187 186 166 158 163 169 163 156 161 172 187 193 187 179 177 171 149 120 121 153 174 177 165 155 154 167 187 190 187 180 177 180 182 181 181 174 164 159 167 186 193 185 179 180 188 189 181 174 184 179 165 159 168 186 201 201 181 165 187 213 199 181 171 177 188 189 183 184 192 193 188 183 184 191 189 187 194 205 199 194 195 188 181 187 198
170 182 191 193 187 173 163 169 179 188 191 192 190 182 173 171 172 172 167 168 180 194 195 183 176 170 170 150 120 126 157 172 168 155 141 128 152 177 176 169 173 184 180 167 166 170 161 157 166 177 174 174 178 178 184 180 167 168 195 187 167 171 191 198 202 202 199 194 194 200 191 160 140 160 188 198 186 174 181 190 186 175 177 189 187 181 185 183 165 177 184 177 178 185 189
169 182 190 192 188 174 163 176 189 194 201 205 203 194 174 157 153 156 170 165 153 161 177 182 179 178 189 182 159 155 176 172 168 165 152 140 152 163 164 164 170 183 190 174 171 187 178 171 175 177 163 161 170 170 173 171 169 180 198 197 183 194 205 202 204 204 200 191 187 191 191 183 167 164 173 190 199 187 170 171 177 178 182 192 199 195 187 173 157 171 171 167 169 174 179
182 179 178 179 186 181 167 171 186 192 197 201 201 195 167 159 162 153 162 144 137 151 168 173 179 188 196 193 182 166 165 174 173 172 167 162 155 135 158 166 173 185 184 178 179 186 185 188 187 182 169 155 162 154 156 173 178 174 192 207 204 190 178 172 176 184 187 177 173 176 180 180 171 170 172 171 173 175 167 161 172 188 188 182 176 174 182 182 180 179 172 170 169 171 171
180 167 162 163 175 179 165 163 179 184 184 187 192 188 167 162 156 145 147 142 152 157 171 187 186 187 192 192 184 170 162 166 166 158 154 171 158 140 164 165 173 178 169 167 166 170 179 181 179 186 188 170 154 152 157 174 184 183 196 217 201 173 161 154 163 183 194 187 179 174 171 174 180 181 184 179 176 179 179 181 189 195 186 178 173 171 179 190 192 187 183 183 184 183 166
181 177 168 170 183 195 183 166 167 172 173 175 178 183 178 162 154 152 150 156 170 166 184 201 192 189 196 199 200 192 176 164 144 125 120 139 133 122 133 147 150 159 169 159 153 159 169 182 190 197 197 180 166 171 158 168 193 199 181 182 191 178 167 161 156 164 178 184 178 174 172 185 198 195 190 188 185 185 181 179 182 186 184 179 173 167 170 181 188 186 182 182 184 177 154
175 191 198 187 177 181 182 168 167 175 176 176 175 177 173 167 173 179 177 182 197 185 166 189 205 207 209 206 194 175 177 176 152 132 134 135 122 118 134 136 133 140 165 151 156 177 180 184 187 185 179 178 179 191 194 182 179 203 185 168 197 196 183 168 161 162 170 182 188 183 181 199 206 202 195 192 178 182 185 179 176 175 178 181 180 176 171 174 182 185 179 171 168 165 156
185 196 201 187 172 169 165 156 162 179 175 167 160 158 168 178 185 188 186 186 190 184 171 186 199 199 192 184 168 148 158 162 155 152 171 181 173 168 172 171 164 174 185 169 166 161 157 160 169 175 175 171 167 183 185 171 169 201 197 166 169 189 184 158 164 180 176 172 178 187 197 209 212 210 202 188 176 184 186 182 171 165 174 180 182 180 177 181 184 182 176 167 157 157 162
188 185 180 180 182 175 169 164 170 179 168 159 157 157 164 182 199 198 190 192 202 206 206 204 205 195 163 139 126 133 155 140 126 139 179 208 203 203 211 213 204 197 197 199 200 190 180 173 172 176 178 176 177 184 178 171 172 177 175 160 153 176 194 173 143 153 168 174 183 194 203 212 217 215 205 189 171 169 185 192 178 164 171 176 179 180 179 180 183 182 173 164 159 163 171
186 185 188 187 182 173 173 179 175 173 167 160 166 181 194 206 215 210 206 212 218 214 204 205 213 180 127 98 89 101 126 138 132 133 169 197 195 199 205 208 209 206 211 218 220 214 201 194 189 180 168 161 163 166 167 178 175 166 162 174 176 174 203 208 184 169 161 172 188 195 196 199 206 213 213 200 171 158 169 179 180 168 155 166 184 183 177 178 186 186 176 178 178 175 176
181 166 154 146 165 164 161 167 166 168 169 172 177 184 191 202 204 196 194 204 209 207 203 202 208 183 130 93 86 94 107 132 150 153 172 183 183 185 187 195 206 216 228 228 220 192 166 161 173 184 182 172 165 167 157 158 178 189 180 178 176 156 176 193 190 181 168 170 182 190 188 190 197 210 216 208 184 161 158 166 172 181 170 173 185 188 180 168 170 176 177 191 191 184 182
200 167 147 133 134 146 151 158 168 176 181 185 188 192 193 200 206 205 198 195 197 190 179 171 162 150 125 99 87 98 119 147 164 173 180 185 191 196 200 200 203 215 217 205 194 187 171 169 165 161 151 149 162 172 156 162 178 187 180 155 158 165 172 194 200 197 188 176 170 172 174 180 188 197 213 215 206 196 184 184 185 181 171 169 180 185 182 172 170 175 170 173 186 188 179
221 217 196 184 167 162 159 153 169 192 202 202 199 194 190 194 207 212 197 174 162 169 170 157 140 127 121 113 101 104 129 170 185 188 193 195 198 206 211 209 208 213 209 202 196 183 152 146 155 144 133 146 162 164 162 178 175 168 169 166 163 188 195 198 208 205 187 165 155 158 162 166 181 197 215 219 215 203 189 172 175 182 186 183 180 177 178 177 182 186 170 163 176 181 169
219 195 186 205 192 186 175 164 177 194 198 197 199 200 194 194 200 200 184 172 163 163 170 169 157 154 154 141 114 114 110 120 150 178 199 201 194 197 202 201 202 218 222 191 193 190 173 154 153 141 133 147 151 149 146 152 157 162 183 196 191 190 196 192 187 188 185 172 159 158 154 145 176 188 193 207 214 200 199 198 187 183 181 170 163 170 173 168 170 180 178 169 169 168 165
203 162 169 194 191 185 166 164 173 181 186 189 193 194 190 191 189 181 170 164 170 180 176 168 174 186 177 143 126 139 133 117 116 148 193 203 194 193 204 213 211 216 216 198 197 184 175 167 158 155 157 161 162 163 157 150 146 147 164 188 195 189 189 189 178 179 182 177 170 179 179 164 159 159 177 202 213 203 204 214 210 199 182 156 153 158 166 173 174 176 170 161 158 162 163
193 180 190 201 202 186 163 165 169 164 167 180 171 168 176 182 177 169 161 164 174 184 176 161 176 199 195 168 172 179 154 131 129 155 188 201 201 201 203 206 209 213 218 215 200 183 181 176 167 163 161 158 158 162 167 166 169 160 141 140 160 170 173 173 172 189 192 175 161 174 175 174 170 176 189 206 212 205 195 186 186 181 177 172 166 155 152 160 169 176 170 164 157 153 161
173 171 194 214 219 210 195 187 176 162 162 174 173 154 167 173 171 167 163 164 173 181 181 179 193 205 203 199 206 198 183 167 158 168 190 201 201 197 194 193 200 208 213 213 195 181 184 183 176 170 169 167 159 154 160 173 187 184 155 136 148 166 161 167 165 173 185 175 159 159 169 182 176 176 183 188 192 207 201 180 176 176 177 180 177 164 150 154 169 181 178 169 151 148 158
185 178 194 210 214 211 201 186 179 176 177 177 175 172 180 179 181 192 194 189 187 192 193 195 199 203 198 188 188 198 207 202 190 194 215 206 195 198 202 197 201 207 215 215 196 176 173 178 181 177 178 179 180 179 174 177 188 188 172 165 162 167 179 190 168 124 125 158 168 171 186 185 166 165 166 170 182 204 208 193 174 168 172 174 172 163 149 143 153 169 171 158 151 151 148
199 203 204 196 191 188 179 172 177 180 181 178 171 175 185 188 185 190 197 200 198 194 193 193 196 197 192 181 177 183 189 191 190 198 207 199 181 190 203 205 205 210 220 221 208 186 175 175 182 186 186 184 181 181 181 179 181 184 186 181 166 158 155 160 148 96 87 136 168 165 177 177 176 181 171 169 180 199 205 193 179 179 179 171 161 148 136 131 140 155 152 143 146 151 149
208 212 206 185 169 162 161 169 183 176 186 186 176 184 184 186 190 191 196 197 188 188 194 187 192 195 192 187 184 191 195 187 179 188 191 186 182 196 195 195 195 198 207 213 213 203 188 172 168 173 182 186 182 185 188 182 171 164 164 168 163 145 118 118 129 135 141 160 165 145 135 133 150 165 161 158 174 193 194 182 183 186 173 156 144 132 134 137 145 150 140 141 150 154 154
205 213 193 184 193 192 186 192 201 191 186 188 194 192 175 180 197 196 187 192 183 172 168 174 194 194 192 188 183 184 188 193 204 211 195 186 193 205 204 200 185 173 178 195 202 192 185 182 177 173 185 189 180 190 194 186 172 163 158 169 164 139 113 107 115 145 186 198 169 150 141 131 111 107 125 145 163 175 164 150 150 156 146 129 120 124 139 139 140 146 152 155 155 155 157
194 200 176 168 181 193 208 218 203 198 197 193 196 191 192 194 191 193 182 181 183 165 173 186 191 183 183 193 200 192 179 189 209 215 208 207 205 203 201 203 197 183 183 192 189 171 169 181 188 183 176 168 183 196 189 174 163 156 164 176 155 125 112 104 103 140 189 205 187 174 160 160 140 97 92 108 132 140 122 107 111 127 135 127 118 134 155 157 154 152 156 165 167 163 155
203 200 190 180 180 182 201 212 192 191 185 178 178 183 202 206 192 174 165 182 183 169 183 184 182 160 143 165 197 198 179 175 186 198 201 207 211 210 205 206 207 202 199 194 191 190 190 172 177 159 146 158 186 187 161 151 157 168 169 170 157 135 130 128 126 146 193 212 207 188 157 150 139 118 103 94 97 92 94 111 114 116 119 117 130 168 171 161 156 158 163 166 170 171 167
210 200 192 193 197 195 215 216 199 192 190 186 183 186 195 190 181 170 166 191 197 197 198 195 194 176 168 180 197 204 191 187 196 204 202 198 196 197 195 192 193 198 199 194 187 183 198 196 176 128 119 150 149 127 106 104 128 157 143 131 138 156 167 170 163 175 207 216 215 200 179 167 158 145 126 107 98 97 108 120 121 127 144 136 137 163 172 167 156 153 166 171 170 169 173
209 193 184 201 229 239 234 229 218 203 192 190 188 183 182 184 184 186 175 175 188 194 196 197 195 189 186 194 203 206 198 199 207 209 200 189 185 176 172 174 173 179 186 178 155 131 156 174 143 115 99 104 93 83 85 77 82 129 161 149 144 153 166 174 181 199 217 223 223 213 197 180 157 129 121 113 105 102 102 110 120 136 159 159 158 167 173 169 160 159 152 149 161 168 178
215 219 214 206 211 233 234 226 218 206 196 192 191 187 191 195 200 201 184 178 192 198 194 199 199 197 193 194 200 208 209 209 213 213 205 187 166 136 116 110 131 159 156 163 162 145 130 126 110 94 86 94 94 93 99 90 87 131 163 157 156 159 164 177 194 209 215 219 221 214 201 188 164 129 117 130 111 95 97 104 122 147 173 184 176 167 163 167 166 160 158 162 162 160 171
215 222 220 206 197 218 221 223 226 218 202 192 192 198 211 209 207 202 196 196 199 193 196 213 202 188 182 181 190 203 212 218 221 222 217 197 164 133 117 117 124 139 111 96 101 91 79 80 99 101 116 127 147 158 157 163 161 158 164 169 172 172 175 185 195 201 198 190 189 192 191 184 164 141 133 144 136 107 99 111 128 156 186 199 196 188 172 161 165 166 160 173 173 161 160
203 213 222 219 212 217 222 216 212 208 198 190 197 208 216 214 206 195 185 181 179 178 186 199 201 192 187 186 198 214 218 218 225 225 216 198 174 147 123 114 118 102 104 120 121 88 77 84 101 118 144 169 181 176 158 161 178 186 185 182 181 179 183 192 196 194 191 188 185 182 180 178 172 158 122 116 125 118 97 111 128 145 163 186 191 189 183 170 163 180 188 188 179 164 169
162 181 213 223 218 206 213 217 210 201 196 197 204 208 204 206 207 202 195 189 186 191 197 198 195 201 207 202 195 203 218 223 225 219 189 182 185 139 106 91 108 134 163 186 176 139 137 165 172 178 179 173 174 172 163 162 169 181 185 180 175 172 173 190 196 173 165 174 189 190 180 181 179 166 135 119 121 122 106 114 124 153 181 187 184 186 178 163 150 152 172 187 186 162 172
149 171 212 222 197 177 196 212 212 210 208 209 213 203 185 198 208 204 196 198 200 204 209 214 208 190 187 196 204 213 227 226 216 204 177 180 167 116 77 80 124 172 195 198 190 173 167 187 199 194 184 176 175 168 166 163 162 173 174 165 167 176 173 188 187 164 159 176 207 216 205 199 195 185 165 138 129 150 151 145 157 177 186 182 175 174 183 182 175 160 164 177 179 171 169
143 170 215 218 175 164 209 217 214 216 219 224 223 203 194 209 222 215 207 207 212 221 215 214 214 198 194 197 207 217 225 219 221 230 223 208 169 119 98 108 165 205 213 208 208 203 196 188 181 184 181 179 172 159 158 166 168 168 165 159 169 175 171 177 183 187 184 186 200 209 210 208 203 188 185 175 163 162 150 156 176 184 184 185 174 173 191 189 182 179 175 177 177 170 168
156 150 185 218 187 181 201 209 220 216 220 231 234 225 223 228 230 220 206 215 225 232 219 216 212 208 213 215 216 221 218 205 217 234 241 234 221 188 159 165 195 203 204 193 180 179 181 173 177 188 189 194 182 171 172 185 178 166 166 173 178 177 177 180 188 196 194 186 175 169 178 187 184 169 164 185 188 180 167 166 189 193 178 168 165 175 180 169 153 144 150 159 169 174 178
191 163 168 200 211 221 222 214 212 195 195 226 225 209 205 206 216 200 188 213 221 219 210 204 208 219 230 234 231 229 212 210 226 235 247 244 228 208 199 208 216 213 208 191 177 180 189 183 183 187 196 199 184 180 182 190 193 195 188 192 190 176 167 173 184 190 194 195 179 172 178 175 176 175 171 178 196 195 184 174 188 190 183 182 181 175 172 169 164 162 163 178 178 178 187
225 209 208 228 229 226 240 207 186 183 193 220 182 145 124 135 165 156 176 216 208 199 203 201 206 224 236 241 242 239 216 225 239 241 241 235 226 226 231 230 220 207 200 191 188 205 203 178 165 179 198 197 186 184 184 182 181 187 202 213 204 179 160 162 174 182 186 187 181 192 194 182 179 186 197 196 193 194 188 175 172 176 175 179 187 179 166 183 191 179 169 182 174 175 188
230 202 197 237 244 242 243 225 194 184 186 187 159 118 92 103 130 146 177 196 183 165 192 215 230 235 233 235 234 231 227 237 237 235 230 222 216 226 226 228 227 206 188 176 179 195 204 191 181 186 199 199 195 191 188 182 178 190 209 220 211 185 173 180 184 183 185 181 176 184 187 188 192 199 212 210 203 203 201 176 173 184 183 170 183 177 160 165 184 192 179 171 168 170 176
