examples/data/proba_v_out_italy/probav_s5_toc_x19y03_20140606_100m_ndvi_v001.txt
ncols         273
nrows         192
xllcorner     12.62996031746
yllcorner     41.659722222222
cellsize      0.0009920634920635
NODATA_value  -9999
[rows 126 to 167 of 192, columns 95 to 189 of 273]
189 203 211 218 213 200 152 141 162 180 211 190 166 179 193 176 167 168 188 207 208 202 203 204 203 200 194 185 190 211 229 241 250 250 250 250 250 250 250 250 250 250 250 250 250 250 250 250 250 250 250 250 250 250 249 248 248 247 246 244 244 247 250 250 250 250 250 250 250 250 250 250 250 250 250 250 243 226 219 193 206 219 216 233 243 247 247 244 234 206 191 202 229 223 174
227 236 227 220 214 188 154 154 167 170 165 165 181 198 203 168 145 141 169 203 221 214 218 227 234 224 192 158 154 192 238 249 250 250 250 250 250 250 250 250 250 250 250 250 250 250 250 250 250 250 250 250 250 250 250 248 247 245 246 248 248 250 250 250 250 250 250 250 250 250 250 250 249 247 243 237 224 199 188 181 183 209 225 235 242 243 239 212 186 174 157 180 219 226 192
247 242 233 223 212 189 164 157 174 188 157 155 186 203 202 187 162 154 187 214 224 235 250 250 250 250 221 181 177 219 250 250 250 250 250 250 250 250 250 250 250 250 250 250 250 250 250 250 250 250 250 250 250 250 250 250 250 249 248 249 250 250 250 250 250 250 250 250 250 250 250 248 247 243 235 220 203 192 204 196 180 207 222 233 241 243 240 232 230 208 176 191 213 223 206
250 250 237 223 212 205 207 203 196 190 146 141 177 197 191 183 189 197 202 217 220 239 250 250 250 250 231 217 226 241 247 250 250 250 250 250 250 250 250 250 250 250 250 250 250 250 250 250 250 250 250 250 250 250 250 250 250 250 249 249 250 250 250 250 250 250 250 250 250 250 243 237 237 242 239 216 180 180 208 185 174 180 171 191 225 243 245 245 238 198 159 178 220 225 220
250 250 241 227 213 202 205 208 204 202 199 195 188 194 174 152 166 186 192 198 199 218 234 244 248 244 225 233 245 248 248 250 250 250 250 250 250 250 250 250 250 250 250 250 246 244 241 244 250 250 250 250 250 250 250 250 250 250 250 249 250 250 250 250 250 250 250 250 250 245 224 203 205 225 244 236 203 184 204 200 176 164 152 148 180 212 234 245 241 222 194 197 221 219 218
250 250 250 244 235 225 220 219 219 216 213 216 209 208 184 146 153 170 177 185 192 201 211 225 233 230 227 248 250 250 250 250 250 250 250 250 250 250 250 250 250 250 250 250 244 233 222 233 250 250 250 250 250 250 250 250 250 249 246 244 243 242 237 230 223 233 250 250 250 250 239 222 211 205 224 244 244 236 217 189 168 169 167 167 165 169 198 234 248 244 232 219 215 215 217
250 250 250 250 249 241 231 222 217 217 216 210 206 209 190 164 176 187 176 183 205 217 218 221 223 225 239 250 250 250 250 250 250 250 250 250 250 250 250 250 250 250 249 248 248 245 243 246 250 250 250 250 250 250 250 250 250 250 246 225 233 242 242 224 197 188 214 241 250 250 244 235 225 201 182 202 231 235 194 159 157 167 163 153 147 151 171 206 234 239 243 246 241 240 242
250 250 250 250 250 250 247 239 217 197 199 213 218 220 214 210 228 215 187 192 211 222 226 223 222 232 246 250 250 250 250 250 250 250 250 250 250 250 250 250 250 245 240 244 250 250 250 250 250 250 250 250 250 250 250 239 213 201 205 223 246 250 240 230 228 209 211 233 244 245 247 239 240 237 194 166 181 201 182 160 168 167 159 155 162 159 157 169 200 220 216 199 190 205 220
250 250 250 250 250 250 250 238 205 154 143 192 215 221 218 217 233 216 210 213 218 222 229 227 233 244 248 250 250 250 250 250 250 250 250 250 250 249 245 243 241 238 236 242 250 250 250 250 250 250 250 250 250 250 243 203 148 154 190 220 237 243 222 213 231 243 244 249 248 238 232 226 236 249 226 184 181 179 169 165 182 184 167 164 162 150 156 165 165 157 152 153 150 152 161
250 250 250 250 250 250 250 246 228 198 163 168 197 212 220 231 238 232 227 218 207 218 235 239 245 250 250 250 250 250 250 250 250 250 250 250 250 247 239 235 236 237 233 239 250 250 250 250 250 250 250 249 250 250 246 227 203 204 232 238 230 216 191 178 178 181 195 236 244 229 204 187 194 223 222 188 166 175 178 175 186 206 192 159 157 168 173 181 175 159 168 198 220 212 177
250 250 250 250 250 250 250 250 244 230 208 206 224 237 242 244 249 250 247 228 197 219 237 244 250 250 250 250 250 250 250 250 250 250 250 250 250 250 246 242 241 243 238 240 250 250 250 250 250 250 250 246 243 249 250 250 250 236 226 233 214 162 135 148 150 137 155 199 217 225 231 206 180 193 190 188 184 171 174 171 177 191 201 187 156 150 155 158 147 138 152 178 215 214 196
250 250 250 250 250 250 250 250 250 241 230 236 250 250 250 250 250 250 247 237 224 243 248 250 250 250 250 250 250 250 250 250 250 250 250 250 250 250 250 247 246 246 245 247 250 250 250 250 250 250 250 227 207 229 250 250 250 213 186 197 200 160 139 146 153 156 172 191 181 169 191 191 185 182 163 164 166 151 144 154 168 164 169 197 195 176 162 151 142 154 176 180 174 163 149
250 250 250 250 250 250 250 250 250 250 241 243 250 250 250 250 250 250 250 248 248 246 246 250 250 250 250 250 250 250 250 250 250 250 250 250 250 250 250 250 249 250 250 250 250 248 248 250 250 247 226 195 168 191 233 250 250 215 168 152 165 167 169 165 177 184 175 178 170 160 165 167 176 183 192 193 158 140 141 150 153 171 164 180 204 180 156 147 144 154 176 180 166 159 171
250 250 250 250 250 250 250 250 250 250 250 250 250 250 250 250 250 250 250 250 250 250 246 245 246 247 250 250 250 250 250 250 250 250 250 249 248 247 250 250 250 250 250 250 250 249 250 250 239 217 178 186 197 178 206 239 250 249 218 178 144 147 188 209 230 220 195 183 170 156 157 165 167 179 203 211 178 159 148 140 143 163 176 191 192 165 143 138 142 156 159 144 157 180 175
250 250 250 250 250 250 250 250 250 250 250 250 250 250 250 250 250 250 250 250 250 250 247 248 249 250 250 250 250 250 250 250 250 250 249 247 247 248 250 250 250 250 250 241 226 221 222 239 224 179 152 180 206 180 168 201 232 238 209 162 133 134 170 210 219 192 190 204 202 180 177 178 173 179 198 210 182 157 165 155 158 171 186 195 177 152 141 146 145 140 161 169 169 186 196
250 250 250 250 250 250 250 250 250 250 250 250 250 250 250 250 250 250 250 250 250 250 250 250 250 250 250 250 250 250 250 250 250 250 250 249 250 250 250 250 250 250 243 218 189 167 176 218 229 183 148 157 167 158 150 163 174 190 190 174 151 134 132 160 194 181 168 176 194 200 198 190 183 180 194 211 182 160 157 155 167 180 168 156 154 148 146 145 135 132 164 200 193 186 183
250 250 250 250 250 250 250 250 250 250 250 250 250 250 248 250 250 250 250 250 250 250 250 250 250 250 250 250 250 250 250 250 250 250 250 250 250 250 250 250 250 247 233 207 185 175 177 211 241 221 170 168 190 185 172 161 159 171 169 162 161 163 170 166 174 183 169 159 158 180 209 215 204 188 197 216 195 185 169 159 168 185 169 161 172 175 143 132 147 150 134 163 166 185 210
250 250 250 250 250 250 250 250 250 250 250 250 250 247 246 250 250 250 250 250 250 250 250 250 250 250 250 250 250 250 250 250 250 250 250 250 250 250 250 250 250 241 209 187 194 186 183 203 231 232 200 192 222 209 163 159 175 189 184 180 183 187 190 180 174 193 204 191 164 160 196 206 186 179 191 203 190 176 163 170 198 200 175 176 187 191 182 180 175 161 140 134 159 187 201
250 250 250 250 250 250 250 250 250 250 250 250 250 249 248 250 250 250 250 250 250 250 250 250 250 250 250 250 250 250 249 249 250 250 250 250 250 250 250 250 250 243 221 195 195 185 174 177 194 220 242 244 237 195 153 169 193 208 204 185 171 175 184 187 185 183 206 208 187 178 187 199 191 179 173 185 175 156 155 164 195 205 195 183 172 199 201 187 172 164 169 175 181 183 181
250 250 250 250 250 250 250 250 250 250 250 250 250 250 247 247 247 249 250 250 249 250 250 250 250 250 250 250 250 250 250 250 250 250 250 250 247 248 237 232 224 214 213 209 196 203 206 193 183 193 226 250 243 195 156 151 172 176 194 189 177 183 186 182 182 177 186 215 204 178 180 205 213 205 191 184 181 170 159 154 171 201 207 184 164 183 193 175 167 172 174 166 165 169 167
250 250 250 250 250 250 250 250 250 250 250 250 250 250 250 249 248 248 248 250 250 248 244 243 244 243 236 238 245 250 250 244 245 245 226 221 225 224 205 187 185 191 204 208 196 200 200 177 158 173 206 243 250 216 173 145 133 133 154 167 173 180 169 173 185 182 173 199 205 169 159 180 188 190 195 191 173 159 154 149 159 178 176 135 118 151 183 157 153 165 165 153 149 151 154
250 250 250 250 250 250 250 250 250 250 250 250 250 250 250 250 249 249 249 250 250 236 213 198 200 211 211 206 228 241 248 245 244 226 205 210 193 179 169 155 161 179 203 198 180 186 188 163 146 164 187 230 250 219 169 156 160 158 154 166 165 167 171 177 180 186 197 217 217 177 160 169 172 165 169 190 200 195 178 155 152 154 148 127 100 143 189 181 165 173 174 171 177 183 190
250 250 250 250 250 250 250 250 250 250 250 250 250 250 249 249 250 249 250 250 250 241 228 186 153 163 185 177 221 225 220 241 242 201 182 189 167 144 142 162 183 194 216 187 163 171 166 149 150 168 185 221 247 220 178 170 160 167 165 167 172 173 171 172 178 202 217 206 190 183 185 172 175 170 171 170 183 199 193 157 142 133 150 152 135 165 184 182 177 179 182 184 189 201 218
250 250 250 250 250 250 250 250 250 250 250 250 250 250 250 250 250 250 250 250 231 232 236 203 165 164 168 177 228 235 234 231 213 183 174 182 180 167 167 168 178 202 220 191 181 185 182 170 152 161 185 215 238 226 204 180 158 164 171 182 188 187 180 164 173 196 208 188 170 177 187 182 188 185 181 189 197 190 163 127 116 145 182 207 196 179 175 183 181 184 190 183 171 165 173
250 250 250 250 250 250 250 250 250 250 250 250 250 250 250 250 250 250 237 212 173 181 210 209 187 171 167 177 198 202 193 176 172 190 200 180 177 187 193 169 159 201 228 201 189 185 193 200 208 203 193 186 210 239 219 185 163 168 186 198 198 195 194 171 175 195 202 179 152 176 203 212 205 189 177 174 187 183 140 152 172 186 194 195 205 199 184 176 171 176 186 183 183 179 158
250 250 250 250 250 250 250 250 250 250 250 250 250 250 250 250 250 232 193 162 149 173 210 220 207 186 166 171 166 160 172 173 163 185 220 218 201 181 182 170 169 214 233 210 195 185 184 181 189 207 198 170 174 216 232 204 181 175 181 198 199 192 185 183 181 182 183 165 143 162 190 194 180 160 151 152 160 188 199 193 180 180 167 155 172 185 176 169 164 157 158 166 173 182 168
250 250 250 250 250 250 250 250 250 250 250 250 250 250 250 250 230 192 159 144 151 188 228 233 219 177 141 158 178 163 155 170 171 176 202 225 210 169 171 185 192 221 241 216 180 177 184 171 180 199 192 174 172 208 237 214 185 195 192 197 193 188 193 194 183 167 172 171 165 177 189 180 181 175 170 172 173 201 206 173 143 141 158 172 183 188 168 170 167 151 145 170 164 146 150
249 250 250 250 250 250 250 250 250 250 250 250 250 250 250 233 179 145 147 141 155 190 226 224 196 163 141 160 183 158 136 148 164 159 200 223 204 171 161 177 174 179 205 216 185 173 193 205 200 197 190 180 186 202 230 213 170 169 191 206 198 175 172 175 170 171 173 174 187 193 196 185 183 188 174 159 162 185 185 164 142 159 191 200 194 180 170 170 167 161 161 169 163 158 157
249 250 250 250 250 250 250 250 250 250 250 250 250 228 201 213 205 173 150 139 161 192 204 190 159 150 139 146 156 136 132 157 170 157 188 215 192 171 171 177 167 170 187 209 209 202 210 210 205 204 199 191 197 206 211 219 177 167 178 163 167 172 167 166 167 188 197 194 180 162 188 208 197 184 179 179 183 185 181 168 150 169 191 190 197 198 181 178 185 165 157 156 150 143 155
241 248 250 250 250 250 250 250 250 250 250 239 218 216 180 178 222 205 158 141 161 186 178 180 174 167 167 164 159 161 167 184 194 174 166 180 173 173 184 175 160 183 194 207 215 216 228 202 185 192 187 182 194 182 162 184 195 186 158 124 127 130 127 143 160 179 180 163 153 144 151 189 183 176 192 196 182 169 173 171 150 157 171 179 185 177 157 174 188 161 153 162 159 148 143
208 201 223 214 219 241 250 250 250 250 241 213 179 210 206 178 198 200 174 163 175 178 155 146 157 161 161 173 184 175 177 177 182 185 162 169 172 157 158 179 194 199 199 203 199 199 203 175 160 173 153 142 170 162 137 132 172 186 165 131 119 118 109 145 179 170 151 145 165 169 150 168 184 194 200 196 181 170 165 167 157 156 161 161 153 139 142 156 169 166 170 185 182 167 156
170 161 161 159 190 223 245 250 250 250 243 244 243 243 227 198 186 182 171 174 185 183 174 168 157 161 170 185 193 170 167 163 164 176 158 165 187 177 157 186 209 207 195 185 175 168 160 154 148 162 154 140 145 147 128 100 113 144 146 154 133 108 110 138 175 176 145 136 161 192 191 185 185 179 181 185 188 176 148 170 189 198 194 173 165 168 165 159 166 173 184 188 178 173 175
174 169 144 160 213 230 232 244 240 209 181 189 210 209 212 204 193 180 160 149 173 196 184 170 163 161 166 201 204 175 171 172 164 139 130 152 170 183 182 196 210 203 189 172 148 132 121 129 152 169 175 149 130 121 112 96 83 106 128 137 131 120 116 123 138 151 157 142 156 191 188 158 162 184 173 176 192 187 173 185 200 207 199 180 167 167 175 177 174 171 178 194 187 175 181
132 110 117 141 194 231 208 198 188 156 153 191 230 209 200 212 211 192 175 166 164 175 174 188 178 170 174 192 198 189 185 180 177 165 151 162 174 172 182 194 195 189 185 173 164 144 121 119 121 124 133 130 127 111 109 116 102 114 130 124 130 148 154 127 109 110 140 174 163 163 175 169 189 203 183 158 171 179 174 178 181 173 167 162 168 168 172 171 161 163 168 177 186 173 178
170 148 156 185 226 234 207 179 170 168 181 221 227 180 162 180 208 211 183 162 157 164 180 198 186 163 168 190 191 177 182 198 201 184 196 200 194 181 182 198 206 194 166 149 183 184 166 163 154 135 118 123 135 114 104 95 88 97 107 92 105 138 149 128 117 115 123 148 130 137 160 181 198 186 170 157 163 171 174 194 188 160 150 160 172 175 172 166 159 163 174 175 190 185 193
207 192 200 217 234 243 230 191 172 202 217 220 194 160 147 153 195 212 191 173 173 173 180 185 179 163 165 184 170 136 144 172 180 167 175 161 156 164 177 205 218 195 171 161 174 164 156 161 161 158 131 125 113 87 73 67 78 101 118 97 77 95 106 104 102 100 125 156 181 196 193 188 186 187 188 185 187 182 172 176 175 166 160 166 182 196 195 188 183 167 157 166 177 184 186
189 189 198 201 217 236 203 174 175 207 218 189 157 139 140 151 196 218 219 201 179 166 165 162 175 179 170 164 160 154 153 164 178 172 168 161 162 174 179 194 207 185 170 169 179 184 180 174 164 149 120 118 100 75 64 61 78 121 131 119 97 91 96 93 77 79 131 188 216 222 207 197 182 158 146 164 186 195 190 169 157 146 152 171 188 206 202 185 183 167 142 153 149 162 183
177 176 185 201 217 210 178 170 196 225 212 174 150 132 148 171 180 196 232 232 195 167 160 153 180 188 181 185 187 164 152 166 190 186 169 165 167 166 160 177 199 201 169 156 166 175 167 156 147 144 128 104 95 76 70 67 81 133 140 151 136 102 112 145 140 123 153 205 231 237 223 203 178 164 166 168 173 179 198 189 162 156 177 189 184 184 194 189 185 170 153 170 172 172 189
191 177 175 199 223 210 175 180 224 243 215 176 163 168 185 187 174 178 215 234 217 178 166 171 174 174 169 174 180 164 145 165 194 200 179 175 178 168 158 169 192 198 181 176 172 161 173 179 165 174 159 104 73 78 78 78 90 110 130 167 170 149 153 171 170 148 135 150 179 195 191 196 204 194 178 126 116 151 176 194 182 163 173 187 184 174 186 190 185 185 149 159 201 205 194
199 202 194 204 220 214 182 188 227 239 217 182 176 192 198 183 183 194 211 219 205 172 165 172 171 171 161 159 164 167 156 156 178 196 208 198 190 177 166 164 179 198 193 169 158 157 185 183 173 170 131 87 72 75 77 80 89 94 96 126 164 170 163 164 163 154 145 138 156 181 166 153 171 184 163 135 124 152 179 194 191 159 158 185 192 181 190 175 146 137 121 142 190 208 196
190 200 203 211 217 197 164 163 203 229 225 207 195 203 200 186 199 208 215 221 215 198 192 186 186 166 154 167 180 179 168 158 165 166 189 215 204 187 169 170 181 194 212 191 170 176 198 192 180 153 108 77 67 67 77 87 90 96 115 155 181 167 167 167 142 137 164 174 165 180 204 186 164 179 197 186 167 170 176 171 163 153 124 156 192 188 199 183 159 147 145 149 162 148 132
148 152 177 194 178 166 153 162 193 207 218 209 192 206 215 194 193 218 227 216 211 213 217 203 201 170 158 173 195 195 176 151 139 148 169 192 206 198 176 176 177 188 206 192 160 178 210 196 145 123 102 80 71 77 86 117 143 126 136 194 204 168 155 160 134 134 159 161 156 155 175 191 179 182 198 208 200 177 141 148 147 146 127 139 177 195 206 190 174 164 154 151 170 178 164
