examples/data/proba_v_out_italy/probav_s5_toc_x19y03_20140906_100m_ndvi_v001.txt
ncols         273
nrows         192
xllcorner     12.62996031746
yllcorner     41.659722222222
cellsize      0.0009920634920635
NODATA_value  -9999
[rows 126 to 167 of 192, columns 0 to 94 of 273]
151 164 168 170 159 141 146 196 212 193 184 172 161 155 160 166 164 159 158 154 134 123 110 117 119 113 107 95 80 91 140 160 131 103 83 67 70 102 143 189 233 248 247 249 250 242 169 121 108 122 136 142 160 166 164 176 208 233 247 248 236 216 202 203 211 234 246 242 243 242 241 236 229 218 215 215 211 192 168 183 200 218 232 240 243 239 239 234 225 216 199 193 188 179 178
166 180 176 173 174 160 160 200 221 188 178 189 190 182 177 172 148 134 142 148 95 111 135 145 145 119 88 94 105 121 163 203 175 141 127 119 111 126 163 212 234 244 244 250 250 205 128 106 105 121 163 169 149 174 191 178 163 197 239 241 222 200 188 199 217 240 244 241 242 239 238 233 229 225 218 201 203 203 189 202 204 211 221 235 242 240 238 228 206 195 194 183 174 165 176
180 179 176 177 184 173 163 171 177 175 180 201 206 203 196 175 131 152 156 158 149 137 144 156 142 116 104 124 137 126 152 197 194 170 148 161 177 172 178 205 234 241 247 250 224 159 132 139 154 172 183 177 159 156 159 152 148 197 240 238 215 189 179 207 232 242 241 242 242 237 230 211 188 187 194 189 205 224 218 205 204 219 227 237 244 245 243 230 200 183 176 173 170 161 195
176 172 172 180 179 160 137 130 145 159 169 190 208 203 182 171 169 176 166 169 168 159 159 152 119 107 109 117 125 108 111 127 128 115 115 170 202 184 184 194 203 206 213 204 166 123 138 158 162 171 174 166 166 160 162 164 166 216 244 245 235 212 196 229 243 241 240 242 241 236 219 186 157 163 188 194 200 223 226 209 206 224 232 238 243 249 238 210 191 194 189 180 179 206 236
148 142 147 145 140 147 149 132 139 167 175 172 175 176 161 171 186 188 182 172 176 179 177 160 127 119 122 118 107 103 101 95 101 120 137 160 188 180 172 188 186 154 112 112 102 114 147 179 152 138 142 146 165 167 181 198 212 236 244 246 242 228 221 243 243 238 238 241 241 236 214 191 189 200 210 207 202 218 225 213 210 226 237 233 225 225 219 197 205 212 202 216 204 232 250
160 160 156 146 124 132 158 154 147 182 188 179 162 159 181 201 198 177 164 164 168 171 177 175 156 127 119 112 98 107 117 96 99 138 166 165 175 187 192 179 134 88 72 90 104 136 179 185 129 109 141 173 178 174 169 156 154 186 225 243 231 226 234 247 240 234 237 243 244 234 214 209 216 213 205 208 199 213 220 206 209 231 240 192 138 140 184 199 222 232 225 220 193 224 248
183 178 166 147 140 146 171 193 200 202 188 174 175 192 201 196 179 173 170 167 168 165 155 157 173 156 127 120 117 105 104 118 134 129 147 143 150 170 164 150 117 89 80 103 152 172 164 163 141 129 163 188 170 162 184 189 160 167 216 246 246 245 246 248 244 240 241 244 241 230 216 215 208 198 169 163 170 209 191 198 217 236 240 202 197 148 147 194 226 247 248 241 250 250 250
164 163 184 176 149 145 165 176 176 177 189 206 217 207 190 184 190 182 164 168 162 148 147 158 188 185 163 137 115 103 136 155 158 138 140 167 173 146 124 150 175 158 130 145 192 203 211 211 166 135 160 191 175 163 176 181 178 199 236 250 250 250 249 242 243 242 240 241 239 228 214 195 173 166 162 149 157 175 180 204 217 225 238 248 245 195 149 176 202 224 250 234 238 250 250
141 142 162 178 174 169 158 146 142 154 194 211 213 204 180 172 182 188 180 174 161 132 146 183 186 168 160 151 137 132 152 153 145 139 150 168 168 148 134 142 153 149 147 153 188 224 226 174 159 158 181 212 205 185 208 193 202 234 245 247 246 249 241 229 234 241 240 238 236 228 203 181 203 197 163 141 135 119 168 205 200 202 213 227 242 240 220 203 171 190 238 233 243 250 250
142 149 160 161 140 128 158 157 129 113 136 176 185 189 175 159 155 159 179 201 207 204 206 192 179 174 168 160 158 157 161 161 157 170 183 190 181 158 144 140 143 145 146 146 186 209 225 226 214 219 226 222 211 208 227 228 232 221 207 213 218 196 201 220 236 246 241 235 232 225 187 213 210 192 163 136 116 84 160 197 198 197 198 206 232 250 249 229 230 246 241 238 250 250 250
128 132 124 113 140 158 152 151 140 130 154 175 165 172 163 158 171 189 207 214 214 213 220 225 209 207 188 174 175 175 171 150 139 170 184 181 160 149 135 119 117 123 136 147 165 186 215 232 218 212 222 228 230 232 236 227 199 153 138 149 161 178 220 245 250 249 239 234 234 248 225 230 203 187 151 119 100 72 124 184 194 203 208 214 241 250 244 239 250 248 241 239 242 249 250
77 79 82 76 99 106 136 178 213 210 181 169 178 189 180 171 187 208 212 193 181 166 178 207 217 208 177 163 167 167 169 174 181 196 194 174 129 125 143 135 117 126 154 179 181 189 205 224 212 210 222 234 237 232 232 203 161 133 119 131 158 192 250 250 250 247 237 233 250 250 239 203 181 158 126 103 103 111 128 110 137 191 218 228 245 250 240 229 238 247 250 249 247 250 250
79 57 52 69 81 97 171 217 217 221 198 173 167 175 183 187 195 188 186 185 175 153 154 177 185 175 155 137 139 164 176 170 174 200 198 168 136 128 133 134 133 138 136 150 163 170 196 212 206 219 231 231 229 227 221 196 164 138 134 138 159 208 248 250 247 236 231 238 250 250 192 161 154 130 109 98 97 98 109 103 151 193 225 238 250 250 230 196 222 250 250 250 250 250 250
90 53 44 47 72 110 130 191 215 195 180 163 162 168 172 176 180 172 184 183 172 167 172 185 190 190 181 164 154 173 167 163 173 182 169 153 137 130 126 111 125 130 119 121 141 160 177 206 219 228 232 227 229 231 223 187 157 163 172 146 123 178 233 244 238 233 241 250 250 250 177 145 125 111 94 93 90 99 120 125 155 198 218 239 250 250 243 217 219 250 250 250 250 250 250
77 74 70 68 69 95 141 182 166 127 125 150 147 156 156 156 161 170 172 156 151 172 179 178 183 187 183 172 164 164 138 128 131 147 162 166 143 135 142 140 136 145 151 127 118 144 160 207 229 228 231 233 233 187 168 147 110 110 160 140 120 173 225 240 237 230 219 206 210 187 149 121 96 86 74 82 94 103 117 125 163 215 223 238 250 250 250 250 244 250 250 250 250 250 250
58 63 79 74 57 56 89 121 107 116 144 150 150 156 152 158 163 163 159 149 146 153 157 151 147 153 173 187 188 162 120 102 108 140 161 151 141 149 157 164 158 152 152 144 127 133 177 230 237 230 213 202 193 159 135 137 125 97 94 122 145 176 210 236 236 219 176 131 117 103 99 106 99 86 79 81 94 108 116 112 169 214 233 248 250 248 244 249 250 250 250 250 250 250 250
46 42 54 69 60 53 45 58 107 131 139 160 142 142 143 150 163 153 153 164 155 140 151 153 152 154 168 179 186 175 160 142 134 150 143 129 129 139 152 160 160 144 135 149 165 162 184 224 224 195 168 144 142 145 135 128 134 100 73 79 121 180 212 225 231 219 187 148 136 120 110 111 109 98 95 98 102 121 132 107 179 225 246 250 250 242 246 250 250 250 250 250 250 250 250
64 49 51 78 116 106 82 112 156 176 156 145 144 142 129 133 155 162 162 168 150 143 157 161 159 133 139 151 148 160 178 164 153 166 159 137 146 160 165 167 165 157 140 132 135 127 146 207 233 205 170 159 153 135 106 93 93 72 72 75 79 111 164 200 229 230 193 131 93 110 98 84 98 101 111 124 116 96 131 170 204 236 250 249 245 235 241 250 250 250 250 250 250 250 250
89 72 66 90 150 172 159 164 177 181 175 160 144 144 145 146 153 151 145 156 147 148 163 167 157 125 119 135 148 154 164 161 161 155 152 165 183 189 184 175 172 180 194 193 174 146 160 224 227 187 153 143 143 141 118 83 72 79 77 68 67 75 89 120 185 193 144 96 109 99 81 63 82 90 82 109 115 137 191 222 227 241 245 242 239 235 227 244 250 250 250 250 250 250 250
80 103 131 151 168 164 145 141 147 153 143 138 144 118 104 124 139 161 147 133 140 150 159 150 123 119 144 157 175 169 152 143 151 149 129 129 146 157 176 182 187 183 170 155 171 176 197 236 214 162 151 149 135 124 117 82 71 98 121 96 68 61 61 74 104 113 80 72 78 92 100 126 127 136 166 192 197 203 209 228 236 230 215 220 229 237 248 250 250 250 250 250 250 250 250
74 87 130 145 152 168 168 146 139 144 162 157 112 101 107 121 144 143 131 105 112 140 150 135 120 107 131 175 184 169 155 143 151 170 150 139 126 131 156 166 189 185 153 137 165 185 213 224 187 151 152 161 148 136 124 92 79 84 96 93 82 74 59 68 80 78 66 82 130 194 201 214 211 211 210 223 230 220 221 233 240 239 234 229 226 218 236 250 250 250 250 250 250 250 250
105 86 123 136 137 160 169 148 133 117 132 132 125 131 128 103 101 116 120 120 137 142 142 146 144 133 161 184 175 159 128 88 103 152 159 132 129 134 129 136 178 184 151 150 163 168 205 215 175 155 143 131 135 136 131 129 121 114 112 90 83 79 68 75 67 57 61 89 141 182 190 193 207 229 225 215 226 229 231 236 230 232 231 229 225 217 241 250 250 250 250 250 250 250 250
136 143 154 146 147 149 141 138 116 94 121 131 146 159 133 91 100 109 109 118 127 137 159 164 145 132 152 176 155 157 176 169 160 150 152 138 135 141 143 152 169 181 169 158 170 197 222 204 161 142 124 106 120 132 115 122 118 99 98 105 85 73 71 74 68 61 73 92 102 111 118 114 156 206 197 175 201 219 209 204 211 216 230 233 237 241 250 250 250 250 250 250 250 250 249
142 147 154 157 155 148 125 136 145 148 166 162 186 205 181 141 123 111 95 91 96 106 130 157 165 144 126 141 158 163 163 166 182 179 183 176 159 158 170 171 149 142 162 177 182 205 204 178 153 144 131 125 163 178 153 144 143 124 113 126 118 96 78 92 106 100 99 113 129 149 135 105 139 182 181 177 195 196 185 153 148 175 215 236 246 250 250 250 250 250 250 250 250 250 249
123 152 150 153 148 144 145 158 169 186 173 160 166 177 175 148 114 96 101 91 83 90 105 131 157 150 114 111 149 147 137 159 172 177 181 173 161 170 177 164 149 154 169 193 211 210 169 155 145 136 130 144 196 196 150 121 122 113 100 102 112 102 93 113 122 125 125 115 109 121 126 134 164 174 171 185 196 189 181 175 160 174 213 240 250 250 250 250 250 250 250 250 250 250 250
151 159 162 164 141 138 133 136 153 174 163 150 154 155 149 134 113 103 104 106 100 88 88 99 118 130 141 141 134 127 130 168 171 153 153 162 170 171 167 161 170 182 183 207 209 165 138 148 170 163 148 177 218 182 118 118 131 114 85 76 93 109 108 97 98 135 152 128 107 109 106 120 153 183 191 195 204 211 208 209 222 233 246 250 250 250 250 250 250 250 250 250 250 250 250
165 166 161 154 145 155 144 138 155 173 170 172 168 153 137 121 107 97 91 107 121 95 83 93 114 144 175 180 140 112 143 177 177 163 159 159 161 163 163 166 174 181 198 214 166 129 150 182 185 190 179 211 228 171 99 109 124 149 142 116 115 138 144 109 99 124 140 132 132 140 141 149 159 195 223 237 237 242 238 238 245 250 250 250 250 250 250 250 250 250 250 250 250 250 250
153 164 163 154 155 154 145 144 148 147 146 138 132 114 110 106 102 105 107 100 86 85 108 140 156 168 185 189 166 132 144 160 140 137 155 157 161 162 172 192 200 202 211 185 144 147 159 184 194 195 199 219 203 150 116 139 169 181 159 159 168 163 179 169 144 142 137 128 142 151 166 183 171 179 220 241 234 224 221 213 219 238 250 250 249 248 248 250 250 250 250 250 250 250 250
159 168 180 158 142 148 148 140 134 122 135 144 131 104 94 98 122 133 120 94 78 79 95 125 167 184 186 181 182 183 177 165 125 114 150 166 165 159 173 205 214 190 165 160 170 184 175 191 202 187 180 193 192 188 172 184 188 177 172 182 186 172 180 194 175 154 135 129 142 147 151 160 148 150 204 239 244 232 223 216 203 204 218 237 246 248 248 250 250 250 250 250 250 250 250
175 169 155 142 146 129 111 132 145 144 157 161 162 162 139 114 118 122 106 94 96 99 105 122 151 175 185 156 169 197 198 183 180 178 164 163 165 171 174 181 190 162 135 166 192 193 187 196 204 194 197 195 188 179 179 186 187 177 188 204 209 199 186 180 177 173 154 133 124 125 123 118 124 151 198 228 246 243 226 204 199 210 202 218 246 250 249 250 250 250 242 240 248 250 250
153 158 140 114 110 135 143 158 175 171 151 141 132 131 132 123 118 116 87 73 84 93 92 93 126 169 180 150 150 165 181 193 190 174 173 171 170 167 157 151 170 152 128 152 187 195 198 199 197 199 207 178 168 191 217 227 229 195 177 195 202 179 169 178 189 191 181 179 164 138 123 113 114 157 192 202 216 228 229 209 187 188 190 177 219 244 248 250 250 250 250 248 250 250 250
124 117 132 150 165 173 160 150 150 133 121 121 119 111 114 155 170 134 88 76 84 81 87 117 170 195 190 154 135 157 158 157 162 161 153 152 160 160 144 137 171 163 145 151 183 197 207 203 208 208 196 179 181 224 247 249 224 160 136 166 187 164 158 171 173 184 204 224 221 173 139 132 140 168 186 179 176 187 205 212 195 179 164 156 190 230 250 250 248 244 250 250 248 242 226
130 153 167 189 194 201 178 154 147 144 161 174 171 160 158 173 166 145 107 82 93 98 115 140 167 184 178 165 171 191 191 180 163 145 139 149 173 177 178 164 168 170 168 184 196 206 206 204 216 210 197 188 189 225 235 233 224 192 160 192 203 176 176 190 171 186 212 226 222 189 169 160 168 181 175 167 171 174 196 210 189 187 182 178 180 203 234 238 212 199 203 223 216 188 180
144 162 172 180 181 182 159 148 143 147 171 197 204 198 184 172 154 132 100 76 89 109 116 118 136 152 156 173 189 201 204 203 190 161 159 174 181 178 177 170 171 168 171 205 221 212 207 201 200 202 197 204 204 200 208 219 223 212 193 194 184 128 121 120 109 130 171 197 193 190 192 165 110 136 160 157 178 201 217 202 182 187 189 192 186 199 216 201 161 152 164 164 159 149 160
149 177 177 174 157 147 145 147 163 175 182 191 191 180 175 154 128 107 85 65 82 116 138 144 139 141 154 170 181 198 207 208 197 170 155 158 164 170 174 177 180 175 190 209 209 194 181 187 195 206 207 204 206 208 204 207 216 211 209 206 161 102 89 85 74 71 105 168 179 187 191 165 129 157 156 144 157 182 189 179 179 186 186 188 191 211 214 190 164 162 175 173 147 142 162
154 178 164 150 150 147 141 144 169 184 155 146 165 174 159 120 97 85 80 82 93 116 151 159 129 113 137 174 181 178 187 195 198 188 168 157 169 162 168 179 182 179 201 208 203 201 196 198 205 212 215 207 204 218 226 224 216 208 212 226 201 150 130 117 83 72 89 154 193 189 182 217 221 187 153 146 148 163 185 190 178 188 189 180 175 182 196 191 193 191 173 175 182 192 211
144 163 154 134 143 166 160 151 160 167 141 123 135 141 113 81 76 77 79 87 101 122 159 151 141 147 157 187 191 178 182 189 181 181 184 180 177 174 173 176 192 190 184 199 213 219 216 208 209 214 223 215 210 222 236 244 228 192 181 206 201 189 190 191 165 145 128 145 179 174 163 204 189 163 158 167 174 193 220 204 165 167 176 181 177 175 190 202 211 196 163 168 192 209 209
130 119 135 152 164 193 187 173 174 168 142 124 141 145 112 88 94 109 95 111 139 150 161 169 178 180 158 157 189 201 198 185 170 168 171 178 180 184 193 199 195 182 171 180 201 215 212 209 204 205 219 215 209 210 215 223 214 195 196 205 194 188 191 194 192 188 183 193 178 169 165 171 158 158 170 168 158 154 191 219 202 190 197 200 178 179 172 170 194 195 157 141 170 188 196
129 112 126 158 142 137 150 158 156 177 146 118 119 143 148 140 141 139 113 135 178 183 147 133 160 179 174 150 154 184 192 179 165 167 170 174 183 185 180 175 164 170 181 175 189 218 198 192 199 204 205 206 206 212 217 215 200 187 186 186 181 179 192 205 198 189 188 187 170 168 152 170 180 154 180 188 177 166 175 202 221 207 201 188 165 194 180 174 201 203 174 150 192 203 190
127 130 117 99 81 86 109 133 108 93 86 96 111 132 153 160 164 146 123 128 169 179 143 108 116 149 166 165 152 158 184 199 183 161 157 159 164 175 153 141 141 151 165 171 206 228 205 180 194 215 231 232 226 221 209 194 197 207 198 184 185 192 198 204 202 196 194 195 184 173 170 213 202 161 171 186 189 177 169 181 227 234 208 194 194 209 196 183 196 206 195 179 223 229 198
134 137 120 102 106 110 105 103 75 64 74 103 140 157 138 118 138 140 139 129 138 152 122 108 103 114 141 181 189 178 181 194 202 180 159 155 162 172 166 157 165 173 173 174 201 200 192 192 201 208 218 216 207 199 195 194 176 188 207 212 192 172 181 200 208 207 199 197 179 170 188 224 217 218 214 200 175 145 144 153 190 231 227 216 206 199 205 212 214 200 188 202 242 233 196
129 143 136 106 83 65 51 73 75 53 50 72 119 147 150 123 117 115 146 166 147 122 112 129 119 111 137 176 188 190 172 159 158 175 180 164 148 148 150 141 151 168 185 188 192 200 217 217 197 189 205 206 199 180 175 180 168 185 205 203 189 175 171 193 193 191 202 201 186 207 224 221 202 188 199 210 191 153 144 162 195 212 217 226 218 189 180 197 222 219 198 215 241 226 186
