examples/data/proba_v_out_italy/probav_s5_toc_x19y03_20141206_100m_ndvi_v001.txt
ncols         273
nrows         192
xllcorner     12.62996031746
yllcorner     41.659722222222
cellsize      0.0009920634920635
NODATA_value  -9999
[rows 84 to 125 of 192, columns 0 to 95 of 273]
184 183 182 182 194 190 175 174 181 188 184 176 170 179 184 192 198 195 187 189 187 196 196 190 193 196 187 201 210 208 199 201 201 183 188 196 174 161 163 165 145 137 159 182 181 182 192 189 187 191 196 195 186 178 193 195 186 177 176 166 152 161 171 161 141 119 126 155 165 152 149 153 148 152 165 163 137 148 181 191 173 145 144 156 166 175 179 189 193 209 216 204 185 178 183 181
182 189 187 189 192 187 196 201 196 193 189 187 184 177 168 178 185 188 193 185 176 186 205 195 188 204 177 127 164 192 196 179 155 143 164 191 178 145 107 123 117 105 134 172 180 180 190 193 182 182 187 189 185 177 180 189 185 174 170 174 169 165 160 155 144 146 158 170 163 161 164 167 167 166 165 168 174 179 168 178 173 144 132 141 147 168 193 190 190 199 192 181 161 154 166 174
183 181 184 183 183 184 190 197 193 195 200 199 189 175 170 177 189 188 188 180 177 186 193 196 196 188 149 110 162 196 198 203 197 191 194 186 162 120 101 132 150 164 174 182 180 179 184 191 184 182 186 191 190 183 178 178 180 186 181 177 187 183 166 171 173 157 153 166 169 169 175 176 168 149 147 175 163 166 169 169 162 130 131 141 135 151 177 177 179 172 166 177 157 128 124 153
196 194 192 188 170 170 185 193 196 196 201 200 195 191 187 185 189 187 172 159 172 183 183 184 183 184 188 183 186 199 206 212 215 217 217 212 195 163 160 171 173 188 188 182 185 176 166 190 184 183 191 196 190 186 185 184 182 183 186 183 179 179 164 147 141 128 122 137 149 158 185 183 175 160 135 141 159 170 164 135 138 137 149 143 139 166 169 168 180 159 157 166 150 149 147 159
182 186 199 197 181 172 176 178 188 200 203 188 183 196 196 182 171 174 184 178 173 168 160 165 178 190 192 191 188 169 162 196 200 193 192 195 198 197 195 195 189 184 177 162 180 177 170 185 178 182 186 189 196 198 193 195 196 200 195 185 171 163 146 131 136 142 138 149 158 164 177 174 180 171 135 102 109 109 92 96 114 155 158 164 176 182 171 151 139 159 161 161 161 162 160 167
169 178 191 192 190 183 183 180 181 182 179 179 187 194 192 184 186 182 186 187 157 139 163 187 193 178 162 171 170 164 160 170 172 167 178 189 194 196 193 203 205 199 184 165 172 177 182 191 188 178 170 178 184 189 187 179 171 186 200 190 159 145 163 166 161 147 129 134 157 156 161 170 172 158 156 147 126 99 77 70 80 122 127 100 110 142 151 131 119 139 144 169 177 167 153 157
180 182 177 179 186 189 189 187 186 193 198 199 198 193 185 172 170 178 186 177 150 158 192 194 168 149 153 160 167 182 179 166 166 159 159 165 186 193 195 196 187 199 201 182 171 180 178 172 184 194 186 180 180 183 181 173 164 162 160 153 158 165 165 149 143 148 132 115 154 175 167 163 156 146 146 140 114 98 86 68 76 125 146 117 97 105 112 117 125 128 135 163 174 161 158 164
197 197 183 173 179 187 192 190 186 189 183 185 194 198 200 196 188 186 185 183 194 203 199 176 157 164 169 148 92 34 72 81 110 132 141 154 180 185 190 198 192 191 203 201 193 187 181 173 166 182 189 188 193 200 190 185 184 180 173 175 193 190 162 143 146 118 136 146 145 154 154 143 156 169 156 133 109 89 94 94 106 122 108 114 138 153 145 132 113 109 132 161 158 132 145 169
199 200 192 186 184 183 178 170 172 182 180 179 185 186 186 196 191 189 182 193 205 195 151 129 146 169 172 137 94 54 68 94 76 66 36 99 150 151 164 189 189 194 202 203 205 199 191 188 180 172 175 179 185 191 188 183 179 182 182 184 188 186 182 167 153 153 173 178 160 159 166 158 161 169 157 145 145 133 137 140 146 134 118 137 183 194 166 138 116 119 128 138 145 147 162 174
201 196 178 169 181 183 177 167 164 181 194 191 195 194 194 196 186 183 176 197 210 187 148 133 146 153 124 57 92 30 65 85 80 78 65 80 85 57 57 128 149 185 202 203 208 206 203 203 193 175 159 152 170 187 194 189 180 176 190 192 189 186 187 184 184 189 196 193 176 170 169 167 167 163 172 166 157 143 132 140 142 138 126 132 146 146 148 143 148 163 171 165 171 180 182 177
191 154 165 185 186 172 163 174 173 181 193 188 185 192 200 196 188 173 159 192 202 175 159 162 151 92 0 26 68 35 53 58 58 57 61 68 77 85 83 87 65 40 159 203 205 187 168 194 198 185 171 167 179 182 193 193 181 176 187 182 184 178 167 167 174 189 191 183 174 166 160 161 170 168 172 169 140 151 159 156 150 141 114 117 135 148 163 169 164 175 176 170 175 175 160 161
162 140 145 180 196 192 182 175 171 175 188 198 202 200 199 201 195 180 185 201 177 138 134 138 85 78 20 30 35 35 40 46 50 46 35 40 39 44 57 74 75 75 112 177 189 189 188 190 195 196 181 181 182 175 185 193 194 187 179 171 177 180 184 176 170 175 175 161 165 161 141 141 158 159 159 164 152 166 174 170 150 135 125 130 145 152 157 171 172 167 155 166 180 176 174 167
175 175 181 194 190 186 186 181 180 183 185 191 198 198 199 205 206 197 201 201 172 136 127 80 48 37 37 35 35 36 42 47 41 36 26 37 59 76 74 65 54 20 25 55 126 174 198 205 203 200 190 195 202 201 191 178 183 186 173 173 177 162 167 173 166 158 155 155 161 150 149 154 142 137 144 141 133 137 150 164 149 153 165 161 165 172 162 143 140 151 164 175 183 182 180 173
208 188 177 178 185 192 192 180 178 182 185 194 204 209 203 199 201 200 195 190 174 146 123 70 97 66 39 54 47 37 37 37 42 37 43 56 68 88 86 76 66 61 65 75 64 42 135 196 205 205 208 212 213 214 207 200 194 184 184 156 178 189 169 159 164 172 177 174 167 155 159 154 122 100 136 157 140 132 141 155 155 142 165 170 170 173 174 166 168 175 187 193 173 173 180 174
203 187 187 206 214 203 190 175 168 168 181 196 205 216 212 209 209 206 202 200 192 165 138 107 61 30 48 54 37 32 26 20 31 37 37 50 57 65 61 41 25 35 45 57 57 45 42 113 178 204 214 216 219 219 217 216 213 204 184 133 148 170 166 156 154 168 176 170 158 152 159 170 163 137 126 145 144 139 141 157 173 154 159 162 160 170 175 155 149 169 175 172 159 150 174 182
179 178 179 169 178 176 181 188 186 188 194 196 195 200 210 213 214 175 168 191 198 175 135 88 34 25 58 46 37 39 33 37 26 32 32 32 45 52 38 26 14 43 68 79 65 66 50 35 43 34 36 91 153 204 220 226 226 221 204 171 149 151 159 164 161 160 171 172 161 158 166 177 181 182 184 175 158 149 145 139 145 162 178 177 176 163 164 167 164 159 143 151 152 146 160 184
197 194 189 176 182 191 182 185 192 200 201 190 192 198 201 201 201 174 146 174 203 194 169 141 89 54 66 41 49 52 52 46 45 45 45 45 50 50 49 32 32 43 56 68 53 53 64 72 78 72 39 3 48 159 211 224 227 227 219 199 171 161 169 158 140 140 153 166 157 166 178 179 184 189 187 175 160 158 161 159 165 162 166 168 169 170 172 174 178 172 147 143 155 166 167 176
196 194 194 192 193 189 181 186 194 203 203 196 198 208 205 200 204 200 151 150 190 203 196 188 142 78 45 59 65 63 57 65 57 57 45 45 50 37 37 37 37 36 42 48 47 46 46 53 63 66 54 74 91 106 171 212 221 221 219 218 200 174 165 159 137 146 162 169 158 157 168 177 182 183 176 170 171 174 176 176 176 170 169 168 161 162 166 174 166 168 166 164 171 184 180 172
182 185 193 198 192 176 172 183 199 209 205 198 203 216 217 211 211 206 182 156 162 187 203 199 187 160 116 86 72 63 57 57 63 63 50 50 50 37 48 53 51 56 62 57 53 57 62 68 72 70 74 74 44 38 155 213 217 212 209 205 191 175 164 168 176 179 181 179 173 165 163 170 181 180 179 180 180 178 182 188 185 173 167 171 165 154 152 155 148 164 170 178 188 186 169 168
192 199 205 200 185 176 183 189 203 210 207 206 204 207 213 211 208 195 159 150 157 156 175 196 186 168 138 68 37 75 84 68 56 56 50 50 37 37 49 63 68 76 70 76 66 56 56 59 59 63 80 91 68 87 148 206 220 222 221 209 192 184 179 171 179 188 187 181 176 176 173 174 189 176 171 181 182 177 179 180 179 173 170 173 174 164 158 151 142 146 150 149 163 169 166 172
193 196 195 182 169 176 195 177 160 178 187 181 196 184 186 207 211 182 133 142 129 135 178 196 170 158 129 9 37 89 79 70 61 56 56 50 50 50 56 72 77 74 72 70 64 64 51 42 33 39 65 79 59 94 109 177 200 205 209 202 185 182 187 176 180 184 167 151 145 156 164 167 171 172 181 186 188 189 187 184 181 175 172 172 170 163 155 149 143 137 136 141 159 164 165 160
193 188 194 189 177 180 189 172 145 137 179 215 215 199 190 202 208 183 135 137 141 139 177 182 146 145 116 37 38 93 70 56 63 56 56 50 50 50 57 63 68 68 77 74 66 66 57 43 39 52 63 63 63 83 113 156 196 208 214 201 182 184 182 178 188 196 176 160 165 170 170 172 182 186 188 193 193 195 196 196 188 175 168 165 163 165 168 162 155 147 132 127 131 112 116 112
202 209 207 195 184 187 198 193 178 165 171 195 216 221 214 190 160 174 155 120 139 127 168 200 188 161 88 37 65 74 43 50 45 45 50 50 50 50 57 63 68 68 77 74 74 79 74 61 56 57 63 63 68 70 79 170 206 218 224 210 192 197 185 171 177 190 189 183 178 180 179 178 187 196 202 201 197 191 190 193 189 172 159 162 169 164 167 168 159 152 150 150 141 126 132 144
195 204 204 195 192 199 203 192 192 204 204 206 209 212 196 179 165 175 192 175 170 178 158 172 194 178 94 59 70 61 43 37 26 39 50 56 56 56 56 63 61 70 74 74 79 79 79 74 74 77 68 70 75 37 39 157 196 211 215 191 158 162 190 189 187 190 188 186 175 176 183 185 190 196 201 197 193 189 184 184 181 163 158 162 167 166 169 169 166 164 161 158 152 147 149 151
181 198 197 188 194 204 204 194 194 210 214 205 186 165 155 154 153 150 158 155 167 180 176 168 187 210 176 134 106 70 43 31 32 45 56 61 61 61 56 56 61 70 74 79 79 79 79 85 85 81 77 75 65 37 47 156 210 225 223 219 213 201 197 192 189 189 179 171 165 159 173 184 192 196 196 192 189 182 178 176 170 159 164 165 163 168 176 176 172 172 172 171 166 158 157 161
162 186 189 186 194 204 204 198 188 191 193 194 197 179 148 139 131 118 120 144 179 194 205 197 154 135 175 184 154 94 37 31 43 56 61 61 61 61 61 61 61 70 81 85 85 81 81 77 77 77 84 84 57 39 87 153 216 227 227 223 216 208 200 196 191 185 181 177 172 165 159 166 184 193 192 190 185 172 169 171 166 161 164 166 168 163 164 169 171 175 179 177 168 156 165 187
170 172 174 180 186 192 199 188 176 174 173 178 200 193 168 166 163 157 131 150 187 197 203 199 181 159 176 204 178 113 43 42 62 70 61 61 68 63 70 70 68 77 77 81 81 77 75 75 70 75 84 85 61 85 72 98 190 208 220 226 215 203 202 194 189 185 183 181 181 174 168 162 163 177 185 180 171 167 166 166 173 176 171 165 162 154 155 163 170 175 176 170 169 162 164 180
190 175 169 182 183 173 183 185 178 168 157 166 194 198 189 178 170 168 139 156 187 200 204 205 199 190 160 169 199 178 114 68 75 84 75 70 59 59 59 59 52 52 57 68 68 77 75 70 70 75 88 81 68 92 126 158 185 204 219 217 225 226 217 204 198 189 183 186 178 173 173 170 167 170 177 175 165 161 165 163 163 163 152 146 155 158 160 166 168 174 178 168 157 156 160 178
202 186 153 148 168 181 186 187 180 164 160 164 177 186 171 160 135 113 117 152 185 207 214 213 212 205 181 171 188 171 189 172 132 129 116 94 65 37 31 20 37 37 40 52 57 63 70 70 70 70 75 84 88 121 154 176 191 199 212 208 199 199 201 176 157 173 169 169 170 170 174 173 168 165 166 164 166 165 159 158 158 158 156 165 168 169 169 166 164 173 175 168 163 169 171 169
206 192 162 164 193 195 171 165 169 155 153 157 161 161 160 159 145 125 118 141 179 199 204 209 213 215 224 213 193 196 219 227 185 167 141 129 117 107 91 48 37 37 37 70 81 91 84 84 75 59 48 65 111 130 142 164 197 204 185 182 185 172 163 158 161 176 169 163 165 172 172 164 165 166 163 164 172 179 172 168 168 165 167 176 174 171 169 166 164 167 161 159 155 152 158 159
201 178 167 179 194 185 144 147 165 167 144 125 146 168 172 162 167 168 140 130 136 156 187 197 203 216 223 222 219 219 223 219 209 218 209 209 192 178 170 148 134 103 109 113 132 130 140 145 129 103 88 108 130 153 178 196 188 174 156 176 180 163 159 168 177 175 163 153 165 173 173 169 171 172 170 165 165 171 170 169 164 169 173 176 177 176 171 168 165 165 167 167 165 158 157 159
206 163 165 173 179 172 157 172 185 192 170 155 176 164 147 158 161 158 148 122 108 119 162 185 168 193 214 222 222 221 211 167 151 168 176 177 195 204 223 224 223 208 210 197 179 185 185 181 185 178 187 204 201 182 177 179 189 186 180 169 156 166 180 184 183 178 169 164 167 173 178 169 167 170 166 161 155 150 151 153 164 171 174 179 179 177 175 173 166 160 160 161 162 160 157 154
221 194 172 161 167 172 174 182 188 189 179 178 182 176 169 149 142 138 135 123 122 130 153 174 179 194 216 228 225 217 201 166 145 161 178 176 178 188 204 195 203 205 214 206 212 209 206 216 214 205 203 214 225 222 197 180 189 200 165 147 163 179 182 176 169 170 176 170 166 173 180 168 163 167 164 160 157 156 158 163 171 174 173 180 177 175 174 170 162 156 156 157 158 153 153 154
205 186 177 176 175 179 179 184 184 181 194 195 191 182 182 175 141 147 158 144 128 129 128 125 142 166 187 210 202 208 210 201 186 179 180 179 172 169 189 180 157 153 162 176 177 159 159 195 234 236 225 195 201 210 205 151 165 171 171 167 169 175 171 169 169 161 159 162 160 160 179 184 173 175 168 159 163 170 166 166 173 177 179 186 181 174 165 159 160 158 154 150 151 154 156 155
178 167 185 199 197 186 173 184 189 196 202 191 190 180 180 182 170 167 165 133 108 106 112 120 134 130 150 181 180 189 201 208 196 191 192 190 190 191 196 203 211 199 182 172 175 181 196 180 174 169 176 193 195 174 167 167 162 169 170 171 175 180 184 183 186 177 166 161 156 151 167 175 172 175 166 162 176 184 185 182 179 179 171 170 178 177 166 163 166 167 162 155 157 163 162 158
175 183 197 194 189 189 180 182 190 191 177 154 152 162 162 158 144 138 137 125 139 154 150 158 167 138 129 124 122 113 103 121 135 158 173 176 196 208 200 204 212 213 204 190 177 176 186 178 165 157 170 183 188 191 183 188 184 171 168 174 171 171 161 154 164 172 169 161 158 163 175 178 179 180 181 186 193 195 193 190 187 192 192 187 183 181 176 168 168 169 166 162 164 168 165 163
183 189 197 193 177 190 166 149 172 174 166 149 148 155 146 153 145 135 135 136 133 154 180 199 206 179 127 87 74 72 73 96 146 173 146 136 173 204 189 189 200 207 209 203 194 197 193 191 191 188 191 194 196 203 203 190 169 163 166 169 169 165 161 159 163 172 173 165 169 177 182 189 190 194 199 206 214 214 206 208 206 198 190 189 189 188 183 175 168 168 167 163 160 164 165 165
165 166 168 170 159 165 177 162 152 150 151 138 126 139 134 124 132 137 143 156 153 153 196 212 211 179 132 89 69 68 72 88 113 129 137 154 164 179 189 191 193 198 208 208 200 200 199 199 200 203 206 203 204 204 193 168 148 151 156 163 167 167 169 171 174 173 170 169 173 185 189 195 206 213 210 208 213 218 218 217 211 206 200 197 199 197 190 187 182 173 173 172 171 173 180 178
141 155 151 159 157 159 176 166 147 159 169 162 137 139 129 124 136 151 152 162 185 194 192 195 200 163 130 104 79 64 65 78 106 118 131 144 137 150 185 202 195 189 202 203 192 193 200 199 201 208 210 195 168 145 168 176 170 172 162 159 168 167 165 165 168 162 165 173 182 193 198 207 212 205 189 186 190 203 215 217 212 211 210 210 209 200 193 193 188 171 169 185 190 183 172 158
178 173 168 168 171 181 176 146 134 154 151 127 131 154 149 154 152 153 162 168 182 195 182 168 152 111 105 108 105 82 67 81 90 91 88 110 140 153 173 186 181 177 188 187 181 190 199 191 187 201 190 158 138 131 157 166 174 172 161 153 167 172 160 162 167 158 161 178 185 195 206 211 205 192 189 188 184 192 203 210 211 213 213 203 199 202 200 191 179 165 170 175 174 173 167 155
184 185 179 163 163 173 181 175 163 160 162 145 144 153 146 130 125 138 162 170 152 135 118 114 102 87 100 121 132 115 101 125 139 96 65 89 126 148 167 181 195 194 193 192 186 191 201 200 189 184 169 144 148 166 164 145 160 177 180 177 178 174 158 165 171 170 174 184 183 199 214 206 191 183 181 185 187 187 187 187 194 202 208 202 193 196 203 192 178 173 173 164 149 153 172 171
181 180 182 189 181 175 183 189 186 184 174 161 156 164 173 181 183 186 182 173 169 156 127 111 108 101 94 101 107 120 144 149 135 100 65 63 86 119 150 178 204 204 201 205 209 201 170 146 137 134 133 138 155 155 153 156 176 178 180 183 178 170 166 166 167 170 179 186 192 212 217 204 190 188 188 195 191 182 173 170 180 190 203 206 199 198 197 188 190 181 172 181 181 174 187 195
