examples/data/proba_v_out_italy/probav_s5_toc_x19y03_20150606_100m_ndvi_v001.txt
ncols         273
nrows         192
xllcorner     12.62996031746
yllcorner     41.659722222222
cellsize      0.0009920634920635
NODATA_value  -9999
[rows 126 to 167 of 192, columns 0 to 95 of 273]
157 180 184 185 186 168 164 187 209 189 167 184 182 182 183 171 161 136 151 163 124 114 134 149 145 136 116 105 104 102 129 182 179 139 112 100 94 102 123 175 224 237 235 233 235 228 182 127 96 101 125 159 150 159 177 181 180 208 240 247 232 206 199 186 199 233 244 247 248 246 246 242 236 221 198 196 208 208 181 171 189 210 219 238 246 245 243 236 219 200 194 181 184 185 172 187
166 175 187 187 189 184 178 186 190 187 187 199 202 203 206 187 152 133 158 165 155 145 146 150 146 138 119 111 148 137 151 200 208 178 159 158 153 154 156 190 225 234 230 231 232 201 148 135 129 139 168 187 159 160 175 176 170 190 235 248 226 190 182 182 209 235 245 249 246 243 241 229 217 210 200 196 197 204 207 206 205 222 230 241 250 243 236 236 214 187 179 176 177 161 168 209
187 184 175 175 182 178 159 149 150 150 177 197 208 213 209 185 163 161 178 166 160 151 142 156 159 131 111 114 153 132 129 148 162 155 136 155 178 177 173 186 202 218 226 230 215 152 123 143 163 178 178 178 172 166 160 161 159 187 238 246 238 206 190 206 233 244 247 250 247 243 233 205 174 160 166 179 185 195 210 215 200 221 224 240 248 241 239 232 205 189 183 182 178 171 204 237
173 170 163 160 168 179 184 146 142 163 174 183 195 201 190 165 174 188 187 175 171 171 178 178 163 132 131 130 123 116 112 102 111 126 130 149 173 179 180 191 195 175 159 160 148 115 131 159 163 155 154 152 161 165 173 198 211 223 243 246 244 230 217 230 245 244 246 248 247 246 225 190 173 152 152 166 174 174 185 198 206 221 228 245 243 228 232 211 192 208 208 207 194 196 235 249
175 177 175 169 163 164 178 168 148 164 174 166 161 161 171 179 191 194 189 188 188 185 191 184 171 150 136 130 117 119 126 112 105 127 155 169 180 186 190 191 180 140 93 88 97 108 146 185 164 132 130 156 180 182 178 174 180 202 228 238 235 234 228 239 244 241 244 245 246 246 232 205 196 205 196 181 149 110 109 132 181 224 244 234 199 174 195 192 200 218 210 215 192 207 242 250
167 176 179 176 172 155 166 198 185 176 163 148 147 157 193 200 182 171 167 178 187 182 180 178 173 154 131 129 127 118 115 123 120 127 145 157 161 177 189 185 149 102 81 85 127 158 175 184 147 121 146 177 181 170 173 168 159 168 202 234 244 240 236 243 244 243 244 243 243 240 228 199 165 149 140 127 91 67 62 71 140 220 247 223 183 142 151 189 208 228 235 229 223 236 248 250
168 169 175 176 168 160 157 179 199 190 178 185 198 203 201 184 170 169 174 166 178 166 160 168 179 183 163 144 137 118 125 140 151 137 131 143 152 147 143 149 166 149 118 115 154 185 192 197 184 142 149 177 180 168 174 181 172 182 213 244 249 244 242 243 244 244 245 245 245 240 229 192 138 93 71 70 71 70 59 67 122 204 231 240 240 196 140 164 213 220 239 222 215 241 250 250
159 159 165 178 187 182 182 177 162 162 178 198 211 207 194 179 180 183 180 171 166 156 160 174 183 187 186 169 156 149 153 155 151 143 140 152 156 148 134 132 156 171 168 155 162 201 224 196 172 156 160 193 197 188 188 206 186 212 237 247 247 243 244 244 246 246 246 247 248 240 219 137 82 74 68 65 63 65 63 78 136 198 213 228 244 238 194 187 188 184 221 221 225 242 250 250
157 154 161 177 166 172 180 171 160 145 147 158 163 164 167 165 161 173 184 182 186 190 186 178 170 176 183 179 183 157 136 140 151 151 153 165 170 164 159 154 151 145 140 152 178 213 228 209 205 204 210 228 225 218 221 218 219 241 236 234 231 226 221 225 233 241 245 241 238 231 184 86 61 67 67 63 62 60 72 106 164 188 187 201 231 246 245 237 208 212 228 230 243 250 250 250
149 148 148 144 132 142 161 177 160 127 128 148 161 158 155 157 166 180 193 197 209 215 219 211 189 206 208 196 182 167 164 157 156 162 166 170 165 154 150 144 140 143 134 137 159 184 211 231 228 225 230 241 245 243 243 232 220 208 182 175 168 169 182 202 227 240 243 236 225 197 129 88 59 64 74 63 61 56 63 86 122 153 187 196 214 244 248 230 235 248 240 237 247 250 250 250
103 109 110 96 103 140 133 147 178 189 186 174 177 185 179 163 176 207 205 192 191 198 192 198 201 220 216 205 189 170 164 163 165 178 183 175 148 139 151 147 121 124 146 162 166 173 205 228 229 221 223 230 242 250 249 232 195 152 130 135 153 170 194 214 235 241 239 226 171 111 102 96 77 72 61 55 57 59 64 64 66 97 176 214 232 247 240 212 219 245 245 247 250 250 250 250
85 78 70 81 84 93 131 196 201 209 188 154 147 175 187 171 167 186 156 138 143 165 154 185 202 198 187 176 162 166 168 174 177 189 202 196 154 124 127 137 130 130 140 156 161 161 190 218 220 229 242 241 240 247 247 225 180 144 131 130 132 144 193 229 242 240 230 184 96 78 106 103 84 88 80 66 61 64 70 65 55 79 155 229 244 243 235 206 221 246 250 250 250 250 250 250
106 75 49 66 81 108 135 190 214 205 186 157 149 162 177 171 163 169 168 173 164 158 165 183 186 191 189 176 146 149 158 166 183 200 194 184 162 139 132 119 125 131 127 129 137 154 178 203 218 228 234 235 239 241 237 216 185 179 176 161 140 147 179 218 238 238 224 157 88 83 98 125 116 104 96 71 58 58 69 71 54 97 178 226 238 240 234 206 189 232 250 250 250 250 250 250
99 79 69 64 71 101 109 154 186 163 132 138 144 161 171 162 151 164 181 174 159 168 179 181 188 204 208 202 194 186 172 156 157 168 162 160 152 142 143 142 137 149 142 125 110 146 174 202 229 234 236 231 238 224 196 189 155 136 166 180 136 144 188 227 240 231 201 126 89 85 77 77 81 82 90 80 58 55 61 66 74 126 194 224 238 242 243 237 226 242 247 250 250 250 250 250
75 66 87 87 65 61 87 137 124 118 124 158 164 159 160 152 141 160 173 157 142 158 174 166 162 172 179 182 169 159 133 110 128 148 169 181 157 166 168 164 157 179 166 126 106 134 175 219 242 238 228 225 226 200 164 164 175 120 119 157 163 167 197 230 240 221 179 107 88 85 84 67 56 68 90 99 70 57 60 65 76 158 218 237 240 230 224 233 241 248 249 250 250 250 250 250
64 59 60 70 66 53 49 68 114 138 158 163 160 150 152 143 137 147 159 166 157 143 139 146 155 150 156 171 158 165 168 150 149 166 166 153 142 159 170 170 173 176 147 121 117 141 186 230 237 219 190 172 166 154 146 144 151 129 100 107 142 184 218 237 243 232 183 111 92 95 96 85 63 54 63 108 92 63 58 72 91 171 227 244 239 222 216 239 248 250 250 250 250 250 250 250
67 63 57 69 94 106 81 79 117 170 166 156 150 143 144 141 146 150 159 177 179 158 152 161 168 159 159 162 154 166 181 183 172 173 166 145 146 156 160 162 172 169 141 117 128 140 161 207 230 223 185 152 146 146 131 111 116 110 80 91 101 124 169 219 242 242 207 143 118 114 131 141 96 68 76 135 111 71 62 74 130 202 237 241 233 215 218 238 245 248 249 249 250 250 250 250
97 76 60 76 129 172 143 142 157 170 172 155 156 160 152 146 154 160 162 166 166 157 160 175 175 160 142 146 149 155 165 182 167 159 173 172 173 176 181 171 155 155 160 162 162 149 151 205 241 228 186 148 144 149 137 103 81 79 75 74 77 84 114 157 198 234 209 115 78 111 116 128 126 112 119 132 100 99 130 176 217 232 237 229 216 218 210 225 240 246 247 248 250 250 250 250
126 116 107 107 145 170 163 156 161 169 156 142 148 140 122 127 141 154 161 151 156 162 166 192 190 149 121 138 151 163 164 161 154 154 159 163 173 184 195 199 188 170 169 172 177 172 173 225 244 204 156 134 135 125 138 115 77 87 120 107 80 79 83 89 132 195 217 159 86 69 62 61 93 132 115 117 138 168 199 214 232 228 218 214 214 216 214 230 239 243 247 249 250 250 250 250
70 81 123 150 148 149 148 147 145 133 130 136 131 112 85 121 145 145 139 108 115 143 157 162 153 124 114 138 162 189 169 146 159 173 175 160 145 151 175 196 189 182 190 166 168 179 200 238 234 187 155 148 148 128 140 109 77 82 110 107 93 83 79 79 94 152 214 226 201 161 125 112 146 187 196 195 212 221 222 226 230 229 218 216 208 203 215 236 242 244 245 248 250 250 250 250
138 85 108 122 104 115 144 144 141 144 154 153 119 117 137 143 129 140 133 115 117 137 153 153 145 134 129 131 148 167 143 103 111 154 171 155 137 145 170 188 187 171 158 150 163 171 208 234 204 157 141 137 143 150 147 132 129 121 120 114 90 87 83 83 90 122 174 207 207 201 207 213 229 238 225 225 234 233 230 230 229 225 222 218 203 195 215 236 241 246 248 249 250 250 250 250
166 137 130 132 113 117 140 146 138 112 112 137 143 145 121 95 101 132 125 121 127 136 153 167 165 158 155 152 148 148 157 160 126 137 157 149 140 160 196 219 216 202 173 159 162 176 214 226 188 152 140 127 120 133 133 128 142 128 115 114 103 96 85 78 91 113 125 128 119 124 145 158 182 208 189 165 202 227 223 219 219 215 216 221 220 220 230 240 244 248 249 250 250 250 250 250
157 155 158 162 140 134 129 132 150 138 146 154 155 154 151 114 106 123 106 105 116 125 142 164 165 153 140 137 146 153 176 194 170 154 156 165 171 182 201 208 202 198 197 194 185 201 222 208 173 154 130 118 136 171 156 142 147 138 121 129 123 100 93 88 98 106 109 117 118 121 119 106 103 154 167 141 153 180 191 180 176 188 209 223 232 237 241 245 247 248 250 250 250 250 250 250
131 159 168 166 163 152 152 162 176 174 179 167 156 158 170 160 119 112 116 97 92 98 107 131 163 161 132 121 131 144 139 147 154 156 163 175 182 183 193 203 200 195 205 221 224 231 211 179 155 147 129 120 154 191 170 138 138 139 123 112 123 117 103 105 145 142 135 130 114 117 125 126 127 150 169 164 161 172 173 158 141 151 188 224 237 243 245 248 249 250 250 250 250 250 250 250
139 152 161 168 164 154 153 147 166 179 172 158 165 168 168 165 136 111 118 122 103 88 98 111 126 136 134 127 126 122 115 138 151 153 156 167 186 187 189 193 191 189 208 233 238 215 163 140 136 132 130 147 192 188 146 118 130 126 99 85 91 109 112 105 106 113 150 140 111 109 120 121 145 163 170 178 193 195 190 192 194 206 230 247 248 247 248 249 250 250 250 250 250 250 250 250
163 164 156 161 164 160 156 151 169 192 197 191 190 174 155 144 133 113 109 113 113 101 95 98 121 149 158 154 135 111 110 131 143 148 151 165 186 189 191 185 183 191 211 233 221 169 125 122 129 121 126 160 198 168 122 107 124 131 121 106 109 127 143 128 109 111 135 131 118 125 132 115 139 166 195 218 228 238 237 235 234 229 233 242 247 248 250 250 250 250 250 250 250 250 250 250
158 166 174 174 172 170 167 158 150 157 172 178 159 130 119 122 120 113 110 106 101 94 110 142 150 175 179 168 155 121 127 138 143 149 160 175 175 169 186 199 208 211 215 214 173 137 127 148 154 135 137 163 171 135 104 111 134 147 155 156 172 189 196 177 147 133 134 128 132 144 145 144 149 163 216 240 238 228 211 206 210 214 216 227 246 250 250 250 250 250 250 250 250 250 250 250
162 160 172 176 157 144 146 138 129 124 140 155 142 109 91 100 121 137 131 120 102 85 106 164 198 204 203 183 173 172 171 157 143 129 140 190 170 135 136 176 221 228 202 183 155 146 139 159 171 159 161 178 184 166 144 147 170 183 176 168 195 194 187 193 186 158 132 123 126 142 149 151 148 155 206 238 238 217 192 206 208 215 218 226 247 250 250 250 250 250 250 250 250 250 250 250
166 172 177 160 143 130 132 125 126 129 142 170 181 168 132 105 107 144 131 114 108 100 100 121 160 196 206 182 164 175 187 181 172 160 169 184 161 133 136 174 208 186 123 129 152 157 165 179 176 171 172 172 174 174 171 164 162 172 184 198 208 206 186 180 177 167 157 139 130 137 147 145 138 156 203 233 243 246 231 212 206 206 203 208 231 247 250 250 250 247 246 247 250 250 250 250
168 168 162 145 134 125 116 123 152 168 170 169 157 150 143 135 120 115 116 98 89 95 103 106 130 178 204 188 151 169 188 199 195 178 177 166 170 178 163 137 157 150 122 130 155 168 184 200 195 191 193 179 158 163 182 194 192 183 174 184 206 201 176 175 169 160 152 147 148 136 133 133 138 156 179 204 228 232 222 212 202 192 185 183 216 243 249 250 250 249 247 246 250 250 250 250
164 147 147 149 143 136 126 131 152 150 139 147 131 112 116 130 151 144 118 85 85 91 86 101 137 192 215 185 151 157 150 159 179 181 170 148 152 159 145 127 145 162 135 126 157 166 176 183 187 196 192 160 152 188 229 237 235 194 149 142 169 165 147 148 152 163 176 191 202 171 142 156 172 168 185 185 189 200 210 218 200 173 159 159 192 227 246 250 250 246 249 250 246 244 244 223
128 128 150 163 172 180 176 153 147 147 144 150 157 146 141 157 171 143 118 97 93 94 97 135 180 199 204 166 154 145 130 147 153 146 136 137 154 166 168 159 152 165 156 160 179 178 182 181 187 199 193 168 158 205 238 230 230 197 157 155 181 158 143 144 150 165 194 216 221 195 162 183 190 176 171 176 176 179 200 214 181 175 170 164 169 195 231 248 244 232 220 224 229 219 192 184
134 139 165 184 174 175 176 163 151 156 171 192 209 203 188 186 167 120 106 93 104 125 122 131 146 168 169 144 144 137 144 162 149 132 144 166 179 179 175 172 166 158 153 170 192 203 206 201 189 186 184 174 163 179 206 219 220 217 185 172 174 141 115 130 132 144 181 203 200 187 169 162 134 147 158 156 164 180 207 214 179 162 172 181 177 187 220 229 201 168 163 172 170 163 156 163
155 160 167 174 162 146 140 142 143 152 187 194 195 196 189 180 161 132 101 79 83 105 132 145 144 147 146 138 139 146 169 173 161 153 160 156 167 173 177 189 184 174 177 194 203 192 179 185 192 191 183 174 162 162 183 195 199 195 187 181 168 127 91 87 91 83 109 161 171 173 177 156 117 127 148 145 150 174 193 192 180 170 170 180 179 194 212 203 171 151 149 150 142 130 141 147
145 172 164 155 153 144 135 139 156 177 193 174 158 169 175 154 121 100 86 82 98 118 156 173 157 132 133 143 153 156 169 165 160 167 168 152 158 158 171 196 200 189 194 200 192 181 163 171 191 192 192 189 184 192 205 202 194 179 184 208 210 139 107 104 86 74 78 119 166 176 167 186 196 184 158 136 130 147 173 191 174 181 182 175 178 178 191 187 175 181 174 163 158 151 166 175
160 172 164 155 151 160 158 156 175 191 167 135 133 147 138 110 88 80 82 85 88 104 147 165 142 130 145 167 169 152 146 163 169 178 184 181 169 164 169 184 194 198 191 176 184 200 196 186 195 207 212 208 197 217 235 237 229 191 174 195 209 173 163 170 148 113 111 147 164 161 159 182 207 189 152 150 160 167 192 203 169 166 164 172 178 160 184 192 185 186 170 151 154 176 200 197
145 141 143 143 134 159 162 147 159 183 168 138 134 144 128 92 88 100 93 103 128 150 173 180 164 188 188 159 157 158 166 175 170 169 169 166 162 158 167 190 198 185 167 157 161 178 189 192 196 198 201 197 182 185 204 223 218 184 168 181 183 162 160 162 159 162 174 173 165 159 153 155 178 162 151 154 154 152 179 210 197 167 169 177 176 166 160 173 182 177 145 102 112 148 171 172
136 116 116 134 155 174 171 162 165 170 164 161 146 157 173 150 143 147 130 116 158 176 171 169 179 203 191 155 133 141 156 161 159 157 164 168 167 164 167 177 170 172 171 167 161 174 183 185 190 192 187 184 181 188 205 209 190 165 156 165 168 160 155 150 137 159 173 170 161 151 142 159 179 156 165 164 161 154 159 196 225 210 189 189 168 173 176 158 162 170 144 106 124 169 189 183
141 138 142 145 157 166 178 181 170 173 168 159 156 152 173 185 169 159 127 130 166 184 170 125 119 150 174 182 154 145 163 167 170 160 161 171 175 176 168 155 148 156 160 157 173 205 202 177 179 199 212 213 206 208 209 191 168 160 160 162 162 157 162 170 161 163 177 178 171 163 161 175 188 170 155 171 192 181 163 169 198 215 201 184 166 180 181 165 167 182 178 165 180 213 202 206
138 165 177 156 159 163 167 172 165 165 166 166 181 186 179 147 138 158 142 141 152 163 154 128 118 121 144 182 187 169 156 174 206 187 163 166 171 165 158 145 145 156 159 162 182 196 188 172 178 190 199 205 212 209 198 176 156 162 173 183 180 165 160 179 189 179 179 188 176 162 175 206 201 203 189 180 176 151 150 151 163 206 217 203 187 184 188 191 198 204 197 191 216 238 214 212
145 156 155 145 142 140 139 146 153 156 163 167 176 180 160 131 123 126 134 154 161 138 125 124 128 121 125 146 166 180 157 144 160 166 157 161 158 160 173 162 154 168 180 182 193 199 197 196 195 180 168 157 157 159 154 155 156 161 172 186 179 166 160 176 192 182 181 197 193 191 206 216 196 199 202 195 168 136 120 137 165 198 209 222 220 191 166 180 202 201 183 185 224 240 216 192
152 164 157 140 131 133 137 141 148 145 134 140 148 138 133 135 135 144 158 176 176 134 107 106 120 130 135 159 186 196 173 133 124 134 143 154 152 134 145 161 146 143 166 183 175 160 153 173 182 162 148 131 133 135 133 157 161 161 167 176 168 168 173 181 190 178 185 197 199 211 228 224 192 160 152 174 162 161 176 180 193 183 170 192 217 186 145 153 190 195 187 197 224 233 193 153
