examples/data/proba_v_out_italy/probav_s5_toc_x19y03_20150306_100m_ndvi_v001.txt
ncols         273
nrows         192
xllcorner     12.62996031746
yllcorner     41.659722222222
cellsize      0.0009920634920635
NODATA_value  -9999
[rows 0 to 46 of 192, columns 96 to 191 of 273]
125 141 130 84 61 63 65 77 83 101 90 76 70 69 68 77 105 134 150 155 165 162 153 155 153 156 177 165 165 168 148 149 150 148 153 153 137 84 63 49 47 47 53 59 49 46 43 41 41 33 32 38 33 17 27 40 59 74 88 81 85 128 137 97 70 64 68 94 145 177 151 113 103 109 110 99 73 55 66 106 145 147 164 160 164 157 148 142 130 144 143 121 92 67 41 40
142 145 135 129 91 70 64 82 88 88 93 95 91 97 100 86 97 135 147 158 178 177 148 141 148 155 176 154 173 159 142 155 138 133 128 120 151 151 119 104 97 92 95 105 72 50 41 38 36 39 38 13 2 6 29 50 73 82 57 53 78 125 144 116 70 57 69 98 166 185 176 140 108 113 122 108 84 74 91 127 138 155 174 175 178 168 161 142 113 107 124 133 115 85 59 31
134 132 115 123 124 111 101 99 95 73 59 69 93 97 116 124 112 123 132 145 163 158 140 141 146 147 148 143 168 167 177 170 145 135 143 149 147 151 148 136 140 150 159 158 130 79 50 41 39 38 35 28 29 46 41 46 66 65 44 52 96 128 147 139 102 69 77 112 172 193 187 155 114 99 118 139 122 115 124 142 149 160 168 175 179 177 171 158 129 94 83 95 81 82 78 37
147 138 118 110 129 140 131 121 102 69 68 68 72 88 116 133 136 134 138 149 163 151 142 159 167 152 149 161 173 164 158 171 155 153 154 139 132 142 157 164 162 161 163 167 153 110 70 60 60 57 53 44 35 39 44 61 66 62 59 86 153 171 165 138 106 91 122 121 148 175 188 190 152 121 124 137 124 147 149 158 173 163 150 158 174 173 162 161 151 97 80 101 102 98 92 81
139 125 136 136 138 148 143 144 108 78 70 80 84 92 119 142 133 136 143 149 152 148 151 162 170 152 136 127 160 147 123 146 155 166 160 159 163 162 171 183 187 181 172 166 164 152 130 106 114 107 74 60 48 49 45 50 61 75 56 76 144 175 172 160 130 110 116 118 105 118 148 182 172 149 151 177 175 169 170 175 185 188 183 175 168 157 156 169 150 93 78 86 97 120 123 119
128 123 138 147 152 144 130 115 62 44 42 59 94 115 132 146 145 152 163 177 187 185 175 157 143 106 88 94 157 161 145 146 157 177 186 179 175 177 176 180 179 171 170 172 169 163 136 106 88 72 46 36 39 47 46 55 63 63 51 71 116 163 177 178 172 159 152 143 123 120 133 156 171 172 167 174 174 177 185 182 179 177 178 178 171 161 159 173 164 115 85 89 113 148 158 143
142 125 128 151 148 141 139 119 80 73 79 106 156 164 158 163 164 165 174 180 178 170 167 164 143 105 106 125 168 171 171 173 176 179 184 170 155 159 169 173 173 166 166 172 168 163 145 99 73 59 42 38 38 51 66 79 72 67 69 98 144 188 199 194 187 172 151 149 146 148 161 161 169 180 178 173 175 182 186 185 182 179 177 176 173 178 175 156 167 163 133 118 121 139 136 134
172 152 144 157 150 129 112 116 125 135 149 160 174 174 166 172 167 170 178 187 193 194 183 168 164 156 120 101 130 165 164 151 159 149 144 169 174 164 169 182 181 177 176 178 172 153 148 127 113 81 51 43 52 80 105 89 70 100 127 138 152 170 174 187 186 156 114 91 131 158 153 155 175 195 196 182 182 191 193 187 182 178 171 164 173 192 183 153 172 181 175 165 157 153 124 126
160 146 157 160 151 141 133 134 136 146 157 147 151 163 172 172 163 165 161 171 178 175 166 153 160 179 164 128 147 172 168 171 181 162 148 168 175 163 174 185 181 177 177 174 162 156 162 153 142 119 98 83 97 123 126 102 97 128 147 152 147 141 150 174 171 123 88 76 135 165 150 153 179 187 184 178 168 180 192 187 179 179 181 182 188 186 169 159 174 173 168 161 163 164 143 141
158 151 151 159 150 143 152 158 151 154 168 168 155 146 147 147 149 157 147 139 142 153 150 140 157 175 167 160 174 193 191 185 177 159 156 142 139 156 170 175 180 172 166 168 168 168 168 162 151 134 134 135 137 146 152 143 153 167 176 177 175 157 155 176 178 144 117 116 148 162 166 163 168 168 169 184 179 169 182 194 187 189 192 188 188 181 171 165 166 169 175 178 179 179 169 160
151 143 142 150 148 143 147 159 165 161 173 182 150 118 119 129 148 143 129 136 131 150 173 177 177 175 168 147 121 93 98 110 125 154 182 136 124 149 160 167 168 160 150 144 149 165 168 165 162 153 136 119 133 152 159 152 153 155 170 177 169 162 161 169 185 193 182 170 160 157 156 159 170 175 176 189 183 172 187 197 185 194 205 182 160 171 177 174 159 160 171 174 175 174 170 163
155 155 157 164 167 166 157 158 158 153 163 181 153 123 114 130 154 146 134 140 131 152 170 169 159 154 147 89 60 52 72 73 58 63 83 118 123 145 165 168 163 167 166 155 151 167 181 179 184 180 157 137 138 151 155 147 135 137 158 174 179 175 168 168 182 195 194 181 172 154 146 154 168 180 184 179 173 173 177 180 180 182 183 178 174 179 186 183 161 146 164 176 167 167 173 163
169 168 170 168 170 168 158 158 159 164 170 168 140 120 96 83 86 114 153 163 146 137 160 170 171 176 155 72 49 47 73 56 44 43 51 78 64 77 120 128 132 149 145 156 177 193 193 185 184 180 167 167 161 168 166 153 134 129 142 163 182 179 166 161 159 180 198 181 168 164 157 153 163 175 168 162 176 181 165 157 169 178 175 177 180 181 180 183 176 164 161 164 161 159 157 151
168 170 171 163 157 157 157 165 172 178 175 170 146 92 41 37 48 65 116 173 165 150 174 183 178 180 151 82 67 47 38 37 35 30 31 33 35 44 80 100 126 136 126 150 167 180 197 196 182 168 166 173 184 181 159 158 144 125 120 138 173 181 173 178 181 179 185 178 164 166 179 131 136 166 172 175 181 186 178 170 162 181 189 192 195 194 193 188 180 160 154 162 148 152 160 157
173 178 193 189 167 159 157 155 161 171 175 181 165 112 67 49 45 66 98 154 170 168 174 173 161 156 150 95 51 35 31 33 33 28 31 24 21 26 41 56 83 132 157 154 151 164 177 177 168 165 180 190 184 169 162 168 177 149 129 138 172 189 175 170 181 183 177 186 187 177 162 144 138 151 160 165 169 179 186 177 172 177 178 172 180 187 190 183 173 166 160 160 160 164 165 166
170 173 188 190 174 169 170 171 174 177 175 188 168 107 68 74 58 60 88 168 183 167 165 169 152 106 91 87 68 47 38 38 37 35 35 29 26 30 28 30 44 101 154 167 168 169 174 168 162 161 158 161 166 159 163 172 161 149 152 146 155 179 189 174 160 170 183 180 175 173 178 187 178 167 158 159 164 173 184 173 160 166 170 179 186 184 192 197 178 171 178 176 168 159 164 167
154 151 168 174 171 177 180 177 177 180 176 176 169 143 127 128 104 101 125 179 174 170 173 169 137 88 72 83 98 82 59 49 45 41 38 34 34 40 44 41 33 39 92 169 173 155 159 175 180 176 173 168 165 158 163 173 167 164 172 160 140 167 202 185 152 147 156 162 162 170 177 178 183 181 170 165 160 163 175 188 176 157 161 185 194 181 187 197 190 187 190 190 185 172 168 169
138 122 119 136 154 165 171 170 168 170 176 180 189 189 179 178 169 163 166 164 157 154 159 156 145 110 82 81 95 107 112 95 63 51 43 36 33 36 41 58 64 73 112 167 167 148 159 171 165 152 151 158 164 161 158 175 181 168 163 156 150 160 172 169 163 168 164 162 169 176 185 183 185 188 178 173 175 179 187 193 179 172 178 195 196 176 170 181 189 182 178 192 193 178 168 177
179 178 160 147 150 156 166 176 179 180 179 178 181 182 176 192 192 178 166 152 134 133 134 127 123 103 90 86 99 120 129 126 95 73 61 57 46 43 46 72 112 132 140 165 178 150 147 155 143 129 137 159 148 138 146 153 159 152 149 164 174 179 176 176 173 164 146 143 157 168 174 173 182 184 175 165 166 175 183 182 175 179 178 187 198 195 183 175 166 169 172 184 182 177 179 181
183 189 188 181 177 153 154 178 188 194 193 187 187 180 177 188 191 170 152 152 159 160 147 133 135 130 116 111 113 115 117 140 140 132 124 110 66 52 48 72 114 145 152 166 165 147 146 153 134 128 156 169 152 145 156 154 149 170 172 168 169 165 163 166 173 170 158 158 162 147 146 166 175 173 177 177 184 189 178 173 189 193 177 173 169 171 166 162 160 180 184 171 167 178 181 196
155 171 183 184 187 186 184 185 196 204 203 205 211 206 196 192 185 169 148 152 163 165 169 168 163 144 118 113 113 111 104 120 155 167 164 130 87 71 70 86 124 159 149 149 156 156 154 157 156 150 158 165 167 157 148 144 147 168 184 181 170 163 156 162 174 173 172 179 186 164 142 150 165 179 190 188 177 174 170 170 181 164 148 157 158 164 149 155 175 172 173 169 174 182 180 188
165 182 195 192 196 200 198 197 198 199 202 193 179 186 188 189 186 175 156 164 169 151 144 164 170 147 132 130 130 128 113 115 135 163 173 167 135 116 120 143 183 190 175 160 166 177 174 168 161 162 164 167 170 166 149 145 141 141 162 171 168 178 172 172 179 173 164 168 176 171 161 170 177 179 186 181 173 167 168 170 177 178 178 158 140 150 151 164 177 170 161 165 183 178 168 174
168 178 193 200 201 185 175 173 177 182 187 179 165 165 175 192 188 173 170 179 170 164 167 179 184 169 163 162 163 155 136 124 125 150 171 179 157 144 148 146 170 192 185 169 168 171 166 159 164 167 163 157 162 161 151 162 166 130 116 139 157 162 156 161 179 183 163 151 168 183 182 179 168 166 171 169 173 172 172 173 173 179 189 178 156 159 183 185 177 169 159 156 160 143 134 130
166 174 188 200 198 182 180 184 178 174 165 151 156 166 175 189 182 174 176 183 175 173 184 185 184 181 175 180 178 171 164 152 145 144 148 160 166 169 170 161 158 168 174 165 161 160 163 159 163 170 175 179 181 173 164 172 175 157 148 155 160 158 154 123 118 144 158 170 188 193 179 170 165 167 177 177 172 164 164 168 170 177 183 178 170 174 180 173 173 177 178 173 162 148 147 159
108 133 154 161 163 181 194 190 183 187 190 182 177 176 170 173 174 176 183 188 188 178 185 182 177 179 187 197 187 181 187 181 175 175 163 166 183 184 178 155 145 156 170 163 158 155 159 161 164 162 157 163 177 181 174 175 175 168 162 162 163 167 160 125 62 81 144 168 176 182 172 175 176 178 183 182 171 158 157 169 172 173 171 169 162 142 126 153 177 175 174 175 176 162 146 155
101 112 135 155 161 172 190 197 191 195 214 219 199 195 194 190 189 183 181 184 189 190 190 182 179 188 186 184 181 182 194 189 188 195 185 180 181 183 177 163 162 168 159 149 149 148 154 163 171 170 156 147 163 172 175 174 176 172 168 163 141 136 159 172 130 107 135 158 151 154 159 190 191 175 175 187 184 160 144 155 170 174 163 140 133 149 135 156 171 161 153 170 177 169 169 175
152 147 156 163 164 166 186 202 196 189 201 207 200 184 185 191 183 178 179 175 174 178 177 176 178 185 175 160 153 157 168 178 182 187 184 178 175 175 177 174 168 163 151 145 153 156 154 157 164 165 159 148 152 166 171 173 171 160 162 152 120 104 112 125 150 165 158 144 137 115 115 150 143 144 154 176 180 147 122 120 149 142 124 114 123 139 144 155 161 163 173 181 178 179 177 160
162 150 152 176 187 198 210 209 194 182 193 193 183 178 183 185 181 170 180 172 148 156 169 178 171 162 159 152 147 143 147 160 176 176 177 180 178 176 174 158 150 164 156 145 138 142 153 149 147 157 167 167 169 176 179 177 169 159 153 134 111 94 92 95 136 178 170 145 160 158 138 112 84 101 120 143 149 115 97 116 151 163 130 105 138 148 147 156 170 181 185 177 169 165 146 127
181 165 164 179 192 205 214 195 188 188 185 185 178 177 179 169 165 161 176 179 159 158 165 169 145 138 158 161 145 137 143 155 167 161 167 174 176 181 181 176 169 174 164 156 138 139 150 144 141 140 159 174 169 166 166 165 172 174 158 123 107 101 91 93 127 169 173 164 163 141 134 110 77 68 79 107 97 88 94 108 123 124 103 107 171 179 172 174 179 187 185 186 184 170 142 122
168 180 190 175 176 182 191 183 190 188 176 178 178 176 170 162 159 160 180 181 174 172 168 170 155 146 158 167 149 143 148 157 164 164 169 172 173 181 187 191 185 181 181 174 156 147 148 128 106 117 153 146 121 117 134 156 161 141 128 141 143 135 134 132 127 155 173 185 176 156 142 134 113 95 83 79 87 97 104 103 110 111 97 124 169 174 177 169 175 182 173 169 183 182 180 179
156 177 214 193 200 210 203 187 187 194 187 184 186 182 175 166 165 173 191 188 175 175 174 168 151 161 162 159 155 153 155 159 162 161 157 158 162 150 144 158 163 163 155 135 117 136 150 120 84 94 126 106 77 70 77 98 135 123 114 124 148 150 160 160 159 172 170 176 166 167 167 142 127 120 98 81 88 92 99 108 121 139 126 142 163 177 181 169 174 157 161 180 182 179 180 179
177 187 196 188 192 198 187 173 171 179 168 163 164 174 176 174 167 156 171 178 169 173 178 175 170 172 173 165 168 166 164 160 164 166 151 134 127 118 116 127 140 140 139 123 102 96 91 82 81 86 83 71 70 72 73 83 105 120 149 156 150 155 164 176 174 167 163 168 173 176 169 144 108 104 95 75 78 82 93 114 125 135 147 155 163 175 168 161 170 160 149 144 144 163 165 164
186 185 190 188 193 201 194 182 174 174 174 174 164 168 178 181 172 156 172 187 179 169 171 173 167 160 162 158 169 167 162 160 160 160 149 118 97 88 86 118 124 107 100 89 87 86 88 86 77 89 112 133 140 128 117 111 114 125 143 159 160 157 161 171 170 163 151 150 168 178 167 147 124 112 119 98 85 87 103 124 138 146 144 157 173 179 185 187 173 167 172 168 159 157 161 175
192 183 189 208 211 205 190 186 191 187 176 164 158 179 187 184 175 160 163 168 167 165 167 162 155 146 157 173 182 180 174 167 167 170 166 139 113 96 99 140 122 87 69 70 57 55 70 74 66 105 128 153 176 179 171 173 165 166 157 149 165 163 162 164 173 166 159 156 161 160 154 145 118 97 102 106 87 82 105 129 142 156 168 169 175 181 171 174 180 170 161 163 161 162 170 174
177 172 168 186 191 195 188 187 195 196 192 181 176 187 189 186 176 171 166 159 168 177 169 155 149 134 153 172 175 176 188 184 179 182 182 177 144 128 151 171 163 136 123 105 82 81 91 108 130 148 154 167 168 153 150 168 167 177 177 157 144 157 170 163 165 163 166 165 151 134 130 141 127 103 100 102 87 81 83 103 135 160 157 161 170 172 158 153 180 168 155 152 152 176 178 165
155 164 185 195 172 182 189 186 182 174 168 167 157 154 180 182 172 172 171 162 172 185 180 167 159 157 171 172 167 167 178 190 164 145 175 176 107 105 114 157 182 199 181 158 129 125 153 146 146 158 165 174 181 169 162 174 175 178 174 148 139 150 153 139 151 164 164 166 165 159 154 155 141 121 100 92 89 100 120 141 161 169 157 153 153 170 160 139 148 151 156 155 154 161 175 163
143 161 164 163 172 194 194 193 193 180 160 162 158 166 187 180 171 180 181 169 168 176 176 170 164 165 168 166 157 152 165 167 186 181 170 136 118 107 126 165 203 196 165 175 157 144 154 158 155 173 178 166 157 153 149 156 169 176 172 149 137 143 141 135 147 154 161 166 176 171 157 153 147 132 112 100 92 110 136 145 153 160 159 145 144 165 171 166 161 154 151 147 154 160 164 169
121 167 175 156 177 192 183 183 181 178 174 175 161 173 189 186 177 180 176 156 151 164 178 178 169 173 171 171 171 166 152 143 144 137 151 147 134 129 144 170 169 157 164 189 164 152 157 165 167 175 171 150 139 139 138 165 186 180 168 168 155 139 131 131 132 156 150 148 155 160 163 150 152 157 157 137 105 105 137 151 153 155 150 145 151 163 159 146 150 160 156 153 160 164 159 164
120 134 141 161 181 188 178 165 152 157 174 180 167 169 159 172 171 167 159 144 156 174 166 160 158 162 162 164 174 174 154 143 142 152 174 162 151 145 154 163 149 135 159 170 168 160 161 174 181 174 170 159 150 155 154 164 177 185 183 180 156 131 128 139 156 172 154 150 155 153 153 156 162 171 179 174 148 113 125 143 153 150 135 142 139 151 157 148 150 167 166 158 161 162 169 167
130 136 150 186 184 181 165 148 142 150 165 160 132 124 128 144 134 146 152 136 151 166 159 161 160 156 170 169 167 152 137 134 132 155 145 149 143 141 148 156 149 146 164 168 174 160 141 165 182 176 177 176 168 165 165 165 170 177 161 143 131 117 121 128 145 162 161 163 165 160 154 158 165 168 172 175 158 128 113 119 141 160 172 159 146 157 171 168 162 173 159 152 163 169 174 167
129 145 159 159 159 166 151 138 141 145 156 129 85 83 110 124 118 132 146 138 137 154 164 165 168 172 162 156 153 154 139 125 113 99 114 158 138 132 144 158 162 157 158 159 176 175 162 173 176 173 175 177 174 170 163 158 157 160 160 149 128 133 141 148 154 153 150 151 162 169 157 160 172 174 162 151 150 144 131 121 117 128 147 158 154 159 183 170 161 169 159 156 167 173 173 166
108 141 152 156 163 172 168 159 143 116 100 87 76 82 94 104 122 115 103 109 122 137 163 170 157 162 163 154 144 144 135 126 108 71 83 121 136 129 127 143 155 156 150 153 150 166 176 168 161 162 165 170 166 166 161 156 163 166 162 156 138 134 156 153 142 145 148 149 159 168 164 162 165 164 159 146 142 141 140 141 140 134 129 143 151 151 158 165 165 171 165 157 155 159 161 167
99 128 150 167 180 193 187 165 151 114 91 77 71 84 114 125 120 120 121 108 111 123 146 152 147 161 164 161 168 196 176 153 130 122 101 86 112 122 121 134 152 160 159 171 183 187 171 157 151 156 160 156 154 159 168 171 166 173 165 155 144 133 143 157 140 132 142 162 178 165 149 153 156 148 150 150 144 140 142 135 133 139 144 142 152 156 153 159 164 170 177 167 154 156 161 161
95 133 157 168 170 185 176 158 161 115 77 78 91 98 128 141 144 133 118 115 120 113 122 144 181 175 166 164 155 169 178 167 163 157 140 130 139 128 120 127 140 154 167 187 200 189 177 170 159 157 162 165 165 158 161 159 156 158 145 144 145 151 156 168 163 157 158 164 180 172 158 151 152 151 142 136 128 130 140 139 143 145 154 164 159 159 156 141 144 153 163 164 158 154 150 152
80 122 155 157 149 165 165 152 154 144 124 116 121 126 130 128 143 134 125 122 126 111 125 156 170 155 162 178 167 172 175 171 170 162 153 143 127 127 123 121 131 149 163 179 201 182 178 172 163 161 164 160 156 152 148 146 144 146 146 146 151 159 156 156 161 162 161 160 171 173 160 157 156 156 144 138 134 141 149 147 145 144 149 155 157 151 163 159 142 139 150 164 169 168 158 151
80 107 141 114 102 120 131 142 142 150 146 133 104 107 125 130 126 106 123 142 136 121 146 166 166 143 152 157 161 169 174 172 169 161 153 142 123 118 120 122 135 153 160 174 182 169 172 170 172 172 169 172 171 153 141 152 159 153 153 156 156 149 150 151 156 166 172 160 165 174 166 164 162 159 149 150 155 162 167 154 143 146 144 147 157 155 142 149 157 145 135 146 145 131 154 171
66 97 137 125 87 68 66 83 126 156 137 113 119 124 144 134 108 91 107 133 135 126 152 160 164 154 165 169 173 164 163 170 170 161 150 144 149 143 121 123 136 153 153 164 172 174 174 171 174 174 167 167 169 160 157 159 165 153 156 156 150 141 140 147 153 159 167 156 161 167 166 163 159 157 149 158 166 170 175 159 146 148 151 156 153 159 167 169 167 161 159 164 158 142 154 172
