examples/data/proba_v_out_italy/probav_s5_toc_x19y03_20150306_100m_ndvi_v001.txt
ncols         273
nrows         192
xllcorner     12.62996031746
yllcorner     41.659722222222
cellsize      0.0009920634920635
NODATA_value  -9999
[rows 141 to 187 of 192, columns 0 to 95 of 273]
33 35 35 33 32 32 30 36 38 40 42 38 38 40 43 39 37 35 36 37 34 34 32 32 34 32 33 35 36 36 30 34 36 37 36 35 47 50 52 54 53 47 50 47 43 41 54 46 44 41 38 40 42 40 47 41 36 30 31 30 32 30 29 32 29 30 33 33 29 31 30 30 31 31 33 29 24 31 39 37 35 36 37 36 33 31 35 30 29 40 43 42 34 35 33 33
31 32 34 35 35 33 30 36 40 42 39 40 38 45 47 46 48 37 33 31 32 31 31 33 33 32 37 34 34 35 32 33 36 37 35 36 41 44 47 49 56 48 42 44 46 47 50 41 42 40 33 31 30 35 41 39 34 32 33 30 27 31 30 5 25 28 27 30 28 31 29 27 32 36 32 0 7 35 38 32 31 29 27 31 28 28 31 28 30 28 31 31 34 29 33 29
30 32 33 33 33 32 32 35 35 33 35 39 36 40 35 43 46 37 35 31 30 29 29 30 32 33 34 33 36 37 36 35 35 36 38 40 36 39 44 45 43 41 38 41 47 42 38 37 37 40 44 43 39 40 39 37 33 30 29 30 32 36 31 8 12 24 30 34 21 9 19 0 0 9 32 32 30 39 41 34 32 31 33 35 30 32 32 30 31 29 31 30 32 28 37 27
32 32 32 31 31 32 34 38 37 34 37 42 40 41 34 36 33 30 32 35 36 32 30 30 29 30 32 33 32 33 35 34 34 35 37 36 38 43 41 39 38 39 42 42 41 33 32 33 35 44 40 34 35 37 36 33 32 34 34 36 34 34 36 20 0 0 0 0 0 0 0 28 0 8 34 36 37 31 30 37 36 29 30 36 25 9 25 33 40 37 34 31 30 30 37 29
32 33 34 33 34 35 35 34 35 34 35 38 39 39 34 31 31 33 32 33 33 40 38 32 32 33 34 34 30 30 35 40 42 41 42 44 39 42 43 41 38 39 45 44 42 38 35 34 38 46 46 39 38 37 39 35 35 34 31 34 33 38 38 6 0 0 0 0 0 12 17 12 5 26 35 31 36 32 30 7 15 33 29 8 3 8 28 41 44 44 42 36 27 31 40 37
35 35 37 36 35 35 36 37 38 38 40 41 40 38 38 42 40 40 34 31 29 29 32 31 29 31 34 35 33 33 33 33 35 39 45 47 44 40 36 39 41 45 43 38 37 40 41 35 35 39 51 52 49 48 45 38 40 39 36 33 30 35 27 0 0 0 2 0 0 11 30 24 11 33 5 17 38 40 41 19 23 25 0 25 39 36 34 47 44 50 47 48 33 34 31 34
35 35 35 33 34 32 32 34 36 38 40 42 40 35 31 33 35 38 35 35 31 29 31 32 33 32 32 33 33 34 37 42 44 45 39 39 42 40 39 47 41 37 36 36 36 32 29 28 37 52 53 54 41 36 37 38 39 35 31 32 33 34 33 30 22 36 36 43 35 0 0 0 10 35 18 27 36 33 37 43 42 44 39 30 33 32 33 34 38 38 36 47 50 44 35 33
36 36 34 32 35 34 32 31 34 40 49 47 45 45 46 42 34 35 35 33 30 31 32 30 32 31 30 28 31 35 34 31 29 34 37 38 38 40 37 41 43 44 37 35 36 36 33 32 33 44 36 38 41 46 41 38 36 35 36 35 34 34 33 38 38 34 10 24 45 25 13 30 37 35 32 35 34 34 37 42 43 36 34 33 30 29 33 34 39 35 34 33 37 34 33 35
40 39 36 35 34 32 34 34 39 41 53 51 57 57 54 50 35 32 32 32 29 30 32 30 33 26 17 28 32 35 32 34 36 39 40 35 34 45 43 41 36 37 35 32 31 33 32 31 35 42 35 37 39 42 35 34 35 33 35 36 35 37 32 33 36 37 37 35 34 35 33 31 33 35 36 37 31 33 29 36 48 42 40 37 37 30 28 42 44 39 33 27 34 36 42 42
40 36 35 37 37 39 41 38 42 39 37 37 37 42 46 51 44 36 29 31 29 29 29 28 30 18 0 28 41 36 31 33 36 38 37 39 41 46 39 36 36 36 34 33 33 32 35 41 46 39 33 35 31 30 32 36 36 33 34 36 40 43 41 38 35 35 32 34 36 40 37 30 31 37 34 36 33 34 30 32 52 59 47 43 37 36 34 33 39 34 28 24 25 27 32 35
38 38 38 39 39 48 50 49 44 42 40 38 35 40 47 47 41 36 30 31 29 32 32 31 31 35 38 33 34 33 30 32 33 41 44 46 46 45 39 45 46 42 38 37 36 39 36 41 37 32 27 32 36 33 34 35 35 38 53 63 48 39 36 37 32 32 34 31 29 29 33 30 30 32 30 30 28 28 29 28 52 52 37 35 34 31 33 38 48 38 38 34 30 16 16 22
36 38 38 39 41 51 61 49 37 38 43 42 40 37 39 48 43 37 32 33 30 14 18 33 36 36 34 33 39 42 39 38 34 30 33 40 46 46 41 36 34 37 43 55 56 42 38 35 33 40 44 44 39 35 35 36 34 38 45 56 47 43 32 27 31 34 34 30 28 31 33 28 29 32 38 37 32 30 29 29 36 35 36 34 32 30 28 42 44 35 30 35 35 0 0 29
35 36 38 39 44 46 84 60 44 42 39 31 34 32 33 40 36 35 33 33 30 6 0 15 22 1 26 28 31 37 43 44 38 36 38 43 44 51 46 41 42 46 44 37 38 38 38 32 42 56 59 48 39 37 34 33 35 35 36 31 29 39 36 33 35 39 41 34 33 34 35 32 32 28 30 29 30 33 32 29 33 44 32 32 37 39 38 45 37 37 36 37 35 10 0 15
37 40 43 43 46 42 49 45 50 50 44 35 36 35 37 39 37 37 38 39 40 33 1 0 18 30 33 29 32 33 36 37 38 36 36 36 37 47 51 53 42 39 40 35 38 38 39 41 48 37 40 38 43 48 42 42 47 51 50 39 32 34 35 36 32 33 40 38 40 36 33 32 36 32 33 30 29 34 38 37 43 51 42 40 31 27 28 35 36 39 31 30 35 43 37 31
39 40 39 44 42 42 41 44 52 41 38 38 39 38 36 41 40 35 35 35 35 36 38 37 37 38 40 40 42 40 37 33 35 38 37 34 35 38 39 44 44 45 44 42 45 40 47 48 44 33 31 32 39 40 44 53 46 50 42 37 36 37 35 35 39 37 33 31 36 34 35 30 32 33 33 29 27 29 30 26 23 26 28 31 30 27 25 29 31 34 35 38 44 53 28 0
41 39 41 43 34 38 45 48 49 46 40 37 35 40 40 38 37 34 33 33 35 33 32 32 35 32 39 42 38 29 32 37 36 34 35 37 41 44 41 39 41 43 45 50 64 60 45 48 42 35 34 39 40 39 32 32 29 36 38 38 37 38 35 35 35 32 32 33 33 34 37 40 36 33 33 33 33 35 30 29 30 30 29 33 35 34 33 31 30 32 31 30 37 48 55 52
30 36 42 39 31 30 34 45 41 36 37 36 34 32 33 34 36 35 32 32 34 32 31 32 33 33 37 40 39 33 34 36 36 36 38 38 37 40 43 41 40 38 38 44 49 44 35 40 43 40 39 42 49 47 38 38 42 50 45 39 35 36 36 39 41 40 37 37 35 34 33 39 39 32 31 35 35 32 32 34 36 33 32 31 35 35 35 37 38 38 35 34 36 42 39 32
34 33 33 31 33 35 34 41 42 37 32 27 27 25 26 29 33 35 30 32 32 31 31 33 36 35 36 38 34 32 34 35 36 37 37 39 45 45 43 40 40 46 49 48 52 50 49 47 45 42 39 41 47 43 37 36 31 36 39 37 37 37 37 40 43 43 42 43 39 37 37 49 53 37 31 12 29 34 31 34 36 33 27 29 35 37 38 42 40 33 37 38 39 40 41 37
37 37 37 34 38 39 37 33 36 33 31 27 28 26 27 30 36 38 33 33 33 32 33 34 39 35 34 35 34 35 35 33 32 36 46 44 51 58 56 49 44 42 47 55 59 44 48 44 40 42 40 40 42 45 38 40 32 30 35 37 36 33 32 36 41 40 36 31 29 31 29 35 47 52 36 3 24 37 34 33 36 39 37 30 28 31 35 44 50 43 36 30 36 37 34 36
43 41 42 38 37 36 41 35 33 35 34 33 33 33 31 28 31 33 34 34 36 36 39 37 39 36 35 37 40 40 39 37 45 51 58 57 52 68 77 58 55 49 52 54 58 47 54 51 44 40 42 50 45 40 37 38 33 32 36 36 34 33 36 37 36 34 33 34 33 32 30 29 36 45 47 43 47 44 38 36 34 30 32 34 33 32 30 27 31 37 38 39 40 34 34 37
41 39 37 32 30 27 30 35 37 40 41 41 40 38 35 35 37 39 42 42 41 38 41 45 48 44 41 48 44 38 37 40 44 49 64 66 46 44 64 56 46 44 48 54 63 60 59 54 45 43 41 40 32 33 33 37 35 38 43 43 38 34 32 30 33 35 39 39 36 34 31 29 29 44 51 49 42 38 35 38 35 34 39 43 44 46 45 43 38 30 35 40 46 46 41 34
32 34 37 34 36 35 35 39 41 45 43 42 42 41 44 44 41 44 40 45 48 49 54 60 52 43 35 37 38 34 29 27 29 30 43 64 71 72 82 73 60 51 42 44 50 52 53 55 52 41 38 37 33 33 34 37 29 26 28 36 41 39 34 33 35 36 43 47 38 35 36 34 32 31 42 49 40 35 41 47 41 39 32 32 38 46 52 50 48 48 46 43 45 45 43 35
39 45 45 36 37 41 41 32 27 28 25 24 29 28 31 41 38 28 21 30 34 28 27 34 42 41 41 45 47 44 36 35 33 35 37 47 71 80 81 89 93 72 54 51 52 57 69 66 58 48 39 36 33 32 32 36 38 39 36 36 39 39 45 51 55 47 45 47 47 45 44 45 40 37 38 47 37 28 27 32 35 44 44 40 34 33 35 37 34 34 40 53 48 60 75 64
28 24 25 26 29 30 33 32 30 28 28 26 31 28 24 28 25 26 27 30 27 28 38 55 54 32 33 51 70 64 47 47 45 40 43 43 50 42 50 69 79 73 84 87 72 63 92 98 86 63 46 37 34 34 34 35 36 39 44 47 45 44 50 53 56 49 45 49 43 39 42 48 35 35 37 41 37 37 41 34 33 36 33 34 32 33 31 33 45 48 53 61 53 56 80 84
30 28 30 32 33 31 32 31 33 36 36 36 42 34 32 32 30 34 33 27 29 32 28 32 42 38 37 48 71 68 57 49 55 51 55 59 61 53 49 49 52 45 49 71 72 67 71 76 89 61 47 45 42 37 36 39 37 35 40 41 41 48 48 43 38 41 41 46 41 38 39 41 39 42 39 38 38 36 36 35 38 36 35 34 38 36 34 33 35 37 43 50 47 50 52 63
31 34 38 39 37 34 38 40 42 37 41 42 40 33 31 31 30 29 28 33 34 31 31 35 45 56 48 37 40 45 36 34 34 41 52 50 45 40 43 56 63 57 53 62 70 85 72 49 43 51 46 45 48 50 53 49 44 40 38 29 25 31 42 47 52 51 53 48 43 39 35 39 40 42 39 34 34 36 39 38 38 37 40 35 31 31 33 32 29 26 21 24 30 36 42 44
35 35 34 35 35 36 37 35 35 34 47 40 39 40 35 32 35 35 36 35 31 32 34 34 32 28 37 34 36 44 36 35 33 36 51 43 40 35 34 38 48 57 55 61 82 92 77 48 37 34 48 47 50 51 44 45 48 45 41 36 33 32 30 29 30 34 37 38 39 40 43 47 42 37 35 34 33 35 45 46 41 39 41 39 38 32 31 28 12 15 26 30 31 33 37 42
34 32 33 37 39 38 37 38 45 45 51 39 38 35 34 38 43 39 39 35 27 30 35 35 29 25 32 36 40 34 31 36 35 34 36 32 33 36 40 37 43 60 59 58 55 54 48 39 39 37 40 49 55 60 57 50 53 53 49 51 52 46 41 38 34 34 35 36 37 38 42 44 41 41 40 42 41 41 39 40 41 42 47 40 34 33 36 14 0 0 23 38 33 33 36 33
36 32 32 33 38 40 42 42 45 51 59 50 45 41 42 42 47 44 42 34 32 34 34 36 39 37 33 34 41 40 36 38 37 34 36 39 41 41 42 38 43 45 43 35 26 31 41 42 44 47 49 53 65 66 81 63 51 56 52 45 44 47 52 52 47 42 45 44 38 33 32 36 38 37 37 40 42 42 38 31 29 31 34 38 36 41 38 28 22 43 40 38 40 39 36 37
39 38 39 43 50 50 55 59 60 63 58 53 47 49 44 35 40 38 40 31 32 35 35 37 32 35 29 29 43 47 41 42 44 44 42 38 36 37 39 36 37 35 33 26 27 27 33 36 42 44 36 46 48 39 60 107 101 90 70 48 45 42 40 45 55 53 52 55 58 51 47 42 39 36 40 39 33 32 29 31 30 29 30 34 35 35 32 35 37 37 39 46 42 43 41 39
37 38 46 58 70 65 69 77 71 60 46 42 34 32 27 26 30 26 25 28 29 27 28 32 31 31 30 30 33 48 45 39 42 48 47 41 38 40 41 40 37 36 34 31 32 32 34 35 37 34 31 35 43 38 34 56 63 84 94 83 65 46 47 40 41 37 36 42 49 55 46 42 44 43 40 37 36 36 32 32 31 32 32 31 33 39 42 42 38 34 30 29 32 41 42 46
61 67 75 81 84 100 90 91 70 47 34 31 32 31 30 28 25 28 27 30 30 28 27 31 32 35 37 37 31 29 35 37 37 41 42 41 46 44 43 42 39 35 32 34 37 39 35 34 31 28 27 28 33 35 35 29 33 37 78 108 98 83 70 59 52 53 52 53 54 59 60 50 41 49 47 41 40 44 46 38 37 36 37 33 38 42 43 40 39 39 39 34 31 34 33 52
69 81 89 89 82 79 64 59 53 47 44 36 35 37 30 31 33 33 31 18 23 32 32 32 29 30 33 38 36 33 30 33 37 40 48 56 51 39 40 42 39 35 35 42 39 37 33 33 31 31 32 33 37 40 39 31 31 44 69 91 105 92 75 71 71 86 85 80 82 85 99 80 53 50 58 57 46 44 44 40 47 38 35 39 47 45 38 36 38 45 51 50 41 44 46 48
43 42 47 62 49 49 40 35 35 21 23 27 26 34 31 29 31 16 0 0 0 9 32 31 33 35 31 29 33 37 36 36 37 39 47 54 48 42 41 41 45 57 47 42 44 37 31 34 38 38 39 38 32 33 39 31 31 51 69 80 111 91 66 62 66 72 70 57 62 70 80 93 76 61 63 66 56 62 63 55 59 64 63 58 54 47 39 44 52 51 53 65 65 51 46 51
51 44 45 57 54 42 37 34 31 24 27 30 0 0 4 13 29 1 0 0 4 26 37 36 36 36 31 27 28 32 34 42 50 53 47 44 50 57 51 45 45 54 37 31 30 31 31 36 39 40 37 36 33 23 28 29 32 48 47 52 75 88 82 75 71 70 73 65 64 70 73 73 86 78 72 59 57 90 86 79 77 90 77 53 40 41 43 45 45 42 37 34 54 60 46 44
51 43 43 50 46 33 32 27 26 29 32 26 0 0 0 8 30 29 25 10 21 36 35 36 34 35 38 36 31 29 30 32 33 33 32 34 44 51 47 45 46 52 41 39 40 40 36 33 32 34 33 32 36 37 36 38 38 39 30 34 53 68 84 85 73 62 61 61 69 67 64 49 43 59 79 62 50 70 100 110 80 63 51 40 35 34 45 50 47 39 34 31 35 44 45 43
59 62 47 38 35 29 26 28 29 32 36 20 0 16 33 44 20 0 32 19 10 33 27 28 31 15 13 31 31 33 38 40 36 33 35 38 35 39 45 53 53 47 45 44 36 36 39 38 32 29 26 30 30 36 38 34 28 31 24 21 28 47 60 62 51 51 50 45 52 52 42 47 49 51 63 69 69 65 66 90 81 78 56 53 71 68 50 34 26 22 22 25 30 37 50 50
42 42 37 35 30 30 29 31 33 33 34 36 33 36 39 37 39 34 34 38 30 19 30 23 0 0 0 2 36 32 30 31 38 43 47 50 54 59 54 44 28 33 31 24 23 24 29 33 0 0 29 36 35 31 30 32 26 24 25 28 28 36 26 26 27 31 33 36 40 38 37 46 58 58 49 58 70 76 75 78 81 108 112 111 112 68 35 30 27 27 30 29 21 23 25 26
39 36 33 32 31 34 35 35 34 35 38 41 42 41 37 31 34 37 37 36 23 0 13 42 27 19 8 16 1 0 29 27 31 37 48 58 72 81 49 35 25 24 32 36 41 23 8 19 0 7 42 36 33 32 34 38 40 37 36 38 34 34 31 32 35 39 39 39 44 51 53 52 53 57 57 49 45 44 48 54 56 66 63 66 71 74 53 40 34 29 4 17 23 12 29 32
37 35 35 34 33 36 42 44 44 47 47 40 37 37 32 27 28 30 33 34 31 7 0 30 48 47 38 5 0 23 43 33 37 42 41 45 57 48 44 39 34 31 31 31 32 23 7 7 34 37 35 29 30 34 32 31 32 36 37 34 32 35 35 38 39 41 41 43 51 62 64 58 54 44 39 28 29 37 48 43 44 50 53 55 61 73 67 55 43 39 39 41 26 12 34 36
40 40 39 38 39 36 36 34 27 24 31 27 23 27 25 34 19 16 26 0 13 39 35 31 36 37 40 44 40 41 44 42 43 51 58 57 42 33 39 35 39 37 33 33 29 0 22 42 35 34 35 31 17 12 20 31 33 33 34 34 31 32 35 39 42 45 44 40 42 50 54 52 51 50 47 41 36 26 35 39 34 30 38 48 54 49 46 58 58 62 76 66 49 37 34 33
40 39 36 34 35 29 27 24 23 23 25 31 25 13 0 1 12 20 32 0 28 43 36 12 0 26 37 37 42 48 46 44 39 37 46 51 48 39 42 42 42 37 37 38 40 33 35 37 30 23 28 32 17 0 3 36 37 38 39 35 32 34 36 39 40 42 46 45 42 37 37 48 64 70 58 45 40 33 29 30 36 32 30 30 36 38 35 35 52 62 54 52 52 43 40 33
38 37 32 32 30 27 27 31 25 27 30 9 0 0 0 0 1 19 38 29 4 9 30 38 34 33 30 28 35 36 38 37 33 36 41 44 45 43 52 62 65 50 44 37 35 37 39 37 35 32 34 42 52 50 39 32 30 36 39 38 34 35 40 42 36 36 44 46 45 48 54 59 68 68 59 58 52 38 27 24 25 25 24 29 31 28 29 29 29 31 43 60 79 69 64 52
34 33 32 33 33 34 32 16 0 0 0 0 8 29 38 27 22 15 0 0 0 0 35 39 36 36 38 39 45 45 49 48 44 46 47 41 41 46 46 44 48 40 37 32 32 32 33 33 38 37 31 26 27 29 33 30 29 34 34 39 44 52 54 50 47 46 48 49 46 47 50 52 59 56 52 50 46 43 34 27 28 32 0 1 33 35 32 39 41 34 30 31 39 63 86 97
31 31 28 28 36 10 0 0 10 28 38 27 39 39 41 13 2 6 0 0 16 34 41 38 37 36 39 40 39 42 50 59 69 66 64 54 48 42 42 27 27 34 37 37 37 38 32 26 31 34 31 29 25 20 27 34 33 29 28 31 35 39 48 53 52 54 56 51 51 50 42 55 57 49 46 52 49 39 36 32 28 31 27 22 37 35 26 23 33 37 34 30 33 47 54 57
30 31 32 31 24 0 0 13 40 4 30 43 38 39 41 36 24 13 15 40 40 37 38 39 41 39 44 45 43 46 60 56 50 47 45 46 45 38 42 42 40 38 34 36 35 34 25 25 27 29 29 30 29 31 18 13 23 29 33 30 27 32 38 38 40 43 48 41 41 45 36 39 57 45 40 38 42 46 43 43 21 12 36 4 0 18 29 29 32 39 40 35 39 45 55 56
35 33 11 0 0 0 0 17 43 42 41 34 33 35 41 37 35 35 38 41 40 38 40 41 44 44 42 64 69 61 57 46 45 39 37 38 41 39 41 46 52 49 41 34 31 33 31 34 34 33 31 30 33 41 24 0 1 33 42 40 39 38 31 28 31 36 40 32 26 29 24 20 26 28 27 27 31 34 29 29 39 40 36 22 13 29 41 38 34 35 35 40 44 50 63 51
