examples/data/proba_v_out_italy/probav_s5_toc_x19y03_20140706_100m_ndvi_v001.txt
ncols         273
nrows         192
xllcorner     12.62996031746
yllcorner     41.659722222222
cellsize      0.0009920634920635
NODATA_value  -9999
[rows 94 to 140 of 192, columns 96 to 191 of 273]
219 214 216 217 216 213 225 241 243 239 242 250 250 250 250 250 250 250 249 248 248 244 232 191 159 152 187 225 248 224 178 149 163 196 214 189 114 99 98 116 141 156 194 215 145 74 61 57 54 55 59 62 62 60 58 60 57 53 55 60 57 50 66 56 62 64 62 62 58 55 50 48 47 50 52 56 62 64 61 54 53 54 58 63 63 60 55 55 56 58 58 59 59 61 59 61
207 209 220 223 220 213 209 218 235 236 229 233 242 246 246 246 249 249 249 250 250 250 250 245 228 180 161 188 237 237 182 133 145 167 179 182 143 132 141 142 142 162 205 207 146 68 53 55 56 59 62 66 70 72 67 63 57 54 53 58 60 53 52 56 69 73 59 51 49 56 48 54 53 52 53 56 59 62 60 54 53 56 59 68 70 63 54 52 54 63 70 67 64 63 64 61
195 209 225 235 243 244 237 225 215 212 213 221 234 246 248 248 249 248 249 250 250 248 237 198 171 150 148 181 221 234 202 150 118 102 120 143 161 194 183 161 166 176 195 209 187 105 53 52 54 57 61 64 65 71 65 65 61 52 49 53 54 53 50 52 57 61 56 53 57 77 82 76 60 53 65 54 57 60 60 58 56 56 59 62 65 62 57 53 53 60 64 62 63 69 78 72
191 201 220 237 248 250 250 250 238 218 211 221 236 246 249 250 249 247 247 249 250 249 240 203 190 182 185 219 241 250 243 197 143 127 150 162 174 190 174 162 172 199 192 188 182 149 79 56 55 60 70 60 71 80 81 77 63 53 49 51 54 53 51 49 52 56 63 67 94 134 136 121 88 89 93 67 59 59 62 63 62 60 59 59 59 69 66 66 68 69 67 68 65 62 65 67
215 218 218 227 240 250 250 250 247 231 224 233 245 250 250 250 250 250 250 250 250 248 244 238 240 239 246 250 250 250 250 250 220 210 220 212 212 215 204 191 178 182 193 213 183 170 152 121 120 123 112 70 67 90 110 104 69 51 47 48 50 49 49 49 48 63 84 96 111 120 127 111 78 67 76 74 63 61 68 73 71 67 65 66 65 81 97 77 77 79 81 83 78 69 63 65
230 220 205 203 208 202 222 249 250 248 247 250 250 250 250 250 250 250 250 250 250 249 249 250 250 249 250 250 250 250 250 250 250 250 244 230 225 225 231 216 173 164 175 191 176 175 179 184 199 184 133 84 71 79 111 118 84 55 47 47 47 46 47 47 46 53 106 136 123 108 92 69 71 78 76 60 58 63 71 80 84 76 68 67 71 72 91 83 75 77 82 80 71 67 65 63
215 208 201 199 179 148 167 222 250 250 250 250 250 250 250 250 250 250 250 250 250 249 249 250 250 250 250 248 247 249 250 250 250 250 250 247 239 225 210 189 175 172 179 178 176 180 189 195 195 175 135 112 102 101 110 114 87 59 50 47 45 44 45 45 46 57 120 160 149 134 112 99 73 54 62 73 61 62 67 78 90 87 76 77 80 80 93 70 75 82 78 69 63 63 64 67
181 189 200 206 198 187 198 240 250 250 250 250 250 250 250 250 250 250 250 250 250 250 250 250 250 250 250 249 250 250 250 250 250 250 250 250 250 238 212 180 179 190 192 170 148 153 186 208 211 190 157 155 130 89 100 112 100 73 58 51 47 45 43 43 47 55 89 138 128 141 153 133 109 112 138 153 116 70 68 93 113 102 85 87 92 92 85 77 73 75 66 59 58 59 59 68
191 192 205 222 239 250 250 250 250 250 250 250 250 250 250 250 250 250 250 250 250 250 250 250 250 250 250 250 250 250 250 250 250 250 231 200 176 148 136 144 181 217 219 194 179 181 197 211 202 182 166 159 121 103 92 85 106 87 68 66 63 48 44 43 49 46 66 106 140 172 206 179 156 149 134 125 101 84 92 119 138 140 117 95 101 82 72 68 63 59 54 52 54 58 59 58
232 235 235 244 250 250 250 250 250 250 250 250 250 250 250 250 250 250 250 250 250 250 250 250 250 250 250 250 248 250 250 250 250 250 223 188 136 90 72 76 117 203 232 226 222 218 193 167 169 192 178 158 142 137 135 136 127 96 92 120 104 64 61 71 76 73 86 125 165 200 228 216 209 175 134 101 75 75 85 93 99 118 120 116 109 96 82 68 60 57 54 50 50 54 54 53
238 242 250 250 250 250 250 250 250 250 250 250 250 250 250 250 250 250 250 250 250 250 250 250 250 250 250 250 250 250 250 250 249 234 224 223 179 134 120 134 164 207 214 233 233 209 176 180 205 204 176 159 167 175 157 141 143 150 165 164 137 110 109 130 143 139 138 150 165 175 203 217 211 178 128 92 68 61 69 76 85 102 97 109 126 135 121 89 50 62 60 55 52 51 46 45
250 250 250 250 250 250 250 250 250 250 250 250 250 250 250 250 250 250 250 250 250 250 250 250 250 250 250 250 250 250 250 250 244 225 201 183 172 175 151 134 152 160 167 193 216 210 202 214 212 162 132 145 187 211 186 152 162 156 147 142 144 144 145 150 156 151 150 175 206 204 214 217 210 192 163 126 86 79 94 97 95 95 95 96 103 107 151 143 118 110 98 70 56 57 51 48
250 250 250 250 250 250 250 250 250 250 250 250 250 250 250 250 250 250 250 250 250 250 250 250 250 250 250 250 250 250 250 250 248 238 219 200 172 152 142 118 106 104 142 183 192 201 221 231 207 157 139 152 176 184 161 153 157 146 152 149 153 157 159 153 150 169 204 223 228 226 224 221 219 215 210 194 153 100 67 96 90 82 80 80 85 121 173 124 107 169 170 109 81 55 57 48
250 250 250 250 250 250 250 250 250 250 250 250 250 250 250 250 250 250 250 250 250 250 250 250 250 250 250 250 250 250 250 250 250 250 239 218 194 155 133 117 112 113 146 192 203 194 202 204 185 161 158 166 164 150 143 139 141 146 152 147 163 180 175 165 180 215 229 234 235 229 227 226 229 227 225 219 198 164 131 94 67 55 49 51 91 141 193 128 118 122 130 128 119 105 88 67
250 250 250 250 250 250 250 250 250 250 250 250 250 250 250 250 250 250 250 250 250 250 250 250 250 250 250 250 250 250 250 250 250 250 250 235 221 171 110 80 82 104 140 182 197 190 178 161 150 148 149 162 200 183 156 141 142 151 167 190 216 223 205 192 197 214 225 233 235 235 233 233 238 238 228 212 197 189 186 162 117 108 110 109 157 172 200 192 152 121 136 145 101 78 72 69
250 250 250 250 250 250 250 250 250 250 250 250 250 250 250 250 250 250 250 250 250 250 250 250 250 250 250 250 250 250 250 250 250 250 250 249 222 155 113 95 114 134 162 184 195 199 200 195 185 176 165 162 177 172 152 158 162 184 204 230 223 219 230 232 228 221 225 235 240 240 239 241 245 241 224 192 149 129 124 179 205 169 186 197 200 196 193 190 182 170 150 119 95 92 72 57
250 250 250 249 248 248 249 250 250 250 250 250 250 250 250 250 250 250 250 250 250 250 250 250 250 250 250 250 250 250 250 250 250 250 250 250 239 201 180 182 198 196 206 205 195 194 207 217 211 187 171 164 169 179 179 208 236 227 216 230 235 243 246 246 246 244 243 242 243 241 240 239 242 240 225 185 131 113 125 177 196 197 195 201 199 190 180 166 113 107 167 127 83 88 72 57
249 249 248 247 246 247 248 249 250 250 250 250 250 250 250 250 250 250 250 250 250 250 250 250 250 250 250 250 250 250 250 250 250 250 247 248 246 232 218 209 202 197 192 182 182 189 201 213 222 199 166 169 200 219 232 247 250 243 244 249 250 247 244 248 250 250 248 245 241 239 238 236 237 241 242 219 184 163 174 174 163 107 182 181 170 150 140 137 130 132 112 97 99 95 77 59
247 248 248 248 247 248 249 249 250 250 250 250 250 250 250 250 250 250 250 250 250 250 250 250 250 250 250 250 250 250 250 250 250 248 239 228 219 207 198 196 196 195 193 193 198 200 205 215 225 216 215 223 241 247 248 249 250 250 250 249 250 250 249 250 250 250 250 247 242 235 231 234 243 239 235 230 219 212 203 172 158 113 153 158 121 108 133 149 126 87 78 86 92 87 73 58
248 247 247 247 247 247 249 250 250 250 250 250 250 248 248 249 250 250 250 250 250 250 250 250 250 250 250 250 250 250 250 250 250 249 235 219 210 202 193 192 195 200 199 199 202 199 204 219 233 236 243 247 249 250 248 243 242 250 248 230 229 238 246 250 250 250 248 245 242 235 232 240 250 245 240 228 211 213 220 212 190 171 145 122 85 86 104 147 109 81 66 66 77 82 78 68
249 249 248 248 248 250 250 250 250 250 249 249 248 248 248 248 249 250 250 250 250 250 250 250 250 250 250 250 250 250 250 250 250 250 242 223 212 205 184 161 157 172 188 194 193 194 209 227 243 246 245 246 250 250 247 233 207 189 176 180 201 201 202 220 220 227 240 244 244 247 247 248 250 250 236 198 165 167 208 250 245 201 142 106 87 74 89 131 105 76 62 57 63 70 73 76
250 250 250 250 250 250 250 250 250 250 249 247 249 249 249 250 250 250 250 250 250 250 250 250 250 250 250 248 248 250 250 250 250 250 250 236 214 178 147 137 133 158 187 186 190 208 226 238 248 248 246 246 249 250 247 231 172 127 157 206 194 166 145 133 126 140 185 250 250 250 250 246 250 234 188 135 110 118 169 223 230 200 183 142 107 81 88 103 105 73 63 61 60 62 65 65
250 250 250 250 250 250 250 250 250 250 249 247 250 250 250 246 245 246 247 247 241 236 242 250 250 250 242 236 233 234 246 250 250 248 232 220 219 217 167 148 164 166 166 186 212 238 244 246 248 247 246 250 250 250 250 250 221 214 236 243 211 171 144 132 123 132 165 234 250 250 250 250 249 181 157 139 110 122 166 221 230 224 218 175 164 158 182 152 97 64 59 62 62 61 103 86
250 250 250 250 250 250 250 250 250 250 248 248 250 250 249 241 226 214 212 225 239 245 246 250 250 250 244 240 240 242 246 247 240 213 173 167 183 202 189 175 179 197 189 208 229 242 246 245 246 248 249 250 250 250 250 250 250 250 250 243 221 177 154 184 204 225 249 250 250 250 244 250 250 215 170 131 118 156 200 242 246 240 233 215 199 196 173 130 97 59 62 62 62 60 68 71
250 250 250 248 241 239 245 249 250 250 249 247 247 245 243 239 230 216 205 207 221 237 246 250 250 250 250 240 236 240 241 238 234 202 163 160 165 173 187 222 202 216 235 240 245 247 249 246 240 241 248 250 250 250 250 250 250 250 250 249 237 218 217 239 250 247 239 250 250 250 230 213 205 194 172 140 141 178 224 243 244 239 236 234 222 195 156 122 96 64 62 57 56 56 54 51
250 250 250 250 250 250 250 250 250 250 250 244 238 236 233 232 233 230 223 219 223 234 244 250 250 250 244 230 217 218 228 236 240 224 206 200 194 190 212 250 247 249 250 250 250 247 246 246 242 238 245 250 250 250 250 250 250 250 250 250 250 250 244 246 250 250 250 250 250 250 250 212 176 141 128 100 118 158 211 234 234 232 237 244 244 225 184 135 95 71 65 55 54 53 51 52
249 247 249 250 250 250 250 250 250 250 250 247 238 236 241 246 250 250 250 246 243 246 250 250 246 242 234 223 218 218 224 232 241 248 243 237 236 236 249 250 250 250 250 250 250 235 233 250 250 250 250 250 250 250 250 250 250 250 250 246 249 250 250 250 250 250 250 250 250 250 250 250 189 101 90 99 141 143 156 184 197 222 239 241 244 239 206 146 86 60 56 51 49 49 51 50
250 248 246 250 250 250 250 250 250 250 250 250 250 250 250 250 250 250 244 248 250 250 250 250 249 244 236 237 231 227 227 230 237 244 246 246 249 250 250 250 250 250 250 250 250 180 184 222 250 250 250 250 250 250 250 250 250 240 213 209 222 236 249 250 250 250 250 250 250 250 250 206 128 72 82 105 115 140 152 170 191 196 177 192 219 230 229 185 110 57 53 50 50 51 51 62
219 212 211 224 237 233 221 228 236 241 243 234 220 223 228 221 213 206 209 237 246 250 250 250 250 237 228 236 242 243 237 231 230 235 242 246 250 250 250 250 250 250 250 250 134 105 122 205 250 250 250 250 250 250 250 245 207 177 145 150 197 229 248 250 249 250 245 240 243 250 250 247 138 74 97 109 105 103 102 114 94 92 87 99 138 201 224 174 95 55 53 50 49 49 48 81
168 176 198 210 216 199 185 194 208 225 221 200 166 145 152 163 157 157 199 242 248 250 250 250 242 231 225 232 243 250 242 231 227 234 242 248 250 250 250 247 245 243 235 211 89 92 106 222 250 219 201 250 250 250 250 250 196 150 117 127 168 217 244 246 241 237 235 211 165 148 170 250 237 146 94 95 94 94 103 101 80 67 60 56 59 101 177 218 144 105 93 69 56 65 92 137
171 208 215 205 208 205 199 200 207 205 177 169 175 177 175 161 153 163 210 239 240 231 220 231 232 226 220 226 235 233 215 213 221 236 248 250 250 250 250 250 246 246 213 132 80 79 136 226 245 182 182 250 250 250 250 250 226 185 153 150 176 219 230 236 238 239 246 212 142 99 107 183 250 230 158 118 98 88 88 75 64 61 60 57 56 89 165 236 214 197 182 155 131 153 173 166
184 207 220 206 189 184 182 198 211 193 154 163 170 179 200 196 170 168 207 236 235 215 202 226 231 220 216 237 234 219 215 238 245 250 250 250 250 250 250 250 250 250 204 119 84 102 155 164 145 111 93 128 226 235 250 250 241 240 250 237 219 211 211 218 232 240 242 223 148 105 104 129 180 165 141 103 104 77 69 65 65 64 62 60 59 77 134 202 229 221 218 209 197 205 183 165
197 189 176 156 150 165 171 181 208 217 199 185 177 178 194 191 179 180 199 218 215 221 224 228 218 213 211 211 217 220 231 248 250 250 250 250 250 250 250 250 250 250 194 144 133 154 139 92 62 62 64 66 99 149 196 237 219 170 166 167 151 124 133 177 213 232 227 223 144 121 125 136 128 111 103 85 93 77 66 63 60 53 54 57 56 81 134 185 217 222 219 221 203 176 154 155
212 170 131 123 129 156 176 178 187 202 203 195 190 180 181 197 203 192 183 196 205 213 216 210 204 192 179 184 209 231 244 250 250 250 250 250 250 250 250 250 250 245 213 181 181 193 179 130 75 47 50 53 56 71 74 142 178 148 134 131 120 106 111 146 187 71 76 223 166 151 145 135 106 103 92 71 72 67 59 56 57 59 76 97 108 139 183 191 205 201 202 223 218 194 159 147
214 167 144 144 148 155 170 182 179 170 169 192 201 186 175 207 220 194 165 173 201 227 250 249 237 220 198 187 218 245 250 250 250 250 250 250 250 250 250 250 250 250 250 250 240 207 196 167 120 80 58 56 57 75 98 144 137 110 106 106 87 82 80 106 144 178 77 245 222 208 198 174 137 123 87 58 65 67 67 66 63 87 139 197 208 208 207 200 202 188 195 216 224 218 189 168
226 175 139 122 125 131 150 181 191 158 141 187 206 195 175 190 199 201 188 180 202 231 250 250 250 240 220 208 240 250 250 250 250 250 250 250 250 250 250 250 250 250 250 250 250 250 222 177 147 128 108 100 106 127 146 129 93 80 95 117 120 108 99 99 101 75 100 151 201 222 197 195 193 184 133 71 45 66 67 65 63 92 140 169 185 205 215 220 215 198 196 206 222 227 220 203
234 222 179 124 104 145 198 206 196 174 167 193 189 176 164 162 174 195 200 201 215 231 245 250 250 238 229 237 250 250 250 250 250 250 250 250 250 250 250 250 250 250 250 243 250 250 250 250 238 200 194 165 122 101 93 92 86 81 99 122 124 122 118 115 116 113 109 99 110 142 144 137 141 145 147 119 75 70 68 65 64 65 83 100 122 159 199 220 207 185 180 192 216 237 232 218
235 250 92 221 222 250 233 217 212 200 190 184 178 160 142 140 156 176 184 191 207 225 241 250 238 225 238 247 250 250 250 250 250 250 250 250 250 250 250 250 250 250 250 243 250 250 244 231 172 137 122 88 83 82 79 73 76 76 95 113 117 125 128 122 120 119 112 101 88 72 65 83 81 73 91 115 82 74 68 65 66 68 71 68 77 93 135 201 207 199 197 196 214 243 240 220
250 250 250 249 250 250 243 228 211 191 187 182 179 171 151 130 134 164 180 174 173 182 203 227 228 232 243 248 250 250 250 250 250 250 250 250 250 250 250 250 250 250 245 242 250 250 233 195 119 88 87 49 44 54 60 67 75 86 101 121 136 140 135 119 117 115 103 83 71 63 62 67 71 69 74 75 70 67 61 64 61 61 61 62 69 84 121 188 221 234 237 231 230 237 237 228
250 250 250 250 250 250 250 237 214 192 174 179 181 183 182 179 173 169 169 162 149 146 158 185 214 237 245 248 250 250 250 250 250 250 250 250 250 250 250 250 249 242 235 217 190 215 221 176 127 87 62 41 48 52 59 71 84 93 108 121 136 143 144 134 122 107 99 85 72 65 68 73 78 78 74 73 67 59 53 52 47 45 56 48 59 89 151 195 225 234 231 226 222 226 228 222
242 249 250 237 229 250 247 203 175 157 171 180 186 189 189 196 191 171 173 175 173 181 189 203 225 246 250 249 250 250 250 250 250 250 250 250 250 250 250 245 240 236 229 212 197 217 231 186 111 53 50 47 49 54 63 76 93 103 116 127 139 140 145 141 118 88 85 73 66 65 69 72 79 81 77 89 82 81 87 68 59 48 39 37 37 47 89 166 204 194 168 157 158 185 207 191
247 210 202 163 126 139 197 191 156 147 200 193 189 188 198 213 193 183 188 199 204 210 222 232 243 250 250 250 250 250 250 250 250 250 250 250 250 250 244 239 233 232 234 237 231 227 220 170 91 52 52 53 55 57 63 71 96 105 114 122 121 113 119 117 88 62 57 54 56 58 59 57 62 66 67 80 127 110 78 54 46 52 53 42 38 59 94 177 165 140 111 113 158 171 170 172
196 146 105 81 75 88 133 190 191 182 173 145 122 116 152 215 224 207 197 189 192 216 228 236 245 250 250 250 250 250 250 250 250 250 250 250 250 245 237 232 228 222 225 241 240 233 210 143 81 50 48 48 52 55 67 76 83 100 108 100 84 73 77 90 68 52 49 49 50 50 50 52 52 54 63 93 136 113 87 59 42 38 53 52 55 103 131 157 144 135 105 106 124 123 114 126
111 89 65 54 52 61 92 139 162 137 110 81 60 51 71 144 223 229 216 202 203 237 240 240 244 248 250 250 250 250 250 250 250 250 250 250 250 247 241 233 226 217 219 232 218 223 221 167 107 78 60 61 81 91 82 77 84 93 94 85 67 62 67 83 81 63 56 54 48 46 44 55 69 78 116 143 148 123 99 82 49 41 58 84 109 149 124 123 104 105 92 66 63 61 67 99
126 101 69 65 65 80 109 112 98 86 80 57 45 44 42 87 170 225 228 239 233 230 235 239 241 243 248 250 250 250 250 250 250 250 250 248 248 247 244 238 229 221 232 239 223 224 225 206 160 142 126 108 147 190 157 92 86 84 74 69 61 60 59 69 88 81 63 61 67 58 53 69 66 90 139 151 157 157 134 93 51 47 64 133 156 151 143 117 90 82 64 50 44 43 51 60
71 89 128 161 119 99 99 73 63 60 62 52 41 42 48 68 117 171 198 220 235 232 234 237 239 242 248 250 250 250 250 250 250 250 249 246 245 245 245 245 242 234 235 241 237 239 228 222 199 162 148 120 119 161 148 90 60 78 71 63 56 55 59 56 57 68 75 85 85 78 69 66 72 92 117 136 135 138 115 78 61 75 106 161 151 142 132 110 91 74 58 46 38 33 44 74
53 46 86 126 95 100 80 57 68 64 57 44 35 34 42 59 104 163 183 214 237 234 233 235 238 244 249 250 250 250 250 250 250 250 249 246 247 247 247 250 250 243 214 224 236 238 233 215 185 154 160 158 128 154 176 140 87 67 64 56 49 47 52 77 93 87 99 105 93 67 58 62 55 52 59 79 93 94 78 62 69 107 151 173 161 129 98 73 55 49 43 40 36 33 36 55
