examples/data/proba_v_out_italy/probav_s5_toc_x19y03_20150206_100m_ndvi_v001.txt
ncols         273
nrows         192
xllcorner     12.62996031746
yllcorner     41.659722222222
cellsize      0.0009920634920635
NODATA_value  -9999
[rows 86 to 128 of 192, columns 0 to 94 of 273]
177 180 179 175 174 168 170 177 179 177 176 179 162 159 158 163 172 167 156 140 133 160 169 174 195 173 150 149 147 160 176 185 201 208 202 181 153 115 95 110 114 141 153 163 158 150 146 142 148 150 155 161 151 151 153 149 149 163 143 131 146 143 140 147 152 133 106 118 130 143 156 172 151 150 161 159 149 142 146 140 128 122 112 109 105 117 165 168 174 147 139 145 147 130 109
173 172 173 177 160 160 160 175 182 188 193 187 176 164 167 171 184 159 155 133 146 165 172 163 166 166 161 163 164 159 190 196 200 201 196 204 191 160 129 147 149 149 155 155 161 166 147 146 146 143 151 151 148 151 161 160 159 155 149 147 142 146 138 124 111 105 96 108 122 136 164 179 171 152 133 112 123 132 133 116 106 116 118 133 131 149 174 170 160 134 127 130 124 129 124
170 169 186 197 183 182 167 172 178 175 182 164 152 156 170 168 160 160 169 168 146 138 139 141 158 164 162 164 154 153 149 157 172 171 177 181 179 184 175 170 159 157 154 163 169 173 150 152 153 147 155 162 156 159 156 154 155 155 157 152 146 132 121 114 109 116 119 127 140 138 147 156 154 144 119 93 100 112 101 82 71 103 125 128 149 142 157 131 110 110 123 126 126 123 122
167 168 187 185 190 192 177 171 171 166 170 169 156 163 174 165 170 155 168 166 137 127 140 170 175 153 151 142 139 139 126 140 151 141 155 168 175 177 174 182 179 179 170 144 150 161 164 166 162 156 147 145 145 146 147 142 141 149 153 140 133 136 134 135 131 121 102 101 128 127 122 130 130 118 119 113 112 89 77 72 70 81 82 80 85 116 122 106 95 102 117 124 133 133 123
165 171 172 172 176 178 174 175 170 180 185 175 170 165 155 154 161 162 176 162 149 140 178 179 153 132 136 141 157 165 148 148 146 145 148 147 168 175 177 175 176 173 170 152 142 151 159 164 161 154 145 150 149 148 153 143 135 139 144 137 134 154 142 127 125 125 113 111 127 144 136 125 125 115 124 118 103 84 68 58 65 97 114 100 89 86 96 100 96 100 103 117 129 123 120
169 172 168 165 168 174 179 180 172 171 167 153 168 180 165 155 175 174 179 166 170 204 188 162 140 135 135 134 106 161 82 145 148 154 142 126 156 152 150 161 164 157 172 188 156 152 151 151 154 151 152 149 150 161 159 151 146 149 149 146 154 171 161 139 131 123 115 125 131 138 137 132 132 139 135 98 90 79 82 95 99 105 86 93 107 130 126 114 99 89 100 113 110 112 113
180 174 173 167 171 175 176 173 158 161 171 165 159 160 171 178 165 172 172 174 186 184 150 105 120 141 151 133 76 76 58 143 152 133 81 130 181 173 170 175 177 167 176 183 188 186 150 150 154 148 145 147 153 167 155 145 147 154 144 154 164 158 156 144 140 141 150 170 149 138 142 135 143 148 140 116 124 122 120 149 152 117 100 102 137 140 119 116 106 103 111 122 113 118 127
178 156 162 161 163 165 162 158 152 159 169 167 172 175 172 181 180 161 160 174 196 184 144 126 120 134 113 51 106 76 74 62 74 64 74 77 81 117 135 110 147 177 181 171 183 193 188 166 161 156 144 119 140 161 162 155 150 144 141 158 158 155 153 148 157 171 178 188 165 147 141 142 147 150 154 167 151 128 113 129 135 128 109 103 122 119 128 128 116 126 136 146 135 138 134
167 136 144 174 176 165 152 157 157 156 168 174 167 177 180 173 172 152 152 174 189 159 133 136 97 97 39 40 41 63 69 78 75 72 62 49 100 110 93 50 62 96 166 193 182 151 153 165 170 166 159 154 139 157 164 162 154 140 141 153 152 143 146 144 139 160 164 161 152 151 147 151 153 153 152 144 137 136 156 148 143 129 108 96 102 119 134 144 144 139 130 137 145 143 133
147 146 149 168 181 175 164 166 157 154 170 169 174 179 187 186 179 160 169 189 173 129 119 137 65 98 103 36 40 55 60 57 55 45 44 38 81 94 85 78 56 90 114 142 163 149 156 163 171 168 160 156 172 160 163 174 176 158 149 141 155 156 157 145 143 148 136 140 145 147 146 156 159 148 167 154 142 150 154 151 147 140 124 110 114 128 124 129 126 122 124 123 137 147 139
163 166 169 178 183 179 170 170 171 169 173 173 187 187 185 183 182 180 194 203 175 129 104 92 34 103 36 43 54 68 65 50 52 53 46 37 78 77 86 88 78 51 70 98 124 153 175 169 166 169 178 171 179 181 174 162 158 177 155 164 147 147 141 143 134 146 134 133 140 142 142 143 138 154 147 149 150 141 135 146 145 129 135 138 136 138 123 114 105 108 116 133 137 142 138
197 177 161 164 174 178 166 160 164 165 174 184 200 191 190 190 193 187 194 188 165 140 127 96 56 44 61 66 78 90 67 55 48 46 46 38 33 38 81 87 85 68 54 63 84 68 159 181 176 176 180 187 191 189 182 176 164 168 172 158 159 144 147 148 138 145 144 149 145 155 151 137 128 147 169 164 153 123 139 143 141 140 153 157 150 149 136 120 113 114 129 130 127 127 136
165 156 161 180 189 165 163 160 149 147 160 177 182 178 199 189 201 181 193 180 178 152 124 108 62 52 57 67 78 82 66 55 49 50 40 30 28 38 43 45 49 47 44 49 100 70 67 152 192 195 192 191 194 198 197 196 192 179 166 131 130 140 132 132 131 139 146 153 155 156 150 155 164 150 162 160 147 145 158 166 151 152 162 164 157 149 131 120 117 116 125 130 122 110 114
173 171 177 150 171 165 163 164 175 176 177 183 183 179 186 199 195 174 167 191 182 182 155 131 91 44 26 50 68 69 57 52 53 46 38 32 33 37 57 62 58 50 45 46 47 40 43 53 110 117 176 188 184 192 203 209 209 199 182 156 115 121 123 147 154 140 154 154 143 144 147 162 167 177 184 181 166 163 158 145 141 147 171 169 160 153 147 134 131 125 114 109 115 119 125
184 179 179 171 169 172 166 173 181 192 190 182 178 185 177 184 196 191 150 166 197 174 158 142 126 85 45 43 49 57 55 53 50 47 52 50 45 45 46 47 51 46 43 41 48 56 53 60 134 122 47 48 118 155 192 201 212 210 193 185 157 130 133 139 133 132 159 170 157 152 153 171 172 176 177 172 165 161 163 157 149 153 154 158 159 147 151 145 134 122 123 124 122 127 125
184 181 179 175 178 183 162 166 181 196 190 182 181 194 191 184 192 185 159 141 188 203 169 156 150 131 77 29 38 56 60 53 45 45 48 51 48 39 39 40 41 35 33 37 44 47 53 55 65 62 69 61 69 80 152 183 195 204 203 191 174 138 139 141 130 130 157 168 165 164 166 177 181 171 174 169 165 168 172 172 167 164 165 156 151 148 149 156 153 134 131 132 136 132 130
188 185 184 179 177 177 165 159 179 193 192 181 182 190 206 200 187 191 178 151 167 204 182 187 182 157 109 40 37 54 53 47 43 44 47 48 42 41 38 38 39 39 41 39 40 47 58 65 64 62 61 56 55 98 166 181 198 214 210 194 170 149 145 152 155 154 160 165 163 156 156 172 178 176 170 168 167 173 173 169 172 162 153 149 152 144 139 139 137 137 141 145 143 130 125
194 186 184 176 168 161 167 174 182 189 180 177 184 189 206 216 210 194 149 140 148 167 172 193 175 153 126 66 38 46 44 44 43 46 47 48 44 38 38 37 37 37 43 39 43 47 62 67 52 36 37 39 46 120 136 184 206 208 203 189 177 163 153 145 141 156 162 160 155 152 146 141 165 175 178 166 165 168 169 166 168 157 151 154 155 148 138 146 150 146 149 156 149 138 128
186 179 176 172 171 173 182 174 146 165 163 173 177 168 164 205 207 191 142 124 137 144 163 188 136 123 123 70 44 31 31 37 35 40 39 37 38 41 41 43 40 37 37 38 41 48 51 44 31 14 79 45 60 100 94 158 174 193 213 204 184 179 182 155 150 160 163 131 130 151 158 162 170 176 174 169 167 164 164 163 161 156 152 155 156 149 141 135 144 152 154 148 148 142 138
178 181 186 180 168 171 183 175 151 129 168 199 203 205 207 203 210 176 139 134 124 114 161 184 137 119 98 45 38 25 33 34 28 29 32 34 35 38 38 41 46 45 37 36 38 40 39 32 17 76 35 65 83 89 100 129 172 193 217 211 181 170 174 163 167 171 164 146 152 158 160 157 160 170 174 174 172 162 161 163 161 156 153 156 150 145 149 141 140 142 142 147 160 158 155
189 196 195 188 173 183 195 193 186 179 181 192 216 216 213 181 155 149 147 128 125 132 162 193 172 144 103 56 39 34 41 39 38 36 39 34 35 30 28 30 38 38 36 28 33 38 38 36 32 37 55 70 83 86 106 145 199 209 208 206 191 184 167 155 151 172 175 162 155 154 158 157 163 171 172 173 170 161 160 164 159 152 149 157 158 154 156 154 147 142 134 131 134 140 154
178 187 196 190 177 191 196 189 185 194 192 197 200 199 183 162 146 156 159 165 152 152 147 182 205 162 141 76 3 11 34 36 47 43 41 36 34 32 25 25 25 25 31 31 31 43 46 54 50 53 62 68 70 72 68 156 196 225 227 221 190 170 164 169 163 169 174 163 150 144 156 158 161 166 169 166 159 155 155 160 154 157 156 154 160 155 151 151 148 146 142 138 133 130 130
168 171 178 182 181 185 187 182 183 192 190 184 181 170 140 139 131 137 146 151 156 180 162 164 168 174 166 137 105 53 35 31 44 47 43 41 36 32 25 25 23 31 31 31 35 41 51 58 62 60 62 63 62 48 79 127 195 218 225 218 200 194 186 176 170 171 161 142 134 127 144 158 160 162 164 160 157 152 150 150 148 148 152 159 157 155 152 156 156 156 158 154 152 144 136
138 163 182 189 193 186 183 180 177 193 189 179 177 173 150 134 137 122 104 138 162 185 218 193 178 160 241 181 172 132 86 53 42 50 47 44 40 39 32 25 25 31 31 31 34 37 41 53 65 63 61 65 61 46 88 139 206 213 216 223 214 202 193 180 171 163 156 148 142 137 123 129 143 153 156 154 154 151 147 148 155 157 156 154 154 151 155 166 164 164 163 160 156 143 139
154 150 167 170 171 173 179 174 163 151 150 166 184 186 165 153 158 165 146 146 182 184 190 185 178 171 171 197 206 187 139 69 46 46 49 44 39 36 34 27 33 31 31 34 33 31 38 43 47 56 58 65 59 81 52 98 185 193 216 226 221 215 209 194 180 170 164 159 155 153 146 134 130 146 148 146 146 148 147 144 151 155 157 144 153 149 148 157 163 166 162 157 152 146 142
149 147 146 159 162 156 163 167 170 155 145 163 184 190 185 165 165 160 129 132 179 180 192 188 218 187 180 186 250 228 201 129 67 56 51 34 31 30 35 30 34 37 37 39 36 37 38 40 45 54 55 68 57 91 74 136 166 175 212 232 230 225 219 207 193 179 171 159 148 153 145 139 135 145 140 137 142 146 145 145 148 154 162 157 153 149 142 146 153 160 160 156 150 146 143
178 172 143 131 150 152 172 166 161 155 151 158 166 176 166 145 128 101 112 136 180 215 238 204 202 193 194 184 183 211 224 217 177 106 65 39 41 44 43 33 29 26 28 33 39 49 49 56 55 68 68 73 62 76 85 171 167 181 216 243 236 204 193 167 161 169 161 154 148 147 152 152 146 141 139 137 141 138 147 152 150 150 150 151 155 148 143 142 144 155 158 166 156 152 146
189 175 155 146 176 170 156 158 154 148 137 138 141 140 164 162 151 135 119 146 183 206 194 200 195 202 214 213 195 200 224 239 224 176 134 65 34 47 67 57 46 33 29 31 45 62 62 69 70 75 73 70 57 94 131 174 154 155 199 202 189 176 166 161 162 170 158 143 135 139 143 144 141 139 140 144 135 133 139 146 149 157 157 162 162 156 149 147 145 155 156 154 147 148 146
188 162 154 157 161 163 133 138 164 172 155 136 150 178 184 168 152 156 151 118 123 149 183 202 216 231 216 218 221 221 232 232 210 188 186 178 97 58 64 88 106 90 82 70 66 80 93 88 76 81 86 89 83 98 150 166 180 154 175 221 175 163 160 167 174 164 144 131 132 135 148 146 143 142 141 141 144 145 146 153 157 164 165 165 162 159 155 150 149 152 156 154 144 140 139
193 167 151 145 151 158 147 155 175 181 173 162 164 166 160 158 146 158 133 119 103 94 139 172 188 225 220 217 237 214 204 175 213 173 199 210 180 140 127 140 162 158 162 152 146 150 171 189 174 130 100 121 132 141 156 141 180 183 176 157 149 146 158 167 171 168 162 149 133 145 153 148 144 141 143 141 145 140 145 147 152 159 164 166 164 160 158 155 153 150 153 149 144 142 140
214 179 161 146 146 153 151 162 159 179 168 175 186 183 175 160 139 127 127 122 117 124 140 151 152 208 225 230 222 214 187 159 147 151 168 187 184 181 181 186 189 190 185 180 176 179 168 164 162 137 124 154 170 168 168 161 149 159 157 133 133 156 158 157 155 155 150 142 135 146 151 144 141 138 143 144 139 137 139 146 155 161 165 166 167 161 157 154 151 150 145 148 146 150 143
196 191 167 163 160 161 167 170 163 163 179 189 186 173 177 175 153 139 145 130 117 114 118 124 136 158 197 223 228 214 206 191 179 173 175 175 170 180 195 189 187 184 185 187 180 169 158 158 163 163 149 131 144 145 142 147 158 174 152 137 134 153 154 145 146 140 141 138 136 142 135 141 154 155 148 139 139 140 148 152 147 155 162 154 156 159 154 148 144 144 142 140 140 139 137
152 156 176 179 175 176 178 174 179 184 182 167 194 185 185 174 171 156 139 118 109 105 98 102 113 119 138 176 181 202 203 182 181 178 172 179 176 188 207 206 209 200 186 175 170 167 167 166 151 150 157 173 167 158 160 162 160 153 133 138 148 149 150 158 158 144 139 137 134 148 142 150 141 149 158 154 149 157 163 163 161 163 168 169 165 161 152 146 145 143 144 142 138 141 138
152 168 185 180 155 189 161 178 190 179 171 147 159 173 166 147 141 140 127 125 125 145 157 155 157 144 113 119 118 100 94 102 126 132 152 164 178 194 202 207 186 193 191 181 167 159 166 176 173 157 145 162 173 165 163 160 148 136 135 144 146 153 150 140 143 146 149 149 146 147 153 160 154 148 159 167 170 186 182 175 173 171 168 163 159 156 156 151 149 144 139 138 136 139 140
177 191 203 174 160 154 141 127 141 176 175 144 151 168 165 146 133 125 122 131 134 131 175 209 218 191 141 85 67 74 66 78 126 144 133 140 164 186 163 168 184 205 197 193 181 170 177 183 164 160 158 166 179 173 164 155 142 145 148 144 145 151 143 146 141 141 148 153 161 165 159 162 169 170 177 185 202 205 201 195 193 184 175 167 161 160 153 144 143 141 141 139 135 135 141
154 154 157 169 139 178 155 151 137 137 154 159 136 140 141 124 124 127 138 152 157 147 181 222 216 181 129 90 64 62 69 76 104 123 123 139 148 160 171 167 171 198 211 213 202 173 183 189 186 182 180 188 184 171 160 144 127 129 144 148 150 147 147 155 158 153 151 146 149 155 160 166 183 195 189 191 201 200 205 204 196 197 194 190 191 182 161 145 145 148 146 147 147 154 150
131 147 141 140 142 151 158 139 152 146 162 147 138 144 139 130 130 134 138 157 178 189 186 186 185 145 108 102 81 63 57 74 97 110 120 131 119 130 170 169 165 170 192 208 196 186 170 171 184 195 190 178 153 134 142 143 147 139 134 142 148 149 150 147 152 145 144 150 159 162 167 185 192 181 167 169 176 187 203 206 202 200 200 201 199 194 177 162 155 146 129 140 157 168 149
168 161 152 156 157 166 164 142 119 125 132 127 121 133 133 130 135 137 148 164 164 166 167 153 126 95 86 87 82 74 69 81 91 82 82 116 137 134 155 156 144 140 149 172 170 172 185 161 152 159 157 136 119 108 121 132 148 152 144 134 147 153 148 149 151 144 137 149 155 166 193 205 188 174 157 156 164 169 177 185 190 197 198 192 190 191 189 179 172 165 150 137 153 149 134
168 171 168 156 148 156 161 163 161 157 144 135 140 147 150 141 131 131 152 152 142 122 109 105 99 98 91 96 105 97 83 103 102 78 57 83 118 141 159 175 167 167 165 170 177 175 162 169 158 148 140 119 126 141 134 111 138 152 157 159 159 155 146 144 150 141 148 153 145 172 206 194 175 173 169 158 160 158 157 158 167 181 194 195 188 180 186 176 164 164 154 145 138 124 144
169 175 175 176 166 157 160 174 171 161 165 161 153 160 171 177 176 160 161 143 124 114 121 122 104 88 91 95 95 109 138 131 111 80 57 67 81 103 136 175 199 191 188 182 204 185 148 127 112 118 116 120 138 133 133 132 147 159 158 153 149 149 141 144 144 144 155 150 159 194 196 185 170 171 168 167 170 163 149 142 146 171 181 192 198 193 185 176 169 163 143 148 151 156 150
176 186 186 185 177 164 163 180 181 158 159 165 165 172 169 188 171 144 144 131 114 106 144 163 161 97 81 87 86 104 151 171 165 134 118 80 82 98 127 180 204 193 196 201 202 178 114 91 96 102 120 132 129 125 127 122 122 149 159 147 146 149 149 140 140 147 154 160 186 210 187 187 178 167 158 163 170 158 143 148 151 147 154 188 184 193 177 182 165 156 144 135 147 154 145
184 177 182 188 174 172 166 165 170 166 180 183 171 178 190 169 129 110 129 158 159 159 164 174 166 142 120 126 136 121 169 201 172 136 126 142 153 136 158 185 204 222 226 231 202 162 114 110 121 132 146 153 135 136 133 123 111 137 161 157 146 135 136 139 145 145 163 195 214 210 199 175 163 157 161 159 167 165 162 164 158 159 166 187 206 188 176 170 156 151 152 147 138 122 134
186 174 167 176 176 158 142 158 168 162 169 187 182 174 179 174 152 145 155 160 176 178 178 176 143 126 126 128 133 109 145 163 146 124 126 171 186 175 180 187 195 210 214 204 140 127 141 128 161 155 155 164 145 142 129 115 123 149 172 155 140 126 125 135 146 147 171 195 202 193 171 142 127 147 164 170 160 155 156 162 162 163 168 174 179 178 174 171 162 167 167 149 136 138 144
