examples/data/proba_v_out_italy/probav_s5_toc_x19y03_20150206_100m_ndvi_v001.txt
ncols         273
nrows         192
xllcorner     12.62996031746
yllcorner     41.659722222222
cellsize      0.0009920634920635
NODATA_value  -9999
[rows 0 to 42 of 192, columns 95 to 189 of 273]
139 142 149 144 133 125 104 90 86 99 97 94 75 74 85 98 92 95 116 124 133 145 144 135 133 134 152 162 145 145 151 139 126 152 151 147 162 167 158 147 141 150 160 157 154 154 154 145 147 153 146 146 152 157 149 141 140 140 146 146 148 151 138 145 153 151 153 156 146 147 162 164 172 170 166 163 162 152 156 155 150 151 164 172 168 168 160 154 158 148 166 177 162 162 161
133 155 150 139 147 136 138 129 116 108 93 94 96 99 105 106 93 113 131 129 130 142 147 134 143 146 150 149 160 147 141 143 155 153 144 140 139 145 153 147 140 145 152 155 152 142 141 148 145 147 153 147 140 145 146 142 131 136 142 156 162 163 150 148 148 150 150 159 150 150 161 165 148 141 144 148 149 151 159 159 152 148 151 172 175 163 168 161 158 154 157 167 150 163 147
110 126 142 124 118 136 139 136 121 123 121 106 90 80 103 109 106 95 108 121 131 142 144 129 124 131 132 129 141 137 139 149 159 156 145 145 149 147 141 142 146 153 154 154 156 160 153 147 147 150 155 156 151 146 141 137 134 138 147 153 167 163 156 147 140 142 152 157 162 149 169 161 162 155 147 151 159 161 162 154 150 154 150 162 167 168 157 168 170 157 153 162 163 153 143
129 145 139 139 130 134 140 137 127 146 150 125 94 92 101 122 131 126 120 127 141 139 143 118 134 146 144 138 131 162 163 155 158 161 151 149 142 132 132 144 154 161 159 161 165 159 151 143 143 143 139 134 132 128 131 140 141 142 144 157 168 169 161 151 140 141 147 155 161 157 148 161 169 160 155 159 168 171 163 160 157 165 160 157 165 166 160 157 158 157 151 155 165 160 143
124 140 152 147 142 139 136 127 133 157 156 134 112 103 107 127 135 138 133 137 147 154 148 129 137 149 141 126 111 145 136 115 131 142 156 162 169 174 165 157 157 163 159 163 164 158 153 141 139 137 123 103 116 128 128 134 144 140 144 143 160 168 167 148 150 149 143 154 163 162 147 140 154 160 150 149 153 162 166 166 159 171 169 163 163 160 156 158 163 174 169 160 155 160 159
144 141 141 132 136 134 134 132 129 142 134 124 107 95 126 144 140 145 146 159 169 161 161 158 152 140 105 84 90 152 154 148 141 151 152 171 181 174 153 155 158 159 147 153 155 158 159 155 162 157 132 118 139 143 142 134 147 154 154 149 144 149 157 147 158 162 167 163 161 159 138 135 137 153 161 150 170 175 175 172 158 166 171 169 164 157 153 148 168 165 168 162 155 171 177
142 145 135 126 135 133 131 126 123 122 124 129 135 141 152 153 143 148 154 148 156 164 163 159 154 146 123 107 114 162 173 169 152 157 156 171 165 148 141 145 156 161 149 143 150 164 159 156 168 168 165 169 162 151 149 142 152 158 151 151 142 140 156 165 169 171 176 158 148 158 146 139 139 154 155 159 156 160 167 169 163 156 164 165 161 156 168 162 159 162 158 152 155 159 161
152 150 145 135 137 137 131 131 130 131 130 132 136 156 155 146 149 148 153 151 156 169 169 164 159 153 146 134 112 132 163 159 140 151 143 137 152 156 149 150 156 164 163 153 149 158 161 153 143 157 168 165 154 139 148 133 126 141 151 162 144 130 145 144 162 175 166 158 140 153 148 136 139 153 166 167 161 159 170 172 164 150 161 157 157 168 176 156 161 163 155 156 157 157 156
139 142 138 137 139 144 127 131 130 125 124 127 129 127 142 148 142 147 143 142 144 154 164 160 144 148 158 158 143 123 155 172 154 160 143 124 141 151 149 143 155 159 150 142 140 145 152 154 155 145 138 146 133 130 136 143 136 132 155 152 146 142 135 122 144 160 155 140 132 134 132 142 138 151 149 155 160 148 158 164 164 164 172 168 164 169 174 154 146 138 158 163 166 174 162
140 152 136 123 128 130 125 122 133 132 130 133 138 134 140 142 151 133 128 120 127 134 141 141 147 155 164 158 159 159 184 174 162 153 144 143 140 107 123 135 136 148 143 138 143 151 156 164 153 141 126 132 131 136 142 148 145 137 145 154 151 153 146 137 144 153 154 154 148 132 129 135 137 139 146 148 147 158 153 158 169 165 155 160 157 151 168 166 159 161 154 158 145 161 164
143 129 134 135 133 133 133 131 135 133 131 137 148 153 154 155 140 137 127 111 112 119 135 153 156 152 152 169 162 164 174 173 158 152 155 161 153 120 126 142 149 142 138 137 130 143 152 141 155 153 146 124 107 127 142 142 143 138 146 152 148 151 149 147 145 152 163 159 153 150 139 130 138 142 150 155 158 157 153 161 169 153 167 177 168 147 144 150 153 150 142 154 147 163 153
157 149 139 145 151 148 147 145 141 131 129 135 142 151 149 141 139 136 129 129 135 124 128 148 167 162 146 160 163 163 158 158 143 116 110 141 130 111 133 144 140 128 138 134 136 132 147 164 167 166 158 139 151 135 142 139 149 141 125 133 139 149 145 142 144 154 164 164 152 147 140 136 137 144 158 161 153 145 145 155 160 155 159 161 162 153 157 164 160 149 139 149 144 142 149
159 152 141 156 165 149 153 142 140 135 139 147 148 143 139 147 141 145 147 150 161 155 136 156 166 168 177 184 184 172 172 183 153 124 113 104 95 96 103 117 111 116 116 117 140 143 154 161 163 172 179 173 160 160 152 150 153 136 118 132 143 151 152 145 137 138 154 166 157 146 144 143 143 149 154 151 146 151 150 154 152 152 152 149 147 156 165 165 167 159 144 141 137 131 137
141 147 150 154 150 141 134 130 127 142 152 157 158 152 150 160 152 150 154 156 157 161 153 157 164 171 183 188 166 145 162 171 144 131 134 143 130 124 126 129 120 124 126 118 128 146 153 160 160 160 160 161 160 166 165 150 146 148 130 109 119 143 161 158 153 155 155 156 153 159 159 157 141 124 128 143 148 146 149 165 152 153 163 169 163 172 165 165 164 157 143 132 134 133 136
156 156 161 154 164 151 135 134 132 131 152 150 158 161 168 166 152 153 154 152 146 154 157 158 158 160 140 135 136 147 157 140 111 132 168 169 176 167 153 147 141 141 147 145 138 138 124 145 152 142 150 155 163 164 156 150 148 160 156 121 135 160 163 157 138 149 145 148 152 155 162 162 156 133 128 139 157 158 142 158 145 139 147 171 157 150 148 165 163 164 150 140 143 146 141
167 159 148 164 163 157 146 145 147 147 144 141 161 170 159 152 147 151 152 158 158 150 148 160 171 168 126 90 94 126 143 145 137 123 177 184 176 162 152 147 151 158 161 155 153 163 155 153 147 148 146 140 146 143 150 145 159 148 145 143 141 145 151 158 169 148 136 140 146 156 152 162 180 162 150 152 150 144 152 152 148 140 133 154 148 159 159 167 165 167 153 150 160 155 138
151 142 143 155 165 155 147 144 140 142 146 149 148 149 144 137 145 152 161 163 163 160 157 159 163 163 135 96 76 88 116 158 158 154 184 164 159 157 152 152 157 166 168 164 166 169 142 122 152 156 150 149 148 147 149 142 154 149 148 147 146 136 136 158 148 132 139 136 141 143 149 161 167 168 160 156 155 152 146 154 151 153 145 135 164 173 156 144 167 167 162 160 172 166 157
143 137 119 114 110 133 143 133 134 137 148 142 143 144 142 152 155 162 158 152 154 150 139 143 148 140 130 102 79 87 105 136 156 159 159 166 164 156 155 164 170 151 135 151 160 160 144 133 150 141 128 128 127 142 142 138 153 162 142 128 135 128 136 146 151 151 142 139 140 148 151 170 165 169 171 164 146 146 152 155 157 142 127 155 170 167 151 148 146 159 151 151 156 164 160
157 166 158 147 149 148 139 134 141 146 150 153 149 153 150 143 161 169 165 145 140 129 125 128 128 119 113 99 91 99 132 157 162 170 166 151 151 161 162 169 163 148 144 138 152 152 141 125 134 128 112 126 132 130 128 128 138 149 140 130 127 147 146 145 153 154 151 139 134 140 146 165 164 153 161 160 149 170 158 166 161 154 151 161 164 172 170 157 152 146 143 151 160 162 164
163 158 157 152 164 166 152 139 144 166 175 169 158 158 160 150 152 163 150 138 127 133 143 142 137 136 129 117 105 109 118 146 159 163 160 164 170 162 157 152 155 156 149 146 141 147 135 132 134 132 129 137 149 143 131 129 129 120 145 141 137 137 141 130 138 156 151 141 142 141 145 138 149 160 174 163 156 163 167 163 162 173 172 152 142 160 166 141 132 137 160 163 159 155 169
163 152 138 155 176 181 175 165 170 172 168 173 182 178 174 163 160 167 156 139 140 140 142 145 145 148 143 129 114 120 113 102 121 155 168 170 160 159 146 143 143 157 167 164 149 137 140 147 150 145 143 146 150 147 146 141 128 121 149 165 162 154 142 141 140 145 147 153 157 158 158 138 138 140 155 166 165 154 155 153 153 155 149 138 135 141 141 146 146 153 150 154 153 152 158
150 145 149 166 195 179 166 170 174 165 172 167 162 156 159 159 163 171 155 141 140 150 147 138 139 150 161 141 129 137 142 121 110 138 157 154 169 162 141 139 151 164 178 183 165 145 157 157 149 144 143 143 143 147 146 146 134 125 117 148 155 148 149 153 149 156 157 154 150 158 160 140 152 157 160 157 157 150 143 141 160 146 159 165 152 133 130 130 141 151 153 152 151 153 150
150 150 151 178 173 183 166 156 170 167 163 165 141 141 140 155 169 166 155 148 150 151 146 152 164 167 167 160 161 166 166 150 133 132 151 169 172 158 146 138 146 163 177 164 160 156 154 150 136 142 148 144 144 152 152 146 142 147 139 124 135 153 143 137 142 153 155 151 138 134 153 157 157 152 146 152 155 155 153 144 150 155 162 172 167 151 142 148 156 151 153 166 156 140 129
161 152 154 187 196 200 172 158 165 164 151 144 137 140 138 146 157 159 155 156 154 159 152 158 171 165 164 163 166 169 164 158 155 159 165 162 156 160 158 156 153 143 147 149 143 139 141 143 141 143 150 154 157 154 150 147 149 149 146 140 149 148 149 145 129 113 140 151 150 152 162 154 145 146 147 154 157 151 149 148 164 178 172 161 170 166 152 156 152 149 158 162 165 161 144
152 154 144 164 161 167 158 157 176 164 165 171 174 175 166 156 155 149 148 157 157 156 155 160 164 157 160 157 163 171 172 175 176 177 175 167 155 153 157 156 144 131 129 145 144 139 136 146 151 149 150 146 136 153 148 154 155 155 156 151 138 152 156 153 146 92 87 138 158 167 168 161 152 155 155 161 169 167 154 141 142 161 163 156 168 148 131 111 136 159 158 160 161 161 140
157 161 153 149 147 166 171 178 173 167 180 188 193 183 171 164 161 159 160 155 151 149 155 159 157 153 159 168 166 167 171 171 167 175 180 179 158 155 160 165 163 147 138 150 150 139 136 134 145 148 157 156 142 139 142 155 159 157 152 144 139 137 135 156 163 138 109 126 138 128 139 144 157 159 153 156 170 166 161 144 147 160 147 148 130 129 135 129 153 168 160 144 157 158 152
154 158 154 165 150 145 151 165 179 179 167 174 166 166 165 166 168 155 158 152 149 142 153 150 157 159 157 159 157 154 152 153 156 166 170 172 158 151 164 168 155 147 135 135 139 139 139 138 136 144 145 142 142 135 141 157 156 153 149 142 149 135 100 101 121 154 152 151 128 119 114 109 128 143 130 138 162 166 146 124 131 134 126 118 115 127 136 131 150 152 156 159 165 156 172
149 154 150 135 164 159 172 175 178 169 162 164 175 172 172 167 163 158 157 160 154 137 132 151 153 157 152 148 150 152 139 145 151 158 163 165 158 147 149 149 145 140 149 145 142 126 134 144 144 137 135 140 150 157 159 155 153 150 152 139 125 104 89 82 90 119 164 155 137 133 130 130 124 84 85 112 149 146 113 93 98 129 141 114 96 122 135 145 154 153 162 162 163 163 158
157 172 163 162 156 169 179 185 174 174 176 178 168 168 168 161 154 156 165 151 153 140 142 151 153 137 127 141 152 155 140 139 144 142 143 146 147 153 154 154 155 154 159 160 150 138 128 135 141 139 117 136 150 142 147 149 149 151 152 145 137 125 107 99 96 99 155 153 153 149 141 132 119 94 84 77 97 95 82 99 96 115 129 90 103 159 168 162 154 160 160 161 166 161 166
157 161 165 160 161 164 164 167 173 172 171 171 163 164 166 161 157 151 145 160 167 167 165 164 156 142 134 148 153 148 142 140 146 143 144 144 143 141 153 167 171 157 163 165 148 139 128 136 127 106 104 123 122 111 99 115 139 146 131 115 132 133 145 142 140 134 136 146 151 151 147 132 122 117 106 89 79 76 98 104 105 118 123 100 115 164 162 162 152 157 172 168 168 164 165
158 159 160 161 166 167 154 169 176 166 171 170 163 174 167 164 156 152 150 171 158 159 160 153 153 153 155 158 156 153 154 152 151 146 140 136 140 136 125 122 149 156 161 155 130 109 136 143 112 82 91 117 107 84 63 64 92 115 109 111 122 133 140 147 153 153 151 161 159 154 148 147 137 119 106 96 87 77 91 100 98 116 121 127 118 142 155 162 157 149 159 169 164 161 165
165 165 162 151 149 154 158 169 166 164 170 160 163 164 168 171 168 153 149 149 154 156 157 166 163 160 159 160 156 160 166 152 144 142 144 140 125 115 104 98 113 132 134 117 126 111 91 97 82 68 63 76 80 67 67 65 56 92 118 139 144 147 143 149 158 162 165 162 157 155 160 162 145 113 93 101 93 73 77 81 109 119 127 131 134 141 155 155 156 147 152 156 144 134 154
171 166 168 151 158 159 167 175 163 168 173 161 158 149 153 164 169 165 156 150 169 172 164 168 163 163 165 155 159 151 153 150 147 147 154 146 128 93 79 81 88 102 104 102 95 78 62 67 82 79 75 97 107 124 143 134 121 109 119 127 139 142 140 143 143 150 157 150 152 158 157 155 141 119 105 112 109 91 80 101 114 128 141 147 139 154 163 165 171 165 164 167 156 159 155
168 163 157 154 152 170 173 172 164 174 184 181 171 144 174 178 176 172 161 157 156 159 161 163 159 142 131 147 146 161 168 167 158 153 160 153 135 107 89 86 89 93 79 77 76 62 51 65 69 80 97 119 136 149 147 135 144 137 135 146 134 135 146 148 132 139 146 148 139 138 144 142 135 131 102 101 102 97 92 103 108 130 136 147 146 152 154 152 150 155 163 150 154 166 159
153 154 151 155 160 168 170 166 163 182 182 176 167 181 188 172 175 173 164 161 158 158 161 165 159 146 137 157 153 163 179 181 168 168 157 159 144 110 78 83 78 85 110 132 119 96 86 90 118 124 133 142 141 150 143 131 136 146 157 158 142 140 146 150 145 142 148 153 155 153 140 129 137 138 106 94 95 95 80 85 100 128 154 158 148 147 146 143 139 158 158 142 143 143 172
117 131 146 146 148 151 161 162 166 181 163 166 164 150 171 184 170 163 159 162 159 174 181 178 168 154 147 153 150 158 162 177 183 179 139 129 129 85 60 54 79 111 129 139 142 139 121 140 144 141 139 147 153 154 148 141 150 147 155 143 132 136 142 148 146 140 144 154 155 170 161 156 146 151 140 117 86 79 97 113 128 146 160 152 139 129 142 158 145 143 137 144 152 146 154
115 133 152 149 137 155 169 174 174 182 166 144 145 139 157 185 172 158 163 171 165 149 171 183 171 165 158 157 163 164 155 160 165 163 152 145 120 90 77 80 119 142 144 148 152 152 149 146 145 143 147 156 146 133 128 131 144 159 151 142 135 129 138 135 136 136 144 150 145 176 184 177 172 160 160 148 111 89 102 128 145 155 153 148 144 128 145 142 146 146 150 142 142 143 149
137 124 150 154 154 143 164 176 178 178 170 173 157 147 168 189 191 183 183 172 158 140 167 180 157 170 169 163 169 160 158 144 143 140 157 156 138 127 123 126 140 147 140 159 157 143 140 153 162 163 163 153 131 129 134 125 140 160 164 152 157 153 158 155 148 150 151 148 141 154 167 165 171 170 165 179 174 142 110 132 148 158 149 139 129 134 142 139 129 140 142 148 143 145 151
145 122 108 149 165 165 165 165 151 152 159 157 165 181 175 155 155 169 169 151 139 164 171 152 149 153 153 154 157 159 145 134 138 140 159 165 159 161 152 143 146 145 138 146 143 143 155 148 149 161 158 149 147 141 131 139 147 170 176 168 163 161 153 149 146 149 151 151 148 155 175 166 162 168 170 180 191 176 143 131 147 145 138 147 137 129 138 140 141 134 142 151 151 149 149
141 139 138 160 176 164 184 142 127 141 132 146 155 126 106 110 148 130 147 149 132 167 162 151 153 145 166 160 168 160 160 144 154 154 147 155 155 164 159 159 151 148 149 149 143 139 150 146 145 156 160 156 160 157 144 139 145 154 156 165 161 157 146 146 149 152 154 155 156 156 197 177 153 156 180 173 173 159 144 133 126 124 140 151 151 144 138 150 164 153 154 151 146 144 153
146 140 156 165 162 154 152 147 126 146 146 132 120 84 74 99 116 120 130 149 134 136 156 162 162 162 174 163 154 150 152 149 156 159 158 160 151 149 156 160 162 166 161 150 143 142 148 153 153 158 158 153 164 148 136 141 135 147 157 154 142 145 145 151 155 153 155 149 148 158 165 189 171 158 176 167 152 146 138 136 135 130 121 133 139 138 142 147 155 157 158 150 143 152 159
143 136 142 160 172 167 147 141 141 139 125 108 86 72 78 88 100 122 116 106 110 125 152 157 178 163 161 158 147 150 156 159 158 154 156 159 151 154 156 157 164 167 158 150 150 155 153 148 148 152 153 154 148 142 132 133 145 153 157 154 145 130 141 156 157 145 145 141 146 160 221 198 183 173 167 158 154 150 143 140 140 139 138 136 144 134 140 141 152 149 159 157 158 153 155
150 147 148 142 173 184 182 187 191 152 128 89 71 70 79 111 119 110 121 122 116 116 115 157 136 155 160 154 150 150 147 155 160 157 151 159 151 146 145 163 170 167 154 151 155 160 155 146 151 147 150 148 136 132 133 141 153 153 148 146 134 138 124 141 151 157 160 157 164 176 209 179 176 170 163 158 153 151 142 136 134 136 136 151 150 144 141 144 140 153 149 152 154 143 141
