examples/data/proba_v_out_italy/probav_s5_toc_x19y03_20141206_100m_ndvi_v001.txt
ncols         273
nrows         192
xllcorner     12.62996031746
yllcorner     41.659722222222
cellsize      0.0009920634920635
NODATA_value  -9999
[rows 42 to 83 of 192, columns 96 to 191 of 273]
172 184 178 166 193 193 186 184 155 118 94 81 75 94 129 141 142 144 131 125 131 146 156 159 159 173 173 172 174 180 189 190 187 184 178 168 158 165 187 199 194 177 171 189 193 187 184 178 167 170 171 171 170 173 184 185 180 181 189 190 180 171 172 180 171 146 167 186 186 177 167 173 177 177 177 184 189 185 171 157 152 168 179 186 178 162 158 168 173 175 187 184 176 177 176 174
157 169 167 174 174 180 181 186 169 120 90 96 108 125 147 154 142 140 129 116 115 127 136 160 167 173 186 188 175 163 165 184 193 190 175 168 177 185 191 190 181 170 176 184 182 177 188 186 173 171 172 177 177 168 166 172 175 179 179 177 178 182 181 185 181 170 180 197 198 197 186 179 185 185 185 176 176 186 174 166 160 161 165 174 177 177 167 145 142 158 183 178 163 170 177 172
158 143 141 154 166 173 170 148 155 145 127 135 127 147 150 150 156 159 145 127 107 102 123 164 183 179 178 183 166 167 168 172 182 184 175 170 178 192 190 170 157 166 176 180 180 181 192 191 182 177 176 185 184 171 163 169 172 179 177 174 178 183 178 174 177 183 193 186 170 183 183 177 180 180 176 158 163 175 174 164 160 161 169 173 181 183 175 169 145 136 158 160 170 171 169 165
153 162 151 147 153 170 180 179 178 167 168 161 131 140 148 148 113 103 130 149 125 129 151 165 160 168 161 165 161 155 159 168 173 180 179 163 159 166 157 151 154 165 170 179 184 183 179 173 170 169 172 175 173 169 164 172 182 182 178 180 182 180 173 161 167 174 182 173 170 180 180 172 178 179 175 181 172 181 186 177 156 143 168 172 167 166 161 177 176 168 158 152 154 143 159 179
157 164 167 176 167 185 199 194 176 170 161 158 148 144 129 117 107 100 114 133 134 149 155 159 154 158 162 165 151 153 164 172 173 179 173 161 163 158 144 150 158 155 161 173 173 178 170 161 166 166 165 164 168 170 168 165 168 169 175 178 178 177 172 162 160 168 179 181 174 171 175 181 187 182 170 174 187 189 185 181 181 164 154 169 177 168 167 180 171 169 163 157 145 146 168 183
161 151 159 183 191 199 189 182 180 183 165 162 152 160 157 148 149 143 139 153 165 169 170 166 154 151 160 160 159 165 166 154 161 178 178 167 171 173 159 154 155 148 165 184 184 180 169 160 162 164 167 170 165 163 170 167 164 174 177 172 170 173 174 171 164 157 146 144 150 163 173 177 181 172 158 167 181 174 162 164 163 154 145 161 181 181 160 171 183 179 176 172 165 153 140 150
185 175 171 182 203 202 177 178 176 181 173 148 147 145 156 167 173 171 155 158 168 177 175 155 156 151 159 162 158 165 162 156 161 176 174 161 162 166 138 130 150 151 166 180 179 176 168 165 156 154 158 160 163 164 165 169 172 176 176 164 157 164 167 166 166 167 161 159 162 167 165 173 179 178 173 179 183 173 161 147 141 149 154 160 167 168 166 189 198 183 171 161 169 174 177 168
175 173 172 170 171 179 184 191 197 173 151 154 159 154 159 163 150 145 158 168 164 167 169 170 161 153 167 161 152 160 159 145 150 160 166 167 163 153 142 153 150 153 164 170 165 170 172 171 163 158 163 161 162 165 166 167 169 168 167 167 169 170 171 172 173 172 169 167 166 166 168 177 181 185 185 179 173 177 180 165 161 177 185 170 160 163 176 197 199 182 170 168 176 177 170 177
183 181 173 170 170 171 171 174 175 170 159 156 169 162 163 171 151 146 143 148 166 183 174 171 160 152 171 179 175 164 163 161 163 167 167 169 168 161 158 160 146 149 164 167 170 176 170 163 161 166 178 173 164 162 164 168 173 175 176 176 173 169 176 186 185 179 172 169 166 167 174 175 174 174 176 178 184 188 183 171 164 171 174 149 130 140 160 166 159 165 182 179 164 162 149 148
184 191 181 168 167 172 170 168 168 171 166 158 159 154 161 177 176 166 146 136 148 165 160 151 157 158 164 169 181 183 169 159 153 160 172 174 174 172 163 154 151 161 174 181 186 177 156 178 185 172 169 173 173 175 178 184 186 179 165 163 174 174 163 170 181 188 188 187 190 185 183 181 171 171 181 184 184 177 168 157 145 139 135 127 121 136 153 157 158 164 174 182 166 156 156 155
182 190 191 182 180 186 183 174 167 151 154 155 157 167 171 176 179 169 155 153 159 158 156 157 163 169 189 168 150 171 176 145 147 160 160 151 140 159 159 151 155 169 182 180 173 172 172 168 174 167 164 171 174 178 184 186 182 173 163 166 180 175 160 157 147 158 173 180 185 179 172 169 165 173 185 176 177 172 159 139 125 132 139 145 151 163 164 157 162 172 164 161 171 165 158 167
179 192 197 194 184 179 172 165 161 148 151 154 154 159 168 175 165 154 146 153 169 171 171 175 173 170 172 167 150 153 176 162 165 173 169 161 162 154 154 153 155 158 160 162 177 175 166 164 169 170 171 165 161 169 176 170 164 172 172 156 161 163 157 159 158 156 170 177 175 176 179 178 177 181 176 170 173 164 156 142 118 100 101 138 162 171 179 180 172 168 156 153 163 169 169 173
176 187 194 185 175 175 167 169 166 159 160 160 159 159 172 176 162 160 164 167 171 167 166 173 166 167 169 173 186 170 156 148 149 156 169 165 163 166 154 145 153 165 168 167 163 159 166 170 173 178 183 178 171 167 170 168 172 177 164 145 150 159 171 184 184 180 180 177 177 186 187 181 176 180 176 168 166 163 162 147 107 97 109 140 164 172 179 174 170 171 161 162 160 172 184 177
174 184 194 186 178 175 164 166 169 160 154 154 157 151 157 159 153 160 172 156 153 150 160 163 149 165 178 177 173 161 163 147 151 171 179 160 141 126 115 129 151 174 172 170 165 156 171 180 184 184 186 192 195 182 175 172 173 172 163 151 154 166 169 170 188 191 188 186 187 186 169 175 184 179 171 165 163 165 174 148 100 99 103 129 164 177 177 165 171 177 170 165 166 177 161 158
174 180 189 187 189 185 173 168 173 171 165 157 156 153 151 148 151 166 177 171 182 175 174 166 153 160 161 163 161 168 170 150 157 163 165 158 137 104 71 90 131 169 178 182 186 189 191 191 192 191 186 184 180 168 175 178 176 167 157 155 159 159 159 159 173 190 194 179 165 162 171 180 180 177 166 158 159 164 172 128 109 116 122 150 177 173 160 151 158 172 173 163 156 166 157 156
181 185 188 183 180 189 190 186 185 185 184 170 165 162 156 155 166 175 172 173 178 180 175 169 165 163 161 174 178 175 177 170 164 167 154 150 118 81 71 78 116 160 183 166 138 148 157 163 178 196 172 149 164 170 169 174 177 176 174 167 156 154 158 166 174 185 166 155 158 164 172 179 183 180 158 158 162 166 187 154 138 139 138 148 161 159 164 169 167 168 173 171 167 169 169 171
186 188 186 183 178 178 181 188 194 189 186 189 188 174 170 175 181 173 156 160 166 164 164 165 162 143 134 140 147 144 123 109 118 141 135 105 83 83 83 89 128 156 161 158 158 163 175 181 174 169 165 154 166 178 172 171 181 183 176 167 172 179 172 170 168 186 179 157 164 184 172 175 186 181 161 160 162 165 164 166 161 148 145 161 163 147 160 185 191 183 179 180 175 170 171 174
191 188 178 182 185 184 179 177 192 190 183 186 193 180 174 173 180 180 167 163 172 175 174 165 144 111 98 106 112 114 132 152 135 123 110 103 99 87 79 86 100 101 115 153 173 181 185 187 183 178 161 160 167 171 158 162 150 143 148 164 171 183 188 183 165 183 182 174 176 184 174 166 164 174 172 166 164 171 162 156 161 163 156 161 168 163 164 176 168 158 159 170 169 168 175 179
175 167 166 175 185 188 188 182 176 180 184 180 173 168 164 161 166 162 159 165 167 163 166 171 163 148 141 128 151 170 181 179 137 107 96 97 111 97 82 118 116 112 132 162 173 178 164 148 154 175 171 169 167 140 133 156 171 157 148 156 155 144 161 185 184 171 169 169 175 180 179 176 166 169 173 169 164 168 165 159 152 151 154 159 167 168 164 157 162 167 161 159 163 166 169 170
150 140 154 160 160 160 164 176 176 170 171 166 156 152 169 179 171 171 175 178 176 167 152 160 181 190 192 191 182 181 182 183 167 122 105 118 141 148 116 110 113 121 156 179 183 191 180 169 163 167 177 175 167 165 165 161 168 149 146 156 152 153 170 174 171 171 172 168 189 197 196 192 180 161 156 157 155 161 173 172 163 162 164 168 174 171 170 165 164 175 180 177 170 174 171 167
164 150 152 152 146 149 149 154 175 185 184 179 167 154 161 179 174 172 172 165 171 173 171 168 171 186 205 212 203 187 183 175 170 167 161 161 137 126 125 128 135 117 127 146 168 168 149 162 160 168 183 184 182 179 174 168 164 163 154 160 148 155 163 115 153 162 169 173 181 186 181 183 171 157 154 168 160 152 163 161 160 169 172 168 172 178 178 173 171 181 188 190 183 183 166 133
182 183 181 167 149 162 169 166 173 174 191 187 178 168 170 179 165 163 163 157 167 171 168 171 168 163 171 186 190 194 193 179 178 180 180 177 169 162 170 164 169 165 146 132 144 158 150 157 165 162 178 184 175 181 188 181 164 154 155 170 162 163 136 124 148 149 142 145 159 168 169 193 174 165 168 176 174 165 159 157 160 170 169 160 156 168 176 170 156 170 177 176 177 165 148 126
182 184 176 146 124 153 175 174 177 178 168 167 166 153 147 154 151 162 161 153 162 167 174 178 171 168 172 172 180 192 190 181 185 180 176 177 173 172 177 181 195 197 185 171 155 162 173 181 183 170 163 167 170 159 167 176 158 152 148 157 171 169 143 142 146 150 146 152 172 179 174 173 171 170 169 161 165 168 168 162 166 173 169 163 168 174 179 173 168 169 171 178 180 173 171 168
179 184 177 167 162 165 168 163 165 178 183 175 164 149 137 149 163 153 161 162 150 149 153 151 158 162 170 172 179 188 188 181 188 197 188 185 180 179 183 193 200 193 188 188 187 187 186 190 189 186 176 171 170 164 166 177 175 175 170 159 166 173 164 163 155 152 156 159 162 160 167 177 184 176 163 153 157 159 166 170 166 170 170 171 177 181 186 175 173 179 180 173 169 170 176 170
181 186 184 172 165 164 167 166 163 165 174 171 161 166 172 180 189 178 162 161 160 144 145 145 154 152 177 191 190 188 183 180 187 188 182 173 164 173 184 192 197 195 190 188 180 175 179 185 180 176 180 180 174 174 170 174 174 170 179 185 180 173 167 164 155 152 169 170 168 170 166 170 182 183 165 154 162 160 170 179 173 169 166 174 168 172 191 191 184 180 175 170 168 165 179 181
187 191 189 180 173 174 175 171 166 168 174 177 173 169 185 190 193 181 168 169 173 167 163 136 134 167 185 192 185 172 171 183 191 190 184 175 171 178 179 183 195 197 187 180 169 172 184 190 188 184 186 186 167 155 158 167 174 180 191 191 181 182 179 180 169 155 172 185 176 164 164 174 191 196 187 181 184 174 170 171 179 179 172 175 178 181 185 188 186 175 162 149 156 167 175 171
186 184 183 178 175 177 175 168 167 172 176 183 193 188 179 182 187 184 175 179 183 184 175 173 189 191 178 173 166 162 165 166 168 181 190 187 189 192 183 169 180 186 195 201 188 181 195 194 186 177 166 186 190 176 168 175 188 186 198 198 184 186 187 185 191 186 182 189 187 179 177 187 199 203 185 183 195 193 190 186 182 184 181 183 195 190 187 188 189 183 167 153 158 175 184 182
186 184 184 181 178 175 173 168 171 177 180 182 191 189 184 181 174 170 170 179 182 185 188 180 177 192 171 155 161 168 175 175 169 180 190 184 195 202 207 195 175 184 200 207 191 177 185 180 169 167 164 167 189 194 186 181 183 188 193 195 190 187 184 177 189 196 195 187 175 173 172 179 172 168 169 166 168 173 177 180 179 184 187 193 193 182 189 194 194 190 181 178 169 164 160 157
181 185 190 187 187 187 188 177 164 163 170 176 185 192 189 176 171 165 174 197 201 192 192 185 177 180 178 182 200 197 173 163 173 189 196 193 195 198 205 206 207 208 203 204 186 174 177 179 181 175 171 170 178 187 182 173 165 169 181 197 196 185 177 173 179 195 195 176 174 178 169 171 176 175 184 188 190 192 187 181 173 171 175 176 182 183 185 188 185 177 168 166 154 157 169 168
191 191 189 188 191 192 191 184 165 154 153 158 170 184 168 137 142 168 186 197 197 185 180 177 172 174 178 186 198 179 163 157 151 164 185 194 198 197 197 209 212 208 207 212 197 180 177 175 172 178 191 196 193 182 175 176 166 158 163 178 193 190 182 184 181 173 171 166 167 173 169 171 177 175 182 197 200 193 185 172 159 161 176 176 173 178 177 171 165 171 172 158 153 156 166 176
184 179 179 186 193 194 193 194 183 160 154 156 161 171 166 167 176 179 169 180 183 179 182 179 176 180 182 182 191 182 184 174 151 135 151 175 185 189 189 191 189 195 192 196 194 179 178 184 184 186 180 172 180 173 171 189 188 177 177 177 180 187 189 179 181 191 183 173 164 165 166 175 182 184 188 192 188 175 167 172 180 180 190 191 192 198 188 171 172 180 177 162 154 155 168 184
187 188 188 187 187 188 184 183 180 162 161 164 161 164 164 182 201 195 170 171 181 191 190 186 186 177 178 171 169 178 184 182 178 163 152 158 147 152 170 181 183 183 185 183 169 153 162 179 190 184 176 154 136 160 151 149 179 191 185 173 171 182 189 185 184 188 177 171 175 174 176 190 191 186 184 175 170 169 173 178 186 188 185 170 164 169 174 173 176 184 189 184 175 174 179 184
202 195 190 183 178 175 176 167 152 155 168 173 171 172 169 165 170 178 180 174 171 180 190 194 195 190 189 189 175 178 185 186 185 189 188 184 165 144 173 183 182 179 187 195 183 153 124 143 183 181 178 177 173 175 166 156 154 162 166 172 172 181 188 184 178 168 159 168 181 178 166 175 184 176 167 172 178 172 167 160 165 184 179 168 157 155 161 174 176 181 198 203 201 197 190 187
187 177 184 186 175 171 174 165 162 167 171 174 169 168 169 168 168 165 171 170 169 174 188 192 201 202 200 195 177 179 185 185 179 171 169 172 174 178 188 183 177 179 183 187 183 176 171 179 192 192 192 200 193 187 181 183 183 172 168 174 183 185 180 179 182 186 183 175 180 176 173 170 166 164 160 161 171 168 165 181 175 167 171 168 152 152 162 165 166 174 175 184 185 184 180 183
173 162 165 186 182 171 173 168 168 173 175 173 174 175 173 171 166 162 174 178 188 200 197 191 193 196 195 187 175 179 187 193 186 178 179 182 187 186 182 179 175 177 181 182 178 176 177 185 187 182 179 190 198 193 175 174 180 179 177 178 182 184 180 178 188 200 199 188 180 175 178 179 166 161 170 180 173 169 170 180 174 167 170 171 171 174 168 159 154 163 163 169 177 168 162 177
166 166 166 175 177 176 175 173 166 169 168 166 171 174 177 177 170 172 175 170 179 189 196 191 183 180 180 175 179 184 186 196 184 178 183 180 174 176 183 180 179 180 182 181 175 174 178 182 183 181 174 176 176 169 168 170 182 178 172 173 173 176 179 184 188 190 196 194 186 178 173 169 172 181 201 195 187 183 177 160 166 177 175 163 151 165 174 167 169 177 180 176 180 179 176 175
161 163 172 175 163 163 169 175 177 172 174 159 165 172 183 188 170 168 169 173 178 186 199 186 177 184 187 188 189 191 192 203 207 177 163 177 181 184 185 170 170 176 179 179 173 170 168 174 182 190 185 180 172 171 171 166 176 181 181 185 186 177 181 189 193 192 194 189 187 184 176 171 188 165 164 173 174 177 179 170 175 178 171 166 170 179 175 177 184 178 171 169 173 179 177 178
163 164 167 174 171 162 156 159 165 169 166 160 166 169 176 178 154 150 159 179 185 181 183 173 177 188 195 187 184 191 196 188 182 187 187 193 186 185 182 173 179 181 174 174 179 174 157 161 172 188 199 193 168 164 162 159 163 172 179 184 185 179 179 192 186 179 175 165 156 173 170 166 178 168 155 163 180 189 190 185 177 175 176 174 174 175 173 186 194 188 180 169 168 176 177 178
163 159 150 160 176 171 152 146 163 153 152 148 148 162 155 164 162 157 152 164 180 176 170 177 184 183 188 184 177 182 189 182 182 173 164 173 181 172 159 167 187 195 189 181 183 175 161 166 170 176 187 188 175 171 165 163 171 182 183 176 172 176 178 181 185 186 182 177 171 172 158 156 173 187 177 175 190 189 193 198 194 174 177 173 171 172 173 184 188 192 188 179 169 165 174 181
149 150 153 156 164 167 142 116 130 133 143 138 138 152 158 164 163 159 154 155 168 183 181 181 180 173 166 175 176 175 174 171 178 186 185 188 198 202 193 181 189 203 206 187 179 177 168 170 175 171 169 171 172 182 185 180 172 180 185 181 183 184 172 155 171 190 183 177 170 170 160 143 149 172 176 165 175 184 192 195 190 175 172 172 176 179 177 181 192 197 192 179 171 171 177 181
161 156 158 156 151 150 162 139 143 154 156 160 151 156 168 172 168 160 161 162 171 182 173 182 187 177 170 183 185 180 182 179 179 194 190 185 188 188 188 189 187 178 169 168 174 177 163 162 179 179 170 165 169 168 175 181 173 178 191 191 181 171 175 166 174 185 183 184 181 180 175 155 150 164 169 172 173 177 191 193 188 179 171 178 179 181 180 177 184 196 200 189 179 177 172 169
177 175 169 166 169 168 166 167 163 160 158 162 160 158 157 164 167 163 163 168 174 171 164 174 184 170 168 181 184 177 181 185 184 180 180 179 186 189 186 182 176 171 178 182 177 175 167 156 172 182 175 170 168 157 162 172 178 176 166 165 161 153 161 175 186 195 194 194 196 198 202 193 182 176 173 181 174 168 172 182 181 176 173 175 178 178 180 183 181 189 195 186 171 168 167 165
