examples/data/proba_v_out_italy/probav_s5_toc_x19y03_20150606_100m_ndvi_v001.txt
ncols         273
nrows         192
xllcorner     12.62996031746
yllcorner     41.659722222222
cellsize      0.0009920634920635
NODATA_value  -9999
[rows 42 to 83 of 192, columns 0 to 95 of 273]
107 135 142 142 152 131 122 122 124 155 192 199 189 174 177 175 152 141 143 161 165 152 142 141 144 161 171 160 147 121 121 146 157 161 170 184 189 182 174 171 184 190 175 170 160 138 110 100 82 78 69 64 75 76 92 131 167 195 221 222 221 223 222 217 217 222 218 199 197 213 224 211 199 156 117 101 81 65 50 50 69 121 186 187 165 189 221 222 218 223 227 234 241 243 239 231
111 120 138 146 150 126 116 119 126 161 203 212 204 184 159 165 151 143 160 189 186 176 168 166 161 171 172 163 154 141 139 149 167 178 176 168 164 164 165 166 178 188 191 196 176 143 124 107 90 86 85 74 75 86 115 179 208 212 213 195 193 216 232 234 225 219 219 219 219 220 229 229 180 116 91 105 113 84 57 52 81 133 176 178 177 209 225 228 230 233 234 236 241 242 239 239
129 126 135 139 148 143 123 120 142 169 188 193 194 188 172 170 168 183 189 184 176 189 198 186 160 155 159 160 165 172 172 162 173 181 176 163 146 144 158 172 183 185 181 186 193 166 150 139 127 131 134 98 108 130 159 189 198 210 216 211 204 218 237 241 232 225 230 236 237 225 216 219 174 97 60 65 101 128 108 100 129 178 201 208 210 214 224 230 234 236 237 237 236 236 235 236
128 140 163 163 154 156 150 138 148 145 155 166 164 157 134 129 162 193 176 158 146 144 150 164 162 146 147 161 177 174 168 159 153 154 167 160 139 134 150 171 184 191 190 182 167 155 148 149 144 138 143 148 180 191 180 178 197 222 228 233 233 233 238 238 236 233 231 228 234 229 214 191 138 77 57 63 98 157 170 175 193 219 220 222 222 222 228 232 235 237 238 239 238 237 234 233
139 154 169 179 178 163 150 154 159 148 154 173 174 158 147 144 163 180 171 170 170 157 144 159 173 162 140 141 152 174 189 186 167 159 171 169 166 156 147 160 173 189 197 188 157 150 145 152 162 161 177 200 212 202 174 189 221 228 215 212 216 226 234 235 239 241 239 238 240 238 221 186 120 75 75 96 145 203 201 190 170 200 230 224 214 214 225 232 234 235 238 237 235 229 224 222
151 154 160 163 164 166 159 147 152 161 164 180 181 175 177 174 168 170 175 178 182 184 186 189 196 199 163 159 176 190 197 192 166 153 156 157 160 159 158 154 150 180 186 178 160 171 160 154 162 178 199 217 216 185 168 209 228 223 195 171 172 201 226 232 233 235 237 239 240 241 238 232 209 169 151 170 204 235 235 224 216 219 226 211 189 183 196 211 224 230 231 231 234 211 206 211
155 158 163 167 164 169 169 160 153 152 161 174 176 175 183 184 174 175 181 180 181 189 201 209 205 196 194 211 215 197 177 171 162 156 147 153 167 164 170 149 155 210 221 215 189 151 146 146 136 148 188 212 217 215 210 221 229 232 229 227 221 221 225 220 229 234 236 240 241 242 241 242 238 232 237 241 239 242 237 230 220 211 223 215 193 192 207 208 213 216 214 215 231 231 218 201
159 151 153 165 149 154 156 152 145 141 136 144 156 162 161 177 185 188 187 169 166 193 208 201 192 190 200 223 231 208 170 168 186 172 154 159 167 170 185 186 203 224 224 216 208 178 157 157 150 132 134 180 219 213 195 219 230 232 234 233 234 231 215 201 219 236 242 243 246 247 246 246 246 245 244 245 244 245 239 226 220 209 190 181 183 202 208 197 194 203 206 212 234 250 250 215
162 165 157 146 147 169 172 161 154 146 138 138 147 158 167 171 174 193 203 188 171 181 189 188 191 200 212 209 195 183 179 160 161 162 155 159 165 195 216 214 208 207 202 197 195 191 204 220 221 203 190 192 204 192 174 202 221 225 230 232 228 223 219 219 230 240 246 248 248 250 250 247 247 244 244 245 246 248 242 234 229 227 218 207 207 220 222 217 209 210 216 213 209 220 233 221
157 125 136 146 158 178 184 170 160 154 151 157 163 162 159 158 164 183 192 182 177 176 165 176 191 200 201 169 132 145 167 149 152 158 186 207 207 228 231 219 214 214 209 192 180 173 175 183 203 228 239 230 212 193 171 179 205 212 223 229 224 209 201 209 224 234 243 248 248 248 246 244 242 240 239 237 236 238 241 242 238 234 234 235 222 213 215 224 225 216 199 185 177 190 216 223
168 147 135 144 160 177 177 168 165 167 163 162 169 173 174 170 168 172 170 160 169 175 161 167 186 190 181 160 149 145 150 148 156 182 214 237 237 231 218 208 205 210 205 187 185 176 182 193 180 194 212 219 220 198 173 180 198 209 218 222 213 190 174 184 215 228 238 244 241 237 236 237 236 236 237 225 212 204 199 196 201 204 214 221 210 205 217 229 223 213 205 210 217 213 220 221
184 170 145 140 158 176 169 151 155 170 168 162 162 172 179 172 148 147 162 174 181 181 166 152 146 140 162 158 150 160 171 165 170 188 201 208 220 211 197 186 177 188 185 178 186 179 182 214 225 198 183 178 185 191 191 197 202 203 215 217 196 176 176 191 216 223 229 228 222 214 205 209 216 214 209 202 195 198 206 208 209 211 216 216 208 205 219 229 226 215 196 221 227 216 220 216
147 150 133 133 145 155 153 142 154 169 177 174 156 158 165 154 129 146 171 182 184 185 165 139 140 160 185 165 139 152 171 151 156 159 171 184 194 187 172 163 161 174 177 176 183 201 224 246 247 225 191 169 179 194 212 221 213 210 219 217 204 199 205 215 223 222 208 185 174 166 165 184 213 211 191 180 179 196 214 219 223 236 236 218 207 212 224 230 233 224 207 230 231 223 218 213
128 131 131 151 158 142 137 151 164 173 187 181 162 162 163 161 158 165 176 173 176 184 178 166 181 165 150 155 151 161 158 150 158 156 157 159 163 167 159 157 156 161 174 182 181 185 202 213 220 208 183 155 149 160 193 209 202 203 224 225 211 211 222 230 224 205 172 141 148 162 170 185 218 218 215 207 196 194 199 202 208 219 223 210 210 221 226 219 230 231 229 236 234 227 216 209
141 157 153 146 153 150 143 159 178 173 176 184 165 159 173 179 174 168 161 152 171 184 189 191 189 183 155 142 140 152 172 176 177 162 132 122 150 173 164 145 155 155 158 165 168 167 174 194 197 187 182 173 159 153 170 195 216 219 222 224 211 219 231 229 208 181 160 153 167 197 192 189 194 194 202 219 221 200 180 180 175 171 177 182 190 197 199 194 209 215 219 225 229 228 222 217
138 153 147 141 143 154 168 173 193 179 166 192 170 182 209 207 195 174 155 153 177 184 191 199 200 186 158 163 165 175 191 176 149 170 163 126 123 151 168 162 152 149 159 165 169 171 166 191 203 203 202 191 171 155 142 154 195 207 201 195 192 208 211 204 190 179 164 179 197 199 164 156 159 166 170 189 211 204 181 164 159 155 152 155 163 175 180 193 205 203 202 211 222 221 212 212
138 144 145 152 162 167 178 185 187 178 175 187 177 174 184 190 189 175 165 173 177 175 190 203 215 209 188 182 168 162 172 156 126 150 159 141 124 125 140 140 137 143 165 174 180 177 172 180 180 191 189 176 163 164 149 142 159 171 180 172 173 189 187 174 169 172 173 186 163 141 124 124 143 183 195 189 186 186 194 195 186 178 172 174 173 172 178 177 188 193 194 201 221 221 211 202
157 139 133 138 146 158 167 179 181 178 169 167 172 175 166 157 152 155 166 176 171 167 178 189 196 210 199 185 174 170 189 176 156 155 152 137 124 121 128 133 137 145 150 150 159 159 162 159 151 159 172 171 162 152 148 144 133 131 147 157 166 170 171 174 173 179 192 190 156 145 148 161 181 199 202 190 192 197 188 177 172 174 183 195 187 177 176 170 176 194 209 221 237 228 208 202
149 141 133 142 151 152 152 161 168 177 181 175 162 159 159 156 149 145 159 172 169 165 164 169 174 190 194 193 199 208 210 181 166 166 165 166 142 113 109 124 137 141 135 137 152 157 179 191 179 172 173 160 150 145 149 145 138 141 155 167 172 174 146 138 162 176 177 189 181 170 186 183 185 190 191 177 160 169 185 193 189 183 188 199 198 204 209 216 227 243 248 249 249 241 227 210
166 157 141 152 158 151 148 147 134 143 166 183 176 161 160 163 163 163 180 184 165 146 148 159 158 163 194 222 224 230 217 181 168 181 164 149 141 120 109 114 123 129 123 114 136 145 144 189 178 174 169 151 162 166 161 152 146 150 157 168 180 181 144 131 155 174 159 167 174 168 180 187 183 177 173 171 157 166 193 214 220 224 219 204 190 195 200 194 202 223 238 247 249 250 239 219
161 158 148 150 158 152 153 154 145 151 158 181 196 184 184 185 178 180 188 162 132 109 125 178 191 214 230 235 241 242 233 205 178 169 142 112 117 120 100 97 108 127 122 107 130 150 160 178 172 163 168 164 158 159 159 152 147 155 167 193 190 170 135 143 170 181 177 181 150 123 144 177 173 168 169 169 176 203 219 233 241 242 235 217 195 190 192 185 187 200 219 237 246 250 246 243
144 155 152 153 157 151 155 160 156 148 148 173 189 188 179 175 165 171 169 148 144 131 159 183 176 199 233 241 242 243 245 241 234 224 218 202 163 135 111 97 105 136 132 115 133 165 181 179 174 167 158 154 152 142 136 145 151 163 187 211 193 175 173 178 178 187 175 168 148 101 125 167 179 176 181 188 191 196 208 222 231 236 237 227 199 191 198 199 196 208 218 230 243 250 250 250
148 160 166 160 154 162 173 164 148 142 131 131 158 170 168 160 155 172 185 184 181 173 174 173 176 192 217 226 231 234 232 228 230 238 244 241 211 164 156 132 124 126 118 106 113 139 163 175 179 178 179 181 181 157 152 166 160 160 193 217 204 190 182 185 173 157 160 158 148 132 135 166 183 191 192 183 189 202 212 215 218 220 223 223 213 208 217 223 224 233 245 247 247 249 250 250
152 162 167 158 153 174 183 160 134 123 126 136 159 173 169 167 170 179 187 189 188 192 195 192 191 195 197 194 199 208 200 180 176 201 229 240 218 172 146 135 138 157 147 130 127 138 165 184 169 156 155 163 170 164 163 159 150 152 188 208 190 163 150 151 149 144 151 158 162 161 158 166 173 186 187 175 183 209 222 224 222 222 228 233 238 243 245 248 250 250 249 247 245 246 249 250
167 179 182 176 169 170 174 153 131 127 136 156 159 155 158 171 180 189 198 198 188 190 196 197 194 190 182 186 186 184 181 173 170 186 214 240 240 217 180 154 140 137 149 149 132 121 114 116 125 134 132 136 146 154 159 165 168 173 179 178 170 153 140 136 147 159 152 144 158 188 193 199 201 196 187 181 194 220 229 237 240 238 239 243 247 250 250 250 250 250 249 246 245 246 249 250
147 165 169 178 174 175 191 166 148 147 157 166 157 141 139 159 182 199 208 198 185 193 198 203 202 189 163 183 192 182 174 173 171 173 175 199 234 235 225 200 174 156 149 147 130 112 104 107 119 133 135 146 142 146 163 185 164 156 149 140 139 132 129 138 161 188 196 173 170 191 200 222 227 208 180 185 207 226 235 241 243 244 245 246 249 250 250 250 250 250 250 249 247 248 250 250
137 153 165 185 179 182 184 170 168 158 158 162 162 156 157 167 185 200 193 175 172 176 181 204 208 187 170 191 199 186 177 179 177 162 130 154 208 222 232 221 202 193 187 185 171 146 135 154 186 197 190 184 171 148 132 130 134 141 151 158 159 146 131 151 184 208 217 192 151 159 191 215 211 205 187 176 187 222 233 236 239 239 240 244 247 250 249 249 250 250 250 248 247 249 250 250
139 146 163 184 187 173 159 169 184 173 163 150 143 148 164 180 163 166 177 171 164 164 173 186 182 172 178 199 206 190 187 192 191 178 166 144 171 180 187 218 211 220 234 234 228 215 203 191 191 211 222 197 165 149 136 143 144 138 145 153 155 150 139 152 195 210 203 174 114 120 164 184 171 175 173 173 180 204 216 221 223 220 220 233 241 248 250 250 247 247 245 232 209 208 245 250
172 179 164 165 174 178 177 166 173 175 171 174 176 173 175 178 169 156 161 160 145 152 175 190 192 188 182 188 193 185 179 182 190 176 161 163 181 171 168 180 183 210 233 244 246 236 216 183 168 182 196 161 131 128 130 133 137 141 135 136 152 151 139 152 197 212 209 187 162 158 168 181 172 164 166 172 180 186 198 202 204 201 209 226 238 249 250 250 244 233 223 211 196 201 239 250
141 138 128 145 158 169 179 172 177 166 163 174 187 191 191 182 175 173 168 188 182 165 172 195 206 198 176 156 161 173 181 178 175 190 188 194 194 176 171 171 185 204 211 221 222 213 193 162 157 159 159 140 119 117 125 127 128 138 154 165 167 150 139 150 172 185 195 188 167 163 170 167 164 163 163 172 199 186 179 185 195 204 215 229 242 250 250 250 236 215 201 202 204 219 241 250
129 116 121 140 146 147 166 194 201 179 168 169 165 157 174 199 206 204 198 193 176 165 167 181 197 200 193 174 156 156 165 168 167 167 140 150 169 173 169 166 174 182 176 178 186 189 182 173 164 147 141 141 134 123 134 148 155 156 163 186 185 175 162 149 155 165 174 174 155 149 153 161 172 176 167 172 197 199 187 185 185 190 209 229 244 250 250 250 247 236 223 222 230 241 250 250
124 128 141 150 138 126 150 187 207 201 186 165 160 154 164 194 207 210 210 198 182 178 176 172 172 172 184 188 184 175 170 176 168 153 142 151 172 174 166 156 151 175 174 185 205 214 201 191 179 163 166 173 157 138 149 167 166 170 167 167 167 155 149 145 152 189 215 207 173 148 149 155 169 171 153 165 194 209 194 176 163 174 207 237 247 250 250 250 250 250 248 247 247 250 250 250
129 143 165 176 164 142 144 169 183 188 182 166 154 175 182 187 189 180 176 186 185 176 185 177 181 175 165 176 186 179 179 184 164 178 188 192 196 192 188 178 165 165 147 142 163 176 171 170 157 158 162 162 166 161 171 189 188 186 184 179 188 189 167 160 157 179 215 213 185 161 156 152 164 172 172 181 195 206 192 190 205 213 228 244 249 250 250 250 250 250 250 250 250 250 250 250
139 153 180 187 174 153 133 134 149 168 166 160 159 167 170 160 172 185 183 197 198 167 141 152 174 184 179 164 145 156 196 192 170 190 200 212 208 184 172 178 165 150 143 135 147 143 153 165 149 138 111 120 157 185 195 190 191 198 208 204 182 162 175 201 204 181 170 167 171 160 157 153 159 170 177 178 195 227 219 214 223 210 208 239 250 250 250 250 250 250 250 250 250 250 250 250
160 162 168 176 160 132 124 128 147 164 181 172 152 158 166 159 171 184 178 174 181 182 172 165 165 166 171 167 153 163 201 213 197 205 210 192 182 189 195 193 166 148 125 132 154 139 144 154 152 142 125 160 178 175 182 196 196 202 203 193 169 143 140 170 186 160 122 118 140 139 162 173 164 161 173 179 197 213 204 180 196 191 188 221 237 247 247 248 249 250 250 250 248 247 248 247
184 170 158 132 118 133 148 138 160 195 205 175 121 140 177 181 183 182 161 136 145 176 196 206 204 200 192 177 175 183 187 182 174 193 194 169 156 167 188 177 154 148 133 126 134 134 137 146 154 158 164 194 207 204 204 197 175 173 173 168 163 168 168 164 173 177 160 155 163 168 173 175 172 168 182 203 213 198 168 167 207 213 215 227 240 249 248 246 248 249 249 247 246 246 248 247
187 186 175 143 121 142 167 168 175 203 198 178 163 164 180 181 180 183 162 127 130 157 179 206 215 216 210 196 176 167 182 183 176 178 158 129 120 124 134 138 130 124 125 129 136 160 168 170 175 171 159 149 172 205 209 195 164 152 156 165 175 186 194 192 195 189 167 170 190 199 201 193 184 204 210 204 199 193 164 175 211 226 223 237 247 250 250 249 249 250 250 247 246 248 250 250
181 177 160 142 144 171 180 174 172 190 184 171 156 166 189 179 190 185 159 133 144 135 123 142 174 166 162 151 136 120 153 179 159 137 129 105 108 104 114 129 122 126 116 109 117 155 161 162 159 146 161 134 130 170 182 199 174 157 166 159 164 164 162 164 171 184 180 175 190 203 211 192 168 177 204 192 185 171 149 171 207 232 237 244 245 248 248 249 250 250 250 250 249 250 250 250
178 183 162 151 161 169 165 159 157 158 162 163 155 159 164 172 201 199 187 185 174 134 89 95 111 106 110 95 85 78 85 107 112 123 115 110 134 126 128 134 139 146 119 94 120 164 153 134 124 116 130 145 130 141 182 207 199 178 170 176 172 154 144 158 168 170 184 170 171 182 180 178 192 208 200 159 151 144 131 136 145 182 227 248 246 246 249 250 250 250 250 250 250 250 250 250
156 166 170 167 163 159 153 159 178 183 182 179 180 188 180 185 191 175 148 166 190 176 143 152 144 128 118 123 118 96 79 80 93 110 101 102 113 101 102 115 164 197 183 156 174 201 193 169 154 158 158 151 131 117 148 191 201 184 162 174 188 175 161 179 182 172 180 178 159 171 172 168 188 201 192 175 173 176 134 131 140 161 219 247 246 246 250 250 250 250 250 250 250 250 250 250
147 149 167 169 148 152 158 177 196 200 198 191 187 183 183 202 205 197 189 162 163 164 155 150 141 133 138 140 146 148 132 113 91 81 88 100 98 107 135 171 212 239 238 228 228 230 226 211 198 198 175 153 143 131 133 177 200 192 178 175 170 175 183 198 203 200 205 210 183 202 211 208 203 197 186 211 223 204 162 162 167 150 173 227 241 247 250 250 250 250 250 250 250 250 250 250
166 162 174 170 163 163 154 156 167 182 192 185 175 160 168 194 209 195 188 191 187 179 167 188 212 216 218 221 211 188 179 179 166 174 185 167 153 168 199 223 221 227 219 210 196 188 207 225 235 236 219 222 208 187 168 185 181 199 207 188 167 163 173 188 208 202 161 169 201 227 228 225 211 192 204 228 222 201 198 213 206 161 159 206 244 249 250 250 250 250 248 249 248 250 250 250
