examples/data/proba_v_out_italy/probav_s5_toc_x19y03_20140606_100m_ndvi_v001.txt
ncols         273
nrows         192
xllcorner     12.62996031746
yllcorner     41.659722222222
cellsize      0.0009920634920635
NODATA_value  -9999
[rows 0 to 41 of 192, columns 95 to 189 of 273]
191 197 183 175 164 134 113 96 95 104 112 106 98 102 110 94 74 115 174 194 203 204 198 180 181 182 181 172 145 141 143 133 119 145 162 164 161 174 183 165 166 165 151 161 180 168 144 139 145 149 147 138 133 140 141 128 119 110 118 131 131 127 125 134 153 169 157 135 127 147 174 179 177 174 172 149 133 132 135 132 149 175 199 208 197 181 174 162 155 158 167 173 179 193 213
148 162 152 131 142 171 170 144 116 100 99 98 96 100 113 128 106 100 134 171 195 197 180 156 148 160 173 165 143 135 133 148 161 163 150 141 143 154 174 182 176 163 151 149 150 160 156 150 147 139 137 139 138 143 144 132 125 127 134 147 145 134 137 144 149 163 163 148 138 141 152 168 180 184 178 154 145 147 150 144 160 157 167 174 176 179 180 179 176 172 174 176 177 176 192
112 146 157 127 116 162 196 180 166 149 125 110 102 99 101 110 136 131 119 128 139 166 169 147 143 159 149 144 146 136 140 157 166 167 165 166 169 159 159 159 149 142 143 154 158 164 172 159 153 150 143 160 166 156 145 140 130 126 140 149 146 150 147 133 127 145 164 172 156 138 134 161 182 164 151 155 160 163 164 159 154 149 150 148 166 186 178 172 179 179 180 177 182 188 193
127 160 173 165 140 143 161 157 171 183 170 137 105 100 106 122 141 134 124 124 135 152 146 122 137 146 141 142 155 162 158 155 160 185 189 186 163 139 137 145 143 136 136 152 159 155 157 170 178 171 151 144 144 140 133 129 131 137 142 139 146 154 143 136 129 136 152 169 173 156 139 143 159 154 149 162 170 176 174 170 173 182 169 145 155 171 169 162 171 170 161 164 173 184 186
135 156 178 180 155 145 156 164 160 161 170 160 125 108 110 135 146 138 136 145 141 115 125 147 157 144 130 107 106 141 150 136 144 167 162 150 142 144 155 163 163 150 153 160 144 155 159 154 152 158 151 144 136 136 138 132 141 145 139 145 160 164 146 130 138 130 132 147 167 150 131 131 158 179 164 166 181 197 190 171 158 164 181 176 161 157 159 176 204 223 200 155 150 170 187
140 159 169 165 152 151 156 161 164 157 152 158 112 102 137 160 154 143 143 157 173 169 152 157 170 151 101 53 85 142 183 162 148 152 151 151 135 137 149 164 178 171 186 185 151 143 145 134 139 156 159 162 150 135 142 152 147 143 144 137 133 127 127 150 160 140 141 146 168 170 147 156 176 181 164 155 155 183 185 164 167 171 178 178 172 164 159 173 192 206 205 178 165 174 196
151 155 145 148 152 156 158 161 165 172 170 169 157 137 144 153 149 149 144 147 157 166 162 152 157 141 113 100 111 154 179 178 176 157 150 160 170 164 154 153 157 159 163 172 178 169 152 143 142 162 168 156 141 136 145 148 135 134 133 133 123 115 128 154 156 155 157 147 157 185 179 164 158 154 161 158 145 153 171 185 186 171 172 186 184 187 198 195 181 175 177 181 179 167 170
145 143 138 161 172 167 166 167 170 178 181 176 171 171 157 144 150 162 164 159 157 174 177 163 147 128 122 119 111 125 165 176 170 158 137 130 145 161 164 152 143 141 141 144 166 167 125 118 134 146 153 146 139 137 144 143 134 140 152 152 125 130 168 190 178 171 173 159 146 164 173 143 133 145 163 172 158 159 183 182 169 158 168 190 182 179 176 168 164 176 188 192 187 176 171
143 137 138 162 192 184 175 172 172 173 177 183 184 179 163 146 142 136 132 136 141 151 154 146 143 141 151 151 131 143 185 180 168 162 146 128 143 161 161 145 145 149 154 145 152 164 155 147 147 134 130 133 136 135 137 147 147 163 168 151 147 164 195 210 200 186 190 185 149 127 150 143 138 149 160 172 168 160 156 151 158 168 175 192 190 181 172 161 153 164 180 174 161 167 177
160 144 137 153 186 202 184 176 173 173 175 179 181 183 162 146 144 136 132 114 112 125 154 161 149 150 165 146 157 169 181 174 163 172 170 165 154 124 143 142 145 151 153 149 148 159 161 161 161 155 143 125 125 127 134 138 144 157 174 189 191 178 165 170 164 158 165 156 145 129 141 164 157 148 153 160 161 147 134 147 175 187 165 157 162 166 167 169 161 161 171 174 164 172 169
165 144 132 145 171 179 176 171 165 165 167 173 185 185 149 138 133 128 137 120 118 125 147 168 175 174 171 161 154 157 160 163 168 173 172 196 177 148 170 159 144 142 142 143 134 133 137 147 160 157 144 117 104 112 135 158 162 158 167 187 164 134 125 130 150 168 171 160 149 127 132 161 166 159 164 161 155 154 163 158 167 165 159 177 173 162 162 178 187 186 160 144 144 162 164
140 145 155 154 166 165 161 148 144 153 161 170 188 185 156 142 130 129 136 136 140 133 144 161 174 168 182 193 202 206 190 173 144 122 120 149 132 122 145 149 144 130 134 135 129 135 134 130 135 139 141 143 148 145 139 156 162 167 162 163 172 153 134 126 135 151 162 162 152 147 132 153 182 182 171 164 158 157 157 150 165 179 180 179 166 159 162 174 182 175 150 131 165 184 155
135 157 177 168 163 169 169 156 152 156 162 170 179 176 158 152 153 144 143 159 172 147 126 161 187 201 221 222 216 200 207 209 158 126 125 126 115 112 127 127 122 124 139 135 128 138 148 148 146 153 157 158 151 151 144 157 182 200 176 151 162 173 160 143 138 145 150 149 149 149 165 193 203 201 185 179 169 170 169 155 151 164 180 184 176 170 169 163 155 158 172 166 167 165 147
149 157 168 162 160 159 163 162 163 165 167 168 169 173 155 159 166 151 138 154 167 155 124 154 191 193 198 212 198 160 173 185 162 147 172 181 167 154 156 154 148 148 145 129 129 132 133 139 151 157 157 149 139 153 154 140 147 190 188 151 161 186 173 156 141 141 145 144 149 163 185 208 212 209 194 183 175 180 179 161 145 146 167 186 184 175 171 165 158 154 168 169 160 161 150
158 150 149 162 172 165 161 162 162 163 167 161 163 167 155 166 176 167 153 163 181 186 171 170 199 195 165 155 145 143 178 158 127 135 185 223 222 206 184 162 167 159 162 180 178 167 160 151 148 149 155 163 180 185 159 146 143 151 162 146 139 155 172 160 136 143 151 154 156 153 156 180 208 215 198 172 163 161 176 184 160 153 165 174 166 167 169 170 164 146 143 151 159 171 173
155 154 160 160 155 160 164 166 164 160 163 166 178 180 182 205 213 211 197 186 181 174 177 195 213 189 127 97 94 106 141 152 127 135 182 216 199 187 187 190 191 195 186 202 219 204 186 168 168 162 157 159 160 154 148 149 146 149 155 152 152 172 195 189 163 155 151 151 154 154 161 182 210 226 220 191 159 144 156 175 166 151 138 145 167 181 170 155 150 144 138 152 171 162 155
148 144 141 141 165 177 171 158 160 160 163 178 194 190 181 189 203 208 194 172 162 155 154 177 194 173 126 93 83 89 103 137 151 146 166 179 169 168 176 196 202 203 206 205 210 187 161 147 164 177 166 157 158 161 148 145 151 153 156 161 163 154 159 173 170 160 150 144 153 167 173 181 196 210 227 211 167 143 145 148 147 148 142 146 168 176 161 145 150 162 168 166 173 174 159
164 150 116 95 118 142 160 174 178 177 174 175 180 173 163 167 186 199 198 181 165 142 136 142 154 160 137 100 82 92 115 143 160 151 149 155 155 156 170 190 195 200 199 184 183 174 150 154 166 164 144 140 143 149 161 157 156 156 151 144 141 140 145 157 166 163 155 149 152 159 161 155 152 177 231 232 203 180 166 166 167 160 154 154 161 166 156 151 152 165 177 172 184 194 166
183 173 158 151 154 155 155 157 172 185 184 182 177 172 159 156 172 194 205 188 164 151 150 147 132 120 112 98 90 103 142 183 196 177 159 150 160 156 149 151 161 167 183 174 173 171 141 132 152 156 132 134 151 147 137 146 150 158 166 153 136 155 163 155 161 165 162 148 133 131 145 141 144 169 218 232 219 191 173 171 182 194 184 164 152 160 175 177 170 167 166 169 191 196 172
178 161 148 169 190 186 165 155 179 187 179 177 181 185 172 159 167 185 187 161 133 137 146 148 143 138 136 136 115 112 108 119 148 162 172 178 172 157 151 148 156 172 192 178 167 165 145 126 139 136 134 153 163 147 133 134 140 154 185 184 154 146 147 148 158 172 177 162 139 135 138 138 168 172 192 224 233 212 186 183 191 192 176 160 152 152 154 156 162 167 165 176 175 165 153
178 157 152 178 192 183 174 176 187 186 179 180 188 203 199 182 173 172 163 146 136 150 158 147 149 160 150 128 114 130 123 110 108 135 168 180 184 184 177 187 195 203 201 170 148 154 155 149 165 156 159 169 166 155 156 143 136 143 159 192 184 174 170 158 158 171 177 165 152 151 143 139 159 167 191 225 239 224 206 208 212 208 189 167 156 155 158 157 155 172 168 159 165 162 152
176 167 174 190 199 192 194 191 182 179 181 187 175 162 176 183 166 153 141 137 149 166 157 139 137 149 146 134 141 151 138 129 121 130 160 181 182 191 199 199 192 190 192 201 186 172 164 162 163 161 163 154 157 162 161 140 138 131 127 145 161 178 175 159 153 163 172 159 149 152 164 162 160 164 183 215 227 210 195 206 216 206 185 177 173 164 146 145 149 143 159 175 163 144 140
150 141 164 189 202 194 185 173 169 175 179 184 186 165 154 159 152 147 137 136 160 175 153 149 152 152 158 169 189 190 163 148 136 153 185 195 202 202 188 169 161 152 143 171 172 158 158 157 157 157 161 160 159 156 143 136 149 156 139 122 143 168 159 134 136 157 170 154 144 163 179 172 168 161 174 195 220 233 215 191 191 194 190 182 177 167 146 158 144 138 159 178 169 147 134
133 123 148 175 211 210 181 173 178 181 174 173 184 191 192 178 177 175 175 166 157 159 148 138 164 158 149 159 183 175 134 121 148 177 204 182 173 180 161 148 158 148 121 132 141 146 152 160 166 171 172 170 172 168 158 163 172 170 160 137 143 171 169 126 104 88 118 167 174 168 174 172 162 154 166 166 183 231 231 203 180 181 186 182 173 158 149 148 133 139 153 171 182 170 153
167 165 167 179 183 181 171 169 174 177 168 163 171 184 197 197 191 187 188 191 181 164 163 166 163 143 131 143 168 177 162 153 163 186 194 172 159 169 156 129 146 146 132 152 166 161 155 163 174 182 175 164 158 156 156 163 160 158 161 161 154 172 196 203 172 101 87 128 160 143 154 167 156 146 156 164 180 219 239 227 202 189 175 164 163 155 147 125 131 152 156 156 168 177 168
177 172 160 160 156 148 148 153 165 166 169 181 177 194 196 183 181 190 190 187 178 172 171 160 153 154 139 146 155 163 163 158 164 173 175 164 158 160 135 108 130 134 137 165 179 171 156 158 170 170 165 167 155 154 163 171 163 158 157 160 161 162 167 193 207 188 154 161 169 142 130 135 145 157 161 157 166 202 222 220 204 183 156 154 160 137 147 138 146 160 155 138 157 176 174
164 173 158 146 164 169 158 153 169 174 177 186 194 205 189 174 180 190 176 169 169 161 154 156 160 166 166 157 144 145 148 159 185 199 189 175 185 195 165 118 120 141 150 170 188 182 174 176 170 150 153 162 150 154 164 172 174 175 172 177 190 166 118 111 134 191 237 223 173 146 135 118 117 118 124 133 155 191 208 203 192 172 147 124 119 120 138 143 157 167 160 148 159 164 176
155 172 163 151 179 193 168 177 190 189 187 197 206 203 200 202 174 157 158 160 173 159 153 160 166 176 171 167 167 173 167 175 196 203 186 174 183 187 176 160 158 159 168 183 190 170 164 185 185 169 168 164 161 165 166 172 170 174 175 162 152 129 103 97 104 144 214 240 208 185 166 139 104 87 88 100 133 157 158 126 123 142 151 119 107 137 157 164 157 138 154 169 182 183 177
164 170 170 165 173 184 189 197 176 175 191 181 171 185 206 216 186 145 155 176 165 157 167 167 166 154 133 135 152 164 163 172 183 182 174 180 191 187 177 178 183 186 187 191 194 193 183 178 185 170 151 158 161 145 138 159 171 160 150 141 134 137 115 101 104 133 204 226 221 204 172 143 119 109 91 79 97 98 95 99 106 114 136 118 124 178 196 192 160 136 161 184 199 206 193
169 166 169 177 184 194 211 219 205 195 187 174 166 179 192 179 164 151 146 186 203 189 185 174 177 166 138 148 158 147 148 164 171 183 200 196 189 188 178 176 184 190 186 178 181 184 195 180 169 123 120 151 138 122 105 112 142 159 134 126 142 147 140 138 144 164 212 237 229 214 188 159 140 133 120 107 94 81 101 110 100 106 150 132 133 169 185 186 154 150 175 186 188 199 190
186 187 179 190 226 240 245 241 223 205 200 196 175 165 170 167 177 190 179 175 189 192 189 186 178 172 174 181 172 155 160 171 175 179 180 171 174 177 173 163 171 158 138 131 142 129 163 184 141 101 90 114 95 64 70 58 71 139 180 150 137 146 159 162 171 204 240 250 250 234 207 190 163 133 125 121 97 82 89 96 106 127 172 192 176 174 180 179 160 163 150 157 180 188 196
198 191 186 180 199 227 243 236 214 191 184 180 176 172 179 183 186 186 179 162 164 172 180 180 179 182 164 172 182 187 184 172 162 171 179 177 171 150 137 139 130 133 123 135 150 131 123 117 95 89 80 80 83 77 93 88 71 128 183 174 172 159 162 177 198 232 249 250 250 245 222 202 167 126 112 119 98 76 82 98 117 141 176 204 198 178 160 166 164 162 162 157 166 172 180
194 187 178 170 189 219 232 229 229 215 199 189 185 182 203 199 160 152 180 176 174 188 187 186 184 174 164 172 176 184 190 187 182 194 196 190 166 127 105 93 108 135 113 118 121 93 87 83 91 89 97 115 136 141 148 152 144 146 141 133 150 168 172 180 196 215 217 207 203 211 204 187 166 139 128 145 137 91 91 101 114 148 198 220 217 211 183 163 179 169 162 176 187 178 173
177 176 172 181 200 210 212 212 214 207 201 196 192 200 228 216 177 159 174 173 166 164 164 171 178 189 177 167 174 179 187 204 211 204 200 200 175 141 128 122 120 113 90 86 100 73 70 84 90 88 113 141 164 179 180 176 180 181 176 174 173 177 185 185 173 171 174 168 173 183 176 168 159 150 119 116 126 112 97 100 114 126 158 201 211 209 193 170 168 182 183 177 174 161 184
150 155 151 165 188 193 196 216 216 204 199 200 209 224 224 205 197 181 167 159 156 165 177 170 162 179 179 175 172 168 180 198 213 197 184 200 177 128 102 92 92 110 142 174 172 127 112 137 163 173 183 180 179 176 170 167 172 179 184 184 184 178 160 150 143 139 165 183 190 200 172 161 167 157 127 111 119 111 93 100 113 147 173 185 185 189 175 167 150 159 165 150 149 160 181
128 139 131 143 174 169 167 203 204 198 198 204 217 225 199 202 213 190 174 171 170 172 175 171 170 173 165 168 180 188 196 201 209 196 152 151 167 110 70 71 107 163 181 196 204 185 174 198 212 201 192 184 184 186 178 175 180 184 180 166 163 169 166 179 173 150 147 182 219 235 215 186 189 184 168 133 103 115 124 139 168 194 188 169 161 170 169 160 136 124 156 147 160 178 179
141 152 145 137 135 134 163 190 190 196 205 220 229 214 185 211 230 213 189 172 165 180 190 182 166 163 162 170 183 209 222 213 208 221 222 201 162 115 92 113 154 193 213 209 196 187 181 178 182 179 192 203 183 164 150 151 164 175 166 165 166 174 178 177 181 189 192 191 196 230 231 217 201 192 200 190 161 146 132 146 161 171 172 158 150 154 172 175 171 170 173 172 178 181 179
143 153 145 155 153 139 158 171 190 207 219 233 246 238 223 229 230 218 203 196 196 211 207 198 188 190 176 172 181 202 221 215 220 234 244 249 229 180 143 143 187 203 202 194 182 169 168 170 179 188 204 205 169 142 140 145 165 188 202 198 186 189 189 185 189 197 192 181 172 176 178 181 180 164 165 186 181 169 151 144 151 160 165 162 161 172 203 197 162 150 165 177 181 189 191
164 154 140 171 186 191 203 207 220 189 195 235 245 227 229 232 226 200 181 206 231 230 210 199 196 211 224 199 195 209 212 201 219 233 240 241 233 203 172 172 187 181 180 176 163 171 190 179 191 206 211 201 179 173 183 188 199 206 208 211 212 209 201 189 176 175 187 195 174 162 166 161 171 167 160 175 192 194 169 142 142 156 173 186 193 179 171 169 144 129 146 171 184 188 195
208 189 186 217 224 229 237 217 196 185 189 216 204 163 149 152 168 162 159 202 215 191 178 186 188 210 232 228 234 238 219 216 235 235 243 242 220 209 223 227 212 191 186 185 177 198 212 184 180 198 217 212 189 175 177 184 195 209 218 232 222 196 191 194 174 173 193 200 181 176 170 156 158 172 170 168 175 183 178 156 153 166 182 191 179 156 165 197 202 178 166 173 172 189 199
215 188 198 237 245 231 237 203 174 171 185 204 175 113 95 105 124 145 171 194 180 157 161 190 218 228 233 240 241 241 227 227 242 231 224 231 206 208 232 229 211 192 191 187 186 204 213 203 195 211 222 201 183 180 180 173 184 193 203 217 207 178 167 177 191 184 182 179 162 146 160 166 160 165 169 170 174 179 174 153 162 178 165 148 151 129 130 173 208 207 191 179 176 192 195
224 190 192 220 244 240 232 226 236 214 181 156 121 81 82 103 121 153 163 159 149 142 172 208 225 218 198 196 210 232 246 245 240 223 203 204 199 199 199 207 207 203 213 196 180 183 195 209 191 186 204 191 176 172 185 190 187 182 188 215 231 204 175 176 191 187 172 163 178 189 184 173 150 134 144 172 192 210 212 204 187 175 182 186 187 158 138 141 175 206 211 198 180 173 171
