examples/data/proba_v_out_italy/probav_s5_toc_x19y03_20150106_100m_ndvi_v001.txt
ncols         273
nrows         192
xllcorner     12.62996031746
yllcorner     41.659722222222
cellsize      0.0009920634920635
NODATA_value  -9999
[rows 43 to 85 of 192, columns 96 to 191 of 273]
132 130 126 131 129 142 161 164 150 122 86 75 77 93 123 130 121 119 117 109 111 120 120 126 140 147 156 142 141 148 160 166 165 164 153 136 136 150 163 167 149 142 149 153 152 144 144 150 141 140 142 142 141 139 145 152 155 153 149 141 130 135 150 155 158 151 152 156 160 154 137 137 145 145 138 131 140 141 137 134 123 134 143 147 151 153 144 135 137 141 146 153 150 146 143 145
99 99 109 124 121 131 145 138 131 131 94 89 106 120 134 132 131 136 114 99 108 103 105 137 156 150 155 154 145 143 145 148 152 159 154 153 162 163 163 155 141 145 154 144 148 146 152 156 152 151 149 150 145 135 137 142 141 142 139 135 137 140 147 151 155 154 157 155 147 153 156 135 142 148 144 135 124 126 136 143 138 132 138 138 143 147 145 136 124 133 148 153 151 149 148 144
108 99 108 124 129 134 144 147 138 136 131 133 115 115 128 130 128 105 110 116 115 100 110 138 155 155 148 144 144 140 144 148 146 152 157 156 153 153 155 149 143 144 150 152 155 155 157 155 155 156 149 146 150 147 139 140 140 142 139 137 147 146 140 140 144 144 143 140 151 150 153 146 149 152 146 137 132 139 151 141 132 124 127 134 134 138 143 148 145 137 127 136 148 148 136 145
106 110 116 124 130 141 149 150 145 140 140 130 103 104 119 115 101 91 94 111 120 127 139 141 148 143 141 136 144 144 144 152 149 153 154 147 152 147 142 145 146 137 144 149 150 153 154 149 151 150 142 143 152 151 147 143 137 147 151 145 145 138 125 129 138 136 134 134 141 138 142 151 155 150 140 142 149 151 152 143 141 135 133 138 139 135 130 143 150 147 139 137 128 123 135 164
134 117 105 121 136 147 147 141 140 139 129 118 116 121 127 121 110 101 108 124 134 139 144 136 138 138 145 138 144 152 152 150 150 163 160 152 156 155 154 152 141 136 149 158 156 152 149 146 146 150 150 151 154 148 139 142 142 146 154 154 146 139 135 138 133 123 121 131 144 149 158 155 158 148 133 138 156 145 138 139 140 135 131 134 138 138 133 131 145 150 150 144 142 140 139 143
152 142 132 141 157 156 131 128 139 129 114 114 127 125 124 127 125 128 128 125 136 143 143 134 135 135 139 139 145 151 152 149 148 158 153 146 141 142 149 144 139 141 152 157 156 153 149 150 148 145 147 146 147 148 145 149 154 147 142 142 134 133 135 138 142 145 140 143 151 157 150 147 153 154 144 136 141 136 131 127 124 124 121 127 134 145 150 148 153 153 148 139 141 147 136 125
145 139 134 132 131 138 133 137 141 130 124 118 131 132 128 130 130 128 128 126 125 123 112 125 131 132 130 134 132 145 150 145 144 151 152 149 141 125 118 128 129 144 155 156 159 150 142 146 150 148 148 150 147 151 150 148 151 148 140 143 142 137 142 148 156 157 152 155 159 164 161 154 154 155 148 139 139 139 137 130 124 126 131 133 136 145 146 153 167 160 157 147 140 151 163 161
139 142 145 139 132 125 117 128 136 130 122 124 133 135 137 132 122 113 116 120 117 118 109 110 119 133 144 155 146 141 146 147 153 152 149 151 145 133 128 137 136 147 155 156 158 156 158 155 150 149 151 156 148 146 141 138 140 145 147 144 148 152 150 147 149 147 151 158 157 157 159 156 153 150 145 145 147 141 141 146 133 135 138 130 117 116 127 132 138 143 154 149 136 140 143 131
151 150 144 133 132 129 131 134 139 145 135 118 110 125 138 141 132 129 128 117 102 112 123 121 118 134 130 136 146 150 141 126 138 143 144 153 153 149 142 141 149 158 157 164 166 161 155 159 156 156 157 154 152 154 149 151 153 147 137 139 147 145 144 147 155 162 162 167 167 158 157 161 158 144 147 153 153 137 131 126 114 128 134 116 97 97 126 142 140 133 141 150 142 142 139 139
145 155 155 144 136 133 137 135 128 132 124 115 124 138 140 140 135 135 135 129 123 118 119 123 126 134 130 137 142 151 152 143 135 135 132 133 133 140 145 140 134 139 163 166 161 157 155 157 148 153 156 152 153 155 154 158 152 138 123 123 136 144 143 142 140 140 150 158 163 163 155 149 152 148 144 148 137 137 138 119 107 112 115 108 112 128 138 136 138 144 142 148 152 150 136 140
138 139 142 145 148 145 140 134 123 116 118 120 128 132 133 137 138 126 130 134 139 141 135 138 142 142 145 145 133 140 136 133 142 154 148 134 127 125 132 128 134 143 141 141 156 161 148 139 144 151 157 151 147 144 144 148 140 137 148 145 134 141 145 144 142 149 155 159 164 158 158 162 162 160 150 143 142 140 141 123 101 88 92 113 126 136 145 147 141 142 153 152 135 132 134 144
128 129 132 129 129 127 123 128 128 126 133 135 126 133 128 119 112 117 128 130 145 142 139 142 138 144 145 142 138 142 127 122 126 135 143 154 162 158 140 129 126 130 136 138 137 146 150 156 153 152 154 152 149 139 137 146 152 150 144 134 132 147 155 160 160 157 155 157 171 174 174 161 151 152 153 146 144 146 148 134 106 90 93 120 143 143 148 148 143 131 128 137 132 136 142 140
119 131 148 146 120 101 107 136 138 134 134 136 136 133 135 136 133 132 134 130 148 131 127 138 137 148 156 149 136 129 117 117 126 138 139 138 126 111 106 130 142 149 151 143 139 142 145 150 148 145 147 155 156 143 137 141 149 151 142 142 134 145 155 158 159 164 167 168 172 166 165 162 162 162 153 148 153 154 153 132 95 84 95 110 128 143 145 144 149 149 142 141 138 141 137 136
67 86 120 136 136 139 130 136 131 106 94 123 131 131 133 123 122 136 148 145 134 146 140 137 128 119 134 128 127 134 138 125 116 128 131 142 136 103 79 86 113 137 155 153 153 147 141 155 167 163 156 149 154 147 145 152 149 144 135 143 146 152 152 143 146 167 180 167 154 149 158 165 165 164 161 158 162 155 148 125 98 92 100 117 142 156 153 139 133 141 150 139 129 140 135 132
45 54 100 112 130 158 159 151 135 105 85 118 130 132 129 128 129 138 146 146 144 156 152 135 137 135 125 129 134 129 138 140 133 132 139 136 108 77 60 64 84 129 155 162 140 148 141 133 141 154 141 116 125 142 147 148 143 150 152 150 143 145 141 155 156 160 166 140 144 152 162 166 166 164 157 154 157 153 145 141 124 120 121 126 144 141 137 141 136 142 148 141 133 137 133 134
61 67 121 126 137 154 157 156 149 150 154 157 147 134 135 137 143 142 136 144 151 145 138 135 133 123 111 122 135 119 112 110 102 100 110 108 88 81 75 78 84 119 135 138 143 147 133 139 137 124 115 120 135 145 140 138 139 137 150 152 160 167 156 152 153 161 158 143 147 148 161 164 164 159 151 148 149 147 147 151 147 141 127 130 151 140 142 155 151 145 147 145 141 138 138 145
79 91 138 144 144 155 144 145 156 162 163 164 162 152 148 149 156 154 140 136 148 139 141 146 132 105 90 80 90 100 99 105 107 111 108 89 80 85 78 76 83 96 104 135 159 151 141 144 136 126 118 128 132 153 132 136 138 133 138 142 160 164 153 148 143 154 159 144 145 155 156 155 152 150 150 147 140 146 146 140 145 136 135 131 141 148 148 155 146 135 131 133 136 133 141 146
124 128 139 149 155 156 148 151 157 159 161 158 156 148 135 135 152 149 139 140 149 145 140 139 127 107 98 98 95 106 122 135 124 96 86 81 77 78 74 82 85 86 92 119 139 145 144 139 133 156 146 136 127 122 102 116 116 112 124 127 128 135 149 152 151 140 128 141 145 149 153 154 152 145 142 142 141 154 154 148 145 141 137 142 149 152 148 141 133 125 128 130 133 139 142 135
153 123 138 148 147 146 149 148 152 149 148 148 144 143 149 152 148 142 151 149 154 149 137 139 143 146 141 140 145 142 146 145 130 109 96 107 119 110 93 103 111 108 124 147 151 149 133 123 122 129 135 133 132 131 121 115 99 112 125 126 126 127 138 146 150 130 123 134 156 162 164 171 158 142 138 141 139 139 133 132 145 149 147 149 152 149 146 143 140 141 134 128 133 137 131 140
135 125 126 126 128 124 120 128 144 155 150 140 131 124 136 143 149 147 148 146 154 152 140 132 139 155 162 167 162 145 142 146 145 128 115 127 123 117 104 88 94 88 100 111 115 124 124 116 118 131 143 148 140 137 133 127 125 128 123 119 121 129 156 128 107 114 120 140 155 167 159 158 155 138 135 133 125 121 125 132 143 148 149 146 146 143 140 133 136 146 150 150 147 143 135 120
145 144 139 136 131 126 129 132 145 161 160 154 152 146 147 148 152 149 144 144 149 152 150 143 141 141 142 156 159 149 147 149 141 149 146 141 140 129 134 132 134 126 112 105 113 124 126 128 128 136 145 142 141 147 144 145 134 124 125 126 126 116 121 119 113 116 121 136 155 141 132 149 144 134 133 147 142 140 134 137 141 144 145 142 142 143 138 138 137 146 147 149 155 142 119 106
155 159 147 132 115 117 146 148 145 148 152 152 147 127 125 136 139 139 139 141 142 143 146 150 148 142 138 142 142 146 152 151 141 146 154 146 140 138 143 136 139 146 137 122 115 114 121 134 139 129 136 127 120 136 136 139 134 120 122 127 127 117 109 107 107 111 122 130 134 145 138 119 136 141 136 129 133 139 139 146 149 150 148 139 142 147 148 146 135 136 134 143 152 150 140 128
145 151 147 137 122 125 143 145 144 141 141 153 156 128 114 130 138 133 133 136 137 133 135 140 134 135 135 132 135 151 155 147 144 149 156 154 146 144 148 147 147 152 153 148 142 134 143 150 147 138 145 134 132 135 141 141 136 133 135 136 134 130 119 113 116 122 126 121 129 130 134 138 140 135 122 117 131 141 141 145 146 149 144 135 143 148 147 146 144 146 149 149 141 140 142 135
139 140 141 141 141 139 139 139 139 140 140 143 140 133 131 140 152 142 129 127 128 130 132 134 131 137 133 133 140 141 139 139 150 156 158 154 150 149 147 146 149 155 155 148 147 151 158 153 157 157 154 148 147 141 137 140 139 142 149 149 137 130 129 124 122 127 135 132 127 130 138 142 130 131 126 121 129 135 142 150 143 134 136 139 141 144 156 155 145 145 150 150 136 133 140 141
157 154 151 149 148 146 145 144 141 142 148 152 147 142 154 169 176 159 148 146 144 143 135 124 126 133 145 158 152 145 144 144 153 156 149 142 141 139 142 146 153 159 158 142 135 138 145 154 163 153 141 135 137 127 131 136 146 150 148 153 146 144 146 146 138 128 136 146 131 130 127 141 146 148 150 148 153 145 136 137 139 140 148 141 138 140 148 152 155 146 133 126 133 143 145 141
161 163 158 152 146 147 151 151 148 146 148 148 154 167 160 149 156 158 153 151 151 149 154 139 134 142 145 145 134 133 136 137 144 153 154 149 149 150 150 143 150 155 156 156 148 147 158 161 158 155 153 141 142 143 136 136 149 154 160 166 159 160 163 160 155 148 147 156 152 143 143 145 157 169 163 154 164 159 152 153 159 161 155 151 151 148 153 153 152 149 138 119 119 142 162 155
149 151 150 146 139 139 144 148 147 146 151 156 160 162 156 153 154 150 144 145 148 151 156 153 161 151 142 130 131 136 139 140 136 142 160 160 152 160 161 147 139 146 161 166 159 153 160 167 154 138 141 144 146 157 160 152 155 158 172 176 167 158 153 157 173 179 165 159 153 148 151 156 147 138 134 131 136 140 135 128 135 157 161 144 132 141 156 161 167 167 149 142 142 145 148 142
149 145 142 143 141 142 146 144 140 140 145 154 160 157 154 153 150 145 147 160 165 170 164 150 148 150 144 143 150 146 135 133 135 139 149 155 154 162 166 170 169 162 160 160 155 143 138 147 148 148 148 153 154 163 158 147 146 151 164 169 172 170 165 163 160 167 170 162 148 148 144 142 143 145 151 153 149 148 152 153 144 136 144 147 138 138 149 156 162 153 132 136 131 127 127 126
158 154 151 150 148 148 150 147 140 133 131 136 152 165 159 140 115 129 151 168 177 176 165 151 147 148 141 146 172 169 146 136 150 148 154 158 159 160 163 169 176 172 162 160 153 141 139 143 143 149 159 164 162 159 158 144 135 131 139 151 162 160 147 147 157 158 159 148 142 145 146 148 150 148 151 162 172 165 149 144 148 139 138 143 138 137 146 149 141 145 142 129 124 131 129 135
153 153 152 149 150 150 147 144 141 131 118 118 137 161 158 140 131 134 150 160 165 165 155 140 146 161 158 144 155 155 144 132 116 108 133 156 158 159 158 159 171 176 171 165 161 153 149 145 150 156 168 170 172 171 161 153 153 151 151 151 159 168 169 166 162 150 144 137 133 136 143 143 152 154 161 165 166 162 148 141 140 142 157 162 151 153 152 145 143 148 148 141 132 129 132 147
151 145 145 148 151 152 148 142 137 135 132 133 135 140 149 157 159 151 143 140 153 161 163 153 153 155 149 146 144 142 151 153 147 133 125 130 126 140 155 158 165 168 160 150 139 141 148 152 152 154 167 156 139 136 146 147 152 152 161 154 147 156 161 165 163 163 158 147 142 146 155 155 159 154 152 149 142 139 144 148 155 158 158 152 147 154 155 152 148 152 153 146 143 145 138 130
166 154 152 152 148 150 148 139 129 138 140 140 144 149 147 152 157 162 155 153 161 159 164 162 156 151 152 152 150 153 158 158 154 158 156 155 146 124 143 160 159 148 148 158 150 131 120 123 141 150 150 147 145 131 134 134 136 146 150 144 145 158 161 156 153 152 141 134 143 139 136 138 151 153 148 149 150 147 139 130 138 155 141 139 143 138 139 149 147 146 158 166 157 156 164 168
173 163 152 150 145 142 141 141 139 135 140 143 147 149 140 133 126 126 134 147 150 152 163 166 165 160 159 163 156 161 164 160 152 151 146 155 156 143 151 156 148 145 145 151 150 125 109 121 151 162 159 156 160 151 135 133 147 149 139 138 151 167 161 153 152 143 131 131 142 143 138 134 122 142 156 142 136 138 146 143 133 133 145 137 139 139 137 145 153 153 141 143 151 165 171 160
147 148 143 151 150 139 137 138 137 141 147 143 144 151 150 143 136 139 152 146 147 159 166 168 165 164 165 159 150 159 161 159 152 144 140 150 158 162 158 147 142 147 154 157 157 145 134 141 145 149 160 157 164 163 155 142 148 147 147 149 147 151 154 148 152 158 157 145 149 152 152 149 138 124 120 133 141 136 134 131 136 140 138 136 141 139 141 137 123 120 137 145 137 126 129 129
147 143 138 144 144 143 142 141 135 142 143 134 137 145 145 144 145 142 144 143 154 162 168 168 160 155 166 160 149 157 165 179 175 165 157 150 156 157 146 138 139 142 150 162 154 138 137 141 141 144 152 150 149 150 142 137 149 149 138 136 148 162 168 162 153 149 154 152 146 147 150 148 138 136 139 148 168 156 133 136 143 146 148 142 142 144 133 130 133 137 138 139 134 139 144 149
135 138 139 145 145 142 140 136 132 128 124 136 141 139 145 148 150 148 143 141 147 152 167 172 164 152 156 153 153 161 176 192 176 159 152 149 160 169 163 145 135 134 135 144 148 142 143 143 140 142 149 145 139 142 154 144 145 149 137 137 147 157 156 153 151 152 151 147 144 146 146 152 148 134 132 123 129 146 148 141 133 137 139 131 120 119 130 148 155 152 145 141 137 140 148 156
139 141 139 141 141 140 138 136 137 139 134 134 133 132 143 139 134 122 136 151 156 156 160 157 159 161 168 162 158 159 162 166 163 159 162 165 163 167 167 154 149 145 140 142 154 146 137 133 142 159 168 163 149 142 144 142 144 148 152 154 153 157 155 154 154 156 148 130 119 127 133 131 137 123 121 137 142 156 155 150 142 147 148 138 138 145 150 147 149 158 159 155 152 150 149 152
136 137 130 139 144 142 135 129 130 131 128 129 125 124 126 121 122 127 135 140 150 150 149 150 149 156 163 163 159 160 164 164 158 155 159 167 169 160 148 142 147 150 150 149 155 155 141 135 133 142 157 163 150 144 139 135 140 147 152 149 140 136 136 143 143 140 134 123 111 118 127 128 130 137 130 136 150 151 149 157 153 149 149 140 142 141 144 150 160 165 152 145 141 143 147 157
137 139 132 137 139 139 130 123 115 107 110 114 114 114 119 117 118 122 129 131 136 147 147 152 152 153 149 145 144 153 160 161 161 163 155 152 165 168 157 148 152 176 185 159 143 143 148 151 141 127 123 132 138 141 144 144 139 144 150 140 130 139 140 133 134 141 134 123 118 115 121 117 121 138 144 119 129 146 154 159 158 154 142 137 148 145 145 151 159 167 163 154 148 150 152 150
133 137 139 136 133 133 129 115 107 117 117 114 110 108 123 137 139 130 131 134 138 161 160 154 154 153 144 147 148 148 150 154 156 170 183 183 174 170 169 157 155 155 145 142 144 148 138 138 145 146 139 128 126 129 133 142 139 143 157 160 146 141 140 124 123 133 130 132 128 118 124 116 114 128 136 124 136 155 161 162 156 146 142 134 141 148 147 153 159 170 171 160 151 151 151 148
136 145 139 132 131 131 131 127 123 126 125 121 119 120 123 126 131 136 142 146 141 150 152 147 150 156 155 145 150 153 163 167 162 157 154 156 166 172 166 164 159 156 152 155 142 140 134 136 145 148 146 130 121 122 133 142 135 127 136 143 141 136 128 134 139 143 141 143 144 145 150 142 128 128 138 141 140 142 147 150 154 146 133 130 141 152 156 158 162 166 166 165 155 147 146 147
159 158 155 154 153 151 146 144 141 132 124 122 126 127 128 135 145 143 136 142 148 145 149 147 149 156 152 143 144 152 154 154 159 162 157 156 158 171 163 155 155 146 148 158 150 139 137 133 144 141 137 146 143 136 140 144 145 148 143 141 132 120 112 124 138 139 127 124 137 143 156 158 145 139 149 157 149 146 142 132 148 162 160 163 165 165 160 152 151 158 161 161 152 148 147 147
155 161 148 151 159 153 138 128 131 127 121 123 120 119 126 127 133 134 134 136 143 145 147 151 155 163 161 154 156 160 156 151 154 162 162 163 171 166 161 156 148 142 142 145 135 124 125 126 138 149 145 143 143 146 148 146 141 144 138 135 126 123 120 126 134 138 123 123 139 137 150 157 152 148 145 149 153 151 146 141 143 142 124 118 128 137 143 140 142 146 146 135 138 151 153 150
