examples/data/proba_v_out_italy/probav_s5_toc_x19y03_20150206_100m_ndvi_v001.txt
ncols         273
nrows         192
xllcorner     12.62996031746
yllcorner     41.659722222222
cellsize      0.0009920634920635
NODATA_value  -9999
[rows 0 to 42 of 192, columns 0 to 94 of 273]
173 161 159 162 160 157 160 161 163 155 162 172 179 198 208 196 174 162 154 144 139 160 161 133 127 129 140 141 141 142 154 153 143 131 135 137 141 139 139 137 119 106 103 140 150 150 143 157 148 152 146 141 138 142 141 145 141 136 136 132 123 133 141 150 152 145 133 123 121 127 134 125 135 144 136 134 126 126 138 139 141 142 140 144 142 147 166 159 154 140 130 127 130 135 138
138 149 149 151 156 162 159 167 163 154 164 186 198 210 223 218 203 191 180 158 148 166 170 151 136 134 139 141 135 136 142 150 135 133 138 141 148 140 133 123 123 144 160 158 140 136 125 125 134 131 129 131 136 137 137 139 138 141 147 130 123 133 135 142 148 147 141 131 125 135 141 146 145 139 134 125 122 115 129 141 144 144 139 142 139 134 136 133 134 148 140 138 145 149 132
110 121 124 125 117 128 145 150 153 156 167 189 200 206 212 217 211 203 190 175 161 149 137 117 123 137 155 163 144 142 140 142 139 140 142 149 148 132 117 113 120 156 164 158 144 144 145 133 136 136 129 131 128 122 137 144 142 139 135 126 130 132 131 138 148 149 143 136 125 111 112 121 138 140 136 125 126 127 133 140 138 134 140 133 139 129 119 125 126 149 133 137 155 145 115
116 126 131 122 128 131 138 148 148 154 152 178 194 199 200 203 200 187 177 171 169 160 127 92 83 123 156 151 142 139 139 143 143 142 142 150 139 132 135 144 151 154 154 147 135 153 159 154 151 148 136 128 136 135 135 150 148 146 140 146 145 126 140 154 155 139 132 130 118 125 121 125 141 148 150 143 136 146 145 147 144 143 139 142 133 140 141 144 132 130 136 151 156 140 118
125 131 123 118 138 143 155 154 153 151 139 155 190 204 206 203 194 176 169 168 169 165 145 99 75 99 136 139 140 142 144 148 137 142 139 145 137 135 145 156 152 159 157 151 137 132 143 148 145 132 124 121 124 144 154 155 155 165 169 172 168 155 139 130 130 126 128 155 164 153 140 133 135 141 151 150 145 144 138 144 146 149 152 147 136 137 142 139 137 139 146 146 145 150 143
118 128 101 86 91 83 98 129 126 133 122 148 186 204 202 201 194 179 167 164 164 159 138 106 92 88 113 142 138 159 162 150 131 119 134 131 143 147 146 145 142 135 153 149 144 127 131 135 138 130 128 123 120 132 138 132 154 170 169 167 167 160 158 153 153 146 140 147 145 151 142 149 160 158 156 154 154 144 143 139 136 153 151 149 150 147 154 152 148 133 143 167 158 148 143
107 111 107 99 87 69 72 86 98 108 117 141 177 196 197 187 175 163 154 162 166 150 117 102 102 108 102 111 145 155 163 155 141 132 128 130 132 147 139 147 160 157 155 165 168 151 132 134 141 148 151 146 138 127 122 118 118 130 139 143 149 152 150 153 152 152 149 142 135 142 135 146 159 160 157 157 152 149 148 145 145 145 142 138 140 138 149 148 145 134 136 139 137 152 139
115 118 120 109 92 71 57 57 58 88 104 137 160 173 172 178 171 162 159 177 179 163 94 79 86 99 94 97 127 161 158 153 150 140 132 139 138 128 131 164 168 166 160 163 164 158 142 140 146 151 156 159 152 129 120 118 128 141 148 145 135 128 131 135 148 149 145 148 139 139 135 135 150 155 152 151 152 157 156 154 142 143 138 139 145 145 141 139 136 135 134 135 139 135 139
128 130 118 115 108 88 71 62 93 110 116 128 135 144 159 190 204 189 170 169 169 154 135 118 104 117 131 123 141 147 143 146 139 141 139 139 136 134 142 154 161 160 154 158 158 152 146 143 148 147 146 144 145 138 126 125 117 126 130 136 133 130 131 122 122 138 145 140 139 136 154 148 141 134 135 137 126 138 138 144 143 137 128 137 143 147 134 123 134 138 129 132 139 153 151
120 122 124 116 115 122 129 136 118 116 128 144 146 145 170 191 190 174 153 164 172 164 156 152 137 113 102 131 144 159 148 133 139 127 135 135 129 149 157 156 140 137 142 149 152 143 141 141 141 138 143 142 137 138 133 142 133 129 132 132 130 128 124 119 114 127 143 149 155 148 143 151 151 139 134 130 133 150 159 145 152 169 145 122 133 148 143 151 142 133 138 137 135 158 156
126 110 113 120 116 127 132 118 115 120 139 150 152 159 158 165 151 131 132 161 164 161 158 161 155 132 81 94 107 120 136 126 133 129 132 133 136 140 148 140 131 131 146 144 153 143 139 148 150 147 144 141 137 138 145 146 145 141 137 130 128 124 123 120 111 120 130 147 149 140 145 142 137 137 146 152 143 143 146 133 148 158 148 132 141 155 155 146 141 133 132 133 137 149 158
121 103 127 132 138 112 93 89 109 128 133 144 153 155 151 148 126 116 151 184 174 156 159 152 119 87 56 62 69 86 118 135 159 163 156 148 139 136 142 142 144 141 133 146 145 142 146 150 147 142 139 143 140 127 131 139 138 145 145 134 126 123 123 124 123 124 127 139 149 144 144 144 140 156 168 177 167 137 143 131 132 144 145 143 152 165 152 144 153 144 140 138 147 154 154
122 93 102 140 148 151 138 143 147 130 119 128 138 140 145 149 152 164 193 207 184 130 134 140 100 53 58 81 92 114 130 156 177 177 176 165 149 140 146 154 157 149 122 117 128 152 164 171 164 152 147 151 151 138 138 140 140 136 128 120 123 132 131 126 127 125 128 130 140 139 141 144 156 178 193 204 187 143 132 149 162 157 136 147 153 165 158 150 156 148 145 142 136 139 145
127 123 100 122 150 170 182 175 163 147 138 139 146 139 148 161 176 191 212 209 179 98 134 138 138 137 136 136 123 112 109 132 159 171 171 164 146 150 156 143 146 131 133 145 146 143 172 175 174 148 132 148 157 155 161 159 146 133 122 128 119 129 138 148 143 149 160 157 151 145 136 144 172 187 203 208 184 157 155 169 176 161 140 142 150 162 153 142 142 145 143 135 133 144 145
138 132 132 114 136 168 173 158 149 139 138 146 149 141 150 163 177 185 198 203 163 132 131 159 155 151 154 146 109 112 124 120 136 140 140 133 130 152 142 127 120 133 148 155 167 156 146 159 156 151 140 136 135 145 156 152 151 144 132 121 133 143 148 151 147 147 155 156 155 154 141 133 139 169 198 189 181 170 160 169 163 147 143 153 155 141 136 138 148 146 132 124 135 145 148
102 125 129 127 128 141 141 135 134 137 137 148 149 156 173 180 174 163 155 160 139 148 156 167 162 152 135 127 136 152 160 164 162 133 118 117 126 133 126 96 116 145 150 151 155 150 137 152 157 157 148 142 147 150 155 160 156 151 142 133 148 151 153 155 155 144 136 141 150 159 148 127 108 109 152 169 170 160 145 142 137 150 150 153 150 147 141 140 140 139 134 125 119 150 156
111 108 126 128 143 152 152 144 143 138 134 139 154 164 176 181 173 163 158 145 116 95 143 156 148 143 140 133 148 153 169 182 164 146 128 123 129 139 142 140 141 149 151 146 148 152 140 149 159 151 133 139 150 154 157 161 152 156 159 156 136 132 140 150 149 130 130 140 148 149 148 147 138 149 182 192 174 159 146 130 112 108 133 143 153 145 151 154 153 152 149 146 143 146 158
137 137 137 135 134 145 154 153 143 131 135 147 153 150 160 166 142 135 159 161 161 139 102 78 108 126 130 141 146 140 142 148 143 130 119 123 129 150 159 166 167 165 153 149 165 172 155 142 155 145 128 128 127 135 143 144 143 148 163 153 133 130 133 136 139 128 122 150 155 152 147 140 139 173 206 208 191 168 148 131 115 113 135 145 151 159 158 163 168 166 162 153 147 142 143
132 147 154 147 132 132 145 152 146 135 135 146 155 157 164 170 145 124 161 174 163 148 127 108 111 112 101 78 99 114 124 129 129 120 115 119 134 149 167 167 167 164 165 174 162 151 152 143 129 130 135 125 122 116 134 144 148 159 158 158 134 130 147 157 158 157 170 183 170 165 161 148 135 158 186 193 178 149 139 133 124 112 139 145 149 162 157 140 157 162 157 153 140 136 144
137 147 159 151 141 138 145 146 148 155 158 155 144 140 151 159 160 124 141 172 161 143 119 118 133 150 124 84 83 119 135 140 136 115 124 131 144 165 181 168 159 149 160 171 139 134 143 155 138 120 125 128 144 143 140 149 153 156 157 162 161 148 151 169 172 178 179 169 169 175 164 143 138 146 148 140 124 111 120 130 119 101 108 121 130 143 153 145 159 162 157 151 140 142 154
139 141 145 141 136 145 151 151 149 152 135 124 119 123 139 162 154 140 140 158 153 147 128 131 149 159 160 156 125 102 115 110 128 131 128 142 155 167 182 175 169 161 154 152 141 152 153 153 134 123 119 134 147 150 141 135 142 152 155 149 144 145 159 167 173 174 158 155 164 162 162 149 140 136 133 127 124 130 144 137 116 99 102 93 119 138 155 168 171 163 154 151 152 158 162
137 132 132 125 131 137 143 140 139 131 124 125 122 126 132 129 142 146 126 118 157 153 149 146 151 157 166 161 146 126 115 116 122 130 140 146 150 172 178 170 174 162 152 147 143 143 137 130 123 118 139 158 156 137 129 131 132 142 144 143 152 163 158 152 152 156 168 172 162 168 160 151 148 143 142 137 135 119 117 110 116 107 97 88 94 122 153 169 160 153 148 147 150 158 164
132 127 131 135 141 145 133 118 124 128 134 131 124 123 125 127 151 152 135 128 146 155 156 155 156 158 163 153 142 138 113 113 122 122 126 120 119 140 161 160 150 153 148 123 118 118 129 125 125 122 151 161 147 148 148 147 135 129 133 161 158 158 158 155 153 163 170 170 166 166 159 154 147 149 153 139 131 134 124 120 125 119 114 122 128 129 143 143 139 145 146 144 132 138 150
112 120 131 131 131 144 138 133 125 127 129 137 126 111 127 140 151 147 149 158 164 166 155 150 153 146 142 131 155 152 127 118 129 138 131 128 126 120 120 136 143 137 116 104 110 141 141 137 133 133 127 141 152 140 160 163 147 123 138 160 161 160 162 162 160 162 165 170 173 172 166 166 166 157 146 132 125 130 124 130 153 162 155 147 146 146 149 142 134 126 130 142 136 124 149
114 92 108 118 139 143 141 147 136 120 131 127 111 102 121 133 127 119 134 152 160 147 146 146 147 154 155 144 131 129 131 134 129 138 130 126 134 127 125 118 94 98 121 128 121 113 142 155 145 143 140 153 161 158 146 129 127 141 162 169 164 155 153 164 162 151 167 165 186 171 162 161 172 170 164 151 125 114 121 153 178 186 176 152 154 171 175 168 158 156 154 155 157 157 153
136 112 103 111 128 141 137 141 89 86 117 131 122 112 110 106 126 134 123 120 133 153 145 141 151 155 142 124 120 128 144 151 136 125 122 121 121 124 130 131 117 91 107 130 157 168 162 171 172 169 160 144 143 155 159 152 148 157 167 169 150 141 151 181 185 168 145 149 168 157 160 160 170 168 166 151 136 132 147 147 174 172 165 152 143 154 160 161 155 151 152 150 156 155 156
163 158 127 113 119 124 125 113 114 91 115 145 119 102 103 114 139 146 150 154 165 160 161 142 143 144 155 149 136 152 159 152 145 134 127 118 119 137 141 115 104 98 81 70 92 147 168 169 182 175 161 151 148 166 186 186 176 170 171 180 176 138 132 166 178 175 159 162 164 168 171 163 140 141 141 137 146 146 141 140 152 149 142 135 146 146 157 160 161 155 145 161 170 168 150
166 162 141 113 118 126 113 114 117 106 107 97 101 101 131 127 155 155 154 166 176 170 147 119 116 139 159 161 148 138 145 159 160 159 149 130 131 139 133 111 91 87 93 99 97 122 151 176 187 180 151 144 147 171 176 154 148 164 177 186 194 178 145 144 154 182 176 179 176 180 177 167 153 122 134 143 140 130 134 144 151 155 146 149 157 151 155 153 153 151 146 149 152 152 148
149 148 135 114 119 132 112 112 110 99 106 95 91 116 156 165 179 166 143 129 160 146 131 112 113 142 166 168 164 144 138 151 163 160 155 147 135 131 143 133 104 87 108 126 136 139 145 180 184 181 153 137 111 128 127 103 105 149 185 185 190 171 165 166 181 197 179 175 188 176 173 168 161 157 146 159 145 114 110 128 137 140 148 164 175 159 164 154 146 156 157 146 161 159 158
155 141 138 140 148 149 129 118 128 124 112 102 102 132 163 166 160 150 147 114 116 126 136 130 135 163 178 179 172 167 161 171 164 148 150 154 138 137 148 126 110 109 108 119 147 144 140 144 161 171 155 137 99 85 103 121 119 118 168 187 177 176 187 174 186 193 182 166 170 165 163 161 152 147 144 155 164 147 130 138 149 163 180 182 169 164 174 173 143 159 170 152 153 163 161
160 153 142 152 138 146 146 142 146 142 139 123 123 150 155 166 162 142 136 119 126 129 122 139 152 160 170 161 153 162 173 179 177 158 150 148 152 160 158 146 126 102 96 104 120 146 160 152 142 175 173 145 136 127 147 166 140 115 121 143 178 210 199 188 175 196 184 180 157 157 160 154 163 164 144 149 175 177 157 157 168 162 152 152 146 156 163 155 139 151 171 140 133 163 165
131 141 141 134 137 138 155 144 154 157 137 116 121 134 151 150 150 136 119 156 152 146 140 141 147 161 158 141 130 133 149 170 175 179 174 173 163 164 161 137 126 118 127 149 156 179 179 180 199 215 199 156 150 156 150 133 110 103 87 88 137 195 184 179 167 171 166 170 165 171 192 186 179 183 162 152 161 167 155 153 165 169 163 144 145 174 181 160 149 152 151 132 144 156 162
139 140 139 145 153 157 154 149 147 151 144 123 117 143 149 149 134 128 137 171 155 131 135 147 148 167 165 180 169 153 151 160 168 181 181 180 179 163 157 154 144 151 165 160 160 152 149 188 215 218 193 168 154 149 138 111 87 90 88 106 133 186 195 190 177 166 168 161 171 192 188 183 185 178 152 156 157 159 140 138 154 165 166 168 160 147 122 107 94 116 134 140 166 173 177
148 136 154 167 165 158 147 141 152 138 138 134 127 137 138 116 123 146 148 155 161 148 129 152 152 155 172 200 199 185 176 183 191 188 193 201 194 191 182 172 154 149 148 154 155 148 129 161 197 195 177 165 157 147 144 140 120 108 117 158 174 180 189 195 193 188 188 192 194 198 188 175 187 189 155 141 141 141 156 159 160 143 142 157 132 80 79 95 98 124 142 136 146 160 167
107 110 147 159 151 149 143 140 134 131 139 134 140 148 148 125 155 178 158 152 156 159 152 147 142 153 178 192 186 187 179 180 175 177 186 187 188 187 180 180 171 148 145 148 153 152 137 128 155 165 169 152 137 140 161 176 155 143 161 178 180 191 196 196 193 186 171 174 188 196 181 169 185 188 160 128 138 167 175 164 161 165 157 148 135 114 70 89 95 107 120 123 130 137 148
99 95 118 134 138 147 149 145 136 136 137 140 149 155 152 153 167 185 166 151 150 156 151 138 141 156 177 183 182 184 187 175 160 160 169 158 154 183 183 177 169 176 182 172 163 147 138 137 142 165 168 156 154 159 164 162 155 148 143 153 169 181 184 189 189 172 141 167 187 188 180 178 177 167 153 157 133 140 155 163 159 164 162 159 171 170 138 103 120 151 127 111 114 120 115
101 109 102 122 142 137 137 131 137 143 140 138 150 142 136 131 161 160 149 153 161 169 179 148 136 149 157 163 173 188 191 193 178 161 164 172 171 165 151 169 178 182 179 168 151 151 141 131 140 151 148 177 203 213 194 165 128 133 147 151 166 180 178 178 173 157 167 163 159 186 188 188 181 166 163 158 148 128 143 147 143 119 117 139 159 158 136 130 155 166 123 116 124 115 98
103 120 101 91 120 129 129 133 141 148 152 151 146 144 144 138 149 161 155 163 164 168 178 164 136 105 132 154 162 172 192 205 203 182 174 175 167 157 155 136 176 183 199 177 156 155 136 91 111 114 114 157 184 191 183 160 148 124 144 167 176 175 182 184 176 174 172 169 168 166 187 192 190 178 158 158 174 182 162 161 144 119 119 106 99 107 99 113 143 135 112 128 115 126 130
99 112 109 98 109 126 134 136 143 154 155 155 158 158 158 161 166 175 180 178 173 164 163 158 145 135 129 148 151 145 148 189 193 173 163 172 179 166 166 144 174 203 189 175 145 146 132 116 118 122 129 99 92 108 133 141 138 139 157 158 187 207 217 204 202 191 179 175 186 172 180 192 185 168 156 150 154 175 181 175 189 179 158 138 134 136 129 112 127 121 113 124 127 139 145
101 84 95 102 108 116 143 163 166 155 150 160 168 167 159 160 173 174 179 182 176 167 164 163 153 143 146 136 124 129 142 181 167 138 124 157 165 158 145 137 140 149 157 137 117 130 149 164 140 161 147 111 92 97 98 109 129 145 174 155 160 173 196 212 199 196 190 186 184 178 177 172 172 160 156 168 174 163 170 184 185 179 162 150 132 139 154 161 153 150 132 136 147 156 147
127 107 107 107 101 130 150 160 136 129 146 163 165 162 151 164 171 176 173 164 163 177 166 169 166 160 156 158 155 143 146 158 174 161 172 173 161 160 158 151 143 128 99 95 122 138 156 133 90 83 95 75 77 96 94 96 141 188 199 182 167 178 206 197 218 196 197 167 164 161 172 174 171 169 177 175 171 162 161 170 157 150 155 147 137 130 134 155 171 166 158 154 149 156 149
116 143 129 130 129 121 112 111 116 130 164 171 169 171 172 165 168 169 172 163 160 155 145 147 157 182 173 157 141 137 151 171 175 176 166 168 175 170 166 168 162 144 124 121 135 120 116 97 75 65 60 62 65 70 87 100 142 172 208 204 193 194 208 201 208 205 182 116 163 149 157 152 169 180 175 170 166 166 159 157 156 160 156 143 119 131 162 179 164 171 166 162 170 168 145
118 134 159 158 161 151 136 123 131 153 161 170 171 170 166 156 142 129 155 170 160 153 140 151 172 185 177 165 145 120 132 162 175 176 167 182 190 177 187 199 202 190 180 160 136 107 84 72 67 62 56 58 60 74 109 153 186 192 200 199 211 205 209 216 206 208 191 162 145 155 162 154 155 172 174 168 163 157 155 163 166 162 165 143 134 142 153 148 151 147 146 147 154 152 147
