examples/data/proba_v_out_italy/probav_s5_toc_x19y03_20141106_100m_ndvi_v001.txt
ncols         273
nrows         192
xllcorner     12.62996031746
yllcorner     41.659722222222
cellsize      0.0009920634920635
NODATA_value  -9999
[rows 0 to 55 of 192, columns 96 to 191 of 273]
25 26 25 24 23 24 24 23 24 24 24 24 23 24 25 24 23 22 23 24 25 26 28 25 21 18 18 19 19 19 21 22 20 19 22 24 23 22 21 22 26 28 30 31 30 27 25 25 25 26 27 27 29 31 32 32 34 32 19 1 20 37 23 15 38 54 49 47 55 53 49 28 22 35 46 44 39 29 21 14 11 34 49 40 36 37 26 4 8 30 30 29 30 17 4 24
27 27 23 20 21 23 23 24 25 25 25 24 25 27 26 25 24 24 24 25 25 25 27 27 21 18 18 20 21 22 23 24 26 26 25 22 21 20 20 20 22 23 27 30 31 31 30 28 28 27 27 27 28 29 31 32 34 14 16 11 1 8 29 20 18 41 50 51 52 45 35 16 11 20 34 38 44 45 44 44 43 40 27 14 17 39 32 4 0 11 29 30 29 26 27 28
22 26 26 24 22 23 22 22 23 24 25 26 26 26 27 26 25 24 24 24 24 25 26 29 26 20 21 22 22 23 25 24 23 23 22 22 23 22 23 23 22 23 24 27 30 33 34 32 30 29 29 30 29 30 30 31 33 32 32 25 18 34 34 27 18 15 12 11 13 8 9 14 12 9 9 8 20 40 42 43 46 32 9 10 7 23 23 0 0 20 28 29 20 1 20 29
20 20 21 22 23 25 24 23 23 25 26 26 24 26 30 29 25 24 24 24 25 26 26 28 28 24 21 20 20 21 23 25 25 25 26 26 25 25 26 26 26 26 26 25 27 30 32 33 30 28 27 29 30 30 30 32 34 34 35 38 38 37 35 33 33 33 31 25 21 20 28 41 41 29 11 9 26 44 44 44 40 43 24 10 9 7 5 0 3 21 27 29 25 13 28 31
21 20 22 22 23 23 23 23 23 24 25 25 24 24 27 29 28 26 25 25 26 28 29 30 32 33 29 24 21 21 22 25 29 31 31 32 31 29 28 28 28 28 26 25 25 25 27 30 31 30 29 28 27 28 29 31 33 33 32 32 32 32 33 33 30 28 27 9 7 22 22 18 18 15 5 7 12 35 34 24 12 16 33 31 18 8 7 22 9 0 1 5 15 13 4 4
22 22 23 23 23 23 22 22 23 23 23 22 24 24 24 27 29 27 26 26 25 27 28 31 34 35 35 34 29 25 22 21 26 30 31 31 33 31 29 28 28 28 27 26 26 26 27 29 31 32 30 29 28 28 28 29 29 31 31 29 28 30 31 34 34 32 26 8 4 14 30 27 10 23 24 27 44 42 16 11 13 19 44 49 33 15 18 41 29 8 5 5 6 6 5 15
22 22 22 21 21 21 21 21 22 23 22 20 22 24 25 24 24 25 27 27 25 25 25 27 30 33 33 32 32 31 28 27 25 28 30 30 30 31 31 28 27 27 27 27 27 28 28 28 28 29 30 30 30 30 28 27 27 29 29 29 27 27 28 30 35 36 38 37 32 24 17 13 6 9 17 25 34 41 31 12 8 8 13 21 28 35 42 45 45 25 13 10 8 7 6 6
22 22 22 22 21 21 20 21 22 23 22 20 21 22 23 23 23 25 26 26 26 26 26 25 24 26 28 27 27 30 29 27 25 25 27 28 29 29 30 29 28 28 27 28 28 29 28 27 28 29 30 31 30 29 27 27 27 26 26 27 27 27 28 29 30 33 35 37 38 39 39 39 16 14 27 21 15 12 9 9 18 10 4 17 23 21 39 25 18 33 42 40 36 18 7 5
21 22 22 22 22 22 22 21 21 22 21 20 19 20 19 19 19 21 20 20 25 27 29 31 29 26 26 27 27 28 27 26 24 22 22 24 26 28 29 30 30 30 31 31 31 30 29 28 28 28 29 29 28 27 27 26 26 26 26 26 27 28 28 28 28 29 30 32 35 36 36 31 12 25 43 42 38 34 35 20 31 31 6 25 42 35 35 34 10 24 45 45 42 17 7 8
21 21 21 21 21 20 21 22 22 21 20 20 20 20 20 20 19 19 21 22 24 27 29 31 32 34 37 39 35 33 32 30 25 22 21 20 21 24 27 28 28 28 29 28 28 29 29 28 27 26 25 26 26 25 25 25 24 24 25 26 26 27 27 27 27 28 28 29 30 33 34 36 36 36 36 35 22 11 32 26 28 25 9 31 33 18 7 9 7 18 41 43 30 13 19 29
22 21 21 21 20 19 18 18 19 21 22 20 20 20 20 21 21 21 21 20 22 26 28 29 29 31 35 39 41 37 34 33 31 27 26 25 23 23 25 26 27 26 25 25 26 26 27 27 26 26 26 27 27 25 24 25 25 24 24 24 25 26 26 27 27 27 27 27 28 31 33 33 32 32 32 31 32 31 32 32 31 32 32 33 32 32 33 36 20 5 20 11 4 18 42 37
21 20 21 22 22 21 20 19 19 20 21 21 21 21 21 22 22 22 22 22 21 22 24 26 26 26 28 31 36 37 34 35 37 35 32 30 27 24 24 25 25 26 26 25 25 24 24 24 24 25 25 26 26 25 24 23 24 25 26 25 25 25 25 25 26 27 27 27 28 29 30 29 29 29 29 30 30 27 27 27 27 27 28 29 30 30 31 31 10 0 0 1 3 8 16 23
21 20 21 22 22 22 21 21 21 20 19 20 21 21 21 22 22 22 22 23 22 22 23 24 24 24 26 26 30 37 40 40 42 41 38 33 29 27 24 23 23 24 24 24 25 24 23 23 22 21 22 22 24 23 22 22 24 23 23 24 24 24 24 24 26 26 27 26 26 27 28 28 27 26 27 29 31 30 29 28 26 25 27 29 29 28 27 28 25 22 5 0 3 5 5 4
21 21 21 21 22 22 21 21 21 19 19 19 19 21 21 22 22 22 22 22 23 23 23 23 22 23 24 24 25 29 35 38 37 39 40 36 34 35 35 34 30 27 27 27 28 26 24 23 21 20 21 20 19 18 19 20 20 20 18 20 19 21 24 25 25 25 24 25 26 28 29 31 32 32 31 32 32 31 31 30 28 26 26 27 27 28 27 30 21 3 0 1 4 17 31 12
21 20 20 20 21 21 21 21 20 20 20 20 19 20 21 21 20 20 21 21 22 22 23 24 23 22 22 23 24 26 29 32 33 35 39 40 40 41 41 41 39 35 32 31 30 28 26 24 23 22 20 17 18 20 20 22 22 23 23 22 21 22 24 24 23 24 25 25 25 26 26 29 30 30 30 30 30 30 30 30 30 26 23 23 24 26 26 27 30 14 0 4 12 13 16 10
20 20 20 20 20 20 21 21 21 21 21 20 20 19 19 21 21 21 21 20 21 21 22 22 22 21 21 22 23 22 23 25 28 31 34 36 36 33 33 34 34 33 30 28 25 24 25 24 23 22 22 22 22 21 21 25 27 26 28 27 25 22 21 22 22 24 25 26 25 25 26 27 28 27 28 29 29 29 29 29 29 28 23 16 23 25 27 28 30 10 0 11 37 38 36 20
21 20 19 20 20 20 20 21 21 22 21 21 21 18 17 19 21 23 22 21 21 21 21 22 21 21 21 21 21 21 21 22 23 25 27 27 27 27 27 27 28 28 28 26 24 24 24 25 25 24 24 24 24 24 23 24 26 24 23 25 25 23 22 21 20 21 23 24 25 25 26 27 27 27 27 27 27 27 28 28 28 29 19 6 24 28 28 28 30 28 24 28 34 33 33 13
21 20 20 20 21 21 20 20 21 22 22 21 21 20 19 18 19 20 20 19 21 21 21 22 22 21 22 22 22 22 22 23 23 24 25 25 25 26 26 25 23 21 22 24 24 23 25 26 28 28 28 30 30 29 25 22 22 22 20 20 20 23 25 27 26 24 23 25 26 26 26 26 26 26 26 26 27 27 27 27 27 28 30 31 30 28 27 30 30 30 30 28 27 30 20 2
21 20 19 20 20 19 19 19 19 19 20 21 21 21 20 20 20 20 20 19 21 22 21 21 22 22 23 24 23 23 23 23 23 22 23 23 23 25 25 22 19 20 21 22 24 23 24 24 24 25 27 28 32 32 28 22 19 19 19 20 21 23 25 26 27 27 26 25 24 24 24 24 25 26 26 26 27 27 29 30 28 28 31 32 31 30 29 28 28 28 27 28 28 28 28 24
21 20 20 20 20 20 20 21 21 20 20 21 22 22 21 21 21 21 20 20 21 22 23 23 23 22 23 24 23 24 24 23 24 24 25 24 24 25 24 25 23 20 21 23 26 27 26 26 25 25 25 24 23 25 27 25 23 20 19 20 22 25 25 25 25 25 23 22 21 22 22 22 22 24 26 26 27 27 29 31 31 31 31 30 28 28 29 28 28 28 28 29 32 26 23 30
21 20 20 20 20 20 21 21 21 20 20 21 20 20 20 20 20 20 20 21 21 22 22 23 22 22 23 23 23 23 23 23 24 24 24 24 24 23 21 22 29 28 23 23 25 25 27 28 26 26 25 25 24 24 28 29 28 25 24 23 24 24 25 24 25 25 25 25 24 23 21 20 21 24 25 26 27 25 25 27 29 30 30 29 28 27 26 29 29 30 24 5 6 9 4 24
22 21 20 20 20 20 20 21 20 20 20 20 20 20 20 20 19 19 19 20 20 21 22 21 21 22 22 23 23 23 22 22 23 25 24 24 24 25 25 24 25 28 27 24 23 23 25 25 25 26 27 27 27 26 28 32 34 33 29 25 23 24 25 25 26 25 26 27 27 27 25 23 22 22 22 22 23 22 21 22 24 25 27 28 21 11 0 1 7 23 20 0 0 13 24 25
23 22 21 20 20 20 20 20 20 20 20 20 19 19 19 19 19 18 19 20 21 21 21 21 21 22 22 23 23 23 23 24 23 22 23 23 20 18 20 22 24 26 28 29 29 28 27 26 28 28 28 26 26 25 25 27 30 32 34 31 26 24 25 26 25 26 27 27 27 28 28 26 24 24 23 23 23 23 22 21 22 24 25 25 13 3 1 0 0 14 31 19 8 15 8 19
23 22 21 20 20 20 19 20 19 19 19 20 19 19 19 19 19 18 19 20 20 20 21 22 22 22 22 22 22 23 23 24 23 22 21 24 27 26 24 24 26 30 32 32 32 32 32 31 31 30 28 26 23 22 22 20 20 21 25 27 26 25 25 25 24 23 22 24 26 26 26 24 24 24 23 25 26 27 28 27 25 24 27 20 17 35 38 18 0 0 5 23 33 37 34 32
23 23 22 21 20 20 20 20 19 19 19 19 19 18 18 19 20 19 19 20 20 20 21 21 21 21 22 20 17 16 20 23 22 20 20 22 28 33 33 32 33 35 36 35 32 32 33 31 29 29 26 23 23 23 25 26 26 27 26 26 26 25 25 24 23 20 19 21 24 24 22 23 24 24 23 25 27 31 31 31 30 28 28 24 19 34 37 34 24 23 34 33 33 33 34 33
24 24 23 22 21 20 20 21 21 20 19 19 19 19 18 19 20 20 20 21 21 21 21 21 21 21 22 22 20 20 22 23 22 21 23 25 28 29 31 32 32 31 33 34 34 34 32 31 29 28 27 26 27 28 29 30 29 29 27 25 22 19 19 20 19 19 19 19 21 22 23 24 23 24 25 24 25 27 28 31 33 33 32 33 34 34 34 35 38 35 33 32 31 32 30 29
26 25 25 24 23 22 21 21 21 21 20 20 20 20 19 20 21 21 21 21 21 21 21 22 23 24 25 25 26 24 21 21 21 22 24 25 27 27 27 28 29 28 28 29 30 31 31 30 30 30 31 32 32 31 32 31 29 27 27 27 26 22 19 18 19 19 17 16 18 20 22 22 23 26 27 26 25 25 25 27 31 33 33 33 31 29 28 28 29 30 30 29 28 28 27 27
26 26 25 25 25 25 23 22 22 21 21 22 21 21 20 20 21 21 21 21 21 21 22 22 23 24 24 23 24 23 22 22 23 24 24 25 26 26 26 27 27 26 27 27 27 26 25 25 27 29 32 32 32 31 30 30 29 28 29 29 29 28 25 22 20 21 21 23 25 27 29 29 27 26 26 26 25 24 22 21 25 26 26 26 27 24 24 25 26 27 27 26 25 25 26 26
27 27 27 26 26 27 26 25 24 23 23 23 24 23 22 22 21 21 21 21 22 22 22 22 23 25 25 23 22 20 21 24 24 24 24 24 25 26 25 25 26 26 26 27 27 26 22 21 22 23 25 27 28 28 27 25 23 24 26 29 34 36 36 33 16 8 27 27 26 25 23 23 23 20 22 24 26 27 25 24 25 25 24 24 24 23 23 24 25 26 25 25 24 24 25 26
29 30 30 29 29 29 29 28 27 27 26 26 27 26 25 24 23 22 22 22 22 21 22 22 21 22 23 24 24 23 23 24 23 24 22 21 23 25 26 25 24 25 24 26 27 29 28 25 24 23 23 25 25 26 26 25 23 22 23 24 26 31 36 37 37 34 32 27 25 24 25 9 6 20 22 23 25 26 26 26 27 28 29 28 27 26 26 26 26 24 24 25 26 26 26 26
32 33 34 34 33 33 33 33 32 31 30 31 32 29 26 25 24 23 23 22 21 21 21 21 20 20 20 22 24 24 24 24 24 25 25 22 21 22 25 26 22 21 24 27 28 28 31 31 29 28 28 28 26 26 27 30 30 26 23 22 22 23 25 29 30 30 28 28 29 28 29 23 21 30 24 25 27 27 25 25 26 27 27 26 27 27 25 25 25 24 25 25 24 24 24 24
34 38 36 35 37 35 36 35 32 30 28 26 26 25 24 24 25 24 23 21 21 21 21 21 22 22 21 22 23 23 24 26 26 26 28 28 25 24 27 32 31 27 24 27 28 27 28 31 30 28 30 30 27 23 24 28 31 32 32 30 28 27 25 26 29 32 30 28 27 28 31 27 8 16 24 26 29 29 28 27 27 27 27 26 26 26 25 24 24 23 24 25 24 24 24 24
30 33 33 32 30 28 29 28 26 24 23 20 18 19 19 18 20 23 23 22 21 22 22 22 22 22 22 23 23 24 25 26 27 28 29 29 27 27 27 29 29 28 24 23 27 28 25 27 31 30 27 27 28 25 24 25 26 28 29 28 29 29 28 25 25 27 27 25 27 29 29 29 23 30 32 29 31 30 28 27 26 26 26 25 25 24 25 26 25 23 23 24 25 24 24 24
23 18 18 19 20 21 21 21 21 22 23 25 24 21 19 18 18 21 22 23 23 23 23 23 22 22 23 24 25 25 25 25 26 27 28 28 26 24 24 25 27 30 30 26 27 27 25 24 25 25 24 24 26 27 24 21 22 21 20 20 23 24 26 25 22 22 26 18 7 13 23 29 36 35 33 29 28 26 25 25 24 24 25 25 24 24 25 27 27 26 25 25 24 24 25 25
22 21 22 23 23 23 23 22 22 24 25 25 25 23 23 23 24 23 23 24 24 23 24 24 24 22 22 23 23 23 23 23 25 26 27 28 27 22 19 20 22 26 28 26 26 29 26 24 24 23 22 20 18 20 19 17 17 16 18 8 5 17 20 26 31 27 9 5 0 9 29 28 28 29 28 28 25 23 23 24 25 25 24 24 25 25 26 25 26 27 26 23 22 23 24 25
25 26 26 26 26 25 23 18 19 22 24 24 24 25 25 26 26 24 24 24 23 21 18 20 21 20 19 19 20 22 20 17 17 20 23 25 26 20 14 12 13 17 19 20 18 21 28 28 25 25 23 20 20 20 19 18 19 21 23 4 7 27 23 24 28 34 35 32 26 27 34 29 27 25 23 21 22 22 23 23 23 23 24 25 25 25 25 24 24 24 21 19 21 22 23 24
26 26 26 26 26 26 27 26 25 26 28 28 25 26 27 27 26 24 23 23 23 19 12 12 15 16 15 12 12 13 14 10 9 14 20 24 29 34 32 25 16 11 10 11 11 10 16 24 27 29 34 31 26 26 26 26 18 27 30 9 29 22 8 27 25 25 26 28 29 27 27 25 23 22 22 22 21 22 24 22 17 14 15 20 24 25 24 23 23 23 22 22 23 23 22 22
27 26 26 26 28 29 29 31 35 38 38 38 38 36 32 27 25 24 23 22 20 22 23 19 17 13 10 8 7 10 17 22 20 19 20 19 20 27 38 42 38 37 32 27 24 18 15 21 28 29 32 33 35 33 32 33 20 26 42 38 39 17 4 16 29 26 24 19 23 26 24 21 19 20 22 23 25 24 23 24 22 18 12 10 17 25 25 24 24 23 23 22 22 22 22 20
26 28 28 27 27 29 30 28 29 33 37 35 33 29 26 25 26 24 21 20 20 18 18 21 23 21 21 21 25 27 28 29 31 29 28 25 20 18 21 31 40 42 44 44 42 39 31 27 27 28 30 33 34 35 35 34 34 30 29 39 28 12 17 30 38 36 28 3 0 0 8 23 22 21 22 22 23 23 22 22 25 27 28 23 21 25 26 27 25 23 23 23 22 23 23 22
28 29 29 30 30 32 33 34 32 29 30 31 29 29 28 27 24 20 16 16 18 19 18 18 21 25 28 30 29 27 27 26 25 27 29 32 32 31 25 17 16 18 22 27 27 26 26 26 25 26 29 32 34 35 35 33 32 25 4 3 7 15 36 36 18 16 33 41 34 23 12 16 22 23 23 21 20 22 26 30 32 32 31 30 28 26 27 28 27 26 26 25 23 23 24 23
30 29 29 29 31 35 38 37 34 31 30 29 28 29 28 28 27 25 26 34 36 36 33 29 23 12 19 22 20 19 17 14 15 21 25 27 29 34 38 32 24 20 17 17 19 14 11 12 18 24 27 30 32 33 34 33 32 31 33 34 32 30 27 21 14 11 24 36 40 34 6 7 17 28 26 24 24 25 27 31 33 35 34 31 29 28 28 29 29 28 27 28 28 16 12 22
30 32 30 31 35 37 35 33 30 26 23 21 22 23 21 22 34 34 30 29 31 33 34 33 27 12 22 22 21 21 22 20 22 22 22 23 25 27 33 40 41 39 35 33 31 27 23 18 19 23 26 27 27 29 32 34 34 32 31 36 31 18 25 38 40 24 8 16 12 19 27 33 31 27 28 30 32 33 31 29 29 29 28 28 28 28 28 28 28 27 27 27 27 25 6 5
29 29 29 34 37 41 40 36 37 36 28 21 22 23 23 21 21 27 25 22 22 23 26 28 32 25 10 0 13 20 18 20 23 21 20 21 22 24 27 32 37 38 40 40 39 38 36 33 28 26 25 26 28 27 29 33 36 37 36 34 31 20 16 30 36 33 28 38 37 34 34 28 26 26 25 25 26 26 24 24 24 24 26 27 28 28 28 28 29 26 16 9 0 12 21 27
28 28 27 28 30 31 25 21 23 26 22 22 22 20 18 19 16 18 16 16 18 21 26 20 5 0 0 13 32 31 27 24 23 22 22 23 23 24 26 27 29 29 28 26 23 31 36 35 30 27 26 27 29 31 33 33 34 36 36 34 31 30 30 31 34 33 32 30 29 28 27 29 21 18 22 22 22 21 20 21 23 25 25 25 26 28 30 32 32 29 13 16 11 8 37 36
27 27 28 29 31 31 29 24 17 13 13 13 18 18 19 23 24 25 11 4 21 7 22 15 5 23 36 41 40 40 36 28 24 22 17 17 21 21 21 21 22 24 22 19 19 23 24 25 25 24 26 27 29 30 31 33 33 34 35 35 33 31 29 27 27 28 27 27 26 29 22 11 13 3 7 22 21 20 20 21 22 23 24 25 25 27 29 31 33 38 34 11 1 4 11 24
25 23 24 22 24 28 21 9 10 17 19 17 18 22 24 24 29 33 38 37 35 26 34 38 37 40 32 28 26 27 27 24 19 16 13 10 12 17 18 19 19 20 23 24 25 24 24 23 23 23 24 25 26 28 29 29 29 30 31 33 33 30 27 24 25 26 25 26 25 24 17 5 21 27 28 27 29 31 29 28 26 25 26 26 26 27 27 28 30 32 37 29 4 2 20 34
26 26 24 22 25 24 19 20 23 23 24 23 21 21 24 28 31 32 33 35 38 41 38 34 29 26 25 24 24 23 25 27 27 27 26 20 13 14 16 23 22 19 20 21 22 24 26 26 25 24 23 22 23 25 28 29 29 29 29 31 31 30 26 25 27 26 25 27 25 9 27 18 1 6 29 32 31 31 30 29 28 27 26 27 26 27 28 27 28 29 29 33 21 2 9 32
21 23 24 21 19 28 35 34 30 28 30 32 31 28 25 24 25 25 25 26 25 25 24 23 24 24 23 23 22 21 22 23 25 26 25 25 22 19 17 18 19 19 18 19 21 24 25 27 26 24 24 23 25 26 27 28 29 28 29 30 27 21 22 9 4 16 19 5 24 25 7 8 14 20 31 30 28 27 25 24 23 23 23 24 24 26 27 27 25 24 25 30 35 33 27 31
14 18 17 20 20 22 31 36 35 34 34 34 34 33 31 29 29 29 29 27 24 22 23 22 22 25 25 21 18 16 14 16 16 8 13 19 25 22 19 18 22 23 25 27 28 27 25 26 25 24 24 24 26 26 26 28 29 30 30 31 31 18 3 14 9 6 5 9 33 19 4 8 29 29 25 26 28 28 27 25 22 20 21 22 21 20 21 24 26 28 27 27 31 34 36 35
20 21 23 21 22 24 25 28 34 34 30 28 28 26 25 28 31 31 27 25 24 23 23 21 21 22 23 25 23 15 0 0 1 0 11 22 22 26 16 0 19 29 24 24 25 26 26 26 25 25 25 23 23 25 25 26 28 29 31 33 35 19 13 41 41 42 42 30 17 10 23 30 27 26 24 25 27 26 25 23 20 19 19 20 22 22 20 20 21 23 23 20 19 21 26 29
20 22 22 22 23 24 27 31 34 34 32 32 32 33 32 32 34 31 27 24 26 27 26 25 17 15 20 5 0 0 4 4 7 13 13 24 26 30 10 0 3 23 24 22 24 25 25 25 25 25 24 23 22 24 26 27 26 27 30 33 37 37 19 27 40 28 18 16 10 13 28 27 25 26 26 24 24 23 22 21 20 19 17 17 19 21 22 21 21 21 23 20 19 21 23 25
22 22 22 22 22 23 24 25 27 28 29 32 31 28 27 28 30 36 34 31 30 30 29 28 12 8 26 22 17 18 30 33 28 36 28 6 5 12 13 14 29 33 33 29 26 24 23 24 24 24 26 24 22 22 24 27 26 28 29 31 34 37 36 18 13 11 17 13 3 12 28 25 24 24 24 21 19 17 18 21 23 21 19 18 19 19 19 6 10 22 27 29 32 31 26 23
24 23 22 22 23 24 24 24 25 28 28 27 27 26 25 25 26 34 42 42 40 36 34 36 39 37 16 6 12 3 0 16 38 36 39 38 18 18 28 0 18 33 30 27 25 24 23 25 26 26 27 26 25 24 24 27 28 28 29 31 33 34 34 35 33 14 21 34 24 26 29 26 23 23 23 25 24 18 2 8 18 26 29 29 31 14 1 0 0 13 25 26 28 27 24 23
23 23 23 22 23 23 24 24 25 26 28 28 25 24 25 26 25 26 30 32 34 37 38 38 38 34 12 0 12 23 14 9 30 47 34 11 12 14 17 11 27 31 29 26 25 24 24 24 25 26 25 26 25 24 25 26 26 26 29 31 34 33 32 35 27 4 13 29 20 8 14 20 24 27 26 17 11 8 5 1 1 4 10 13 26 43 41 37 22 4 15 25 23 24 23 22
23 23 22 22 22 22 23 25 24 23 24 26 28 28 29 27 25 25 28 28 24 24 25 25 27 33 38 36 36 41 42 33 15 34 36 17 15 26 30 32 28 27 26 26 25 25 23 23 23 23 24 25 24 24 24 24 25 26 28 30 32 33 30 30 29 21 11 2 4 1 0 0 2 5 18 22 22 20 17 12 11 16 37 38 38 53 49 30 19 10 9 27 24 23 22 22
23 23 22 23 23 23 23 23 22 22 22 24 27 27 25 24 24 24 25 27 26 23 21 20 19 23 31 38 40 40 41 42 40 42 48 49 49 50 45 37 31 28 26 26 27 26 26 25 24 22 22 23 23 23 24 23 24 25 26 26 28 30 30 29 30 33 27 10 26 34 29 17 11 13 21 46 55 53 47 25 19 19 27 51 41 47 42 23 31 37 33 25 22 22 23 21
