examples/data/proba_v_out_italy/probav_s5_toc_x19y03_20140706_100m_ndvi_v001.txt
ncols         273
nrows         192
xllcorner     12.62996031746
yllcorner     41.659722222222
cellsize      0.0009920634920635
NODATA_value  -9999
[rows 0 to 46 of 192, columns 96 to 191 of 273]
201 193 176 114 80 93 92 100 110 121 113 83 87 90 83 76 89 119 141 131 158 185 200 191 168 177 196 198 177 189 175 164 164 190 190 190 197 190 187 184 184 194 199 201 197 187 171 172 182 185 179 179 178 167 167 170 183 195 196 178 170 179 195 198 194 178 160 160 181 198 202 201 196 187 185 185 172 156 155 168 184 191 205 213 203 189 180 164 159 180 205 215 214 221 228 228
194 186 182 181 166 140 117 113 109 108 118 123 128 137 123 97 136 172 162 152 162 171 172 172 186 205 198 174 165 181 166 156 157 169 183 184 193 192 192 198 193 188 193 201 204 199 191 184 180 177 172 171 177 175 168 162 163 173 178 179 167 164 179 198 206 189 167 163 191 222 226 222 217 209 178 162 160 159 157 156 168 181 186 197 203 195 183 190 185 184 194 205 209 212 216 217
155 154 140 150 182 197 178 150 129 113 115 115 112 128 138 123 104 118 149 169 171 146 147 162 177 179 172 152 155 169 184 188 186 170 159 169 191 191 182 178 187 183 182 190 200 201 184 172 169 173 182 188 192 195 179 167 171 201 204 201 186 169 168 182 195 195 182 158 166 187 193 217 215 197 177 175 174 175 177 173 158 168 183 200 215 206 193 198 193 187 186 192 199 207 211 199
150 166 140 137 170 213 222 225 212 177 128 103 103 112 131 166 164 147 145 151 180 181 160 159 186 170 159 165 181 185 194 200 196 193 181 178 180 165 179 185 186 185 181 184 197 214 213 204 197 186 182 181 180 181 170 169 172 178 176 187 204 203 183 165 171 193 203 182 171 156 164 205 192 170 168 188 197 184 179 182 185 180 178 189 206 196 191 189 179 170 178 191 198 198 197 164
161 187 182 171 168 199 222 228 228 211 172 125 109 112 142 171 161 151 147 152 161 161 140 152 181 175 169 160 177 188 163 182 203 208 192 174 167 159 158 176 184 185 176 167 171 191 202 191 192 184 176 180 180 178 181 186 176 172 180 190 200 203 195 181 172 178 196 203 190 167 174 202 202 181 176 184 186 175 184 191 197 193 181 183 191 188 186 186 184 183 187 197 202 197 172 148
175 203 201 186 183 202 216 218 216 216 206 158 128 125 147 166 168 168 173 173 168 172 177 181 177 152 125 93 147 178 139 145 162 173 183 196 199 196 193 196 196 199 199 189 176 185 173 162 187 185 185 188 184 181 160 150 158 162 182 191 190 186 189 183 179 175 186 206 193 162 170 203 223 213 192 182 186 184 185 186 185 194 196 186 188 189 193 200 208 206 200 201 198 213 202 163
191 214 210 200 197 204 209 218 220 215 206 159 132 154 180 170 172 170 173 196 194 194 197 189 170 114 78 95 180 213 192 164 154 165 191 209 200 180 168 167 183 200 208 207 201 196 167 164 187 197 199 197 194 192 185 187 185 183 191 165 136 139 179 196 197 189 181 196 205 193 197 205 205 198 181 173 198 192 188 192 191 204 205 196 197 198 196 196 201 203 201 203 209 212 220 213
208 219 219 217 213 205 198 206 225 220 212 204 187 179 179 174 176 180 193 212 213 205 193 187 185 159 130 119 155 189 190 177 164 158 170 201 192 173 189 184 181 192 207 210 202 184 172 174 196 205 194 184 178 185 190 194 192 183 178 160 156 176 197 207 214 201 176 177 215 212 189 174 169 180 168 165 186 197 196 193 192 193 192 186 196 205 190 175 183 204 211 204 201 206 226 241
199 219 228 229 224 220 213 213 223 215 219 221 212 196 181 177 183 190 192 197 206 205 191 184 184 182 165 127 133 166 188 185 181 155 135 157 179 177 172 174 183 188 195 203 200 170 162 176 190 182 173 169 161 172 174 166 175 187 185 177 171 213 236 233 217 203 196 182 181 194 180 163 172 200 203 180 174 182 179 172 175 182 171 145 167 190 184 161 167 189 206 200 195 196 203 208
188 210 226 231 229 225 219 223 225 222 230 234 223 199 180 176 175 179 176 167 169 182 187 186 181 196 191 162 171 189 192 185 196 181 163 155 159 161 169 181 188 188 187 194 196 184 199 211 193 160 144 156 165 170 170 170 181 204 199 200 205 215 226 220 211 211 214 189 182 187 186 174 169 178 190 188 181 169 170 178 184 195 182 166 181 187 185 174 176 183 189 189 196 208 204 190
187 193 212 227 232 231 221 209 215 224 233 235 224 189 169 167 157 156 134 127 145 167 184 188 188 202 202 197 192 183 183 187 193 195 183 153 153 167 167 179 186 183 179 178 177 184 208 217 212 190 163 165 173 171 171 186 202 224 231 217 209 201 197 198 210 217 209 179 159 169 190 197 181 180 181 183 184 177 186 198 200 198 211 200 197 198 199 186 183 189 189 187 191 193 182 186
185 179 187 203 215 222 208 197 204 210 220 227 217 180 172 156 139 140 130 140 148 155 184 214 212 206 211 198 200 192 181 182 165 174 192 170 172 189 184 177 176 178 175 168 166 169 189 213 225 210 169 137 144 176 192 197 199 217 223 208 184 165 158 176 200 204 198 184 178 174 181 195 189 180 176 185 187 179 184 198 191 182 193 189 180 193 207 201 196 195 191 191 196 184 178 190
191 183 191 192 191 189 180 182 190 198 205 203 195 180 172 151 144 151 159 165 153 150 174 202 204 215 225 227 224 218 195 157 123 132 138 123 118 142 162 150 142 156 156 155 161 173 183 189 193 178 164 164 170 157 170 187 201 201 198 197 186 171 154 153 164 177 187 189 183 186 191 207 200 200 209 196 199 196 187 188 194 196 184 172 175 195 212 205 186 185 177 174 180 169 180 199
186 201 201 190 190 194 195 194 191 194 199 199 198 190 183 174 169 175 185 184 166 151 188 218 229 237 234 226 212 211 218 190 156 148 147 132 123 131 147 135 141 150 132 141 163 176 185 194 182 170 183 185 174 175 190 196 218 209 183 193 198 188 173 163 164 164 174 186 176 190 217 234 223 205 202 202 206 204 185 166 171 192 206 199 188 187 181 175 173 188 178 167 160 156 160 196
190 205 198 185 186 188 192 196 198 193 189 190 188 180 193 199 181 166 177 191 182 159 186 207 221 218 206 192 166 179 192 160 166 193 206 192 181 177 176 166 174 179 167 155 158 157 166 191 198 192 180 186 197 201 189 173 201 201 176 171 190 201 173 167 190 192 172 175 184 191 215 234 233 212 196 196 201 203 187 166 159 177 207 202 193 191 195 207 195 182 174 175 171 172 177 189
186 190 192 198 195 187 186 193 202 200 193 187 178 175 200 224 220 202 206 215 209 200 205 225 221 177 147 142 146 177 172 137 144 199 221 215 215 208 206 204 199 204 217 215 195 190 184 181 173 175 179 185 200 190 186 191 192 195 174 162 180 206 186 164 166 177 170 164 177 189 212 233 236 220 188 174 176 191 208 201 175 176 194 194 186 178 191 216 205 179 169 181 191 193 190 177
170 174 193 206 195 193 199 195 198 197 193 192 200 209 220 230 226 226 227 226 219 217 225 232 201 135 93 89 102 131 151 146 152 190 203 206 211 210 212 214 214 213 218 234 235 223 201 201 199 186 177 176 183 184 187 202 192 176 180 186 186 209 215 191 179 175 166 160 183 200 213 228 240 236 214 186 174 175 189 191 178 166 184 208 209 189 189 204 201 182 194 205 194 178 193 197
166 148 161 186 185 194 197 190 187 193 200 206 212 217 218 217 218 219 222 226 225 218 214 214 191 147 102 85 82 102 142 171 188 198 205 209 204 202 212 218 218 219 220 226 212 185 177 200 209 197 185 184 189 162 160 189 195 187 182 180 163 176 201 197 182 175 175 185 194 192 202 215 238 250 238 206 184 169 177 184 185 180 190 210 219 201 175 180 184 192 208 209 204 196 201 200
185 151 116 113 134 164 181 191 198 209 218 218 213 210 212 213 221 222 216 217 219 199 176 171 156 134 107 88 100 138 176 197 207 208 210 216 218 212 207 211 217 216 208 201 206 181 169 176 172 150 158 175 180 179 184 196 200 176 149 157 168 170 199 201 190 191 188 183 183 188 211 212 223 246 249 222 204 198 188 188 189 188 177 186 211 213 193 184 182 181 191 202 228 221 200 182
212 213 214 203 189 183 185 202 217 225 223 215 207 206 208 213 229 220 203 191 184 174 168 156 144 134 123 110 112 142 178 210 220 205 200 201 203 209 208 202 202 207 203 198 186 157 135 160 158 152 162 178 173 166 176 177 182 190 185 174 186 195 201 201 205 199 176 152 165 170 192 225 225 240 250 241 222 204 197 192 189 208 198 184 191 206 205 196 194 186 191 210 217 204 209 190
200 194 201 205 201 198 195 197 208 211 210 203 194 201 208 210 209 198 184 167 161 167 179 178 171 161 136 124 122 113 116 153 193 200 192 188 189 190 187 190 210 211 194 188 198 187 173 176 151 143 150 161 159 161 159 154 164 185 203 202 204 203 200 202 204 199 176 157 169 169 171 191 205 209 240 245 231 215 211 206 201 196 175 175 176 180 180 174 190 205 202 203 197 188 196 185
189 183 203 213 205 199 197 190 187 192 195 200 195 192 200 192 185 179 169 162 175 178 174 192 197 170 131 126 149 145 118 116 148 167 176 184 189 198 195 194 214 220 204 187 186 177 186 185 171 170 171 173 177 177 157 143 147 169 194 201 203 206 197 191 194 195 189 185 188 185 171 167 167 189 234 243 233 219 229 236 229 202 175 175 166 173 186 187 196 193 180 182 202 202 194 194
194 201 224 225 208 207 209 192 180 181 184 181 169 179 190 185 188 184 174 175 195 184 171 179 197 193 176 174 186 180 151 126 143 176 197 206 208 208 201 195 199 211 220 202 192 188 196 190 182 177 171 168 171 171 162 158 163 159 147 158 181 193 187 186 201 209 193 168 173 193 196 192 189 204 219 223 235 223 210 210 207 195 198 193 167 162 158 161 177 186 194 183 183 191 188 183
184 199 225 233 216 214 207 187 173 180 186 185 174 165 169 174 174 165 161 176 185 170 170 185 196 199 205 214 215 203 188 166 183 214 225 227 212 200 194 192 185 181 187 184 190 202 202 189 189 192 189 179 169 166 173 184 184 163 148 160 175 192 193 180 175 205 199 169 166 200 200 190 194 198 199 218 238 228 203 188 190 193 210 210 188 158 143 163 185 197 199 188 184 189 174 150
195 204 220 231 221 204 199 190 176 176 186 187 199 193 187 185 189 185 180 189 187 187 193 192 183 189 199 203 207 202 190 188 211 231 217 201 198 199 200 197 184 168 172 172 163 178 196 202 197 197 200 201 193 181 173 173 182 189 184 178 183 204 208 164 111 110 170 183 183 197 184 152 158 179 178 204 220 222 215 197 189 192 203 201 188 161 134 153 185 198 194 192 184 168 155 153
204 210 212 212 206 199 194 191 183 194 192 166 186 205 204 193 189 185 186 192 179 180 187 184 172 177 179 180 189 200 199 198 207 213 207 185 183 192 179 173 184 196 212 207 183 179 187 193 192 193 198 198 197 191 181 177 192 202 193 181 181 201 219 194 113 88 143 187 177 178 182 180 182 177 179 206 219 222 224 219 206 198 190 182 172 154 133 146 184 189 182 181 188 181 166 171
204 203 192 183 173 167 173 178 184 199 191 174 173 191 184 184 185 185 168 170 174 179 182 179 177 181 174 170 180 199 209 212 212 207 198 179 177 186 182 184 198 209 212 216 205 189 179 177 181 191 194 190 196 197 193 189 186 179 174 169 159 151 167 193 205 187 182 189 160 136 130 155 188 172 159 173 197 208 209 213 199 181 165 141 131 150 149 169 187 176 169 185 199 193 178 178
201 187 169 186 203 197 194 193 192 199 208 211 198 190 185 201 198 189 186 184 174 172 185 202 199 188 176 172 178 192 207 217 222 209 190 180 177 185 192 190 182 183 199 217 202 186 195 203 196 204 195 186 195 198 199 194 187 182 190 192 163 115 105 119 171 229 230 196 167 159 129 120 112 110 139 160 189 194 175 159 172 173 154 131 134 155 160 168 185 198 199 198 185 176 170 160
198 185 170 193 198 193 195 201 194 200 209 208 198 208 209 201 196 186 180 174 164 173 190 205 198 179 179 177 183 186 196 208 213 200 204 211 205 197 206 198 184 195 204 202 186 175 202 211 198 191 185 201 202 192 187 193 196 196 197 166 126 99 92 97 133 203 241 226 199 182 160 134 95 80 91 102 135 127 108 104 133 165 158 124 156 184 195 190 190 196 204 207 195 175 165 147
188 181 181 190 190 187 179 184 193 199 188 175 183 213 210 199 181 172 195 183 173 194 197 193 176 138 153 187 195 178 172 186 197 193 198 216 216 204 202 190 197 209 207 209 208 200 193 197 170 152 153 181 177 155 160 196 219 205 190 184 167 134 119 119 143 212 250 244 221 191 160 136 109 95 87 80 84 90 107 116 121 130 125 148 201 222 213 189 188 210 213 213 220 216 208 181
200 189 189 204 220 231 228 201 202 209 199 180 189 203 192 176 169 174 200 195 198 202 198 195 182 169 167 185 193 187 181 190 209 214 203 194 191 181 182 187 198 205 199 182 170 198 202 174 124 119 148 148 127 105 106 153 184 156 138 147 171 173 173 175 194 235 250 250 239 220 199 165 144 128 113 94 87 99 122 123 135 157 152 153 183 204 196 186 182 195 206 206 217 218 211 214
208 202 208 233 250 250 240 217 209 215 214 196 186 191 196 196 197 186 183 191 200 199 188 183 187 189 188 189 188 190 197 211 219 210 193 184 182 161 174 169 168 189 188 154 125 145 161 146 117 96 108 84 65 66 58 70 143 192 171 163 169 181 186 203 231 250 250 250 243 224 212 164 131 123 115 95 83 82 96 117 136 161 186 195 203 206 198 192 187 167 160 177 188 209 203 188
215 214 214 227 249 250 249 237 221 208 204 203 196 197 199 201 202 194 188 197 206 209 209 204 202 202 195 186 184 193 198 198 198 195 191 173 146 115 122 135 147 154 161 164 147 123 103 88 78 92 103 94 103 113 101 85 130 164 170 186 197 195 197 220 245 250 250 250 249 226 197 166 130 114 123 111 81 83 96 117 153 197 214 218 208 184 175 185 186 183 187 186 181 182 186 187
203 208 206 201 221 236 233 230 221 210 201 197 209 227 231 210 199 202 203 204 202 201 200 189 183 185 186 183 184 193 197 190 194 201 197 171 138 110 98 105 129 110 85 108 95 78 93 102 75 84 124 166 185 180 173 171 187 193 190 188 192 199 205 214 222 221 211 202 205 212 205 188 158 141 149 137 101 91 108 139 171 215 229 228 220 208 189 198 197 179 188 213 192 178 186 193
186 208 218 204 214 219 216 219 217 213 208 209 221 229 230 218 210 195 189 189 187 192 193 188 189 189 195 197 193 193 189 188 200 201 196 177 149 119 119 106 87 104 84 79 79 63 76 104 113 135 162 189 205 194 186 203 212 217 215 204 194 190 194 202 204 212 210 197 204 205 194 188 161 125 111 121 102 90 98 114 143 172 197 206 211 201 183 172 187 197 196 185 166 176 190 194
172 213 229 216 204 198 209 218 215 214 212 230 241 214 206 215 221 202 188 180 183 200 200 193 197 207 201 200 197 199 199 205 203 184 178 161 113 80 74 83 119 160 180 172 145 127 142 188 205 197 192 190 194 196 191 195 203 208 202 188 181 171 187 197 176 178 193 208 225 211 199 188 162 138 125 120 112 110 113 133 174 195 198 197 200 167 158 145 139 167 181 186 178 184 196 193
167 208 226 199 180 184 196 210 218 219 217 233 224 203 205 227 224 207 198 196 203 211 209 209 198 194 189 193 199 208 212 214 211 191 173 160 110 83 87 112 166 187 194 209 202 191 191 202 209 200 191 196 197 189 191 190 191 195 177 173 184 175 196 202 180 176 195 232 250 236 224 217 205 183 155 145 152 163 165 171 192 201 190 186 176 166 175 183 171 179 185 192 191 185 186 187
167 204 218 163 156 180 200 211 213 222 238 250 236 202 211 236 235 221 216 221 224 220 215 211 197 196 201 206 214 226 222 222 232 230 219 173 114 93 109 156 207 214 214 213 206 198 189 192 201 202 196 195 183 164 175 192 207 210 191 187 193 197 199 200 201 203 209 225 237 238 229 215 205 206 203 174 174 167 154 177 188 190 183 174 177 198 201 178 190 208 208 197 200 186 176 179
155 170 193 175 163 178 206 213 208 219 239 248 242 238 248 247 238 226 232 236 236 231 220 206 205 214 218 219 225 229 214 223 241 250 250 243 200 159 153 178 201 203 198 188 179 184 189 190 202 208 205 194 172 164 176 205 230 239 228 212 201 195 196 195 193 192 190 190 187 186 190 191 187 191 207 215 199 173 162 177 186 188 184 176 183 214 211 170 148 182 188 184 204 201 192 187
157 151 188 190 199 222 230 223 196 194 229 243 225 222 228 223 205 200 216 228 238 222 204 196 210 232 233 229 234 232 226 238 240 239 242 239 218 205 192 188 192 200 196 184 183 200 191 184 203 209 209 203 196 203 214 213 213 222 216 207 203 198 195 197 203 209 208 196 186 175 175 182 192 205 218 218 206 188 175 173 182 191 204 207 193 187 190 188 168 168 204 200 195 198 200 193
199 211 234 229 236 244 219 197 194 198 223 216 156 119 133 150 159 183 209 215 213 195 202 221 226 237 250 250 250 250 250 250 250 250 248 234 228 245 232 210 198 200 189 194 206 213 198 198 210 214 213 206 199 201 205 200 205 229 244 225 203 196 200 198 200 211 219 202 197 197 197 202 208 214 219 217 210 191 171 171 184 186 192 208 192 175 202 205 185 175 175 167 196 213 211 197
188 185 231 247 242 237 218 206 186 185 197 168 114 90 100 115 142 180 198 188 176 193 215 235 240 237 250 250 250 250 250 250 249 240 232 214 218 234 232 222 210 201 189 195 211 219 218 216 215 214 209 201 195 195 194 196 208 228 238 223 195 179 189 195 196 198 198 191 193 198 196 195 212 226 227 222 222 214 191 185 206 201 186 193 193 168 182 221 223 196 174 171 188 200 195 192
203 200 226 244 249 245 246 250 221 186 147 109 84 83 98 119 155 184 177 164 163 196 234 250 242 234 241 250 250 250 250 250 238 220 204 193 190 198 207 209 205 202 198 203 222 224 214 203 204 205 204 201 197 205 213 209 205 211 227 234 218 193 193 201 198 192 199 203 202 207 198 191 201 213 226 228 240 245 227 197 184 201 213 211 209 190 175 186 203 205 199 183 175 179 182 192
241 243 244 250 250 250 250 243 223 177 117 80 76 92 133 171 176 178 169 153 145 170 199 225 241 246 247 250 250 250 250 250 250 238 226 210 194 183 186 194 200 203 206 210 222 226 223 209 195 194 197 201 203 204 208 206 199 198 215 223 216 201 201 222 226 204 187 195 216 223 206 195 190 195 212 201 215 235 219 189 174 186 219 232 226 214 196 175 174 191 208 209 190 185 197 208
248 250 250 250 250 250 250 211 217 203 131 103 101 121 150 176 180 165 148 152 146 145 167 204 234 244 250 250 250 250 250 250 250 250 250 249 228 197 191 211 226 228 222 208 210 220 228 225 214 206 205 210 212 213 209 203 207 220 231 227 222 214 213 220 227 217 205 211 232 235 226 215 202 193 183 173 185 202 210 200 182 181 199 223 223 213 191 172 170 172 188 198 191 195 197 198
250 249 250 250 239 240 232 205 210 209 189 175 130 131 159 173 167 145 147 170 143 141 165 218 250 250 250 250 250 250 250 250 250 250 250 250 245 215 213 227 247 250 240 226 224 230 239 249 250 247 240 229 215 204 192 186 198 221 217 207 208 209 204 222 243 241 240 246 250 248 236 225 212 193 180 169 172 187 204 203 190 187 184 199 215 216 183 181 194 188 179 176 190 200 187 192
239 229 225 243 250 247 237 226 220 221 199 160 129 143 164 177 157 124 139 167 161 165 190 230 250 250 250 250 250 250 250 250 250 250 250 250 216 176 192 229 245 248 248 249 247 247 250 250 250 250 250 247 229 210 201 204 222 237 219 205 204 201 193 224 247 250 250 250 250 250 235 211 207 205 188 176 183 197 204 208 191 181 180 183 199 214 208 205 203 201 198 188 182 162 162 187
