examples/data/proba_v_out_italy/probav_s5_toc_x19y03_20141106_100m_ndvi_v001.txt
ncols         273
nrows         192
xllcorner     12.62996031746
yllcorner     41.659722222222
cellsize      0.0009920634920635
NODATA_value  -9999
[rows 56 to 111 of 192, columns 96 to 191 of 273]
23 23 23 23 23 24 24 23 22 22 23 22 22 23 23 23 24 24 26 30 32 27 25 25 23 20 21 28 34 38 40 41 41 37 36 35 35 35 33 30 28 26 25 25 25 24 25 25 24 23 22 22 22 21 22 23 24 24 25 24 22 23 26 28 29 29 31 21 2 10 40 39 21 20 19 29 50 53 51 42 35 29 23 23 21 45 47 42 34 29 24 23 23 22 21 20
25 25 24 22 22 23 23 22 23 23 23 22 22 23 24 23 23 22 24 30 36 35 32 30 29 26 21 21 25 26 26 26 27 27 26 26 25 25 25 25 24 24 24 23 22 22 22 21 21 21 21 21 22 21 21 23 24 25 26 27 27 25 26 27 31 35 37 36 18 1 12 27 22 36 39 21 34 51 50 54 56 55 53 33 22 32 16 20 27 23 23 23 22 22 21 21
22 23 24 23 22 22 22 22 23 23 23 23 23 23 23 23 24 23 22 24 31 35 33 31 29 27 24 22 23 25 25 24 24 23 23 24 24 23 23 22 21 22 22 22 22 23 23 24 23 22 22 21 21 22 22 23 25 27 29 32 36 36 31 28 29 34 39 41 40 33 12 1 13 42 29 25 38 49 29 24 29 42 51 48 21 19 37 26 21 22 24 23 21 21 20 20
23 23 25 25 26 25 24 23 23 24 23 23 23 23 24 24 24 23 23 24 28 34 38 38 37 36 35 32 28 28 26 25 24 24 24 24 23 22 21 21 21 22 22 23 24 23 24 25 24 24 23 23 22 23 24 24 25 26 26 28 32 34 32 31 28 27 28 34 36 32 27 17 18 35 40 41 44 43 47 39 15 28 34 16 30 34 28 8 0 20 24 23 22 19 18 20
23 22 22 23 26 26 25 24 23 23 23 22 23 23 23 23 23 23 24 24 25 26 32 38 40 37 33 30 26 25 25 25 22 22 23 23 22 21 21 22 23 23 23 24 24 24 24 25 24 24 24 24 24 25 26 26 27 27 27 27 28 28 27 27 24 23 23 25 32 37 38 37 31 29 30 32 33 33 33 34 27 30 35 31 33 32 16 4 7 25 25 26 25 26 19 6
25 23 21 19 21 25 24 24 24 23 23 22 23 24 23 23 22 22 22 23 24 24 24 23 23 24 24 23 23 24 24 24 22 22 22 21 22 22 23 23 23 24 23 23 24 24 24 24 24 25 25 26 26 27 28 27 26 27 27 27 28 28 25 24 24 24 23 24 27 31 35 37 35 28 25 25 27 30 30 29 29 27 27 27 28 30 36 34 4 10 28 28 29 30 24 12
23 22 22 21 20 22 24 25 23 22 21 21 22 24 25 23 22 21 20 21 22 22 22 22 21 21 22 22 22 21 22 24 25 23 21 22 22 22 23 23 23 23 23 23 24 24 24 24 25 25 24 24 24 25 26 26 25 26 25 25 26 26 25 21 21 24 25 25 24 25 26 29 29 27 24 24 25 26 29 30 29 28 27 27 28 30 19 16 5 0 17 28 28 29 30 34
22 22 22 22 20 20 23 24 25 24 22 22 23 26 27 26 24 22 22 22 22 21 21 22 22 21 21 20 20 20 20 21 21 22 22 22 21 22 22 23 23 24 24 25 25 24 25 25 26 26 25 24 25 25 25 25 25 25 26 25 25 25 21 20 21 21 23 24 24 23 24 25 28 30 29 29 28 27 26 27 29 28 28 27 27 28 18 22 35 25 25 26 26 24 29 29
24 24 23 23 22 22 22 24 25 24 24 23 23 25 29 31 27 23 23 23 22 22 22 22 23 22 21 20 19 20 20 20 21 23 23 23 23 23 24 24 24 24 24 24 25 25 25 26 26 25 25 24 25 25 25 25 25 25 27 27 25 24 23 22 22 22 22 21 22 23 24 25 26 28 28 27 27 27 25 26 27 28 27 27 27 28 29 29 29 27 25 26 27 3 12 22
25 26 26 25 24 23 23 23 22 23 24 23 23 23 28 29 26 23 22 21 21 21 21 22 22 22 21 21 21 21 22 22 24 26 25 23 23 23 24 25 25 24 24 24 25 25 25 25 25 25 25 25 26 26 26 26 26 26 27 27 28 29 29 28 25 23 23 24 24 23 24 25 26 28 29 29 28 29 28 28 27 28 28 27 27 27 26 28 26 22 28 20 8 2 24 17
25 23 22 23 22 21 22 22 22 23 23 22 21 20 23 26 23 22 22 22 22 23 22 21 21 21 21 21 21 21 21 22 23 24 25 23 23 23 23 23 24 24 24 24 24 24 24 25 25 25 25 25 26 26 26 27 26 26 27 28 28 29 28 26 24 22 22 23 23 23 24 24 25 27 29 28 27 27 27 28 27 26 27 28 28 27 26 27 20 1 0 0 0 8 32 33
24 23 20 19 19 20 20 21 22 23 23 23 23 23 24 26 22 22 23 23 23 23 22 20 21 21 21 21 22 22 21 21 21 24 25 24 23 23 23 24 24 24 24 24 23 23 23 24 25 25 24 25 26 26 26 27 26 27 27 27 27 26 26 26 26 25 23 22 23 24 25 25 25 25 26 25 25 24 25 26 26 26 26 27 27 27 27 29 18 23 30 25 8 3 15 40
23 23 22 22 21 20 19 19 20 20 21 22 22 22 26 28 25 22 22 23 23 21 21 21 21 21 21 21 22 22 22 21 20 21 22 23 24 23 23 24 24 23 23 23 23 22 23 23 23 23 24 25 25 24 25 25 24 24 26 27 27 27 27 27 28 27 26 24 25 25 24 24 25 26 24 23 22 20 20 22 24 24 26 26 16 25 20 7 11 21 34 34 26 19 13 26
22 23 23 23 23 22 21 19 19 19 19 18 18 20 24 30 28 23 21 21 22 22 21 20 21 21 20 20 20 20 21 21 21 22 23 24 24 23 23 23 23 23 23 22 22 21 22 22 22 22 22 23 22 21 23 26 27 25 23 24 26 27 26 26 27 26 26 25 26 26 26 25 25 26 25 26 27 26 27 29 27 9 8 28 14 26 34 28 36 34 30 35 39 41 40 17
19 20 22 22 22 22 22 20 20 20 19 18 17 18 23 27 31 31 30 29 23 21 21 20 20 20 20 20 20 19 21 21 21 23 25 25 24 24 24 23 24 23 22 22 23 22 22 22 19 18 19 20 24 28 28 29 30 30 29 27 25 23 23 25 26 26 26 26 26 27 28 27 27 26 27 22 21 34 19 23 36 31 13 11 19 27 36 37 40 28 6 6 30 32 24 12
21 20 20 21 21 21 21 21 21 20 18 17 17 17 18 19 24 30 33 35 32 26 24 22 22 22 21 21 21 21 21 21 22 22 24 24 24 24 24 24 24 24 22 22 23 23 24 25 23 23 24 25 26 27 27 28 31 32 33 34 32 28 23 22 24 25 25 26 27 27 27 26 25 26 28 6 6 33 14 30 32 10 9 8 5 18 40 41 42 22 9 9 12 11 10 13
23 21 21 21 21 21 21 20 21 21 19 19 18 17 14 13 13 16 22 26 30 31 30 26 24 22 21 21 20 21 21 20 21 21 22 23 24 24 24 24 25 25 23 23 23 24 24 24 23 24 25 24 24 26 27 27 27 28 30 31 32 31 27 23 24 25 26 26 26 27 27 26 26 26 27 20 11 19 8 14 15 10 12 11 11 31 44 43 44 33 17 13 11 11 11 12
20 19 19 20 21 21 21 21 21 20 20 21 20 19 19 17 14 12 15 18 21 26 30 33 30 25 23 22 21 22 22 22 22 21 22 23 24 24 23 22 23 24 23 23 23 24 23 23 22 22 23 23 21 21 23 25 24 25 26 26 27 28 26 24 23 25 26 25 24 24 27 29 29 30 31 30 12 17 30 26 24 20 16 10 16 41 44 44 47 46 30 20 16 14 14 14
22 21 20 20 21 21 20 20 21 20 20 20 19 19 18 18 18 17 14 14 15 18 19 21 25 26 25 24 24 24 23 23 24 25 25 23 23 23 23 23 23 23 23 22 22 22 23 26 24 21 22 22 20 21 22 23 23 23 24 25 24 24 25 24 20 18 23 28 29 29 29 30 30 31 32 31 31 29 29 34 41 43 41 19 11 28 42 43 44 47 51 50 47 24 15 16
22 22 22 20 20 20 20 21 21 20 19 19 20 19 18 19 19 19 17 16 16 16 16 17 21 23 23 22 23 23 22 23 24 26 29 26 22 23 24 24 23 23 23 23 21 19 19 19 22 22 23 22 20 20 20 20 19 18 19 21 24 25 26 25 20 11 12 23 29 31 29 29 30 30 30 32 19 18 24 7 25 43 31 9 6 24 43 42 44 47 49 51 50 43 23 17
21 21 22 22 22 22 22 21 20 19 19 19 19 18 18 18 19 19 18 18 19 18 17 16 14 15 16 18 20 22 22 22 21 21 25 28 28 26 25 24 23 22 22 23 20 10 12 18 21 20 21 20 18 18 19 19 14 11 11 12 15 19 20 25 23 13 9 16 28 29 30 28 28 29 30 27 1 9 20 0 4 14 11 3 9 34 43 43 45 49 52 45 32 21 19 17
21 21 22 22 22 22 22 21 19 19 20 19 19 20 19 18 18 19 19 18 19 19 20 20 18 17 16 15 16 19 21 21 18 17 18 22 26 26 25 24 23 23 24 27 31 26 18 18 19 19 18 19 22 20 18 17 15 11 9 11 9 9 12 4 4 1 17 26 28 28 30 29 28 29 28 25 18 26 10 11 26 15 2 16 35 43 45 37 44 37 26 20 20 20 18 16
20 20 21 21 21 21 21 20 19 20 20 19 19 19 19 19 19 20 19 19 19 19 20 20 19 18 17 17 16 17 20 21 17 16 14 12 13 17 21 23 23 23 24 26 28 28 23 18 15 12 16 20 21 21 17 18 4 0 19 14 5 3 19 0 16 34 25 27 26 27 28 29 29 30 29 28 32 27 6 26 39 23 0 0 6 16 23 16 16 18 18 19 19 18 17 16
20 20 20 21 21 21 21 20 20 20 20 19 19 19 19 19 19 18 18 19 19 20 21 20 19 18 18 18 18 17 18 20 21 20 19 16 14 15 17 19 21 23 23 25 32 36 28 17 18 19 2 13 22 23 21 16 14 6 13 8 23 41 40 21 14 27 23 21 25 26 27 29 29 30 27 25 34 32 28 41 38 16 2 3 5 11 17 20 19 18 17 15 14 14 15 16
21 20 20 20 20 21 22 21 21 21 19 19 21 21 19 20 21 19 19 19 19 19 19 20 20 19 18 18 17 17 17 20 24 23 21 20 21 21 19 17 18 21 21 22 26 32 32 13 0 9 7 4 19 24 20 9 40 51 31 17 17 35 44 38 25 33 28 24 25 25 26 27 28 31 12 1 34 46 35 24 11 9 7 6 7 12 18 21 20 17 14 10 9 11 14 17
21 21 20 20 21 21 21 21 21 23 24 23 24 23 21 20 20 19 19 19 20 20 19 19 19 18 17 16 17 16 15 14 17 21 23 22 22 23 20 17 15 17 17 18 19 23 25 24 14 8 9 1 19 5 22 34 41 50 50 27 17 17 29 36 36 30 27 25 24 24 25 26 27 27 16 0 15 37 14 11 14 10 11 20 12 12 17 18 16 13 9 5 7 9 12 16
21 20 20 21 20 20 20 21 22 23 24 24 23 23 22 20 19 19 19 20 20 19 18 19 18 18 17 14 13 14 11 7 8 16 21 21 21 22 23 23 21 17 15 16 22 29 21 13 38 39 33 26 27 11 17 34 23 20 23 15 12 25 31 32 31 30 28 25 23 22 21 23 26 24 16 13 1 17 19 10 33 40 37 45 24 13 15 14 11 8 23 14 3 7 10 13
22 20 19 19 19 19 21 24 24 23 22 21 21 22 22 20 20 19 19 19 19 18 18 19 18 18 19 21 20 19 17 16 19 21 23 23 20 20 22 22 20 19 19 20 22 29 39 40 39 39 40 23 25 42 37 42 31 18 25 34 22 25 32 29 28 27 26 23 21 23 22 21 1 3 19 31 7 20 16 6 33 40 24 23 29 15 13 14 12 16 36 33 11 8 11 12
21 21 20 19 19 20 20 22 21 21 22 22 21 22 23 21 19 18 18 19 18 19 20 21 21 22 22 22 22 20 18 18 19 22 25 24 22 24 27 26 25 25 25 25 23 22 27 30 32 29 29 31 28 29 30 32 38 40 39 39 38 33 27 24 25 26 25 22 16 22 29 31 27 27 32 32 31 30 23 21 31 32 26 7 7 12 14 14 12 27 45 45 34 16 14 15
22 22 22 21 20 20 21 20 20 21 20 18 18 22 25 24 20 19 20 21 22 22 22 23 23 23 23 25 31 29 24 22 21 24 27 33 36 34 33 34 35 35 31 27 25 23 22 22 23 27 13 13 27 28 29 29 29 29 28 24 23 23 23 22 22 25 28 19 0 16 31 34 32 30 29 28 28 27 30 30 29 28 31 22 8 10 11 17 32 42 49 49 49 36 27 18
18 16 13 14 17 18 16 16 17 17 14 10 8 9 11 16 20 23 23 22 22 22 23 23 23 22 22 23 26 33 32 28 26 25 25 25 27 28 28 26 27 32 35 34 31 29 31 34 32 33 31 30 32 27 27 27 28 29 28 24 21 22 12 12 13 0 7 18 28 33 30 29 30 28 26 26 26 25 26 27 27 26 28 31 19 10 11 13 31 45 47 49 51 54 51 28
13 10 6 8 8 8 12 13 14 13 14 15 13 11 12 17 22 23 23 22 22 22 22 21 21 22 22 23 24 27 31 28 24 23 21 18 17 17 21 25 23 27 34 37 36 34 33 32 29 29 30 32 33 31 29 26 24 25 28 29 23 11 8 9 28 12 0 0 10 29 27 26 26 26 26 26 26 25 25 25 26 26 27 34 24 11 15 13 31 50 47 49 51 53 48 40
23 21 18 15 15 17 20 18 16 15 15 15 17 18 20 21 23 22 21 21 21 22 22 20 20 21 22 22 22 22 23 20 17 19 21 21 22 23 25 27 27 27 30 33 33 31 29 27 26 24 22 22 27 27 26 26 24 23 24 10 1 16 43 18 29 43 23 6 20 28 25 24 25 25 26 26 25 25 26 27 27 28 28 32 15 24 47 45 48 53 53 48 51 54 29 16
23 26 25 23 22 21 20 19 18 20 23 25 27 27 23 21 22 22 21 21 22 22 19 15 13 15 19 20 19 19 21 20 20 25 26 24 22 22 23 25 25 24 23 27 29 29 29 20 14 22 27 9 7 23 23 24 28 32 35 37 17 19 36 29 24 24 33 30 22 22 25 25 25 25 25 25 25 25 27 27 27 29 13 3 9 37 50 48 44 33 39 30 22 27 20 15
23 26 24 23 22 19 14 13 16 20 23 24 23 23 23 21 20 20 21 22 23 25 27 28 26 25 22 21 20 21 23 13 15 22 30 31 29 26 24 25 23 22 22 24 27 28 28 10 3 12 12 6 19 38 31 23 9 27 44 36 17 17 41 51 46 45 37 15 14 21 24 25 25 26 26 26 25 23 24 27 29 27 9 19 28 26 33 21 16 17 18 20 21 21 20 16
30 28 25 22 20 19 22 26 25 22 17 15 15 19 22 23 22 19 20 21 22 23 26 30 29 24 22 22 24 8 0 0 0 0 9 29 31 27 24 26 26 20 16 20 23 27 29 32 22 20 19 18 20 27 27 12 10 36 43 27 23 45 51 38 20 29 33 0 15 24 21 25 25 26 25 24 24 22 23 26 28 29 33 36 18 7 15 19 16 18 19 19 20 20 30 34
35 30 25 22 20 20 24 27 26 24 21 19 21 23 23 23 23 21 18 19 21 22 21 22 24 23 23 26 28 24 22 20 12 3 15 10 9 10 0 0 5 2 0 19 26 20 14 10 20 33 23 20 20 21 36 46 28 23 41 42 40 46 53 51 26 14 23 13 10 23 21 23 25 26 25 24 26 28 26 26 26 29 24 23 8 7 30 42 20 19 22 19 25 46 52 59
28 27 26 26 25 25 25 25 26 28 28 27 24 22 20 20 21 21 20 18 18 19 18 14 20 28 34 29 23 9 15 39 47 38 28 14 6 6 0 3 17 10 22 30 16 19 16 30 49 53 34 20 21 21 19 19 18 33 52 46 43 46 51 47 29 23 35 28 11 23 22 22 24 25 27 30 31 30 27 25 26 27 12 17 35 35 43 52 38 20 20 20 16 30 45 30
26 29 31 32 34 34 32 31 30 32 34 32 27 20 19 17 23 24 11 18 19 22 23 0 0 1 17 25 14 10 18 46 53 48 42 42 45 49 27 16 28 21 19 36 48 56 53 52 53 52 49 27 20 22 22 22 21 24 31 35 40 46 51 57 50 46 48 47 42 27 22 19 21 24 24 24 26 27 28 28 27 27 30 33 17 24 46 50 51 47 40 33 25 15 25 29
25 27 30 32 33 34 34 34 34 34 34 34 33 29 25 3 0 3 0 12 7 12 30 8 6 26 45 52 33 22 35 53 53 52 50 51 46 39 25 20 21 21 22 22 26 43 48 47 51 53 57 44 21 20 21 21 21 21 20 20 19 17 18 24 17 17 20 22 23 9 19 19 2 8 21 23 23 24 26 29 29 27 30 30 11 29 49 49 50 49 51 40 35 38 16 27
26 25 26 28 30 29 28 30 33 33 29 29 29 29 26 9 6 8 7 7 11 9 28 30 30 48 34 31 41 48 52 53 53 55 51 31 23 20 21 21 21 21 20 20 21 45 34 18 23 28 35 29 22 21 19 20 21 22 21 19 14 11 8 11 20 35 41 35 29 22 29 18 0 8 27 25 23 22 22 24 26 28 21 16 12 37 49 48 47 40 22 10 17 36 30 29
40 38 36 33 31 30 30 29 28 28 28 30 32 31 29 32 38 38 30 33 42 20 44 60 49 39 21 17 17 27 51 54 40 42 40 21 21 22 22 21 21 21 21 32 51 52 38 22 21 21 20 21 43 52 43 36 28 20 13 17 18 8 8 20 35 32 33 34 38 32 22 39 36 17 24 28 26 24 9 16 26 23 3 3 8 18 43 49 27 12 11 9 24 31 28 26
28 32 34 32 31 29 27 28 28 27 27 29 33 36 35 35 37 39 37 35 41 32 19 25 19 21 21 20 20 25 25 25 20 18 21 21 21 22 22 22 21 22 22 21 39 56 54 32 21 22 21 24 43 53 53 49 46 38 11 22 28 14 32 34 32 30 30 31 32 37 41 44 37 9 14 27 28 29 17 21 26 16 0 1 9 11 15 18 10 10 6 11 30 29 27 30
20 21 22 22 24 24 25 25 26 26 26 26 28 31 34 34 34 35 36 36 35 38 34 26 23 41 30 25 42 53 55 33 18 17 16 17 20 21 22 22 21 22 22 22 22 25 42 48 26 21 21 20 18 22 44 46 42 28 8 28 33 28 28 28 26 28 28 28 31 31 27 39 43 36 29 18 7 19 34 25 4 13 24 13 7 9 5 11 23 36 15 18 33 29 29 29
20 21 21 20 22 24 24 25 25 25 26 25 26 27 26 24 22 23 25 26 26 29 33 37 38 40 41 24 26 35 44 44 23 15 16 17 20 22 22 21 21 21 22 22 21 22 44 56 53 50 44 23 17 16 24 44 43 43 21 11 27 28 25 26 16 8 24 28 31 21 5 29 45 50 51 47 39 33 32 30 28 28 31 28 14 9 7 28 41 38 36 30 28 26 26 27
21 21 22 22 23 24 25 25 25 25 26 26 27 28 29 28 25 23 25 26 25 25 25 27 31 33 34 34 29 14 8 10 14 17 18 21 22 22 21 19 19 20 21 22 22 21 31 52 54 54 44 19 18 20 19 22 24 28 15 18 25 12 17 26 11 0 16 28 30 27 7 2 12 37 44 43 39 33 31 28 28 26 30 38 21 8 8 15 37 38 33 29 27 28 28 27
21 22 22 22 23 23 24 25 24 25 26 25 25 27 30 33 32 29 26 27 26 25 24 24 26 29 30 31 33 19 3 1 4 9 23 40 39 19 16 15 16 20 22 21 21 21 23 34 42 50 51 33 20 20 20 17 11 15 40 40 30 15 7 3 0 0 8 26 27 32 23 12 24 27 30 32 32 30 29 30 30 9 13 35 14 9 11 12 23 35 32 28 26 27 27 28
21 21 21 21 22 23 23 23 23 24 24 23 23 24 25 27 27 26 25 24 24 23 22 22 24 25 27 28 31 24 0 0 17 32 43 48 49 28 13 13 13 17 21 22 22 22 21 18 28 50 53 47 37 27 21 21 34 44 47 43 44 43 40 36 30 23 28 16 0 2 15 16 15 24 25 27 26 25 25 28 24 5 7 14 12 13 13 11 20 40 34 29 27 28 26 22
21 22 21 22 20 20 22 23 24 24 23 22 20 18 19 21 22 25 23 19 20 26 28 28 24 24 26 26 26 23 13 12 30 43 33 33 39 20 11 13 13 16 20 22 22 22 22 20 37 54 52 54 56 34 20 22 30 37 28 18 21 22 25 31 41 32 18 24 29 15 7 24 15 5 0 11 27 26 26 27 23 17 35 19 13 16 15 11 10 26 34 31 29 16 4 0
21 21 22 24 25 22 20 22 24 24 23 21 19 17 16 15 20 25 28 25 8 11 26 29 29 31 25 14 2 24 22 14 8 14 16 14 16 16 15 15 17 20 21 22 22 20 28 44 50 54 52 54 49 24 19 21 21 19 22 25 19 13 10 14 36 46 23 12 19 37 20 20 32 34 25 5 16 26 28 30 32 36 33 14 12 15 15 11 4 9 19 27 25 2 4 17
21 21 22 24 27 26 20 19 20 19 20 20 21 24 25 20 21 25 29 34 24 22 28 28 25 6 8 5 14 35 25 10 11 13 18 20 21 20 20 21 22 22 21 21 21 21 37 55 52 52 53 53 49 36 29 24 21 20 26 46 49 45 28 20 19 23 22 25 45 40 21 18 15 12 7 2 20 18 20 26 28 31 36 39 29 8 4 5 9 18 12 23 19 4 27 32
20 22 23 24 24 24 22 18 16 17 20 25 26 17 23 28 26 25 27 28 28 27 26 27 27 16 18 29 35 44 48 34 25 20 21 22 22 22 22 22 22 21 21 21 21 24 47 54 54 49 45 51 55 56 54 53 48 27 20 20 21 26 24 20 20 21 20 18 31 29 20 21 18 17 31 39 35 15 12 25 26 28 31 33 31 11 0 21 34 26 16 22 9 9 30 29
19 20 23 23 24 27 29 28 28 31 33 34 29 10 15 25 23 26 28 29 30 29 26 23 32 17 0 0 4 13 25 37 41 26 20 21 21 22 22 22 21 21 22 22 21 27 47 53 55 33 18 20 27 48 53 54 45 22 21 22 21 21 22 22 21 21 22 20 20 21 21 34 38 32 47 51 48 37 4 16 27 26 26 27 31 12 0 25 31 24 11 9 26 29 29 28
18 18 19 17 17 21 26 29 24 14 18 26 28 30 28 26 25 26 27 29 30 34 20 2 27 15 2 5 6 9 11 11 15 21 22 22 21 21 22 22 22 22 22 22 22 21 21 23 27 23 20 19 29 54 56 56 34 20 22 22 22 22 22 22 22 22 22 22 22 21 23 46 61 52 43 24 20 16 6 23 26 27 27 26 27 20 18 29 28 30 31 30 29 29 29 29
23 22 19 17 19 23 24 26 9 0 3 22 31 31 30 28 25 23 26 26 25 29 24 13 11 8 7 9 11 14 19 33 25 21 22 22 21 26 24 22 22 22 22 22 22 21 21 22 21 22 21 21 23 28 35 39 24 21 22 22 22 22 22 22 22 22 22 22 22 22 21 24 30 26 18 16 12 7 11 23 25 26 28 28 27 29 28 28 29 31 31 31 31 30 28 28
26 28 28 29 29 27 26 29 24 24 33 29 30 31 27 23 19 18 24 28 28 28 31 35 36 33 29 23 14 19 24 31 23 20 21 19 21 39 32 20 21 21 21 22 22 22 22 22 22 22 21 22 22 21 20 21 22 22 22 22 22 22 22 22 22 22 22 22 22 22 22 21 21 20 19 18 15 10 4 1 11 20 9 22 26 25 26 25 28 30 30 30 31 29 27 27
