examples/data/proba_v_out_italy/probav_s5_toc_x19y03_20141006_100m_ndvi_v001.txt
ncols         273
nrows         192
xllcorner     12.62996031746
yllcorner     41.659722222222
cellsize      0.0009920634920635
NODATA_value  -9999
[rows 84 to 125 of 192, columns 0 to 94 of 273]
183 176 177 180 184 182 167 176 193 199 192 183 171 169 185 208 215 205 188 197 201 198 196 207 222 227 224 224 214 194 195 203 199 194 193 200 191 178 186 197 196 183 180 182 187 196 213 220 221 226 218 213 196 177 177 181 182 193 188 181 177 173 188 190 182 149 129 175 204 208 203 210 214 204 205 201 173 167 207 221 194 158 164 200 220 219 219 223 226 228 227 219 212 213 209
188 187 181 182 184 192 197 196 203 199 181 169 164 164 180 209 203 185 186 187 183 198 216 224 229 227 223 217 215 222 219 189 163 146 159 185 161 142 131 129 121 106 123 164 186 195 211 209 196 205 217 212 196 184 185 196 188 178 180 178 169 167 180 169 147 144 160 196 211 211 222 229 228 217 205 218 210 199 219 224 219 189 159 168 207 226 228 225 226 229 226 209 205 207 209
183 191 189 187 185 186 198 204 196 193 189 180 174 172 176 187 199 193 190 188 187 216 230 233 231 220 208 192 199 210 211 209 199 180 177 197 199 159 110 102 123 140 161 177 182 187 202 203 178 179 197 200 189 182 178 174 183 186 190 191 189 191 183 173 171 176 181 194 199 201 222 230 220 221 230 228 224 227 222 218 212 177 155 146 181 215 221 220 222 223 205 175 166 165 163
181 183 187 185 182 179 180 198 205 197 192 192 194 188 183 186 196 202 198 176 172 195 206 223 223 202 182 167 171 194 203 202 206 216 214 205 177 145 138 142 154 177 188 185 188 187 190 195 187 179 192 188 191 193 181 166 177 181 181 190 190 198 195 182 175 164 143 158 170 181 215 227 203 195 205 210 206 211 221 205 186 157 147 141 150 193 217 222 227 200 174 162 154 137 136
186 185 195 199 176 166 175 185 197 199 191 183 180 185 192 192 181 181 196 179 170 175 176 183 182 190 190 193 192 188 182 205 212 211 211 209 197 181 175 187 186 186 181 175 182 183 173 191 188 178 190 193 183 196 201 195 187 184 181 181 179 171 173 146 131 127 135 150 166 173 199 223 216 189 147 139 167 195 182 144 138 162 184 206 183 194 202 193 205 188 160 156 160 160 161
185 197 207 201 186 177 181 181 183 179 175 177 180 187 198 185 177 174 188 197 195 167 161 171 185 189 177 177 179 170 153 178 187 179 185 193 192 198 191 196 204 191 181 173 184 189 176 190 195 181 185 198 199 202 202 196 193 190 191 188 180 170 162 152 155 159 152 161 176 181 181 204 210 195 166 139 127 118 99 89 106 146 166 161 165 171 179 142 138 154 156 177 172 166 163
185 195 197 193 190 185 186 180 173 172 172 180 182 187 185 169 173 180 188 190 167 138 170 195 185 161 155 164 163 178 184 178 179 158 161 175 182 181 187 202 206 203 193 178 167 172 179 196 202 192 188 197 192 184 200 186 171 167 173 176 165 167 183 179 159 162 135 128 164 190 174 182 184 165 164 172 147 125 107 91 90 100 123 125 112 113 139 135 123 127 138 165 193 196 171
189 189 194 182 176 185 195 198 190 193 191 183 183 188 190 182 175 184 189 182 168 170 198 183 163 148 144 145 153 200 207 183 183 181 171 154 173 181 182 194 183 187 207 206 189 186 182 178 180 191 194 198 210 209 206 201 188 181 179 176 178 192 167 151 145 150 161 163 173 200 197 172 161 169 165 146 121 129 106 87 95 122 143 124 107 113 122 125 120 123 132 157 174 169 158
186 194 194 179 168 181 194 192 182 185 173 168 181 190 199 200 196 197 191 183 194 200 185 157 142 162 177 172 179 226 219 166 136 137 142 124 148 155 163 178 183 180 202 213 208 202 200 203 187 181 196 201 211 213 201 203 210 196 172 185 206 209 187 162 142 134 149 181 193 202 209 196 197 206 190 150 138 140 135 143 139 136 123 120 153 181 174 149 119 100 116 148 146 136 151
192 185 181 180 183 184 182 165 161 182 184 177 181 184 187 192 184 184 184 192 206 181 139 114 137 187 210 226 250 250 240 184 162 148 115 115 128 121 154 189 200 205 216 211 214 215 211 212 206 180 184 191 186 204 208 204 199 202 208 216 210 196 193 188 177 185 200 211 204 202 214 211 210 219 207 190 204 187 183 200 190 169 151 149 158 176 166 150 131 134 148 154 156 169 184
193 173 168 171 167 160 162 167 165 181 197 189 189 190 196 203 196 182 169 188 206 185 151 156 170 182 202 236 250 250 250 183 167 148 138 132 123 108 106 117 127 168 203 207 212 213 202 207 217 200 177 183 194 194 195 206 189 188 207 213 211 203 201 198 201 218 226 222 215 212 218 221 224 224 223 222 215 205 186 181 192 175 149 131 142 152 153 158 151 159 176 188 189 183 178
168 136 143 176 193 184 173 179 179 178 189 196 198 196 195 192 187 174 166 197 196 162 148 164 186 226 250 250 250 250 250 200 160 138 125 119 111 99 114 122 126 140 189 205 199 191 189 198 209 204 192 188 203 195 188 200 198 180 189 203 209 218 212 187 194 223 226 210 213 219 221 223 229 231 227 206 186 184 189 196 202 191 152 127 140 153 165 180 183 171 164 172 187 184 176
164 151 159 186 197 194 183 175 182 182 190 201 197 197 212 218 215 204 198 208 187 143 140 165 189 250 250 250 250 250 250 249 192 158 140 120 105 86 88 99 107 121 132 166 198 201 195 197 199 198 192 189 199 200 197 201 211 204 193 194 194 190 194 197 195 201 199 198 215 223 225 226 228 231 229 214 202 204 212 217 208 202 185 161 165 179 171 173 167 164 167 169 186 197 186
180 172 180 200 198 191 197 191 184 186 182 183 196 210 216 213 215 214 205 197 183 147 145 177 227 250 250 250 250 250 250 250 223 175 143 122 102 85 87 95 107 113 126 145 157 210 219 217 210 201 205 209 216 218 210 197 204 207 196 192 199 186 184 190 184 188 202 210 217 221 216 209 195 207 222 224 225 231 232 229 216 195 201 206 207 202 181 164 141 136 164 181 176 187 191
199 187 182 200 215 211 204 183 176 175 190 204 199 220 228 212 202 214 216 202 181 168 179 203 250 250 250 250 250 250 250 250 185 152 129 111 91 80 85 99 108 111 119 141 166 192 192 209 214 209 219 228 230 226 219 213 212 210 199 176 165 188 185 171 175 206 231 226 219 220 222 216 198 197 223 230 230 226 222 223 224 225 221 214 208 213 197 171 164 176 186 179 164 162 180
188 167 166 190 199 196 199 205 192 172 185 209 208 212 222 217 216 210 203 210 198 176 165 173 228 250 250 250 250 250 250 231 172 141 114 105 91 82 89 102 111 116 115 120 131 152 167 157 183 205 219 223 221 224 226 227 227 227 216 169 140 166 190 180 182 210 229 222 213 216 223 222 215 205 206 216 224 221 219 222 207 223 226 211 201 211 208 188 172 181 194 183 159 146 161
182 179 181 168 166 179 186 197 204 198 196 194 197 200 205 205 216 178 158 191 208 197 178 166 187 250 250 250 250 250 250 213 168 138 124 103 89 79 90 102 110 112 108 107 117 130 142 146 145 130 145 163 172 201 222 230 231 234 236 213 167 167 185 172 171 183 210 217 209 210 213 216 222 224 222 221 223 230 224 210 189 204 215 213 206 210 215 215 196 180 170 161 155 160 169
191 184 192 188 184 200 190 188 200 206 198 194 201 204 196 196 204 199 166 170 198 200 175 173 162 162 241 250 250 250 250 201 164 140 112 96 87 79 84 92 97 103 108 107 107 117 126 129 137 138 141 152 153 160 202 224 234 238 240 235 212 180 173 165 147 152 192 201 199 203 207 215 217 221 219 217 223 233 231 220 213 218 217 216 215 217 218 221 211 196 177 156 155 172 171
201 195 189 190 196 192 174 179 193 206 203 197 202 217 215 209 209 205 179 166 196 220 218 206 189 174 178 227 250 250 250 192 156 126 107 98 86 77 82 84 90 100 105 103 102 105 109 119 123 117 114 112 126 130 167 219 233 233 234 235 226 202 181 172 173 178 196 207 208 206 202 206 208 209 213 217 230 238 237 228 224 226 229 227 223 217 215 211 208 207 203 191 191 196 180
201 199 199 200 197 179 170 178 195 205 206 206 202 202 216 221 216 214 203 178 187 202 199 205 212 204 187 188 250 250 232 175 145 124 103 94 86 77 85 90 90 95 97 100 95 97 102 115 117 118 120 112 110 110 145 206 229 229 229 233 231 219 204 194 204 215 213 211 209 208 190 193 210 208 210 222 234 238 232 225 227 235 236 234 229 220 213 207 213 220 215 212 209 197 187
199 202 207 193 178 169 180 183 188 210 212 201 198 197 212 225 223 196 155 140 147 156 177 195 196 190 198 191 249 241 197 170 138 117 99 90 81 77 83 83 85 90 89 94 97 97 97 102 105 107 108 107 108 125 143 181 222 230 231 234 234 232 224 205 192 212 212 190 181 190 202 204 209 210 213 224 229 231 228 225 230 237 233 225 217 213 216 218 215 213 211 213 212 210 212
191 179 200 192 171 177 192 173 146 162 198 202 204 196 196 212 225 195 136 149 145 133 180 200 158 154 190 198 218 176 161 152 131 110 94 87 79 73 78 78 78 82 86 87 92 94 91 92 92 94 94 95 103 114 117 159 214 230 236 235 226 219 219 219 212 216 204 165 175 195 201 206 210 214 220 227 229 233 232 232 236 233 224 217 214 217 225 228 218 217 214 214 215 218 224
204 204 214 205 182 180 192 188 167 137 159 213 233 221 220 209 190 177 150 128 143 144 178 203 171 171 192 204 218 178 166 156 131 110 91 85 79 76 81 81 81 82 86 90 92 94 92 92 92 94 94 94 97 112 117 155 212 229 231 231 224 208 188 200 215 220 216 203 203 207 211 215 218 223 230 235 236 236 235 235 236 227 217 216 217 221 225 225 223 227 228 226 224 224 225
209 217 218 204 181 189 203 199 192 187 196 210 222 219 207 175 151 161 172 149 151 162 176 214 214 197 193 217 202 189 161 151 131 105 91 85 82 79 81 81 83 85 85 90 92 94 92 92 97 94 94 97 95 97 118 151 212 227 231 230 200 187 191 200 209 220 221 214 210 209 215 220 225 229 234 238 238 236 234 234 231 222 219 217 215 220 224 223 221 224 228 229 230 227 225
184 201 197 190 185 189 202 189 187 205 212 210 202 201 187 163 149 153 179 175 166 187 169 179 202 200 185 157 190 191 163 147 126 107 91 88 82 81 83 83 85 89 89 90 92 92 91 95 95 94 97 99 91 94 120 157 206 222 229 224 200 196 215 229 224 227 227 214 204 203 211 222 227 231 235 236 234 234 232 229 225 220 219 219 220 225 229 228 227 225 225 225 225 226 229
166 185 179 163 173 188 189 185 193 206 205 195 192 179 159 149 141 130 133 142 157 184 188 189 196 216 214 203 196 195 161 138 126 107 101 92 86 80 84 85 85 89 89 90 90 90 94 95 97 97 102 103 97 108 119 144 199 224 228 234 235 234 235 232 228 229 227 211 195 184 201 222 225 231 236 236 232 231 230 226 221 218 219 221 225 224 226 226 226 228 225 223 221 221 225
144 163 175 169 168 182 192 187 187 189 187 188 195 195 175 165 155 135 124 149 182 199 206 196 167 161 206 227 221 202 165 148 132 118 103 96 95 84 84 87 85 85 89 97 97 92 94 95 97 97 100 106 103 108 125 140 204 228 231 234 238 241 238 233 228 228 228 226 222 212 199 197 210 229 237 234 227 224 222 221 218 220 224 224 221 217 218 220 221 222 223 223 219 218 223
164 164 171 188 187 164 163 175 178 174 170 174 164 170 183 182 184 187 165 156 185 199 201 197 186 180 193 219 233 232 194 156 143 134 119 107 98 90 89 89 87 91 95 97 97 100 100 100 102 102 103 103 106 109 122 143 203 227 233 235 233 232 234 236 235 234 232 228 223 219 218 210 212 225 233 229 222 217 216 216 217 218 217 220 222 222 222 222 221 220 220 219 217 219 227
180 169 158 172 185 178 181 188 185 169 167 179 185 186 185 177 167 161 148 156 178 197 208 207 198 187 171 175 224 236 215 172 151 142 121 109 97 92 92 90 93 95 97 97 98 100 98 98 100 106 109 108 108 109 108 153 210 229 231 229 235 242 240 234 230 229 227 223 218 221 227 230 232 229 224 221 218 213 218 216 214 214 215 221 226 225 225 224 224 221 219 217 219 224 224
195 195 160 151 181 196 188 178 171 155 160 180 189 184 164 148 133 116 117 148 184 205 213 211 203 200 209 207 209 215 227 215 189 155 130 111 100 93 95 95 93 97 97 98 100 100 98 97 100 106 109 109 103 99 118 179 216 229 225 227 228 227 220 198 187 202 221 225 213 217 229 232 228 222 219 222 220 217 219 220 218 219 222 224 224 223 222 222 222 220 218 216 217 214 213
190 198 189 180 194 198 169 154 159 159 149 141 149 170 185 173 160 149 138 145 175 189 194 199 208 209 223 220 209 208 217 223 219 204 176 135 111 114 116 116 114 107 107 108 113 102 100 103 112 111 112 107 108 111 152 203 221 227 225 227 230 228 222 200 192 215 220 191 184 221 226 222 214 214 219 224 226 228 227 224 222 220 221 222 220 218 220 220 218 217 215 211 215 216 214
204 173 171 179 189 186 153 157 179 186 163 140 166 196 206 192 167 169 152 136 121 113 163 187 188 199 213 216 218 220 219 214 220 228 211 183 150 142 129 136 142 144 135 126 123 117 123 128 122 126 119 115 114 155 204 218 220 225 221 221 216 191 211 229 226 222 188 191 192 204 215 215 208 214 217 215 219 222 219 221 224 225 223 222 219 217 217 217 216 216 215 215 215 216 217
214 174 170 170 175 172 159 177 190 194 177 162 176 187 190 180 158 142 139 128 123 124 145 170 171 185 201 206 210 210 193 165 164 204 222 219 216 207 199 197 196 194 189 189 201 210 206 201 181 170 183 181 169 181 198 205 208 215 225 200 183 191 219 226 213 206 209 198 171 176 203 206 203 201 206 207 212 214 213 216 221 223 221 218 217 215 215 215 216 215 213 211 211 212 216
219 196 177 166 165 174 171 171 184 178 173 179 195 191 175 163 146 138 138 136 139 142 142 143 153 185 198 193 189 193 191 164 143 157 190 196 209 221 225 224 225 229 226 222 216 217 221 217 206 201 202 198 197 199 207 213 216 210 201 168 178 214 222 204 187 170 190 188 182 193 203 198 192 197 210 216 219 221 221 220 221 220 220 219 217 216 217 217 216 213 212 213 214 215 217
198 179 178 185 186 182 182 186 184 180 190 193 198 190 187 191 169 168 171 155 132 127 133 130 130 145 154 160 166 179 197 198 190 189 195 192 197 212 227 242 245 239 235 234 229 224 221 218 215 214 213 212 211 215 220 217 219 219 211 196 201 221 226 216 207 196 175 177 184 183 195 208 215 213 208 214 222 226 226 226 227 226 226 227 226 222 221 220 217 213 213 215 216 216 217
175 167 183 197 197 188 172 181 181 189 193 171 185 195 192 194 185 171 162 138 129 135 140 137 143 133 132 166 172 152 143 156 163 152 183 202 218 239 244 243 243 240 232 220 210 204 210 214 212 212 214 219 216 211 213 216 215 194 187 204 214 222 219 211 207 210 207 179 187 192 198 212 209 218 222 224 228 232 233 229 230 232 230 228 229 228 226 225 221 216 214 214 216 215 217
168 174 188 194 190 188 172 164 166 175 178 159 150 165 158 155 146 133 145 142 143 164 176 185 194 171 139 120 105 94 91 98 131 163 181 153 186 227 228 224 233 241 238 230 221 215 218 219 223 220 221 230 228 224 220 218 215 206 191 193 203 207 204 191 190 186 187 184 200 207 216 223 224 230 233 234 235 238 240 240 238 238 240 242 238 234 232 231 228 222 219 225 223 218 215
174 174 181 189 172 183 173 144 154 159 149 150 146 147 156 147 134 123 126 145 145 133 177 218 220 200 143 93 78 79 80 94 141 174 164 149 181 196 193 200 226 243 244 240 229 226 235 236 234 229 228 234 237 232 223 197 189 197 205 211 203 198 205 205 202 187 193 203 209 216 226 230 232 233 236 237 237 238 242 243 238 234 230 231 234 233 232 230 231 229 225 228 228 219 218
141 158 168 173 164 152 168 168 154 156 159 160 143 132 133 131 128 139 143 160 182 172 190 217 219 194 149 107 81 75 80 94 114 127 145 154 162 174 208 229 225 225 236 242 231 227 235 239 235 233 232 230 228 217 209 188 180 192 200 207 201 196 201 207 190 193 196 202 212 224 232 237 237 228 223 226 229 231 234 230 228 232 234 234 236 232 224 224 227 223 211 212 218 215 210
159 171 174 174 170 171 176 157 147 161 165 134 133 156 159 161 162 161 158 161 168 181 185 181 185 163 133 117 96 83 77 91 102 104 127 141 155 168 196 223 214 207 216 224 218 214 231 231 228 228 226 205 183 160 167 208 205 201 200 201 207 213 203 194 186 191 196 214 223 229 235 241 235 216 208 211 216 217 224 231 230 232 236 236 234 231 224 216 214 209 196 200 207 197 182
185 179 181 185 180 181 176 155 147 140 139 134 140 163 151 149 143 144 157 165 151 143 149 143 127 102 104 112 120 104 81 95 102 93 103 113 149 162 175 199 207 208 212 211 206 201 206 210 202 207 210 181 151 155 170 178 188 201 192 204 213 210 209 205 201 185 203 223 224 232 238 235 224 204 201 205 208 208 214 222 230 235 236 234 231 233 234 228 217 209 202 193 187 177 170
174 176 183 188 184 170 170 178 187 187 167 151 146 149 143 144 144 156 163 168 165 145 121 112 105 100 109 122 132 127 106 108 141 112 81 85 124 148 162 193 219 228 234 235 226 219 210 201 187 195 175 158 165 188 182 160 182 218 215 221 222 207 200 204 207 205 217 226 230 235 235 225 211 200 201 204 203 200 201 207 224 235 237 235 231 231 231 227 215 199 187 180 173 162 180
