examples/data/proba_v_out_italy/probav_s5_toc_x19y03_20150606_100m_ndvi_v001.txt
ncols         273
nrows         192
xllcorner     12.62996031746
yllcorner     41.659722222222
cellsize      0.0009920634920635
NODATA_value  -9999
[rows 0 to 41 of 192, columns 0 to 95 of 273]
148 165 145 108 103 98 95 103 113 119 117 119 120 122 130 157 158 137 133 135 139 141 130 114 109 108 113 132 153 167 162 150 143 138 134 135 137 142 150 160 140 108 96 119 153 165 155 146 139 137 137 137 138 141 143 144 149 138 150 129 109 96 67 62 55 40 35 40 52 64 69 81 99 119 139 146 150 156 161 149 146 147 154 155 147 146 154 173 181 155 134 138 148 164 184 193
119 125 128 112 99 95 88 94 109 123 124 121 112 104 104 117 137 155 157 143 130 133 141 130 114 119 125 145 169 180 173 158 144 141 145 154 150 142 142 150 132 129 136 138 151 152 137 120 115 120 130 137 137 137 148 147 146 145 147 123 91 85 70 49 43 39 33 29 37 46 51 59 82 112 130 131 131 123 132 143 150 155 158 170 168 152 163 164 148 147 148 149 167 180 187 183
94 94 100 107 108 104 105 107 109 114 120 122 117 110 108 113 130 158 161 153 155 151 135 119 114 120 140 163 170 161 148 144 133 121 129 154 155 133 126 134 137 146 148 145 142 132 124 116 114 119 127 142 145 141 147 142 136 128 121 104 68 75 64 42 37 37 35 35 40 43 47 51 61 70 104 125 128 137 151 153 155 159 153 149 151 145 125 97 84 110 140 143 166 163 146 128
102 116 123 125 115 98 95 108 112 118 127 125 118 117 117 115 126 148 157 153 147 145 127 85 74 92 127 157 147 133 129 138 142 138 138 143 153 150 125 127 142 151 151 148 143 138 138 139 145 147 151 159 153 141 151 160 141 127 123 112 82 71 59 53 53 60 56 48 40 40 48 42 50 84 140 148 133 135 155 163 156 154 130 102 87 91 100 96 83 103 140 145 146 148 134 128
104 111 115 103 98 107 95 107 118 121 125 120 123 127 123 119 119 134 153 163 163 153 144 117 81 78 104 135 135 131 129 141 145 140 141 136 145 162 153 147 145 143 145 151 146 146 142 137 138 147 158 165 162 147 171 178 164 154 131 118 89 76 84 97 108 103 77 59 52 41 36 37 54 97 149 150 138 135 132 142 151 136 84 59 55 56 61 69 80 92 121 138 129 134 140 135
106 104 113 81 77 92 86 107 115 107 109 115 118 117 112 103 99 117 143 160 159 151 157 130 95 83 83 118 139 135 134 146 146 146 149 138 129 148 164 161 153 143 152 156 141 137 134 136 148 153 160 167 174 170 163 160 155 163 166 155 139 129 135 133 104 74 54 46 47 43 44 52 74 121 147 148 147 149 146 160 165 135 88 57 60 70 83 108 131 121 122 154 150 136 134 141
111 97 94 88 81 74 65 65 76 78 95 119 119 111 108 104 103 115 132 136 132 124 130 114 98 102 112 107 107 138 158 159 158 150 129 122 130 136 155 173 176 167 164 177 171 157 163 154 153 158 162 159 160 161 155 141 115 128 144 149 150 150 141 123 81 54 44 40 43 47 45 61 103 141 141 149 156 157 149 144 149 128 101 98 124 138 145 146 154 153 136 141 139 127 136 147
116 107 104 91 77 76 60 47 52 75 78 106 125 112 106 106 105 107 106 96 104 122 109 84 101 105 114 106 86 125 168 174 165 152 136 130 138 140 147 167 178 176 173 173 179 172 165 159 161 150 150 158 163 160 143 132 131 143 142 153 159 149 145 129 86 55 47 50 58 79 111 108 128 149 149 146 146 149 142 130 140 141 129 127 151 153 133 137 153 140 131 145 148 138 139 143
121 111 115 102 83 74 64 47 58 91 101 111 117 110 107 107 104 117 120 110 118 140 127 99 103 105 124 151 131 116 153 163 147 141 150 156 153 148 150 160 162 164 160 159 166 157 148 153 152 128 134 147 154 158 153 146 154 165 165 169 165 156 152 142 116 81 74 88 103 133 148 146 144 142 136 126 119 121 142 148 146 148 148 144 150 152 134 123 141 126 113 109 102 107 122 131
115 104 104 101 102 106 100 95 102 104 112 115 119 124 127 123 111 106 124 134 148 164 158 150 129 102 99 135 152 127 130 142 132 135 154 163 155 150 152 160 157 155 153 150 153 160 164 164 168 156 144 143 136 148 170 174 176 174 164 154 151 150 148 144 134 130 126 139 156 159 156 150 146 143 134 121 115 130 155 153 138 138 141 133 142 141 113 95 109 124 100 76 62 60 89 121
90 97 107 106 100 100 99 94 99 107 130 129 122 131 139 139 126 102 88 112 153 170 164 160 141 120 93 92 133 123 112 136 149 157 162 163 151 139 138 163 168 155 150 157 168 173 169 154 156 161 161 146 127 162 184 183 182 180 172 161 153 151 148 144 141 141 142 142 148 151 150 151 153 160 157 147 138 142 151 138 114 127 130 126 152 153 111 111 119 105 93 88 73 64 79 110
92 92 107 118 112 100 93 87 92 122 158 147 126 128 140 144 122 95 91 108 130 157 156 143 136 115 86 83 94 105 112 135 163 168 169 164 158 150 141 144 148 152 143 139 158 178 175 163 159 163 169 169 157 174 182 182 175 169 165 163 157 152 147 142 138 134 133 138 151 153 150 151 157 170 181 176 158 144 150 144 122 120 135 137 168 191 143 130 153 155 118 98 94 107 129 131
97 93 91 97 112 124 125 121 118 116 123 124 122 127 142 155 140 101 103 112 110 125 154 160 125 85 54 73 100 130 165 156 161 167 170 171 172 176 171 157 146 144 127 119 131 164 176 179 167 155 152 168 174 150 132 164 170 169 171 168 155 146 144 144 130 113 110 119 134 144 154 162 172 176 179 196 183 152 133 146 148 148 157 156 158 185 178 163 160 138 136 147 141 129 131 128
92 98 97 100 109 129 130 134 143 129 111 121 142 141 137 153 150 125 114 101 95 91 105 154 129 86 95 136 156 151 155 144 135 149 161 167 166 166 168 160 140 120 110 117 131 137 154 187 179 158 150 156 165 168 148 144 159 182 197 192 168 152 143 160 169 150 144 148 159 163 166 169 178 179 181 201 185 161 146 140 157 161 158 158 163 172 161 151 148 154 157 149 141 136 116 95
104 130 122 109 111 123 114 115 117 116 126 132 145 144 133 139 141 135 129 115 102 100 121 157 159 144 140 157 161 141 129 119 119 139 136 152 160 160 158 152 141 129 124 138 149 130 129 157 162 157 147 144 150 161 146 145 160 176 191 196 184 168 165 178 182 180 181 183 189 180 167 160 156 155 172 189 193 188 169 155 153 151 151 155 160 146 124 146 154 147 139 139 144 135 89 60
103 116 128 124 114 112 109 99 101 113 128 129 128 138 149 161 164 152 138 134 125 124 168 178 168 164 150 138 145 157 158 165 162 152 136 134 141 151 145 116 91 128 153 156 160 164 138 139 156 165 158 149 154 163 158 156 163 170 182 194 172 170 176 182 187 184 179 178 180 176 169 177 166 131 141 175 189 184 173 156 161 175 183 185 179 161 155 172 156 128 102 99 125 105 70 57
122 112 130 149 143 140 138 127 120 124 136 138 138 158 172 187 190 180 158 143 116 107 147 171 166 155 148 138 134 154 165 163 171 165 143 118 118 138 139 120 109 142 159 157 154 157 147 140 149 156 147 144 159 166 164 158 154 146 157 172 164 161 171 177 176 169 164 166 161 160 158 168 166 156 161 185 183 162 147 144 152 142 163 183 182 176 173 179 156 103 63 50 59 64 52 53
166 171 164 164 158 151 137 137 133 125 128 134 143 144 144 173 178 157 145 146 128 123 112 96 103 120 123 126 135 146 153 153 152 152 149 135 126 128 132 146 156 157 154 147 149 156 153 141 148 157 159 159 154 135 144 148 144 137 140 153 154 150 161 167 155 137 141 171 173 162 152 145 138 140 169 204 202 183 162 155 146 125 153 168 172 173 167 159 134 83 46 42 58 49 36 38
137 164 164 162 160 144 118 127 127 119 123 135 142 130 130 148 126 99 106 138 142 135 123 95 94 117 100 77 86 127 161 151 137 139 155 161 150 139 139 149 165 171 165 162 158 143 143 132 130 141 144 146 144 127 135 168 178 166 161 177 175 164 166 172 165 144 142 161 185 181 160 135 124 134 176 208 209 187 168 170 160 146 155 162 171 179 175 162 135 101 64 47 48 51 40 37
133 155 152 146 142 130 120 130 138 139 142 142 132 128 132 137 124 110 115 139 149 142 146 128 129 143 125 87 79 111 157 166 153 140 149 171 174 160 155 155 152 151 155 166 151 128 136 152 143 134 140 159 176 169 154 155 166 173 173 171 166 181 178 192 198 177 165 162 170 173 166 146 125 128 156 172 171 157 151 162 167 156 149 141 130 133 121 124 138 133 81 60 67 83 66 46
141 157 149 131 125 124 118 125 140 146 137 118 109 111 117 129 136 125 120 132 140 143 140 131 142 155 164 154 138 135 147 158 153 131 137 181 198 177 167 159 157 151 147 151 140 137 148 154 140 127 128 142 157 161 154 146 145 154 169 177 165 158 177 193 196 182 167 158 162 167 166 154 135 134 150 157 146 139 147 163 175 173 159 122 83 68 66 80 122 157 136 120 119 135 130 94
139 147 136 122 119 124 118 118 128 134 129 121 117 121 127 134 141 124 108 105 118 138 142 144 143 135 153 162 153 138 137 140 138 134 145 175 200 205 203 190 182 168 155 144 132 134 147 136 116 115 136 158 158 151 148 143 139 153 183 193 186 181 185 188 181 177 185 191 182 170 164 156 153 160 171 169 149 136 141 137 142 150 140 111 69 55 59 62 80 125 152 147 144 156 148 103
139 136 121 117 124 129 118 107 114 125 124 120 123 117 110 109 115 111 111 101 109 136 151 152 145 139 161 161 157 156 141 130 131 135 138 141 154 174 186 176 160 153 137 126 122 127 144 133 120 121 140 170 178 173 173 165 150 153 171 189 193 197 192 181 177 177 188 193 184 183 186 169 156 159 170 164 153 141 127 115 129 138 142 135 116 91 82 79 84 142 177 171 159 157 161 144
123 109 113 120 124 128 117 109 107 103 116 128 124 109 110 120 127 130 133 125 139 162 165 158 179 159 142 143 147 177 147 120 135 145 138 130 125 129 141 147 145 150 147 122 100 112 137 143 142 140 140 155 187 172 171 162 140 137 141 161 181 179 186 190 185 189 191 188 174 181 199 198 182 171 171 168 170 155 132 131 150 150 148 127 124 136 118 105 123 175 192 178 160 152 153 140
118 86 95 106 111 119 118 129 128 114 118 121 120 106 102 113 128 128 115 120 147 171 166 150 151 150 142 134 134 151 140 137 142 147 143 140 136 136 138 129 110 112 126 134 126 121 131 145 151 143 144 148 169 173 168 148 131 138 159 164 183 196 193 191 171 167 179 188 178 174 187 193 182 179 182 181 169 155 148 143 150 158 156 155 160 155 155 169 170 173 175 176 169 153 150 151
122 93 86 90 96 111 128 135 117 80 82 108 121 115 101 100 124 143 127 117 135 149 146 138 146 167 159 138 125 127 138 154 137 118 126 131 121 120 143 152 125 100 104 128 156 173 175 174 172 165 157 137 153 177 173 162 147 153 173 183 174 170 170 177 181 166 138 147 162 150 164 179 188 199 197 173 145 135 123 113 135 141 146 159 177 170 168 180 176 171 164 161 161 159 164 170
149 131 101 99 109 112 125 127 112 88 83 119 129 104 95 102 124 149 158 157 164 164 152 141 137 139 141 137 130 134 153 170 154 123 127 134 119 121 151 157 130 103 103 98 101 131 173 183 191 173 162 170 174 179 184 184 175 173 171 177 168 153 148 164 178 181 175 159 156 154 173 194 181 193 199 172 132 124 120 127 140 126 128 151 180 176 163 170 177 175 169 166 173 181 181 175
134 145 128 108 109 113 111 106 108 127 122 114 108 100 107 125 142 159 173 183 185 180 159 138 123 123 145 153 142 131 138 154 161 154 138 129 137 149 157 138 118 104 99 89 94 106 147 178 193 195 169 148 152 164 173 181 163 155 174 185 179 164 153 147 161 170 178 185 180 177 181 194 187 192 187 161 135 120 121 142 145 127 128 144 170 177 166 163 155 168 178 174 176 189 177 160
134 138 129 101 99 124 125 112 108 107 115 117 104 110 128 149 161 176 176 140 126 150 128 116 121 138 173 163 156 147 142 154 170 181 174 147 133 132 142 144 116 91 89 109 129 130 145 157 175 188 167 134 118 130 148 141 128 132 167 191 180 181 178 157 142 152 161 164 168 174 184 184 178 176 164 132 115 114 111 109 115 126 123 114 118 143 154 150 139 157 160 154 156 175 175 167
145 133 133 126 129 140 140 123 122 123 110 111 110 110 137 149 158 165 155 123 103 123 132 122 132 156 168 156 170 170 157 150 155 173 176 160 140 133 143 137 118 104 100 114 126 137 156 158 160 170 175 164 123 97 102 122 136 131 139 172 187 186 178 155 144 154 162 154 150 160 174 170 177 172 166 164 155 134 127 132 131 116 93 71 66 83 99 110 131 163 172 172 160 167 183 182
137 133 134 139 151 161 155 142 132 126 117 110 114 119 140 148 145 139 128 121 126 139 137 121 134 149 175 172 152 153 157 158 156 158 161 163 148 140 147 139 127 117 116 114 116 125 158 188 185 177 155 145 137 123 139 175 172 146 132 136 145 160 175 174 173 181 179 167 161 164 168 170 186 199 205 197 187 197 177 144 107 83 66 57 58 61 67 81 120 151 162 163 140 153 176 190
119 134 150 149 150 149 144 140 141 145 134 100 108 121 141 151 138 132 117 121 153 152 142 144 150 160 195 174 130 119 146 166 174 179 186 179 148 129 130 136 135 111 121 136 148 155 180 199 202 197 186 161 150 165 186 178 140 125 123 103 102 149 184 187 187 191 183 178 175 169 175 182 200 220 214 200 200 192 159 107 61 52 55 52 51 45 46 65 104 123 134 132 131 163 177 187
147 142 139 135 144 154 150 145 145 146 140 119 116 127 144 145 128 117 125 144 153 135 126 143 145 157 182 161 146 134 141 149 158 177 198 206 192 166 150 138 124 127 154 157 161 166 151 157 188 201 189 170 151 163 170 143 113 111 114 105 112 160 189 195 191 185 173 174 171 172 183 192 212 218 195 178 178 150 110 70 51 51 54 50 50 59 71 86 106 117 127 134 153 186 197 199
178 156 141 147 147 156 165 161 149 145 161 155 141 140 145 134 126 139 151 148 161 140 123 143 164 151 163 167 139 129 136 147 158 171 188 202 206 186 157 157 144 140 152 153 151 154 142 136 165 188 188 175 163 160 152 142 120 108 120 137 155 181 201 206 204 201 191 173 171 184 201 206 208 199 177 163 132 87 64 55 51 55 52 43 58 83 103 100 106 119 142 166 153 173 191 194
130 103 122 147 148 147 164 169 160 152 167 169 138 142 146 135 140 175 181 171 185 175 143 138 158 158 165 148 122 129 145 140 141 156 171 186 198 205 194 182 166 154 154 153 149 150 144 131 137 166 170 153 139 139 147 177 174 139 135 175 189 190 202 213 214 209 196 183 182 184 195 196 193 189 167 157 143 114 85 61 48 40 39 50 67 87 93 93 98 110 134 143 137 162 171 173
102 86 107 137 141 138 150 151 156 144 138 140 117 142 153 148 160 187 187 174 159 141 128 128 136 154 170 160 146 140 136 116 99 114 145 162 166 185 194 193 190 186 192 179 158 144 133 140 138 164 179 147 111 117 152 188 183 165 153 182 188 172 184 200 203 185 157 158 165 176 183 179 190 198 179 164 155 115 74 55 45 44 49 53 66 106 108 106 117 128 134 128 127 136 145 136
101 103 120 139 143 141 137 135 138 150 145 148 153 157 151 132 136 157 165 153 145 151 161 163 158 158 170 174 171 161 137 113 103 117 159 171 165 172 182 192 189 181 178 169 155 144 137 136 134 154 159 150 149 163 171 165 147 137 133 171 167 143 154 173 186 185 172 178 168 180 184 188 206 209 182 178 169 112 59 41 37 39 38 39 53 96 138 127 151 179 174 138 139 137 134 140
101 114 111 103 112 137 138 133 137 153 162 167 176 173 156 131 134 154 162 161 169 177 188 177 142 114 139 159 167 168 150 161 170 167 166 172 172 166 156 154 173 174 171 164 153 152 136 100 95 130 116 121 147 170 183 182 161 137 137 174 202 200 189 177 168 176 181 173 149 172 187 198 205 191 164 171 184 144 78 49 40 39 43 47 55 84 114 105 130 157 144 135 144 143 137 137
109 109 113 109 112 136 154 163 154 151 146 136 153 160 152 147 163 179 190 188 181 166 163 158 151 142 136 138 141 137 136 172 203 179 160 162 164 172 161 149 158 174 180 181 165 151 142 103 100 133 132 100 85 106 134 151 149 138 149 162 183 199 208 214 218 217 208 190 166 164 189 215 209 175 158 151 132 105 63 41 40 41 51 61 73 98 114 121 139 152 140 154 167 170 172 170
119 91 83 101 104 118 139 152 142 135 139 148 162 162 160 163 182 189 185 186 172 160 157 162 160 157 159 154 131 134 147 174 207 175 144 153 172 180 172 156 153 168 185 184 174 150 145 148 142 150 164 134 102 114 107 109 126 150 181 169 168 195 217 223 222 217 207 203 201 196 198 208 206 171 148 124 97 80 53 44 47 60 94 110 100 97 115 147 178 193 186 177 179 189 200 198
128 109 97 102 112 122 126 140 150 138 135 150 160 165 163 158 166 156 141 154 169 177 179 175 168 165 163 160 142 126 141 175 193 189 187 188 179 169 156 138 157 146 127 118 137 142 149 158 134 95 103 97 89 99 109 117 135 180 213 191 169 165 188 214 225 228 224 209 204 205 189 203 198 162 125 103 76 60 51 49 59 96 165 148 95 96 127 165 185 204 204 207 214 216 213 220
128 142 133 137 132 121 117 112 122 143 153 170 175 173 179 174 167 155 138 137 155 173 180 161 159 178 178 163 149 134 135 154 162 163 168 178 179 173 168 169 176 145 113 112 132 144 135 140 109 79 80 73 76 80 96 117 137 191 229 230 208 184 196 217 225 227 215 166 165 195 194 209 211 159 108 78 58 58 58 60 72 114 181 179 137 151 189 207 209 212 217 224 231 232 231 226
