examples/data/proba_v_out_italy/probav_s5_toc_x19y03_20140906_100m_ndvi_v001.txt
ncols         273
nrows         192
xllcorner     12.62996031746
yllcorner     41.659722222222
cellsize      0.0009920634920635
NODATA_value  -9999
[rows 42 to 83 of 192, columns 0 to 94 of 273]
114 143 129 122 128 123 118 117 126 166 185 176 171 182 199 183 160 155 158 165 157 153 150 134 152 176 175 156 131 114 133 162 184 210 226 216 202 199 197 188 178 169 128 137 167 137 113 104 74 72 76 63 73 68 94 122 129 170 214 233 238 236 238 243 240 235 204 162 175 219 223 220 228 224 226 221 223 232 227 212 208 217 214 190 181 215 239 244 246 249 250 250 250 250 250
106 137 165 162 162 157 150 136 132 171 196 201 193 186 187 178 146 141 162 185 172 153 150 150 155 170 168 161 145 134 138 156 181 206 210 196 182 179 176 178 190 203 200 183 166 134 101 88 73 72 71 63 67 70 129 177 185 191 200 196 218 241 248 248 241 234 235 227 214 222 225 210 206 213 219 224 221 217 220 224 220 202 190 175 188 224 238 244 246 246 250 250 250 250 250
127 124 145 162 163 168 171 165 165 185 203 213 208 190 182 188 169 177 185 193 197 190 175 164 165 159 154 167 169 166 165 168 185 207 198 175 165 164 166 178 188 188 190 216 208 154 134 116 109 112 112 83 91 125 168 198 207 213 212 203 220 236 246 250 244 238 243 245 232 218 227 238 230 220 213 206 196 195 217 233 226 205 209 216 213 221 233 243 245 246 249 250 250 250 250
134 137 153 159 160 161 165 171 171 179 197 205 190 171 149 152 171 197 199 195 189 195 195 174 162 173 177 173 176 170 161 156 164 175 170 160 145 152 178 194 186 186 193 193 175 158 158 150 144 146 148 130 157 174 170 182 214 232 242 246 250 250 250 250 245 238 231 227 225 216 212 220 231 232 228 211 192 191 202 204 221 225 226 243 240 237 237 239 242 244 246 250 250 250 250
140 155 180 185 175 162 173 180 173 178 183 182 173 157 131 141 166 188 198 195 187 191 190 180 168 148 157 156 161 176 184 186 163 163 172 171 163 157 164 175 185 190 184 189 163 146 157 151 155 166 182 188 177 169 171 203 234 239 236 241 250 250 250 250 246 239 231 230 237 233 207 180 174 200 232 230 212 203 197 180 183 227 237 233 230 230 233 237 241 245 247 246 245 247 248
155 159 175 190 182 152 139 139 152 176 190 193 188 189 181 173 174 184 192 192 189 188 188 189 197 174 139 154 162 181 198 199 178 165 179 187 178 167 163 162 184 196 185 179 170 158 165 161 157 188 222 227 202 169 169 223 250 233 195 173 200 235 245 250 250 243 238 240 246 248 239 222 206 217 235 240 246 245 236 218 209 226 223 216 206 208 218 231 240 246 250 246 233 226 228
167 175 188 191 189 192 183 150 151 165 179 192 188 199 196 184 179 179 187 194 190 190 196 195 197 195 197 205 195 193 184 172 165 157 157 160 164 173 160 136 175 222 217 203 187 148 152 154 151 176 213 229 238 218 221 248 250 247 224 219 236 250 250 248 250 250 250 250 250 250 250 250 250 248 243 238 238 240 242 237 236 239 236 229 217 208 209 214 216 216 221 233 237 226 221
168 167 199 205 178 175 171 157 164 157 165 173 173 182 185 185 183 182 180 184 183 189 195 193 186 188 206 231 227 197 178 189 187 163 155 167 169 184 185 174 206 238 227 226 195 148 136 129 122 131 171 210 240 227 243 249 250 250 250 250 250 250 233 219 247 250 250 250 250 250 250 250 248 247 246 242 241 242 244 244 240 238 237 237 233 223 215 213 215 206 204 225 243 231 211
174 178 182 174 160 175 178 179 174 155 150 145 153 176 191 189 192 201 199 187 184 199 187 179 186 195 199 219 197 183 178 169 176 166 165 171 179 204 223 206 200 221 214 211 206 207 215 203 185 161 177 216 227 208 213 226 245 250 250 250 250 250 232 226 249 250 250 250 250 250 250 250 250 248 246 245 244 243 244 244 243 242 240 240 239 235 218 196 202 221 228 231 241 243 227
174 167 164 161 161 178 195 201 185 161 153 154 154 157 171 179 186 200 209 188 160 154 174 189 178 191 182 133 122 165 175 166 164 173 199 189 202 236 243 238 207 200 204 194 192 184 196 217 236 239 232 219 208 193 187 201 197 211 238 250 250 243 237 244 250 250 250 250 250 250 250 250 250 244 239 240 242 240 235 233 238 243 245 240 225 214 216 220 214 201 194 188 190 201 203
168 149 150 165 162 175 187 185 182 169 167 177 177 174 175 177 180 178 176 168 171 169 173 183 183 196 182 145 134 155 164 157 176 199 229 246 250 242 226 219 212 217 207 195 192 191 191 185 193 223 247 237 224 184 179 197 198 188 227 245 243 234 224 226 240 248 250 250 250 250 250 246 244 241 229 219 213 208 207 211 217 219 224 215 196 193 203 209 212 203 187 187 182 191 198
178 166 149 147 146 179 180 169 171 173 179 187 186 189 191 189 181 173 171 175 187 183 166 161 156 158 179 158 143 160 183 172 186 200 210 222 233 225 208 193 194 210 208 206 201 180 174 211 211 193 192 203 209 190 197 205 198 190 219 240 236 227 215 218 237 244 249 241 237 236 231 229 221 218 209 190 175 170 172 176 186 194 196 193 188 190 203 208 208 186 188 211 200 194 194
161 164 159 154 160 179 165 163 181 186 184 188 177 174 181 177 158 165 173 179 188 183 150 134 132 151 175 145 119 158 175 157 164 174 184 192 205 206 190 176 185 196 187 181 197 220 240 248 239 212 184 185 196 204 221 227 215 193 216 241 230 220 216 225 239 242 237 204 197 195 185 191 191 178 159 143 141 155 172 181 191 198 191 183 185 189 190 198 218 195 194 211 199 180 180
133 133 153 164 155 153 158 158 177 187 190 194 177 173 177 165 153 168 169 173 188 188 158 149 178 171 165 159 165 182 150 148 154 163 172 172 180 180 171 163 164 186 189 186 193 212 233 238 233 221 191 169 177 198 219 225 216 208 230 237 227 221 226 238 236 219 202 192 193 177 175 200 206 190 174 157 148 154 165 172 191 200 185 172 178 186 183 200 224 211 214 228 216 198 192
141 147 146 159 158 155 165 181 185 196 197 195 192 190 187 177 167 164 166 172 182 194 197 202 196 167 149 143 133 142 159 179 172 152 131 130 169 167 152 151 161 178 178 180 175 180 208 216 196 187 189 188 185 190 198 215 225 228 232 229 224 229 235 236 221 189 178 187 202 209 201 196 199 200 205 200 178 153 149 149 156 168 168 164 170 179 176 191 205 203 214 232 222 212 207
140 148 150 154 161 162 169 185 194 192 185 194 193 190 193 191 174 169 176 178 183 192 187 191 199 186 170 177 161 172 195 188 178 167 150 136 159 175 171 165 162 161 157 180 183 183 202 219 212 200 209 207 196 170 157 190 216 209 202 207 212 221 225 217 196 180 183 183 208 225 201 184 177 177 177 182 175 142 135 136 143 150 154 155 156 165 171 176 180 177 184 207 219 216 216
148 152 147 156 174 183 187 191 190 178 179 198 193 192 203 201 185 179 182 185 184 186 188 198 210 203 195 195 173 182 172 134 135 168 163 141 127 131 140 142 138 163 188 195 187 177 183 200 203 208 220 207 207 185 157 169 186 187 193 188 190 198 195 192 184 182 198 209 184 174 162 165 177 187 182 177 170 158 155 155 164 167 162 156 155 167 175 182 197 202 197 212 226 221 221
142 134 143 153 186 203 202 202 188 170 174 192 189 176 165 163 173 182 183 195 198 190 188 197 211 218 210 194 176 178 172 145 153 172 153 136 120 122 128 130 139 159 170 171 164 171 176 171 173 183 201 201 178 160 151 148 144 143 166 177 189 191 174 174 178 181 192 179 138 156 170 170 180 190 186 197 200 185 173 172 176 176 176 177 176 165 150 175 208 207 199 225 234 214 204
142 127 133 143 164 181 179 184 185 169 154 165 170 162 158 155 167 179 179 185 191 192 188 182 192 209 201 190 186 196 204 186 177 175 164 135 113 116 116 132 138 138 145 164 161 174 194 168 164 181 187 174 160 154 142 138 140 152 170 177 188 196 159 142 192 205 201 197 171 172 194 184 182 185 172 170 180 183 180 173 173 181 195 202 204 206 206 206 219 221 223 240 247 227 209
159 140 144 156 172 192 177 165 150 157 179 161 143 146 156 161 172 188 183 177 179 182 182 172 153 161 191 207 216 221 200 169 162 172 166 158 135 111 98 124 131 131 117 120 148 161 199 208 189 190 176 154 157 161 155 148 147 161 176 188 193 184 157 153 196 201 177 191 185 185 203 191 181 174 171 156 153 167 187 189 179 177 187 189 191 198 203 203 218 238 243 245 247 239 218
166 149 152 154 169 192 194 181 151 144 166 179 166 169 176 187 184 178 183 173 172 173 181 189 178 188 218 233 225 219 207 179 166 142 80 67 103 111 98 111 113 122 105 108 132 143 179 188 184 183 183 165 166 160 152 152 150 157 169 192 202 187 164 154 175 186 177 172 145 145 177 201 195 178 184 172 170 190 217 224 226 227 214 193 185 191 195 189 203 236 243 244 246 235 218
173 161 147 153 177 195 189 173 156 144 161 186 194 194 185 169 143 148 175 174 179 178 186 195 201 216 224 229 230 227 224 211 196 189 172 139 120 104 86 85 110 142 130 128 143 168 187 177 178 177 162 160 162 153 158 156 157 169 181 195 191 186 183 184 181 195 197 172 123 107 148 188 190 183 187 186 195 202 213 231 234 227 221 203 185 178 186 195 220 238 239 240 241 238 237
178 166 156 158 170 180 184 176 161 145 154 168 178 191 180 153 156 169 180 183 184 183 181 177 177 201 220 223 222 225 230 230 228 226 219 204 169 142 135 119 113 117 111 108 139 161 173 183 191 187 184 186 162 135 150 163 167 179 201 218 208 203 200 185 175 176 181 171 129 104 140 179 192 201 206 198 190 198 214 216 206 207 221 198 176 178 187 168 195 233 240 233 232 237 241
171 167 159 155 155 165 181 168 160 159 165 179 192 194 190 180 179 178 190 188 180 180 185 188 192 202 207 203 199 201 202 196 193 205 221 221 173 141 145 138 160 147 125 114 124 161 197 203 195 180 176 189 174 162 167 168 159 167 200 217 196 165 158 163 150 138 145 145 149 155 167 184 199 218 215 203 202 211 210 192 156 149 172 186 204 213 224 225 227 236 235 224 222 229 237
183 176 180 181 167 179 181 153 150 158 158 169 180 177 177 177 183 185 188 183 178 184 198 202 198 195 189 188 191 198 200 190 180 191 218 231 207 170 155 152 145 147 158 148 139 141 148 148 154 144 138 146 155 163 168 153 147 174 188 191 171 147 134 136 152 157 142 138 157 178 194 208 202 196 202 205 215 227 229 206 152 128 143 181 225 235 238 241 241 236 229 221 224 231 238
189 192 195 180 166 184 174 158 163 174 180 172 158 142 136 153 187 203 198 187 182 190 204 207 197 181 172 187 196 202 208 203 191 197 209 226 223 214 197 180 163 155 160 153 134 114 106 106 122 135 139 144 154 164 167 180 165 164 181 180 150 134 132 135 156 178 163 147 172 200 211 225 222 204 198 206 227 234 234 217 182 161 175 205 229 237 239 243 244 240 233 228 230 235 242
187 182 188 183 169 179 180 174 179 191 195 186 175 159 158 173 188 191 187 183 180 186 199 205 195 173 168 186 191 188 200 211 198 157 128 185 221 220 218 204 185 172 167 167 149 118 115 133 162 167 160 163 156 146 144 130 129 135 150 148 132 133 142 160 180 204 214 176 162 189 217 224 213 197 192 197 206 232 243 241 231 222 225 231 238 241 239 239 240 239 237 234 235 237 242
171 177 185 191 176 166 174 188 194 199 195 181 170 165 171 182 186 189 184 174 174 172 181 203 211 192 185 196 196 184 187 189 198 188 142 150 183 212 234 221 208 222 228 221 200 176 193 221 223 227 218 196 165 130 128 136 130 133 153 162 162 162 159 173 198 210 203 163 123 145 184 193 184 190 183 185 198 219 236 242 239 235 235 239 245 247 242 235 237 243 241 225 219 228 238
182 179 182 188 179 180 168 174 184 187 186 179 168 161 169 187 169 166 169 157 151 161 174 185 194 202 211 215 200 188 203 211 196 183 158 152 179 154 168 190 201 222 238 244 245 211 181 199 199 208 195 151 129 137 136 141 138 133 142 151 145 130 135 169 201 199 198 169 143 169 192 185 177 173 174 187 191 200 206 209 213 219 226 233 242 248 243 238 239 243 240 217 196 212 233
187 196 196 181 165 176 178 163 158 165 180 187 180 174 182 192 175 179 178 174 161 164 193 204 197 190 186 192 195 185 186 191 188 182 193 205 205 185 174 176 198 206 227 247 245 232 197 173 175 184 182 156 118 113 114 118 123 133 154 168 160 134 125 153 185 200 216 191 171 175 183 186 170 170 161 177 199 190 196 193 193 199 208 227 241 249 249 247 245 245 241 231 219 216 233
194 170 167 169 162 166 195 189 180 164 168 177 176 179 193 203 200 193 181 187 173 173 204 216 209 193 184 177 173 173 180 181 187 180 171 194 194 181 175 179 202 199 184 185 201 199 175 159 161 147 138 154 118 109 126 141 152 158 175 180 173 163 148 162 170 183 194 175 167 168 173 175 174 177 164 176 194 190 193 184 196 219 229 237 249 250 250 250 250 246 244 241 236 236 243
185 160 152 156 156 134 159 201 196 181 173 161 152 154 177 202 210 206 204 199 176 183 181 173 177 186 187 185 180 176 179 172 160 134 127 174 198 182 181 166 168 184 184 194 202 209 205 192 170 152 149 159 147 126 144 145 145 162 166 172 170 167 151 144 178 207 214 186 160 156 165 177 189 184 173 184 200 200 194 182 171 202 238 250 250 250 250 250 250 250 247 246 247 248 249
172 166 170 170 153 158 171 189 187 194 191 140 154 171 189 202 197 191 202 202 184 197 195 181 177 175 168 176 184 176 178 194 198 189 178 184 196 197 184 165 173 177 167 187 200 203 199 181 165 164 166 167 146 133 165 168 173 184 175 171 171 169 148 155 191 209 236 212 179 173 168 158 175 180 179 192 209 211 197 193 198 214 244 250 250 250 250 250 250 249 246 245 245 246 247
177 178 185 180 166 161 162 171 179 176 170 156 170 188 191 188 187 185 173 191 194 172 161 177 186 179 170 169 171 161 187 210 214 218 215 209 195 191 179 152 157 156 134 142 167 164 171 162 155 154 151 166 174 184 200 193 190 201 210 201 184 181 199 203 210 201 207 204 181 175 165 157 173 188 194 201 219 232 219 224 239 248 250 250 250 248 246 250 250 249 246 244 243 243 244
204 198 203 203 189 171 159 160 167 167 164 157 151 158 166 164 180 195 190 195 198 181 158 166 180 184 182 156 144 175 209 200 200 213 210 192 187 183 189 185 160 139 117 142 145 140 162 168 158 113 113 157 182 180 193 202 199 200 205 197 163 143 168 204 195 147 120 139 158 162 172 168 169 180 186 187 215 236 215 197 202 195 207 230 241 245 245 248 249 248 246 244 242 240 238
192 187 200 214 213 191 167 163 176 181 173 140 126 144 186 194 194 200 201 193 181 179 191 201 206 202 193 175 172 187 201 187 182 194 196 183 175 191 191 170 153 142 128 140 141 130 150 170 172 163 174 201 198 167 180 190 192 182 180 167 149 154 144 148 172 170 148 143 152 165 179 169 166 178 190 199 202 186 170 182 207 201 209 225 238 246 244 243 243 244 243 240 238 236 236
179 179 175 181 198 207 200 190 202 211 204 175 140 151 176 182 187 203 199 185 183 187 195 210 208 198 193 191 190 182 177 168 170 177 150 134 132 140 149 141 140 129 126 120 144 155 164 177 173 168 172 169 200 212 204 189 177 156 149 160 170 198 191 190 194 185 167 167 187 204 205 196 186 180 195 212 213 189 159 191 223 223 223 236 246 249 245 242 242 241 239 238 236 234 236
180 185 170 168 179 189 195 194 194 197 191 176 165 177 178 167 169 176 159 146 147 139 144 182 202 188 176 163 145 155 196 181 155 151 132 104 106 109 128 131 124 115 115 113 137 175 177 179 179 169 153 133 170 183 192 189 170 165 169 161 172 191 181 175 184 182 172 184 207 224 215 201 204 214 220 203 199 188 168 193 222 230 233 239 244 246 245 243 242 242 241 238 236 234 238
191 193 178 171 180 190 193 196 188 182 174 169 164 168 178 187 204 192 159 145 137 99 85 108 134 126 110 96 87 91 122 137 113 120 110 108 123 121 139 131 131 129 106 97 140 170 150 141 148 134 153 149 137 154 198 204 176 168 171 146 161 162 154 166 176 200 185 171 183 179 188 185 188 201 198 166 159 141 142 158 177 212 229 236 241 244 244 242 240 240 240 240 238 237 238
181 192 182 175 184 189 177 186 192 173 155 163 174 176 178 179 185 186 182 182 162 116 101 118 123 125 121 109 95 79 77 85 101 120 101 118 122 104 119 126 151 149 121 113 146 178 163 146 145 136 156 149 123 123 159 196 187 186 184 175 191 177 175 182 171 168 192 161 156 167 166 179 197 213 188 161 168 153 124 118 131 178 222 238 238 241 244 242 238 238 238 239 241 241 242
162 172 181 175 169 183 197 188 183 176 170 176 185 188 188 183 184 191 175 171 168 157 149 139 130 135 142 135 134 123 97 80 74 77 75 88 87 89 110 153 211 222 203 202 226 224 210 186 183 193 181 140 123 113 126 185 200 185 174 177 186 178 181 189 187 185 206 195 174 187 184 186 200 208 196 203 224 198 136 155 155 157 200 233 230 237 242 244 244 243 243 244 246 246 247
178 176 181 170 165 171 178 180 183 184 186 180 173 172 180 187 190 191 177 161 154 141 149 157 154 154 172 173 165 169 159 143 128 128 124 123 117 135 173 204 226 234 239 226 211 207 213 217 208 205 187 177 179 160 174 194 196 193 184 170 167 171 180 191 202 199 198 194 183 217 219 226 213 198 206 231 240 201 174 197 179 143 179 230 237 237 240 243 247 247 248 250 250 249 249
