examples/data/proba_v_out_italy/probav_s5_toc_x19y03_20140706_100m_ndvi_v001.txt
ncols         273
nrows         192
xllcorner     12.62996031746
yllcorner     41.659722222222
cellsize      0.0009920634920635
NODATA_value  -9999
[rows 47 to 93 of 192, columns 96 to 191 of 273]
227 217 223 250 250 248 237 226 223 219 204 203 212 231 222 199 171 148 148 156 180 199 220 234 249 250 250 250 250 250 250 250 250 250 211 158 132 108 113 178 232 244 243 248 250 250 250 250 250 250 250 250 250 246 239 237 250 250 242 230 219 217 226 242 246 250 250 250 250 250 250 244 229 224 214 202 199 199 199 202 203 190 174 172 192 209 222 226 224 216 200 194 204 198 176 170
235 223 227 244 250 249 230 216 228 237 245 250 250 250 250 237 226 224 229 227 232 236 62 59 64 247 250 250 250 116 112 97 246 180 112 78 87 92 83 111 203 241 250 250 249 250 250 250 250 250 250 250 250 250 250 250 250 250 249 244 241 245 250 250 250 250 250 250 250 250 250 246 233 223 221 216 206 197 193 184 176 168 159 167 183 187 200 225 239 231 208 198 204 211 215 202
219 213 222 234 241 238 216 221 245 250 250 250 250 250 250 243 225 209 239 246 240 233 70 69 219 232 100 96 250 250 222 188 171 139 124 91 112 107 79 97 147 195 227 246 250 250 250 250 250 250 250 250 250 250 250 250 250 250 250 250 250 250 250 250 250 250 250 250 250 250 250 250 246 239 234 229 221 211 198 182 164 160 163 170 169 177 201 235 247 242 230 220 223 230 234 230
190 182 196 214 222 221 217 234 250 250 250 250 250 250 250 235 197 190 233 239 238 228 85 92 93 247 250 223 225 165 137 133 124 148 136 93 112 114 85 59 70 95 148 217 238 243 248 248 249 250 250 250 250 250 250 250 250 250 247 249 250 250 250 250 250 250 250 250 250 250 250 249 242 226 219 221 225 223 217 208 186 188 199 195 169 168 196 227 238 238 232 226 230 241 246 247
182 182 198 217 216 213 219 235 250 250 250 250 250 250 250 250 234 229 236 240 242 237 233 123 105 250 246 216 168 111 111 108 79 83 84 71 74 77 71 61 49 61 108 173 218 244 250 240 238 249 250 250 250 250 250 250 250 248 239 231 245 250 250 250 250 250 250 250 250 250 250 248 237 214 210 214 217 231 240 223 194 184 180 158 137 145 178 197 212 227 233 234 238 245 248 250
190 187 183 187 193 200 214 229 242 250 250 250 250 250 250 250 250 248 248 248 250 249 242 242 243 242 99 92 159 73 101 72 58 58 99 103 80 60 54 57 53 64 81 90 102 132 192 232 232 240 250 250 250 250 250 250 248 232 216 202 221 250 250 250 250 250 250 250 250 250 250 250 242 227 225 225 235 249 249 206 162 152 163 156 140 142 168 176 193 229 240 243 244 244 245 247
214 230 228 218 209 209 224 239 236 232 242 246 250 250 250 250 250 245 246 248 246 246 245 243 246 249 125 110 169 150 102 60 56 61 81 59 45 46 51 57 59 55 53 54 55 68 130 223 243 247 250 250 250 250 250 250 250 250 245 238 250 250 250 250 250 250 250 250 250 250 250 250 249 243 241 246 250 250 245 197 143 119 132 161 187 210 210 195 207 239 250 231 224 239 239 234
234 250 250 250 250 229 218 231 230 223 216 224 244 250 250 250 250 245 244 247 247 241 235 224 218 219 113 108 220 168 93 66 61 56 52 50 49 47 45 49 57 57 57 56 50 51 105 199 236 244 247 250 250 250 250 250 250 250 250 250 250 250 250 250 250 250 250 250 250 250 250 250 250 250 250 250 250 250 244 209 155 111 110 146 182 202 226 233 241 248 241 225 222 241 249 250
234 246 250 250 250 237 217 213 224 234 224 233 250 250 250 250 244 221 204 210 214 214 203 191 176 178 220 232 189 125 87 77 70 69 64 62 59 55 49 47 51 50 53 51 52 50 60 132 210 235 242 250 250 250 250 250 250 250 250 250 250 250 250 250 250 249 249 249 250 250 250 250 250 250 250 250 250 250 246 216 149 104 109 127 169 195 212 229 241 242 237 235 241 249 250 250
231 237 241 248 250 246 240 236 233 232 222 227 241 111 118 238 227 188 147 157 108 140 183 181 160 171 206 202 156 118 102 87 82 84 75 69 67 65 61 57 54 51 51 49 50 52 50 100 188 242 246 250 250 250 250 250 250 250 250 250 250 250 250 250 250 250 250 248 248 249 250 250 250 250 250 250 250 250 246 212 141 113 120 142 194 216 216 228 233 219 201 200 225 250 250 246
236 239 231 236 246 246 241 238 235 232 227 226 233 126 127 128 226 202 159 150 96 127 177 197 184 178 188 191 164 113 108 95 86 91 89 75 71 72 69 62 58 58 52 51 53 54 56 101 198 236 245 250 250 250 250 250 250 250 250 250 250 250 250 250 250 250 250 249 249 249 250 250 250 250 250 250 250 245 241 213 170 148 141 161 195 208 211 222 228 218 208 213 234 250 244 231
242 242 228 234 242 245 239 225 240 250 244 235 243 250 243 229 229 225 206 176 153 158 160 176 183 181 177 163 134 118 120 95 101 116 121 104 96 85 78 98 109 96 75 63 57 55 74 135 211 227 242 248 249 250 250 250 250 250 250 250 250 250 250 249 249 250 250 250 250 248 249 249 250 250 250 250 250 250 250 249 241 217 187 195 219 219 205 224 236 225 213 220 235 243 228 214
237 237 229 231 234 240 230 208 214 221 233 238 240 241 231 207 193 196 197 190 154 150 169 174 162 138 123 130 123 122 122 106 113 116 113 110 108 96 94 88 89 94 116 133 127 130 159 213 243 241 238 240 242 245 246 247 250 250 250 250 250 250 250 250 250 250 250 250 247 249 250 250 250 250 250 250 250 250 250 250 250 250 237 228 246 250 250 250 229 224 222 224 229 231 226 224
188 193 216 227 229 232 235 239 241 232 234 230 220 210 205 192 188 185 162 132 109 119 168 190 179 147 124 115 102 108 127 137 113 87 80 84 117 106 88 88 97 113 122 167 215 228 229 234 241 235 232 235 240 244 247 250 250 250 250 250 250 250 250 244 244 250 250 248 247 250 250 250 250 250 250 250 250 250 250 250 250 250 250 249 250 250 250 248 220 199 225 233 227 234 237 238
172 152 167 187 193 205 227 244 247 236 222 212 209 199 199 203 193 163 143 120 117 137 162 184 198 196 196 191 176 182 205 222 183 115 109 109 115 135 111 131 134 136 166 205 228 233 237 242 241 234 225 229 235 234 241 247 250 250 250 250 250 250 231 197 183 219 246 238 242 250 250 250 250 250 250 250 250 250 250 250 250 250 250 250 250 250 250 248 236 218 229 227 235 247 246 236
206 174 154 168 172 163 162 187 230 224 207 196 179 148 164 195 187 151 145 154 146 135 128 153 181 194 216 233 215 183 201 220 202 160 132 134 133 135 123 110 115 126 157 205 225 229 230 233 231 225 218 227 232 230 237 243 250 250 250 250 250 237 169 127 138 196 221 234 241 241 246 250 250 250 250 250 250 250 250 250 250 250 250 250 249 242 236 235 232 226 222 217 226 243 238 215
235 218 187 166 159 165 162 178 222 232 222 214 205 183 183 190 170 142 131 132 107 90 84 123 165 183 192 207 208 203 205 203 180 184 192 191 185 168 161 154 151 154 146 152 184 195 188 208 226 215 217 228 230 226 232 239 242 250 250 250 250 236 177 137 112 111 122 162 210 227 233 245 250 250 250 250 250 250 250 250 250 250 250 250 250 248 236 228 225 209 204 207 218 237 206 173
242 232 203 160 147 178 212 224 221 217 220 197 187 175 167 182 158 131 118 113 88 91 115 148 176 188 182 182 198 210 207 196 186 186 191 206 220 219 223 201 183 195 190 156 163 176 160 184 197 203 214 217 214 205 203 219 229 235 249 250 250 250 233 167 87 62 69 95 157 221 239 248 250 250 250 250 250 250 250 250 250 250 250 250 250 250 245 233 214 202 208 214 227 235 208 168
243 239 223 189 164 184 229 236 217 217 213 197 187 162 152 159 148 140 137 142 144 148 172 175 168 175 168 176 194 207 203 195 189 187 190 210 228 232 234 219 212 214 217 209 193 189 189 199 199 206 218 208 190 189 192 202 218 210 209 228 243 248 242 192 122 84 100 123 175 248 250 250 250 250 250 250 250 250 250 250 250 250 250 250 250 250 250 241 218 204 211 223 231 230 222 202
247 245 234 217 204 213 223 209 187 213 222 206 183 166 162 174 188 185 163 167 164 141 148 149 158 171 173 198 211 214 207 201 198 198 196 203 214 224 228 221 216 213 209 198 184 190 200 208 215 215 214 206 186 185 193 219 221 202 191 210 224 227 203 143 105 116 139 111 132 195 250 250 250 250 250 250 250 250 250 250 250 250 250 250 250 250 250 249 231 212 212 216 209 205 207 194
250 250 247 244 244 250 245 222 223 246 239 210 202 205 207 210 227 213 181 171 172 158 148 158 142 166 197 229 226 216 211 210 205 206 195 182 180 199 212 210 208 203 190 182 181 194 213 222 227 221 211 197 194 202 197 192 186 150 165 213 191 178 153 104 82 73 70 86 134 196 247 250 250 250 250 250 250 249 248 249 250 250 250 249 248 250 250 250 247 230 209 188 183 192 208 210
250 250 250 250 250 250 250 250 250 250 242 235 244 246 220 187 182 192 182 182 192 201 176 160 167 196 215 218 205 197 202 202 195 203 196 186 180 188 202 206 204 198 185 196 202 214 229 235 237 233 224 225 237 235 209 170 175 126 110 119 93 75 72 70 55 51 49 54 90 163 220 237 250 250 250 250 250 250 250 248 249 250 249 247 235 243 250 250 250 237 203 173 185 217 235 235
250 250 250 250 250 250 250 250 250 250 250 250 250 242 211 178 170 196 195 191 181 181 184 179 194 223 226 198 176 172 176 187 161 169 202 199 199 201 204 200 187 179 189 220 221 224 232 240 244 241 240 250 250 243 209 148 95 64 63 66 61 57 56 58 58 56 52 59 85 134 212 247 250 250 250 250 250 248 245 247 241 242 250 246 230 247 250 249 249 247 240 234 243 250 250 246
250 250 250 250 250 250 250 250 250 250 250 250 250 246 234 222 214 203 197 202 191 185 190 189 198 212 215 183 192 190 184 186 163 159 190 197 201 203 206 199 174 179 199 218 218 217 226 236 243 250 250 250 247 232 202 122 64 61 57 56 58 59 58 61 57 57 54 72 93 124 213 213 250 250 240 237 231 203 183 214 238 238 241 243 244 250 250 246 246 246 248 250 250 250 245 245
250 250 250 250 250 250 250 250 250 250 250 250 250 248 236 220 205 196 200 210 205 200 189 176 171 178 193 193 194 198 178 172 171 177 191 198 192 195 202 211 203 204 209 212 213 214 224 229 232 236 243 249 249 234 204 141 75 67 67 60 59 62 72 112 123 112 102 110 164 203 224 233 250 245 214 186 149 115 100 119 157 201 237 244 248 247 248 247 246 248 250 245 240 230 229 244
250 250 250 250 250 250 250 250 250 250 250 250 250 250 235 213 199 195 196 205 209 203 188 172 166 177 193 197 197 193 169 170 158 156 186 217 221 208 200 218 218 206 210 201 201 197 199 212 214 215 228 240 245 250 233 181 129 99 70 63 63 64 107 176 209 213 215 221 209 222 236 237 223 190 122 83 70 56 54 66 95 152 207 231 242 240 241 243 244 247 248 246 242 230 229 236
250 250 250 250 250 250 250 250 250 250 250 250 250 250 250 233 219 210 204 215 230 227 203 184 187 202 207 204 199 198 198 196 180 154 152 176 191 182 186 214 247 246 196 173 174 186 185 198 217 223 235 245 246 219 161 106 78 66 63 64 67 103 169 196 186 194 221 226 222 224 226 224 211 173 112 66 56 53 57 59 70 105 185 235 247 242 237 237 240 249 250 250 250 250 250 250
250 250 250 250 250 250 250 250 250 250 250 250 250 250 250 250 235 220 205 199 206 210 203 195 184 185 191 186 174 179 202 210 204 202 189 183 180 152 156 187 230 240 188 164 163 159 156 180 220 241 250 250 239 186 126 87 77 71 76 101 133 171 200 198 202 205 214 231 239 239 225 215 212 190 140 87 67 60 57 56 56 73 132 187 226 241 240 244 235 107 95 232 242 250 250 250
250 250 250 250 250 250 250 250 250 250 250 250 250 250 250 247 227 208 191 177 177 187 197 200 197 194 198 207 195 184 209 212 202 192 192 197 189 172 177 206 238 238 222 192 191 194 190 180 217 250 250 250 250 250 177 129 103 110 143 207 214 203 211 207 218 213 193 201 213 192 205 217 217 187 127 73 58 57 55 53 50 58 83 135 203 236 241 227 183 201 212 196 217 250 250 250
250 250 250 246 244 244 246 249 250 250 250 250 250 250 250 232 212 200 194 190 193 196 198 206 211 211 207 206 196 196 209 204 199 194 188 186 183 184 102 94 222 223 222 201 196 200 242 248 231 250 250 250 250 250 245 227 223 244 239 246 240 213 215 226 227 202 168 116 97 97 152 207 212 156 81 56 55 53 51 54 53 60 85 133 211 227 216 168 120 107 116 154 197 240 250 250
250 250 248 243 240 239 242 248 250 250 250 250 250 250 250 229 205 199 208 215 218 220 216 212 213 215 213 206 197 192 195 198 202 207 218 223 219 211 207 217 212 227 229 239 250 232 228 169 146 178 250 250 250 250 250 250 250 249 217 216 223 212 202 210 227 181 114 78 64 76 129 192 177 99 56 40 54 59 60 53 74 101 133 159 212 238 234 199 127 95 83 103 160 220 237 234
250 250 250 247 243 241 244 248 250 250 250 250 250 250 250 250 246 240 239 235 229 220 211 203 204 209 213 211 198 182 190 208 209 195 195 209 219 209 202 214 216 213 212 231 226 171 122 115 106 131 222 250 250 250 250 250 241 234 224 223 227 189 163 147 197 200 141 104 107 120 154 216 160 80 63 51 56 60 88 143 146 165 196 215 228 236 240 228 195 188 175 160 180 210 209 179
250 250 250 250 249 246 247 249 250 250 250 250 250 250 250 250 248 247 246 244 235 222 205 190 193 205 214 216 216 216 219 223 217 203 196 206 221 230 229 221 211 196 197 213 204 200 145 105 86 119 197 241 250 250 244 222 217 209 192 180 172 144 128 131 167 196 147 111 108 146 193 230 233 179 152 133 145 162 184 166 168 169 193 216 228 226 226 230 233 239 236 211 192 193 175 131
250 250 250 249 249 248 249 248 248 248 248 248 248 248 248 247 246 246 248 250 243 228 208 201 204 209 208 200 195 201 213 214 206 201 204 216 225 224 215 216 214 199 198 206 205 198 149 97 71 85 130 221 250 250 241 208 185 168 145 130 123 127 136 118 127 177 153 138 122 137 194 225 250 233 183 207 221 222 194 156 181 214 226 221 224 221 218 227 239 242 241 231 212 188 151 104
250 250 250 250 250 250 248 247 245 244 245 245 246 246 246 246 245 248 250 250 242 229 216 218 219 207 198 197 193 193 197 196 188 187 194 205 215 209 200 213 231 221 196 184 196 195 140 87 68 71 74 108 176 223 189 167 165 131 95 85 95 101 109 86 81 96 117 125 154 149 129 120 161 165 136 129 125 180 186 150 150 211 234 219 219 220 222 217 214 219 228 219 203 177 123 86
250 250 250 250 250 250 248 243 242 243 245 245 248 248 247 241 242 248 250 250 248 241 237 232 222 207 201 216 222 205 187 191 197 202 208 222 91 229 224 88 80 234 219 203 206 204 148 86 64 59 65 96 118 121 117 111 97 88 67 57 77 69 55 45 49 52 62 63 69 62 62 63 74 104 105 111 134 134 142 124 116 155 222 232 224 223 235 209 163 145 160 173 183 163 120 104
250 250 250 250 250 250 248 246 246 246 247 248 249 249 250 116 250 250 250 250 250 250 250 250 240 228 224 234 250 239 221 219 216 214 222 233 231 244 101 114 117 105 87 168 141 127 95 62 53 52 57 72 74 59 55 56 58 54 52 56 57 53 51 49 39 39 47 54 51 37 43 48 61 82 89 74 87 79 75 87 95 99 124 178 217 213 186 136 101 107 151 143 144 172 174 149
250 250 250 250 250 250 250 249 248 249 249 248 247 247 250 250 250 250 249 250 250 250 250 250 250 250 250 247 244 248 250 239 228 225 226 223 222 248 247 111 122 121 105 119 90 68 66 60 56 54 58 69 59 53 52 52 52 52 50 47 38 34 49 32 30 33 38 44 43 38 45 48 51 59 66 63 82 69 70 72 81 96 77 123 164 143 114 85 72 86 136 202 224 229 223 189
244 246 247 248 249 248 249 250 250 250 249 248 247 248 249 250 250 250 250 250 250 250 250 250 250 250 250 250 240 234 248 238 233 229 221 220 223 237 241 236 110 222 195 161 104 62 63 61 55 54 58 66 60 63 54 48 48 47 45 40 41 41 41 38 37 33 33 36 40 44 40 43 45 54 75 90 103 80 74 67 63 57 75 88 95 83 87 76 69 87 125 198 240 243 229 198
228 243 248 249 250 247 248 250 250 250 250 250 249 250 250 250 250 250 250 250 250 250 250 250 250 246 235 237 240 249 246 235 228 226 223 220 211 233 250 109 250 250 221 149 89 68 64 60 57 56 63 90 105 99 69 46 47 44 31 32 32 36 43 42 38 34 32 34 38 47 47 45 49 55 87 106 100 97 89 72 76 77 67 70 81 80 97 100 92 90 90 87 150 191 101 85
228 249 250 249 249 248 249 250 250 250 250 250 250 250 250 250 250 250 250 250 250 249 246 250 250 221 174 143 149 197 233 245 241 234 224 213 213 93 114 114 250 197 142 93 80 75 73 68 64 64 59 82 145 116 74 55 47 44 37 31 32 35 34 42 44 38 35 36 45 57 58 56 47 63 90 100 86 107 107 86 71 71 60 68 75 75 81 93 104 99 97 97 111 124 117 105
233 249 250 247 248 250 250 250 250 250 250 250 250 250 250 250 250 250 250 249 204 175 165 170 205 225 194 170 177 212 243 250 241 229 220 210 211 115 132 119 90 174 117 76 71 68 62 64 68 68 63 81 128 120 91 73 59 50 46 46 36 33 31 33 35 38 42 46 54 84 89 80 69 74 83 72 62 74 69 62 55 56 50 56 62 64 66 76 101 105 98 97 105 117 114 125
217 239 249 249 249 250 250 250 250 250 250 250 250 250 250 250 250 250 250 234 161 147 149 161 173 220 243 217 193 206 238 250 230 215 203 180 152 133 147 129 101 157 161 166 139 92 63 59 63 63 64 76 96 92 83 67 56 51 51 49 48 49 49 47 48 51 60 71 71 93 74 66 64 70 72 55 49 50 51 47 40 42 46 49 51 55 61 68 80 93 97 99 98 92 83 113
200 228 246 249 248 247 248 247 245 247 250 250 250 250 250 250 250 250 250 235 209 212 220 224 224 250 250 244 234 228 233 243 234 194 187 141 102 109 109 125 152 151 168 185 125 70 56 56 55 55 55 59 64 69 59 50 52 50 49 49 49 52 57 61 65 66 92 137 120 99 79 71 71 51 45 39 38 38 42 43 39 30 42 46 50 58 69 81 95 109 110 107 101 81 66 75
184 201 233 250 250 247 245 237 231 233 241 250 250 250 250 250 250 250 250 245 250 250 250 250 250 250 250 248 240 239 242 242 224 211 215 198 132 106 115 147 183 191 203 190 103 65 39 54 51 52 52 51 56 55 50 52 56 55 52 52 52 50 48 46 47 57 84 91 84 82 80 67 61 40 42 46 44 45 46 44 41 39 39 43 49 57 61 68 72 86 99 100 99 80 69 65
190 186 198 225 245 250 247 237 227 223 234 248 250 250 250 250 250 250 250 250 250 250 247 229 201 210 246 250 250 248 246 246 232 227 223 190 119 97 107 157 181 173 181 208 138 94 63 54 51 51 49 48 52 53 51 54 57 58 55 56 53 49 47 44 44 45 49 57 60 80 78 64 54 54 54 53 51 48 50 52 52 46 41 44 48 53 55 56 50 52 61 69 73 74 80 78
209 208 211 220 236 246 250 244 234 228 239 250 250 250 250 250 250 250 250 250 250 237 224 173 132 142 215 250 250 244 225 210 208 220 218 163 102 105 94 138 176 170 180 206 167 111 66 55 52 53 52 51 53 55 55 54 53 55 58 60 52 48 61 47 44 47 50 53 53 56 52 56 54 52 51 55 59 59 61 55 51 50 49 52 54 55 55 56 52 48 48 51 57 63 68 81
