examples/data/proba_v_out_italy/probav_s5_toc_x19y03_20140606_100m_ndvi_v001.txt
ncols         273
nrows         192
xllcorner     12.62996031746
yllcorner     41.659722222222
cellsize      0.0009920634920635
NODATA_value  -9999
[rows 0 to 41 of 192, columns 0 to 94 of 273]
147 146 132 143 147 146 143 137 128 117 110 107 107 118 138 154 148 138 132 127 126 132 130 115 111 115 129 148 167 174 167 149 145 144 140 134 135 145 155 156 134 103 93 124 138 141 138 135 134 144 145 144 148 138 139 150 138 133 148 125 111 130 154 145 137 127 126 125 117 123 117 116 129 143 135 125 123 126 127 125 138 152 150 146 132 139 160 174 167 130 123 134 140 158 172
110 112 115 131 133 138 144 132 118 107 115 119 116 118 122 130 135 134 135 134 131 144 142 125 122 122 137 164 179 172 161 148 134 130 145 153 146 142 133 122 124 139 152 140 130 131 111 99 120 144 153 150 143 138 141 133 132 135 144 130 128 142 144 139 134 125 128 127 124 124 124 127 135 136 126 115 113 110 112 122 136 143 146 138 126 132 135 140 154 154 138 147 158 170 172
96 98 101 106 95 87 117 111 102 107 128 132 129 122 118 116 112 112 126 139 144 144 121 101 105 123 146 166 162 134 112 117 127 132 143 159 153 134 124 124 136 151 168 153 128 122 127 116 121 143 154 147 134 140 142 122 130 121 125 134 142 146 141 142 144 134 133 131 117 100 95 111 127 130 129 119 116 135 137 133 135 142 143 144 138 130 123 122 148 162 134 149 154 144 126
112 113 130 122 111 101 102 108 104 111 124 132 132 123 114 108 104 103 119 118 120 123 100 72 69 101 131 138 137 125 116 125 135 134 131 138 146 131 130 142 145 144 149 147 150 150 150 150 144 145 156 161 149 146 148 142 136 116 119 140 150 144 138 151 163 142 124 128 123 111 107 112 123 132 139 129 125 146 144 140 136 137 131 122 118 125 141 149 129 137 146 139 131 136 121
103 118 111 93 106 104 112 110 106 103 109 120 130 120 109 103 101 110 127 116 118 138 127 93 68 84 115 133 140 140 140 142 141 139 138 135 134 133 138 146 137 143 158 162 161 149 137 137 140 144 159 176 167 150 170 174 167 145 128 132 140 134 128 131 127 109 117 138 148 141 125 120 121 134 143 131 138 148 149 156 145 132 133 132 129 127 141 160 138 122 143 145 140 145 133
98 104 93 80 83 68 86 100 95 89 99 116 122 116 109 106 109 119 136 139 129 130 129 106 91 82 86 113 136 140 142 142 147 149 140 118 125 145 165 169 154 158 164 148 132 132 127 128 140 145 144 151 164 162 157 152 150 156 158 150 144 149 139 122 102 98 113 131 149 150 141 146 140 135 138 131 143 142 141 156 166 150 140 140 143 141 145 162 157 135 138 140 146 141 131
102 86 83 82 81 70 53 52 75 79 93 114 116 116 112 105 104 105 110 117 123 122 104 95 84 92 97 93 113 135 142 145 153 136 121 124 127 134 159 178 179 171 154 153 157 156 152 150 150 152 148 144 151 156 149 129 119 133 145 142 132 136 128 121 127 122 113 122 145 140 121 127 142 141 148 157 161 162 140 132 133 133 139 140 143 139 136 153 156 143 139 142 128 128 136
109 104 100 89 84 70 47 47 65 72 89 111 117 119 116 108 108 113 114 114 122 111 92 93 96 101 113 103 99 129 147 157 153 126 105 125 131 121 141 162 169 155 140 147 157 149 147 151 151 154 159 160 158 155 137 136 149 153 148 157 143 124 114 109 130 137 131 132 151 153 133 134 150 154 162 156 147 155 157 147 147 147 145 147 154 155 141 143 147 152 156 166 155 146 136
105 110 105 86 76 68 57 61 72 92 100 108 112 112 114 105 103 112 118 130 143 139 122 103 97 100 128 147 138 158 154 154 148 142 140 148 140 135 144 152 153 141 147 162 159 146 141 148 153 160 158 143 151 161 154 160 171 173 157 149 141 125 115 109 115 124 129 134 156 168 151 144 147 142 139 129 111 128 150 147 148 154 158 164 165 163 152 131 126 131 133 151 152 147 150
90 91 94 98 100 97 95 96 92 103 114 119 125 130 127 115 102 102 121 140 154 157 150 134 115 94 82 141 158 149 147 149 152 161 164 155 152 157 163 151 146 151 142 144 158 164 153 142 157 159 146 133 137 152 162 169 171 171 140 124 132 124 121 120 128 133 136 139 151 150 145 149 157 144 124 117 129 160 163 141 153 172 166 184 167 148 143 138 131 131 138 148 144 152 166
86 85 92 92 91 92 97 98 99 129 137 124 124 132 137 133 111 91 93 123 154 159 150 146 132 107 83 88 112 116 132 149 151 152 154 150 147 147 151 156 158 140 121 132 161 172 152 131 154 164 163 149 145 168 181 181 171 165 160 131 112 112 121 118 125 130 131 131 137 133 134 143 163 166 157 148 138 145 157 119 129 164 158 158 162 147 150 161 145 136 139 152 160 168 176
89 87 90 91 91 93 92 98 108 143 150 131 119 130 142 139 101 83 102 119 135 154 154 144 124 86 67 63 86 117 136 166 171 158 163 167 170 165 149 141 141 130 125 130 143 156 160 153 151 155 168 168 159 159 165 182 181 176 168 135 109 108 112 121 138 130 129 130 129 129 139 149 168 190 200 184 152 132 150 148 129 137 146 154 177 182 172 173 165 152 156 164 164 159 154
87 75 78 87 96 119 119 125 118 102 107 117 124 128 136 145 122 107 112 115 110 112 148 140 97 64 57 76 114 152 168 174 174 176 177 172 173 172 162 153 143 119 120 115 122 157 178 177 161 146 144 163 164 142 139 172 184 188 177 140 107 101 106 114 119 119 122 123 125 137 156 163 171 180 194 204 193 154 138 151 148 141 142 152 173 190 177 154 165 162 162 166 161 153 138
103 99 88 100 114 110 101 112 115 107 111 126 139 139 144 151 147 127 103 101 84 82 119 140 121 115 139 150 140 138 135 135 145 161 171 170 171 174 176 161 147 125 123 134 126 129 157 176 174 152 150 160 163 165 154 153 164 183 185 156 120 116 127 135 139 142 142 138 148 161 168 171 178 188 197 206 204 175 154 163 162 144 145 148 161 174 172 163 172 165 156 151 143 144 148
110 121 108 104 101 93 94 105 110 128 123 128 129 117 126 136 138 133 125 116 108 123 140 144 147 144 139 138 144 148 128 122 134 144 142 144 154 163 163 138 146 137 135 149 138 123 133 155 158 148 148 149 150 153 147 150 159 169 178 164 139 130 144 154 145 142 144 155 173 174 171 158 135 140 173 195 195 182 165 167 163 153 153 165 162 159 167 167 167 157 151 149 142 133 144
95 112 120 110 109 110 100 106 106 117 122 128 126 120 128 134 130 123 126 123 122 146 173 168 156 152 145 128 141 164 168 166 165 158 143 134 135 140 131 105 119 158 168 160 152 140 119 137 146 143 136 140 144 148 144 140 150 152 153 144 146 155 151 147 137 132 141 153 161 156 153 155 126 114 151 180 173 161 145 143 147 157 170 177 177 170 174 159 147 149 149 128 125 134 144
112 117 125 121 119 126 127 123 120 127 140 150 153 148 143 135 126 114 133 128 105 114 146 146 133 142 157 138 138 156 167 172 171 166 148 126 128 147 139 120 125 163 163 154 154 143 127 140 158 158 141 130 146 153 147 132 120 120 130 135 137 140 149 145 140 133 135 147 138 133 136 142 143 153 173 184 169 151 146 135 112 113 144 160 163 158 154 168 166 158 154 150 149 151 151
143 140 136 133 134 134 131 127 126 122 133 138 132 130 136 134 115 108 129 147 143 130 102 88 103 119 124 125 139 152 153 146 137 135 153 140 132 142 139 145 148 156 156 144 148 146 138 142 157 154 148 151 138 120 132 138 133 132 137 140 136 140 149 146 133 105 113 131 135 140 134 115 114 145 183 200 175 154 150 149 129 135 158 164 163 172 176 176 175 174 171 169 157 148 157
124 130 128 127 124 119 115 119 129 124 127 129 119 124 137 123 96 86 116 147 153 149 122 96 108 109 85 67 91 151 160 136 125 142 170 175 164 159 157 164 170 168 158 156 149 133 130 110 115 141 150 142 146 132 148 190 173 158 160 164 156 151 150 158 154 135 142 156 160 165 157 120 107 129 170 195 176 149 150 163 144 139 154 158 167 192 195 189 188 184 179 168 165 171 180
128 125 117 118 123 128 131 130 142 149 141 129 120 123 132 133 123 106 124 146 149 151 141 132 144 143 118 98 102 137 165 160 138 138 175 202 186 172 150 149 150 144 139 153 139 122 138 147 129 129 139 149 177 157 142 150 157 157 167 173 167 163 154 179 189 178 169 165 162 163 158 132 110 109 124 138 139 128 139 149 149 146 146 154 178 195 192 183 187 173 162 164 171 181 184
138 134 121 115 123 138 137 128 130 138 130 121 115 110 124 139 134 118 117 133 143 143 143 146 155 163 161 153 137 142 159 157 133 131 160 200 207 187 158 152 148 148 148 156 140 133 142 140 121 118 124 132 144 156 145 127 135 151 164 166 152 152 173 194 194 192 182 166 164 170 173 150 123 125 143 141 130 129 153 167 177 166 154 151 163 177 177 178 183 174 157 156 164 178 182
138 133 123 118 124 137 110 102 128 133 117 113 111 115 135 141 136 112 92 104 130 141 146 148 152 157 158 159 155 149 141 132 128 128 141 180 207 217 205 189 170 166 170 162 147 143 131 117 109 121 140 155 144 148 152 144 155 167 186 189 190 189 179 166 169 187 193 186 179 175 168 163 154 156 165 151 150 156 140 133 167 170 160 143 126 138 165 184 190 175 158 155 161 170 175
127 123 122 127 127 122 107 102 119 130 123 120 118 128 127 110 115 122 102 100 123 131 143 152 158 159 152 148 155 151 135 121 132 137 137 139 143 175 173 145 142 146 146 121 123 136 137 140 135 129 145 171 155 149 148 139 141 149 179 189 182 182 176 171 171 175 180 187 173 180 168 144 150 156 163 165 162 151 124 126 151 157 172 177 167 157 179 192 187 175 169 163 160 159 159
118 122 125 120 114 115 116 113 101 112 123 124 120 123 130 131 128 129 133 137 149 138 138 141 141 135 121 125 159 155 121 115 139 146 126 121 122 128 133 131 135 143 139 95 92 113 137 145 141 136 142 160 164 157 154 142 118 116 139 154 173 185 189 178 169 167 165 162 158 171 167 161 171 157 152 159 165 159 149 149 156 166 174 161 163 173 183 187 183 177 171 168 162 150 146
117 119 113 101 102 108 117 129 124 105 115 126 122 109 106 119 134 130 131 129 132 135 139 145 152 151 137 129 134 136 141 131 132 142 130 136 139 130 121 121 107 94 112 139 143 140 143 145 139 132 127 142 162 164 164 152 138 140 152 164 189 193 188 183 166 154 143 154 162 160 175 180 181 174 162 142 112 108 125 142 160 171 172 164 165 174 194 198 191 182 173 179 169 150 157
129 115 100 93 102 117 132 130 93 65 93 122 119 105 100 112 129 125 115 117 123 129 132 135 143 148 140 117 113 123 143 151 123 124 135 124 120 116 134 144 116 92 92 112 141 166 176 171 161 149 144 153 168 161 163 162 154 157 169 171 167 166 175 175 168 153 124 136 145 143 155 166 177 174 165 151 135 128 131 142 149 151 171 180 172 167 182 192 193 182 173 176 171 158 162
153 132 115 111 114 125 136 109 101 88 95 122 113 89 91 112 133 141 145 147 150 145 131 126 129 136 134 122 118 139 162 170 154 127 124 123 123 140 144 135 109 92 91 88 104 142 166 173 174 153 149 169 173 153 160 173 172 173 186 186 174 159 164 169 171 175 171 161 160 148 143 152 159 152 149 135 121 122 138 147 125 116 138 153 163 158 158 169 177 173 160 160 175 175 161
153 146 125 100 109 117 120 114 124 136 124 106 104 96 110 129 147 158 163 159 159 148 127 112 114 144 152 139 129 127 144 155 160 151 135 130 137 149 137 121 96 90 97 95 99 115 148 172 181 173 152 141 142 153 170 164 153 171 193 196 193 179 163 162 162 168 178 180 174 162 158 163 146 127 128 132 130 125 137 153 130 123 149 171 174 164 167 161 154 157 159 163 181 187 164
148 147 118 99 113 123 118 115 109 110 124 110 110 130 138 145 157 166 146 120 125 130 118 106 118 161 163 150 146 133 133 152 171 174 151 129 122 133 133 117 96 77 87 105 129 131 128 145 159 156 138 136 114 124 135 120 115 137 177 193 190 192 189 182 176 175 178 171 157 152 162 180 154 135 137 128 120 115 119 136 141 153 193 211 205 192 189 171 159 163 165 152 156 183 182
140 149 133 128 141 144 123 121 128 113 101 114 98 113 144 149 147 149 142 107 99 120 117 111 117 148 171 163 157 152 146 150 145 151 156 142 127 132 138 115 99 107 104 101 119 133 136 147 152 155 157 145 101 90 118 135 128 127 153 181 186 184 186 185 175 163 163 166 153 137 140 166 173 145 149 144 136 151 146 147 153 167 190 200 196 180 188 179 161 158 162 145 145 171 176
137 142 135 138 139 151 148 135 138 135 122 120 110 109 142 151 135 120 103 109 119 125 119 115 129 160 170 137 119 117 136 150 154 157 159 147 140 142 142 133 116 100 104 115 108 128 154 173 178 171 148 131 127 130 163 168 144 127 127 133 139 168 188 180 159 163 165 168 169 163 164 175 179 154 148 162 169 176 174 170 169 165 173 183 176 157 166 175 157 154 172 138 127 149 172
125 145 138 131 128 145 144 142 152 145 112 103 121 132 146 153 134 108 103 125 144 142 136 133 138 162 160 135 123 123 146 156 170 185 187 171 152 138 131 131 127 122 132 150 146 162 178 195 195 184 161 133 144 173 175 142 114 104 100 97 116 172 193 184 168 163 166 173 170 171 197 219 218 194 188 184 172 182 178 173 173 164 160 167 164 165 175 174 164 160 164 133 144 167 188
153 149 135 125 140 150 142 140 146 146 133 117 120 146 148 142 128 121 130 139 132 116 114 121 129 151 170 154 137 136 147 150 165 188 202 202 189 166 147 130 130 143 158 159 163 145 128 164 192 186 170 145 138 160 151 114 102 103 104 106 132 170 188 191 176 167 174 176 182 190 204 225 229 201 182 169 175 190 167 159 171 165 158 170 169 137 116 109 123 126 134 135 154 183 195
156 138 149 145 140 147 154 152 147 144 141 134 128 145 144 123 123 140 142 148 137 110 116 146 138 144 161 128 125 154 163 163 165 170 176 191 196 179 162 147 134 139 152 141 148 144 129 139 179 183 166 152 158 160 158 137 116 115 129 141 158 172 179 189 190 194 196 190 185 186 189 203 218 207 174 160 166 166 144 143 170 165 152 150 125 87 79 85 95 115 156 141 135 158 170
115 108 132 150 148 142 146 158 153 137 126 117 128 142 148 134 147 166 160 156 150 137 131 133 131 147 153 132 125 135 138 129 135 149 158 179 197 203 198 181 154 156 155 143 145 142 131 129 140 155 159 134 126 139 163 168 135 131 158 182 178 176 172 180 193 192 171 166 164 163 177 192 204 194 171 153 154 157 152 158 179 183 186 169 115 79 80 93 101 107 122 120 125 140 141
86 91 120 138 136 134 142 157 158 137 122 130 120 133 150 142 152 166 162 156 156 147 140 124 124 152 158 155 143 130 121 106 103 121 143 163 185 202 202 190 176 182 181 171 159 140 129 131 142 151 149 125 117 149 182 177 140 138 147 165 155 143 141 177 182 164 164 166 167 179 186 184 185 180 166 153 145 148 155 165 185 196 190 176 155 133 116 111 124 141 129 123 119 120 118
98 102 114 128 133 129 129 131 138 139 128 129 136 131 123 120 140 160 158 158 160 164 172 150 140 154 159 166 162 148 132 124 126 139 172 185 175 181 184 196 194 183 174 153 140 132 128 130 143 135 136 154 173 179 175 146 120 122 142 172 160 136 133 152 153 165 180 170 162 183 192 191 190 190 187 188 170 144 147 171 165 153 148 140 131 145 131 126 161 177 141 136 142 129 123
93 95 97 109 122 131 137 134 135 140 135 147 162 151 135 133 138 160 177 179 163 163 174 156 117 114 132 156 171 160 160 181 184 171 182 188 177 159 148 170 202 206 182 149 143 142 125 98 103 127 105 131 159 168 174 162 136 127 151 185 192 192 192 182 172 178 192 184 172 182 191 192 188 174 161 172 177 180 192 201 172 156 157 144 117 109 102 112 139 149 130 146 145 136 126
100 104 105 106 115 137 155 155 145 135 121 130 152 153 133 141 155 175 193 181 152 152 157 152 138 130 135 140 157 155 142 195 200 176 176 192 186 168 146 148 171 201 208 188 158 141 127 105 122 155 119 92 88 101 125 137 134 146 162 173 185 194 205 213 206 191 179 173 171 181 193 196 188 162 145 139 155 204 217 215 214 220 212 189 171 150 131 140 165 167 154 155 157 174 173
101 78 78 90 105 124 136 134 126 125 129 135 154 148 136 159 172 165 164 157 141 145 157 159 157 153 150 132 133 144 157 195 212 204 198 188 162 149 135 139 152 170 169 174 155 129 141 144 142 154 148 109 99 110 104 110 136 169 173 159 151 178 208 217 208 205 197 184 177 183 201 201 182 160 153 157 172 202 220 230 225 232 230 198 166 149 147 158 187 206 193 185 188 194 201
124 100 100 109 110 122 128 119 115 116 139 152 156 150 145 164 163 135 120 125 132 151 167 166 167 159 148 143 134 133 155 174 188 199 192 172 156 137 115 123 136 126 98 99 136 136 155 147 96 74 88 82 79 93 104 112 148 198 210 178 144 148 183 202 211 216 209 209 212 194 191 195 197 189 177 194 204 218 230 221 203 225 238 209 166 149 165 188 209 226 233 237 233 227 227
129 128 122 122 112 109 111 109 124 147 171 173 158 157 168 163 158 147 135 131 153 161 146 144 165 171 161 152 133 113 132 154 157 152 144 153 156 156 156 162 161 138 106 119 144 137 130 111 79 72 78 79 79 75 92 115 139 188 210 208 194 167 181 196 205 208 184 143 171 209 214 228 232 216 195 197 223 239 219 201 191 210 225 202 177 198 241 240 244 245 246 249 250 250 250
