examples/data/proba_v_out_italy/probav_s5_toc_x19y03_20140706_100m_ndvi_v001.txt
ncols         273
nrows         192
xllcorner     12.62996031746
yllcorner     41.659722222222
cellsize      0.0009920634920635
NODATA_value  -9999
[rows 141 to 187 of 192, columns 0 to 95 of 273]
62 66 78 72 54 60 92 116 109 119 158 183 173 172 178 166 162 168 171 160 156 160 165 167 155 153 161 175 192 177 140 122 133 159 178 173 169 165 165 167 164 185 188 163 155 207 237 250 250 234 221 216 205 179 170 157 153 143 131 133 144 176 203 215 224 198 140 123 162 159 132 140 151 151 145 146 114 101 121 120 126 158 169 82 55 40 36 38 38 37 39 48 52 41 52 55
54 44 50 71 73 55 44 68 117 152 168 176 169 160 152 141 156 166 178 182 170 154 156 165 165 162 177 184 180 186 183 157 149 165 181 190 180 161 158 180 206 215 182 140 136 177 217 250 250 250 191 166 74 76 75 70 71 127 114 119 142 180 106 129 96 152 85 63 119 165 144 153 169 185 147 112 107 106 109 117 133 141 101 66 45 32 32 35 34 36 38 37 37 41 45 53
65 51 54 83 120 100 78 86 144 182 177 166 159 156 146 147 168 180 194 200 181 148 151 165 168 161 164 169 172 184 193 175 168 185 185 197 207 203 191 183 185 195 190 168 160 164 196 250 250 201 162 141 136 153 76 62 126 121 115 123 140 166 81 108 116 98 106 72 93 108 95 80 88 109 99 87 77 82 108 148 164 125 78 49 36 31 33 35 34 36 37 38 38 38 46 60
90 69 56 79 155 173 163 167 176 196 205 175 150 165 162 172 176 168 169 170 165 157 162 170 167 144 133 157 170 173 177 186 177 177 178 185 208 228 231 212 198 201 207 203 173 124 142 220 155 111 90 74 75 97 153 164 136 131 125 121 133 136 151 70 100 121 168 90 73 65 57 39 41 49 57 66 87 123 167 211 188 103 75 61 45 35 35 37 39 39 38 38 37 37 37 43
125 121 117 130 172 198 193 179 180 180 162 160 150 137 119 140 163 172 166 157 162 169 171 171 163 135 144 169 182 183 170 162 158 168 173 177 188 203 221 223 215 218 109 117 106 95 184 207 143 92 68 52 55 63 93 110 88 139 158 139 126 124 121 129 69 94 125 65 54 51 66 104 141 49 87 89 97 160 175 167 113 68 54 47 37 35 38 39 40 40 38 38 37 36 35 35
57 66 157 165 171 189 191 166 151 148 168 170 121 99 117 148 157 159 123 113 140 165 170 157 136 106 134 162 175 175 152 140 154 172 170 163 159 169 197 216 217 221 116 116 103 151 169 172 121 88 71 55 44 46 62 73 77 132 154 144 138 137 121 99 112 138 106 55 42 44 39 145 203 183 113 62 64 93 95 74 50 43 39 39 41 39 39 38 37 38 38 38 39 39 38 36
125 89 123 136 134 176 196 189 181 153 171 172 136 134 138 123 128 150 122 121 153 177 166 168 159 157 157 167 174 165 136 112 117 154 167 149 144 170 210 236 94 110 114 108 108 89 109 89 72 58 52 46 41 41 42 44 55 84 118 139 123 105 89 76 65 59 57 45 43 44 41 125 201 175 98 51 49 89 89 57 39 40 38 39 41 41 42 42 40 40 40 41 41 41 40 37
187 184 178 166 147 160 158 167 138 99 126 149 156 143 127 90 109 133 115 128 145 174 197 213 185 173 173 174 189 204 210 185 142 146 165 156 147 189 229 239 227 100 108 102 103 141 135 87 98 80 69 55 52 46 41 41 42 51 72 97 76 58 54 51 42 43 47 44 40 54 63 88 142 166 120 81 86 117 110 52 37 37 39 41 42 42 42 43 43 42 42 42 42 42 41 41
171 190 203 184 162 139 125 148 144 149 170 175 192 217 203 153 133 114 96 96 106 129 161 187 188 166 149 162 183 198 206 202 194 199 209 201 196 218 242 239 218 199 202 191 83 100 103 132 88 71 72 92 99 77 61 53 45 48 52 69 73 53 40 40 38 39 39 40 45 50 47 55 62 107 130 107 117 141 125 67 43 40 40 40 40 41 42 43 44 72 88 80 66 46 42 41
155 179 196 188 171 158 163 184 192 196 193 184 188 206 194 161 136 115 106 93 93 100 118 142 169 163 128 129 150 157 154 171 187 203 204 191 207 229 243 246 239 217 192 195 232 218 160 105 71 67 66 99 152 149 90 64 60 64 55 57 63 47 41 40 39 37 37 36 36 37 41 49 57 122 141 139 168 172 160 106 39 37 38 38 37 38 38 39 45 75 90 84 72 51 41 40
181 190 196 193 183 172 161 171 190 197 190 178 169 168 168 152 129 115 114 95 84 82 87 103 138 164 163 152 140 121 114 139 157 173 178 187 218 235 240 236 231 220 204 223 234 178 123 96 70 55 65 128 188 162 86 55 53 72 92 66 52 40 41 43 40 39 36 30 33 37 46 74 133 157 170 189 206 201 197 174 136 98 37 38 37 36 37 39 66 102 107 85 94 82 59 68
200 203 196 193 190 183 167 164 174 188 197 198 185 169 153 136 117 107 102 100 114 95 88 105 129 168 198 189 146 118 126 131 131 145 164 197 225 233 237 234 209 185 207 218 180 145 101 67 48 48 57 112 167 154 91 61 59 71 78 78 80 91 81 58 45 40 36 35 34 34 34 77 138 173 208 227 231 229 224 222 224 188 136 100 95 105 114 122 164 199 206 172 137 127 108 104
192 199 202 196 184 179 174 172 172 173 179 177 151 133 128 119 106 109 115 116 115 100 130 181 191 200 210 203 168 129 132 145 154 157 167 200 216 224 235 237 228 223 223 193 119 132 151 113 69 48 45 54 68 86 79 68 56 55 61 71 102 153 165 120 74 56 52 51 46 49 33 110 152 196 236 244 228 210 204 202 209 215 204 202 211 234 234 229 239 235 210 187 145 117 122 135
202 202 207 194 165 159 158 156 158 159 160 159 140 107 93 99 112 124 127 114 91 83 116 168 207 217 210 204 192 180 162 141 126 125 150 191 208 218 231 242 240 223 195 181 168 173 185 192 146 90 53 51 54 67 95 99 77 53 48 68 132 183 184 151 112 89 83 89 123 137 149 158 160 193 226 238 230 207 199 204 200 183 157 209 233 230 234 232 235 221 174 113 84 78 104 140
214 207 193 167 148 146 148 145 153 168 170 175 179 164 133 112 124 129 116 113 106 101 110 134 184 206 199 187 180 201 201 181 166 166 166 184 203 205 202 206 209 178 144 172 206 199 191 204 173 124 99 133 123 123 128 119 85 72 81 113 160 170 165 156 140 113 111 116 130 136 152 157 150 163 201 227 234 224 198 182 163 134 103 169 223 234 235 229 233 202 148 104 80 80 95 121
196 177 166 152 141 150 163 178 184 184 176 171 172 158 151 152 133 131 105 86 89 102 113 114 136 208 202 171 156 176 193 193 183 181 178 173 174 177 173 165 177 155 121 178 217 216 204 198 173 158 151 140 102 117 178 213 206 180 158 152 142 142 156 150 124 106 122 148 147 130 128 150 153 159 188 216 210 196 195 200 167 172 178 176 220 237 237 230 234 235 215 187 154 135 155 182
165 154 152 162 169 186 193 182 176 168 157 142 129 123 127 167 196 188 153 92 87 92 96 118 164 219 203 170 157 169 177 180 181 171 162 162 172 169 159 160 176 173 164 181 199 209 202 193 190 189 161 137 114 117 161 198 196 172 143 154 147 134 136 137 116 112 138 189 202 167 146 173 193 186 191 198 196 173 184 199 172 164 154 160 189 220 237 238 236 238 235 227 212 195 200 197
139 165 188 205 216 219 194 170 167 173 175 175 169 166 176 189 179 152 130 93 95 102 107 142 188 211 198 170 146 138 161 176 163 143 142 155 178 193 182 172 177 181 181 189 195 194 194 202 210 209 190 182 158 139 136 147 146 137 133 178 173 147 147 157 136 142 159 176 192 177 194 214 209 182 174 180 182 174 183 179 175 183 171 172 178 202 228 234 222 215 218 222 190 169 169 175
157 175 203 216 222 214 185 158 161 184 205 221 219 208 186 162 164 147 119 89 91 113 129 136 138 162 183 175 155 154 187 212 198 173 175 183 192 195 187 177 167 164 167 190 188 171 166 183 186 181 173 171 165 148 148 137 116 123 125 145 167 126 121 132 127 117 108 121 144 155 182 179 158 155 166 161 165 188 212 200 174 171 180 184 174 193 208 203 168 167 185 186 170 156 151 154
185 195 205 197 184 173 169 167 170 189 204 207 199 202 187 154 129 107 87 74 85 117 141 150 144 149 172 184 183 197 214 205 189 179 175 168 181 179 182 194 191 184 186 193 172 151 132 133 151 165 140 105 102 105 108 100 89 85 82 119 146 104 85 87 90 86 88 105 138 178 198 171 146 143 147 146 161 178 198 189 175 176 185 188 188 213 206 182 158 161 170 172 154 136 158 149
204 211 206 188 170 163 164 173 187 209 197 178 174 186 177 139 105 87 77 85 95 119 154 175 155 135 151 201 205 202 203 203 210 208 187 166 171 170 180 196 203 206 187 184 190 176 152 141 139 134 105 64 66 107 168 152 119 96 94 127 147 118 92 89 85 80 86 126 202 216 221 228 206 175 156 143 149 160 197 194 168 179 184 183 176 184 195 184 172 182 176 172 175 171 186 160
209 204 200 176 181 200 202 200 209 208 170 144 157 162 134 96 82 78 76 86 97 125 159 165 141 157 178 206 206 192 199 205 203 203 193 185 180 177 181 189 196 199 192 186 192 191 167 131 119 112 94 74 87 139 214 208 192 157 138 145 148 122 113 125 124 113 127 185 207 192 197 221 211 167 148 154 165 182 212 195 165 168 168 179 174 168 181 186 187 184 168 154 179 203 198 165
179 169 169 159 182 210 216 216 218 201 169 146 162 157 121 94 98 113 102 108 136 156 161 155 167 204 184 184 203 212 226 221 205 194 190 188 186 185 184 192 195 185 174 183 191 202 207 179 138 122 124 140 178 203 215 215 203 167 166 174 164 149 170 178 179 181 188 182 175 174 190 228 208 179 182 178 158 169 196 213 192 177 178 182 171 160 161 176 190 172 126 95 135 174 191 183
171 169 169 195 221 223 219 216 212 196 186 180 179 195 175 152 152 162 121 127 159 169 161 137 153 184 185 170 178 194 207 208 197 182 180 186 193 195 192 185 171 169 173 180 185 198 192 195 194 184 175 186 206 215 213 203 188 166 168 173 172 168 187 188 189 182 173 184 181 191 204 226 232 220 205 196 175 155 176 204 215 200 184 178 175 181 167 163 187 192 144 111 155 188 198 197
171 190 180 183 203 203 201 193 192 192 181 186 196 206 205 202 194 168 129 121 139 165 161 120 136 164 182 190 188 190 198 207 203 183 173 178 184 188 166 152 152 161 174 176 189 207 191 191 199 209 213 209 210 210 201 188 180 180 180 177 177 175 182 186 188 197 203 204 214 241 233 220 228 210 152 161 169 164 167 172 191 201 165 152 167 200 197 187 193 202 183 172 185 200 187 193
184 193 198 200 195 185 174 161 170 184 188 200 211 212 187 156 160 160 154 146 149 163 152 121 115 131 160 190 201 197 197 205 213 208 200 190 177 171 173 162 170 175 171 178 194 204 197 205 205 208 210 204 192 189 184 174 167 163 167 174 177 171 178 197 203 207 211 212 198 181 208 227 242 184 111 83 73 71 87 122 169 191 168 157 170 196 205 200 205 201 186 206 236 223 186 190
201 204 200 186 176 178 176 165 169 185 186 186 199 206 187 152 136 144 173 189 171 142 130 130 127 126 143 186 212 209 196 190 188 210 227 209 174 163 171 173 174 178 184 196 189 185 198 213 203 188 191 183 170 170 169 165 163 163 162 170 177 180 174 179 189 193 205 213 211 207 223 218 196 133 77 50 49 52 61 88 142 170 182 199 198 188 190 196 214 202 185 200 233 217 187 178
215 216 197 166 144 153 164 163 170 186 172 169 155 147 164 151 146 163 189 215 201 154 110 103 114 131 146 173 198 192 159 138 141 165 195 200 174 160 176 179 164 176 184 191 180 160 161 179 183 169 177 170 162 166 167 163 171 181 178 179 181 185 188 192 178 174 184 195 210 227 242 220 160 92 66 57 66 60 59 73 101 117 131 148 162 145 156 191 218 206 189 204 229 210 178 159
214 210 200 179 158 153 155 147 157 174 178 172 153 137 144 168 181 196 211 223 197 143 99 74 91 156 180 166 161 159 144 147 164 160 154 143 138 147 177 194 196 199 192 192 196 189 181 182 181 174 170 172 170 169 173 176 185 188 184 180 176 190 201 209 210 198 187 192 225 242 250 213 156 108 88 70 64 59 50 56 79 97 91 79 98 139 171 190 187 186 209 195 209 209 180 155
202 193 184 167 164 158 160 165 171 155 137 140 155 171 183 189 203 211 207 211 183 110 78 75 85 130 143 137 139 150 154 171 172 170 169 157 128 124 156 176 192 192 184 190 221 237 232 214 199 187 178 172 165 157 164 178 186 183 176 172 172 188 195 197 204 206 204 207 224 239 220 165 142 116 91 69 55 49 48 47 71 106 113 92 115 158 172 168 140 113 137 166 196 211 188 170
182 175 153 145 173 167 156 154 155 164 166 163 163 160 178 206 217 209 179 200 182 131 91 88 95 114 125 128 142 154 160 173 174 176 178 175 153 140 146 171 198 199 185 189 216 233 228 209 196 190 185 171 164 151 146 162 178 177 175 170 170 186 207 206 209 211 213 219 221 210 192 166 161 157 124 88 62 53 52 53 58 70 99 136 149 163 179 183 177 139 142 184 194 213 201 186
170 163 178 172 173 163 137 145 152 156 175 189 196 192 188 220 224 198 172 182 162 126 113 117 124 134 144 150 159 164 161 153 162 190 174 164 165 172 179 182 182 193 195 196 205 209 199 189 183 185 192 170 161 163 161 170 172 175 181 177 189 213 230 221 214 210 200 183 186 228 208 173 172 188 194 178 154 132 97 71 62 64 99 138 147 150 160 168 179 187 175 177 185 200 202 194
194 180 172 180 169 161 144 123 148 176 190 203 219 225 223 223 206 167 122 110 110 99 99 114 130 151 182 188 177 168 173 180 181 183 172 175 184 184 179 185 186 187 195 201 195 187 178 171 167 169 183 187 173 169 177 188 182 172 178 196 212 204 171 146 128 125 123 114 152 205 187 165 162 176 188 202 198 175 164 137 134 148 150 153 156 162 169 167 172 178 177 181 187 192 193 183
192 188 175 169 158 147 145 136 139 171 182 187 214 234 228 208 170 108 53 61 93 112 116 123 123 135 166 172 178 172 162 155 160 164 168 177 185 181 176 187 186 180 190 204 195 177 166 168 177 179 193 203 200 197 192 187 181 183 200 211 194 146 118 122 145 150 130 122 151 179 179 178 169 174 182 189 182 166 154 151 159 179 189 175 171 170 169 168 174 177 180 191 204 194 180 179
167 168 166 142 129 137 155 142 128 138 161 182 197 213 224 230 183 87 39 37 84 126 129 134 118 129 154 167 195 196 180 168 164 162 161 170 184 185 181 185 188 181 193 192 183 175 170 161 169 182 180 195 204 208 209 202 189 188 210 202 153 112 125 162 169 158 142 127 124 145 157 165 180 189 186 173 161 155 157 164 180 195 197 185 178 171 160 163 174 178 180 193 211 202 190 192
155 158 152 140 137 154 173 160 162 159 157 166 164 166 173 185 189 157 113 94 115 126 148 154 132 137 158 171 180 181 186 179 173 169 163 165 178 187 188 190 194 195 194 153 148 167 170 157 161 176 181 188 200 212 218 212 202 212 226 207 171 145 179 210 213 206 176 123 95 102 124 169 204 183 165 161 162 163 165 166 175 189 196 185 178 177 167 161 160 164 176 195 202 189 179 195
167 153 151 176 192 187 168 153 165 173 176 188 191 177 144 133 146 163 170 174 170 155 176 186 169 155 172 177 165 159 173 170 162 156 151 153 165 184 192 187 182 187 191 163 127 133 143 127 132 151 171 183 194 205 205 194 189 190 191 191 183 162 204 213 217 228 209 143 92 83 102 167 190 180 178 163 171 180 179 181 182 189 196 188 175 182 183 155 124 129 155 174 183 190 190 200
122 139 155 167 185 192 193 181 187 208 210 210 215 205 166 153 150 148 151 156 145 151 185 211 200 182 183 201 194 182 175 166 163 163 158 154 157 171 190 198 191 190 191 189 164 149 152 146 129 132 154 179 195 201 189 190 190 182 172 178 183 189 206 192 201 215 185 125 99 107 131 158 160 144 145 98 186 179 178 194 188 185 191 175 147 164 181 171 150 151 162 187 212 215 211 203
158 167 171 148 144 162 169 148 153 188 210 216 222 206 187 196 202 198 189 174 143 167 202 209 191 173 178 197 205 211 197 173 161 159 163 171 183 196 191 190 200 209 201 193 185 177 180 191 197 196 194 198 206 216 215 200 191 178 174 183 190 200 198 179 169 154 135 123 130 142 156 160 159 161 180 77 185 172 183 193 179 172 179 183 177 183 176 169 170 182 190 203 212 209 209 196
227 222 205 172 155 147 156 167 154 173 192 202 209 189 180 190 206 216 217 200 175 164 199 205 174 152 172 189 195 201 199 186 163 155 165 178 195 207 202 192 188 200 216 220 212 203 197 202 207 207 198 188 181 190 201 209 211 164 159 176 196 205 197 180 158 134 131 144 149 132 137 164 187 189 196 213 210 190 179 181 174 168 158 151 176 199 197 193 193 186 181 192 201 203 191 172
214 211 202 194 180 165 164 173 165 168 176 175 174 174 184 193 203 204 194 172 143 110 123 190 185 167 181 187 197 196 187 193 184 173 175 189 201 209 211 213 208 201 199 207 215 206 194 197 208 213 207 186 167 167 176 194 204 173 167 177 188 192 194 188 177 158 148 135 114 109 126 171 199 190 175 202 214 166 128 118 112 143 182 163 159 188 207 209 197 180 175 180 188 200 197 191
177 194 182 181 194 197 173 162 182 199 196 173 161 161 181 220 233 212 174 164 153 114 105 170 168 177 199 205 204 191 162 156 175 186 197 202 197 205 212 222 227 217 193 190 204 204 193 196 205 205 210 192 165 155 169 187 190 171 150 146 159 178 189 183 175 160 139 123 100 112 145 182 192 180 189 216 200 127 140 139 138 140 163 175 177 193 201 208 200 177 184 195 201 203 195 186
165 176 188 171 162 190 199 166 144 166 177 151 135 154 177 203 204 172 115 87 96 105 115 135 138 154 188 211 207 183 167 167 182 193 199 188 186 201 216 228 233 215 168 116 148 193 190 181 175 182 189 183 171 174 187 184 170 161 145 132 138 143 164 173 164 150 131 106 97 142 192 207 195 196 199 216 208 141 101 106 134 158 143 152 180 192 187 197 188 174 173 175 183 194 194 192
159 186 210 196 168 184 208 177 131 156 168 151 134 144 155 169 184 183 146 107 90 97 113 133 138 144 189 215 192 164 167 195 199 197 200 195 191 193 198 207 218 211 186 145 155 189 189 163 153 155 168 180 176 174 167 154 145 148 145 130 113 101 126 164 168 151 155 155 144 155 176 196 207 207 197 198 202 195 173 193 201 187 176 175 167 155 155 160 170 168 170 176 176 184 195 198
158 179 184 186 175 190 215 183 135 135 159 153 134 133 151 171 164 150 147 154 149 138 140 166 174 180 200 204 175 162 182 217 210 195 198 207 208 202 184 173 190 205 203 182 171 192 199 167 145 156 167 166 163 165 160 151 154 166 170 172 138 106 112 119 128 141 158 173 176 164 164 175 192 190 184 191 207 213 227 217 194 195 196 193 201 178 144 130 158 165 171 181 186 186 197 196
172 184 168 154 154 186 208 189 148 133 143 150 139 134 168 209 201 185 174 171 182 206 197 190 205 208 207 193 167 153 166 195 205 196 201 204 200 193 180 168 170 188 208 184 178 197 193 176 156 164 186 184 185 185 175 165 174 190 189 171 159 151 131 100 95 119 130 130 174 186 183 179 176 167 171 182 190 181 216 250 222 205 200 183 169 173 175 165 171 181 196 199 197 194 207 204
158 168 175 172 174 186 208 192 144 168 177 163 147 150 178 214 223 210 195 183 175 172 165 166 183 201 210 193 169 148 129 144 165 168 168 164 167 171 171 167 177 185 188 185 208 211 192 187 195 196 202 205 218 225 213 195 200 211 197 175 171 168 154 137 122 119 112 117 140 164 191 198 189 178 178 172 172 180 209 231 209 200 198 187 172 174 195 208 203 187 168 156 173 191 195 187
