examples/data/proba_v_out_italy/probav_s5_toc_x19y03_20150306_100m_ndvi_v001.txt
ncols         273
nrows         192
xllcorner     12.62996031746
yllcorner     41.659722222222
cellsize      0.0009920634920635
NODATA_value  -9999
[rows 94 to 140 of 192, columns 0 to 95 of 273]
45 44 43 44 42 42 48 50 49 48 42 40 38 48 50 58 57 57 52 72 52 53 50 63 83 63 49 53 43 29 41 41 33 34 42 42 39 36 37 37 33 32 35 34 31 32 33 32 33 34 37 36 35 36 35 36 35 35 33 36 35 38 38 38 41 39 36 33 34 30 30 29 28 28 28 29 27 32 32 32 29 28 31 32 28 28 26 29 29 32 33 34 33 29 32 40
40 37 37 42 43 43 44 51 52 47 45 44 40 39 39 48 48 54 48 55 37 29 31 36 37 41 33 28 31 35 44 35 35 34 33 42 37 32 31 36 35 38 33 30 33 32 30 32 32 32 32 33 36 36 35 35 32 35 34 38 41 37 42 49 60 77 50 36 31 30 31 30 31 30 31 28 29 29 29 33 37 33 27 31 31 32 33 34 30 31 32 30 29 28 30 33
39 36 41 45 44 41 44 54 57 52 52 48 42 39 38 46 45 39 33 37 37 33 33 33 32 31 31 32 35 31 40 39 36 28 28 32 31 31 32 33 34 36 25 0 19 36 30 33 36 37 37 38 38 36 37 38 36 40 44 47 39 33 73 104 90 82 56 46 40 38 37 33 32 34 36 30 31 32 30 31 44 46 35 31 33 28 0 20 29 28 41 63 45 38 37 35
41 38 39 41 47 48 48 54 47 49 52 51 47 38 36 41 42 36 42 37 32 33 35 32 31 32 38 36 37 39 36 37 36 35 33 29 31 32 31 31 31 34 36 33 32 34 33 31 33 33 37 38 39 40 44 45 45 43 46 44 41 37 86 96 101 84 65 75 59 49 44 43 41 39 37 35 39 37 40 39 32 37 46 42 32 33 25 32 32 38 40 63 64 71 72 72
39 40 42 42 53 54 46 43 37 50 61 60 52 42 41 38 35 36 39 32 30 29 30 32 36 30 38 41 40 38 31 31 35 35 33 29 32 33 33 35 33 33 31 33 34 36 34 33 36 37 45 40 44 56 69 60 44 32 38 39 47 58 104 111 102 94 107 111 66 47 42 37 33 46 49 43 44 39 43 42 38 30 36 43 38 37 47 68 41 51 79 99 71 75 98 77
41 39 40 39 50 60 57 55 55 70 73 70 56 46 44 39 36 37 36 32 31 27 31 32 33 32 34 33 33 33 33 32 32 32 34 35 34 31 31 32 33 33 33 31 30 36 41 37 34 38 45 42 57 52 62 67 49 39 42 54 74 75 83 96 78 64 47 38 45 36 33 34 26 39 39 43 46 39 39 38 34 34 43 46 41 43 36 39 57 89 79 76 78 66 53 40
46 39 37 40 50 58 62 69 76 85 81 70 58 49 46 40 40 40 35 37 37 35 43 34 32 33 30 25 38 35 29 27 28 28 29 33 37 36 36 39 37 34 35 34 32 31 32 36 33 40 46 41 57 49 49 45 41 33 45 52 62 66 36 37 38 35 35 29 27 25 26 31 28 31 29 32 28 26 29 29 31 35 39 44 48 42 61 61 61 70 65 54 52 49 43 37
48 45 41 42 51 54 48 44 46 56 54 49 50 49 49 41 34 39 34 38 40 37 40 31 29 30 29 31 51 40 35 33 34 31 31 33 38 39 39 42 41 37 36 36 35 34 35 38 42 43 37 51 51 48 49 37 36 37 41 43 56 60 39 30 28 29 34 31 27 27 26 28 26 26 29 33 30 28 29 29 31 31 35 29 40 43 68 68 61 51 49 49 40 39 42 41
56 50 48 47 58 54 50 52 52 52 43 40 48 54 46 38 37 37 32 30 35 37 37 33 34 37 35 35 41 36 35 34 34 37 41 43 42 43 41 50 46 44 40 39 41 42 51 54 54 47 41 64 44 42 41 36 40 40 36 35 49 47 40 37 32 34 33 31 31 28 27 34 37 27 2 0 11 25 32 30 32 32 36 25 25 32 42 55 51 40 38 37 34 32 37 53
57 51 49 51 56 55 50 51 51 52 53 45 46 48 49 42 41 38 38 43 42 38 37 37 36 42 41 39 40 40 40 44 46 45 42 43 42 42 44 50 45 40 41 41 44 59 50 42 39 43 44 45 38 38 37 38 45 38 32 30 34 38 35 36 34 34 33 33 35 35 31 25 33 30 0 6 0 2 31 30 32 32 32 32 31 29 26 36 41 35 32 32 35 45 50 61
61 62 56 45 48 50 47 61 56 50 49 58 63 59 54 42 44 48 44 44 47 43 40 41 40 42 44 44 35 42 47 49 35 35 35 32 43 46 30 45 58 57 45 44 39 40 62 65 52 56 64 55 37 39 45 51 53 38 33 36 37 37 35 46 38 36 36 31 32 34 30 9 3 10 2 10 0 20 39 30 30 31 32 32 32 31 31 32 31 30 29 29 32 27 25 31
47 41 38 43 47 51 51 53 48 49 52 53 49 55 59 57 55 60 52 50 53 51 52 52 53 53 49 41 30 30 39 44 34 34 30 31 37 29 18 54 24 12 39 37 34 36 35 32 52 47 39 36 40 49 48 46 46 38 33 40 39 48 38 68 55 41 34 32 36 36 36 40 30 0 0 4 13 3 27 33 30 31 31 31 30 30 37 34 32 30 30 30 38 32 33 33
44 40 33 37 43 40 39 41 44 48 66 71 58 51 51 63 77 78 68 68 70 72 82 85 83 73 50 42 39 36 37 39 40 36 24 35 38 37 25 60 49 41 37 37 41 37 38 54 48 54 58 42 40 56 66 56 62 65 54 52 49 52 41 54 46 40 35 34 34 40 38 34 37 36 30 36 41 35 32 31 33 31 29 33 38 37 35 40 35 37 42 36 52 48 37 35
40 39 36 39 41 41 42 40 42 43 47 47 45 41 39 41 56 63 70 77 77 66 76 87 73 58 48 47 46 42 37 35 34 29 25 30 33 38 29 34 18 28 35 47 48 46 47 41 43 45 42 27 39 55 74 72 74 77 56 43 44 53 52 54 56 46 41 49 50 49 46 34 33 35 35 34 33 36 7 1 36 34 35 35 35 39 39 40 37 35 36 32 31 33 33 36
39 39 38 39 42 43 39 41 42 39 42 49 43 39 39 38 41 44 47 51 54 65 81 87 58 40 42 48 41 36 35 34 33 29 33 35 27 30 46 30 8 34 52 38 35 38 37 39 43 43 49 34 67 67 69 64 53 58 64 66 61 60 58 81 82 53 35 34 43 50 53 44 48 42 35 33 35 32 7 12 39 33 36 33 31 34 33 37 37 33 32 29 31 32 35 33
42 40 42 41 44 43 41 42 42 44 45 54 55 51 45 39 37 39 46 47 47 52 58 57 45 39 40 50 45 44 39 33 36 35 44 41 35 47 67 34 44 45 44 26 32 38 41 47 39 20 45 58 42 29 30 53 74 107 122 116 90 88 98 82 55 52 41 34 35 43 47 51 60 47 40 8 8 34 38 36 40 39 35 34 31 32 32 31 33 36 39 40 39 35 37 47
47 42 43 45 52 48 42 44 42 45 43 43 47 54 51 42 36 38 46 57 51 46 45 38 43 45 42 51 42 33 33 32 37 37 44 54 59 48 53 43 60 42 40 33 32 32 32 32 34 37 42 38 48 49 43 60 103 143 158 149 120 97 74 62 44 45 58 46 33 40 42 42 44 37 35 34 31 37 36 32 32 31 34 35 32 31 30 29 30 32 30 27 24 28 34 42
46 45 45 46 54 58 50 48 43 44 40 39 42 54 57 54 53 60 68 65 49 42 38 29 40 39 43 36 31 32 31 32 38 38 40 78 55 35 47 41 36 30 35 36 36 35 35 40 40 39 43 41 40 37 26 38 100 128 153 152 120 89 59 61 52 39 43 44 36 38 39 35 38 48 47 45 47 39 38 33 34 33 33 32 33 40 43 36 31 31 29 31 29 27 37 38
44 54 56 49 47 53 53 52 48 46 41 42 43 50 65 77 63 55 54 56 56 45 49 45 43 37 39 36 34 39 36 34 33 33 47 54 47 40 45 35 31 29 33 35 34 34 36 41 41 38 39 43 43 44 45 52 72 84 128 130 115 90 48 57 60 54 46 55 48 42 36 36 32 46 53 40 33 34 38 34 33 30 34 37 38 37 38 40 34 33 36 33 29 29 33 30
37 38 37 40 36 39 43 43 37 38 38 41 42 49 45 51 48 53 61 62 55 44 43 38 35 35 36 39 36 35 34 39 41 58 62 53 41 38 38 36 32 31 34 35 32 36 41 44 43 40 50 60 47 52 54 63 93 106 132 141 137 89 59 75 57 54 46 42 42 39 35 37 32 35 40 53 51 43 41 37 33 34 38 37 32 32 36 39 37 35 33 31 30 32 31 28
38 37 39 38 38 40 38 43 46 47 44 44 48 54 43 46 45 47 53 52 43 41 38 38 38 43 43 46 49 48 51 59 73 84 64 56 41 37 41 43 41 39 35 34 39 46 41 40 35 27 28 46 56 52 43 49 71 101 136 151 146 104 85 72 54 46 38 36 36 35 37 34 33 35 33 40 49 45 35 36 37 42 43 44 39 35 31 31 33 34 35 37 37 34 28 29
46 38 34 35 36 42 40 43 44 46 47 55 56 58 57 56 48 47 49 46 39 39 39 40 47 53 55 56 60 76 107 112 118 111 71 49 36 35 37 36 35 33 30 38 38 36 37 41 41 36 37 51 53 51 56 58 59 73 112 125 83 60 59 59 53 43 41 44 43 41 40 35 36 31 28 36 58 67 55 45 35 39 35 39 43 35 31 33 33 31 30 30 31 37 36 37
45 40 34 36 39 45 51 53 55 54 50 57 55 53 52 57 56 51 44 41 46 54 54 45 45 53 64 80 108 134 130 97 89 82 61 50 39 35 34 35 36 38 44 44 43 39 41 41 40 41 44 49 53 60 60 53 51 56 73 77 68 60 47 54 56 46 32 38 45 48 43 36 34 30 38 55 60 57 79 74 62 64 52 50 40 40 39 43 39 35 34 37 54 67 52 42
41 35 35 36 33 45 56 53 58 53 44 47 51 50 46 42 38 37 39 39 45 57 61 52 56 65 91 132 165 145 121 102 74 54 46 40 36 38 37 35 35 30 29 34 47 43 43 40 43 40 43 43 45 55 60 58 67 70 76 63 57 48 47 65 59 50 43 38 27 35 40 39 36 35 32 41 56 65 66 71 75 72 62 54 41 37 48 69 49 34 36 39 38 70 65 38
47 42 40 37 42 41 36 37 41 46 42 43 48 47 39 38 38 37 41 44 44 51 58 58 59 75 111 136 135 121 116 90 66 54 40 35 33 31 32 33 33 36 36 43 53 42 57 55 42 43 54 58 60 67 62 58 68 79 82 64 73 63 57 56 54 48 36 33 30 34 39 46 47 44 42 51 71 64 49 50 88 114 117 85 60 53 43 54 48 32 53 63 59 51 59 51
41 40 38 39 38 38 36 36 39 45 46 47 49 47 42 41 42 43 43 46 40 48 54 65 76 91 105 93 90 94 92 90 63 48 37 34 33 31 31 32 31 41 48 44 45 44 53 51 56 64 59 65 78 83 80 95 101 93 92 99 99 74 84 80 58 45 42 36 35 35 30 30 34 36 48 57 64 44 53 71 88 99 103 92 76 71 54 59 50 46 52 58 57 67 63 49
41 44 38 39 39 38 39 38 35 40 44 46 50 50 46 43 40 38 39 38 43 60 60 83 98 95 81 62 60 64 62 53 42 37 35 34 33 31 31 33 33 35 47 72 64 58 60 50 56 62 68 70 73 79 86 99 108 115 99 92 91 79 51 47 43 37 37 39 44 40 31 30 33 33 32 34 44 39 26 43 52 53 53 117 107 69 51 44 27 37 34 41 49 68 59 47
46 47 37 36 38 40 43 45 37 38 40 49 53 47 46 45 43 42 47 46 52 76 98 126 113 75 66 59 45 48 46 45 48 45 38 35 35 35 33 35 37 41 66 72 69 67 67 68 74 79 83 83 80 103 87 76 68 70 49 46 63 54 35 33 37 36 35 31 33 32 27 27 31 40 33 33 35 40 41 45 43 46 50 85 93 98 78 61 49 37 33 25 28 41 40 38
39 40 40 41 40 43 44 52 52 53 52 50 53 47 50 47 48 48 47 40 69 93 103 112 96 64 71 69 53 50 45 44 56 73 66 47 41 41 40 45 50 51 70 88 83 77 80 82 92 103 122 87 71 58 53 58 43 48 61 61 50 41 40 34 31 35 34 31 32 30 29 33 35 34 31 32 31 36 38 44 45 62 88 114 116 110 91 68 58 48 41 32 27 30 33 30
39 45 47 48 47 45 39 47 52 60 64 50 50 53 56 52 50 44 42 40 58 86 93 77 61 54 53 63 51 42 40 45 48 62 63 53 73 86 86 73 78 88 98 104 103 104 105 106 115 92 70 45 56 55 46 39 30 37 37 33 30 28 34 35 30 32 31 29 29 31 35 50 50 36 36 34 33 39 37 50 73 108 97 111 129 136 112 79 106 88 61 42 36 35 32 31
39 42 41 56 54 45 42 47 54 51 53 45 46 39 44 55 54 60 52 48 50 65 78 66 46 41 47 54 40 39 37 39 40 57 65 70 83 105 116 112 101 114 122 117 119 130 117 87 75 51 46 40 46 37 33 31 29 32 30 31 31 30 31 42 36 33 32 31 29 37 49 44 39 33 39 37 45 44 40 42 95 125 114 121 116 115 104 88 92 81 66 60 52 44 37 41
40 46 54 71 68 61 57 52 56 47 41 31 35 35 34 37 40 42 45 47 42 48 52 51 41 37 40 46 47 39 39 39 41 57 72 76 75 95 106 117 126 129 131 116 72 55 60 63 59 46 36 33 37 30 34 29 25 30 30 29 29 29 26 60 46 40 35 40 38 53 39 33 28 37 46 45 70 94 125 113 110 137 149 119 106 131 134 108 110 112 91 96 90 67 51 81
42 40 47 56 62 60 63 52 43 39 40 33 35 37 36 34 36 39 45 47 43 43 41 40 36 35 40 40 44 52 58 46 43 49 63 71 80 95 93 89 93 78 68 73 68 59 36 35 44 40 40 36 34 35 36 30 29 32 32 30 25 23 30 58 59 65 51 61 87 60 38 40 40 60 94 110 106 99 111 106 78 82 101 95 87 91 103 101 107 78 54 56 59 74 72 56
39 39 41 49 63 59 58 50 51 49 42 37 39 37 35 34 38 38 40 43 42 41 42 40 39 41 47 58 62 66 60 48 53 58 58 64 68 71 61 63 74 72 61 56 44 37 33 38 42 34 31 32 33 36 39 36 33 37 34 34 35 34 37 39 38 46 72 89 114 83 80 80 77 89 115 132 121 92 89 96 66 58 74 104 100 93 90 64 40 35 31 35 45 36 34 37
31 35 37 42 62 65 53 58 48 39 36 37 38 36 42 46 52 44 36 40 41 44 48 46 43 51 64 80 67 66 65 64 65 51 42 45 41 40 35 43 60 68 58 45 43 40 36 34 36 34 31 29 32 31 30 31 30 33 33 35 37 35 37 45 39 41 67 115 144 121 119 119 102 106 115 109 95 85 77 70 52 50 68 102 103 78 65 48 42 38 42 42 37 37 32 25
36 36 34 39 39 36 49 49 39 35 36 38 37 37 47 55 63 59 51 54 61 55 50 55 64 72 78 87 83 60 59 58 56 50 49 46 36 34 32 34 46 35 29 29 33 30 28 28 30 33 31 29 32 33 34 34 32 33 33 36 35 33 33 39 40 63 87 125 135 121 116 107 90 113 123 116 107 85 69 61 56 40 35 49 60 41 33 28 40 44 52 33 24 25 28 31
35 34 34 34 34 36 37 43 40 37 48 53 49 41 48 71 74 67 60 52 83 99 84 73 72 76 76 96 90 60 41 37 35 35 35 38 38 35 34 35 36 35 38 39 38 33 32 32 32 32 33 32 34 35 35 35 33 34 33 33 32 32 32 37 39 45 70 105 121 129 124 93 80 99 72 49 42 38 39 34 38 46 42 45 41 31 31 31 32 35 48 45 35 29 32 20
33 32 35 36 34 36 40 38 43 53 55 47 54 58 63 71 67 52 57 66 69 63 60 66 68 74 73 72 54 53 47 42 41 43 39 37 38 34 32 36 37 32 26 30 32 31 29 31 32 34 35 34 36 35 36 34 35 35 35 34 36 36 35 39 38 37 38 82 130 124 99 61 40 43 45 30 28 33 37 32 25 29 39 59 40 37 33 36 33 36 35 33 32 31 33 18
30 32 33 34 34 38 41 40 56 49 40 40 51 55 49 57 62 52 52 61 57 53 47 50 64 66 65 71 54 49 43 46 45 49 44 39 35 35 32 30 31 33 31 30 29 29 29 30 28 29 31 32 33 33 33 35 36 41 42 47 52 45 46 44 42 47 66 117 149 112 66 49 48 43 43 35 34 32 31 32 28 31 38 44 34 35 32 31 26 28 32 31 33 37 41 41
33 32 31 35 38 37 35 33 44 45 41 35 41 44 44 64 67 59 57 66 50 46 44 45 63 65 70 60 45 43 43 40 39 38 36 38 43 44 39 34 29 30 33 33 30 29 30 30 29 31 32 36 38 40 41 41 43 42 46 77 74 52 48 59 69 69 81 59 81 65 43 35 42 29 27 32 37 32 24 26 30 25 33 28 25 29 29 30 29 28 31 33 31 34 41 38
37 39 35 33 34 32 33 32 40 43 42 40 36 38 46 64 54 46 54 55 46 43 50 55 61 49 47 46 42 40 39 38 35 34 33 32 32 41 39 35 31 30 32 32 34 34 34 31 30 32 34 41 36 36 48 60 54 42 33 43 72 57 46 45 55 56 63 40 43 33 32 34 39 37 36 30 31 31 27 30 32 30 34 32 33 31 29 30 34 35 35 36 33 36 37 35
32 32 32 33 32 32 36 37 39 42 41 40 39 39 45 48 56 51 53 49 55 64 63 58 53 50 49 44 37 39 42 36 36 41 37 37 40 42 36 33 33 32 32 35 37 36 38 35 36 36 36 52 53 51 55 69 54 46 41 45 64 82 70 55 55 53 57 48 45 39 39 38 33 31 34 33 31 28 27 29 35 32 31 31 30 31 31 31 33 33 33 36 34 33 34 31
33 35 34 34 34 35 38 40 42 46 45 48 56 55 46 52 56 51 53 59 54 50 46 47 45 41 42 42 42 36 39 41 42 41 36 40 37 33 33 36 35 34 33 34 35 37 39 39 40 39 46 52 53 62 52 55 50 44 37 40 53 64 70 58 42 45 41 37 33 32 39 43 34 31 34 31 28 27 26 27 30 33 30 31 33 33 30 29 32 34 34 36 38 38 37 35
33 31 32 34 34 35 38 41 47 53 51 53 63 66 49 51 66 74 55 51 44 41 37 38 38 38 40 39 37 34 35 37 38 40 42 42 39 39 37 36 35 35 33 35 36 39 40 46 56 45 47 58 55 51 39 54 38 43 50 51 47 47 50 51 35 30 26 32 31 27 27 30 34 34 30 30 30 31 33 35 8 2 28 29 28 32 35 36 34 36 35 30 29 35 41 40
34 33 32 33 34 37 38 37 39 46 47 45 56 66 60 51 61 65 55 42 33 39 36 33 31 31 37 37 33 33 33 34 35 34 36 39 47 42 37 38 36 37 34 37 41 41 43 50 68 73 57 47 46 52 50 46 33 31 40 39 39 40 35 26 27 29 26 29 28 23 26 27 32 32 33 31 33 24 19 32 28 21 34 33 35 32 30 33 35 36 38 40 37 35 41 41
35 32 34 33 32 34 38 40 43 42 43 44 42 46 53 59 60 51 42 35 29 36 34 33 33 33 34 36 33 34 35 35 36 36 35 42 53 47 43 43 39 41 39 43 44 46 53 49 56 50 43 40 36 41 48 41 35 26 38 44 41 32 28 29 29 30 27 31 30 27 30 27 28 28 29 30 34 1 0 2 36 39 34 34 36 38 35 30 28 49 50 41 36 39 32 31
32 31 32 33 32 32 32 37 42 39 43 43 44 49 56 64 53 40 31 28 31 34 32 34 36 34 32 35 33 34 34 35 35 37 37 42 53 51 40 44 41 44 46 45 42 45 54 51 50 43 41 40 39 42 52 45 41 37 31 27 24 27 28 26 28 30 33 32 27 29 36 35 32 32 34 21 0 11 24 38 33 35 37 36 34 32 37 39 39 61 45 39 33 31 28 36
