examples/data/proba_v_out_italy/probav_s5_toc_x19y03_20141106_100m_ndvi_v001.txt
ncols         273
nrows         192
xllcorner     12.62996031746
yllcorner     41.659722222222
cellsize      0.0009920634920635
NODATA_value  -9999
[rows 112 to 167 of 192, columns 0 to 95 of 273]
30 30 30 30 30 29 28 28 30 31 32 33 31 30 30 30 30 30 31 30 30 29 27 26 26 25 25 25 25 25 25 26 26 26 26 26 25 25 25 24 24 24 25 25 24 24 24 24 23 22 22 22 22 23 23 22 22 23 22 22 22 22 22 22 22 22 23 23 23 23 23 22 23 23 22 22 24 27 27 27 27 29 29 27 27 28 28 26 24 23 22 23 23 22 22 21
30 30 30 29 29 31 30 29 30 30 30 29 29 31 33 33 31 29 29 28 28 28 28 27 25 25 26 26 25 25 26 25 25 25 26 25 25 25 25 25 24 24 24 24 24 24 24 24 23 23 22 22 22 22 23 22 22 22 23 23 23 22 21 21 22 22 23 22 23 23 22 22 23 24 24 24 24 25 27 29 29 30 31 32 31 31 30 29 29 29 27 26 27 26 24 22
30 30 29 29 30 31 32 31 30 31 30 29 29 30 30 30 30 30 29 28 28 28 28 27 26 25 25 26 26 26 26 26 25 26 25 25 25 25 24 25 25 24 24 24 24 24 24 24 23 22 22 23 23 23 23 23 23 23 23 22 23 22 21 21 22 22 22 23 23 23 22 22 23 23 24 24 24 24 24 25 25 26 28 30 32 31 29 30 30 31 33 32 30 28 26 27
31 31 30 29 29 29 30 31 31 31 31 31 32 32 29 28 29 30 29 29 30 28 28 28 28 26 26 26 26 26 27 26 26 26 25 25 26 26 25 25 26 25 24 23 24 24 24 24 24 23 23 23 23 23 23 22 23 24 23 21 22 22 22 23 24 24 25 23 23 22 22 23 22 23 23 23 23 24 24 25 26 25 26 27 29 29 29 28 27 26 25 25 25 27 28 29
31 32 33 32 30 30 31 32 32 31 32 33 33 33 29 29 30 31 31 30 30 29 28 28 27 26 26 26 27 27 27 27 26 25 25 25 25 25 25 25 26 26 25 24 24 23 23 24 25 24 23 23 23 23 23 23 22 22 22 22 23 23 23 23 23 24 23 23 23 22 22 23 24 23 22 23 23 23 24 25 25 25 24 24 25 27 29 31 30 26 24 23 23 25 25 25
32 32 30 29 30 31 31 31 32 31 31 30 30 31 30 29 28 29 30 29 28 28 28 28 27 26 27 27 27 27 26 26 26 25 26 27 25 25 26 25 24 25 24 24 24 23 22 23 24 24 24 24 24 23 23 23 22 22 23 23 23 23 23 24 23 23 24 24 24 24 22 22 23 23 22 22 23 23 23 24 25 26 26 26 26 28 31 32 30 27 25 24 25 26 28 31
32 33 32 32 32 32 31 31 32 32 29 27 26 28 30 30 29 29 29 29 28 27 27 27 27 27 27 26 26 24 24 25 26 25 26 26 26 26 25 26 26 25 24 23 23 24 23 23 24 24 24 23 23 24 24 23 23 23 23 23 25 24 24 23 21 22 24 24 23 23 22 21 22 22 21 23 23 23 23 24 24 26 28 29 28 28 27 27 30 30 29 19 5 21 25 17
30 32 34 32 31 30 29 30 30 30 28 26 26 26 26 28 29 28 28 29 28 27 27 27 27 26 26 25 24 24 24 25 26 26 25 26 25 25 25 25 26 25 23 24 24 24 24 23 23 23 24 23 23 23 23 23 22 24 24 25 26 26 26 25 24 23 24 24 23 23 23 23 22 22 22 22 22 23 24 23 23 24 23 24 24 24 24 25 27 29 29 11 2 28 17 8
29 30 31 31 30 29 28 27 27 28 28 29 29 29 29 28 28 29 29 29 29 27 27 26 26 26 27 25 25 26 25 25 24 25 26 26 25 25 23 23 24 24 24 25 25 26 25 23 22 23 23 23 23 23 23 24 24 24 25 25 24 24 25 25 25 25 24 23 22 21 21 22 23 23 23 22 21 21 22 22 22 22 23 23 22 22 23 25 27 30 32 29 27 25 23 15
30 30 30 31 31 29 31 31 29 28 29 30 29 29 29 29 30 31 30 29 27 27 26 26 26 27 27 28 27 26 26 26 24 25 27 26 26 26 25 25 23 23 24 26 25 25 25 26 26 23 23 23 23 24 23 24 23 23 23 23 22 22 22 22 22 22 23 22 22 22 23 23 23 23 23 23 22 21 22 22 22 22 22 23 22 23 24 26 27 28 31 33 33 24 9 20
27 28 31 32 31 30 31 32 32 31 30 29 30 27 26 27 29 29 28 28 28 27 27 27 26 27 29 29 28 28 27 26 26 27 27 26 26 26 26 26 27 26 24 24 25 26 27 27 26 23 22 22 23 23 22 23 24 24 23 23 23 23 22 21 19 19 21 21 22 24 24 23 23 23 22 23 22 21 20 22 23 23 24 23 23 23 23 24 26 28 29 31 34 35 22 29
28 29 30 30 30 30 30 30 29 29 31 31 31 32 31 28 27 27 25 26 28 28 27 27 28 27 27 28 28 27 26 26 26 26 26 25 26 26 26 27 28 27 27 27 27 26 25 25 24 25 25 25 24 23 23 23 24 24 24 24 24 25 26 26 24 23 23 22 22 21 21 22 22 22 22 23 23 23 23 23 22 22 23 23 23 23 22 22 24 25 26 27 28 32 36 39
29 28 29 30 30 31 28 26 26 27 28 28 27 28 28 28 27 26 27 27 25 27 29 29 29 29 28 29 28 28 27 27 27 25 23 24 24 25 27 28 27 27 27 27 26 26 25 26 28 26 26 25 25 25 24 24 24 25 24 24 24 25 26 27 27 26 25 24 22 20 19 19 21 22 22 21 20 21 21 23 22 22 22 22 22 21 22 22 22 22 22 24 27 29 32 33
29 29 30 31 30 29 26 26 27 27 27 28 28 29 28 27 27 27 26 25 25 27 27 25 26 27 27 28 28 28 28 27 26 24 24 25 25 24 24 25 26 26 26 27 26 26 26 27 27 26 26 25 24 24 23 21 21 21 21 22 22 23 24 26 25 23 22 23 23 23 23 22 21 20 20 19 21 22 22 21 20 20 20 20 20 20 21 22 22 21 22 22 23 24 25 26
31 30 29 29 28 28 28 29 30 30 30 29 29 30 28 29 29 30 30 30 28 27 27 28 27 27 26 26 27 28 28 26 25 24 24 23 24 24 23 23 24 24 25 26 26 25 24 23 22 24 25 24 23 24 23 22 20 21 21 20 20 20 22 22 23 25 27 26 25 25 25 24 23 22 21 20 21 22 21 20 20 20 21 20 21 21 21 22 21 21 21 20 20 21 22 24
29 30 30 29 28 29 31 32 32 31 31 29 28 28 28 27 29 31 31 31 30 29 29 28 27 26 27 26 25 26 27 26 25 25 24 24 24 24 24 22 22 23 22 22 22 24 26 27 25 24 24 24 23 22 23 23 22 22 21 21 22 22 21 20 22 25 25 25 25 25 26 26 26 25 23 23 22 22 21 21 22 22 21 21 21 20 21 21 21 21 21 20 20 20 20 22
29 29 29 29 30 30 31 31 31 30 29 28 27 28 29 29 28 29 29 30 29 30 28 27 28 28 27 26 24 23 25 26 26 25 25 25 24 24 24 24 24 24 23 21 22 22 23 25 25 25 23 22 22 23 23 24 24 25 24 24 24 23 23 24 23 22 22 23 24 24 24 24 24 24 24 24 23 23 22 22 23 23 22 22 21 21 20 22 22 21 21 21 20 20 20 20
31 30 30 31 29 29 31 31 32 30 28 28 28 29 30 31 30 29 28 30 30 29 29 27 27 27 26 26 25 25 26 27 27 27 26 27 27 25 25 26 24 24 24 23 23 23 22 23 23 23 23 22 23 23 23 24 25 26 25 24 26 28 27 25 24 24 25 25 25 25 24 24 24 24 23 24 24 24 23 23 23 23 23 23 22 22 22 21 22 21 21 21 21 20 20 19
30 30 31 32 32 31 30 31 32 33 33 32 31 31 31 31 32 31 28 27 26 27 29 29 29 28 28 28 27 26 27 29 29 28 28 27 28 28 27 26 25 25 26 25 24 23 23 23 23 23 24 23 23 23 22 23 23 23 22 22 22 22 22 22 23 24 25 25 25 23 24 25 26 25 24 24 24 24 23 23 23 23 24 23 23 23 22 21 21 21 21 21 20 20 20 20
29 28 29 30 31 31 31 31 32 32 32 32 32 33 32 30 31 28 26 26 28 28 29 29 29 28 28 29 29 28 28 28 27 25 26 26 25 26 26 26 26 25 25 24 23 23 23 23 23 22 22 22 23 23 23 23 22 22 21 21 21 21 22 23 22 22 23 23 24 24 24 24 24 25 25 25 24 24 24 24 24 24 24 25 24 22 21 19 19 20 21 19 19 20 20 20
28 27 28 28 29 30 30 31 31 31 31 31 31 31 30 28 28 28 29 30 31 30 28 27 26 25 26 27 28 27 27 27 26 25 24 24 24 25 26 25 25 25 25 24 23 23 23 24 24 23 22 22 23 23 22 22 22 22 22 22 22 22 22 22 22 22 22 22 22 23 23 22 21 21 23 24 24 24 25 24 22 20 21 23 23 22 20 21 21 21 22 21 19 18 18 20
29 29 29 30 29 29 29 30 30 30 28 29 29 29 29 29 29 29 28 27 26 28 29 28 27 27 26 26 26 27 27 28 29 29 29 28 27 26 25 25 24 24 25 25 24 24 24 24 24 24 23 22 23 23 22 22 23 23 22 22 22 22 21 21 22 21 21 21 21 22 22 19 18 18 19 21 23 23 23 22 21 20 19 20 23 24 23 23 23 23 23 23 22 20 18 17
30 29 30 30 29 29 29 29 30 29 28 28 27 27 28 29 29 28 26 25 24 25 27 28 28 28 27 26 24 24 26 27 29 29 28 27 26 26 26 25 24 24 25 25 24 24 23 24 24 25 25 25 24 24 24 23 23 22 23 23 23 22 22 21 21 21 20 20 21 22 21 19 20 21 21 20 19 19 20 23 22 20 18 16 18 18 19 19 19 21 22 24 24 24 23 22
29 29 29 29 29 29 30 30 30 29 29 28 28 26 26 27 28 28 28 27 27 27 25 27 28 28 27 25 25 24 24 26 26 26 26 26 26 26 26 25 25 24 24 23 24 24 24 24 24 24 24 25 24 23 23 23 24 24 23 23 23 23 23 22 22 22 22 21 21 22 21 21 23 25 23 21 20 18 18 21 22 21 19 17 16 16 18 16 15 19 22 23 24 24 24 24
29 29 29 28 29 29 29 29 30 30 29 30 33 33 32 29 28 29 31 30 29 28 27 27 28 29 29 28 28 28 27 25 25 26 26 25 25 26 25 25 24 24 23 23 23 23 23 23 23 22 22 23 23 23 23 23 24 24 23 22 20 20 22 21 21 21 21 21 22 23 23 24 24 25 25 25 24 23 21 20 22 25 24 23 22 22 25 28 26 24 23 23 24 23 25 24
28 29 29 28 28 28 28 28 30 31 29 30 32 32 32 31 30 30 32 31 28 28 28 26 27 30 30 31 31 30 28 27 26 26 26 25 24 25 25 25 25 24 24 24 23 22 22 22 23 24 23 24 24 23 22 23 23 23 23 21 19 18 18 19 20 21 20 21 21 22 23 24 24 25 25 25 25 24 21 22 23 25 27 26 26 25 25 28 29 24 22 22 24 10 14 27
27 28 28 28 28 28 27 28 30 30 28 28 30 30 30 31 30 29 30 29 28 28 26 25 25 26 25 25 25 25 25 26 26 26 26 26 25 25 25 25 25 24 24 24 24 24 23 23 22 20 16 14 16 19 21 22 22 23 22 23 24 23 20 20 20 20 20 21 21 22 24 25 24 24 25 26 27 27 28 30 30 30 30 30 30 28 25 24 27 28 26 24 23 0 11 35
27 28 28 28 28 28 28 28 29 30 29 27 29 28 28 29 28 28 30 30 28 29 30 29 26 25 24 22 23 25 27 27 26 27 27 26 25 24 24 24 24 24 24 25 24 23 22 23 22 19 16 16 16 16 16 17 18 19 20 21 23 23 23 22 21 20 20 20 22 23 24 24 24 21 17 20 26 27 27 29 31 33 35 38 37 32 27 23 22 24 26 27 27 22 31 36
28 27 27 28 28 29 28 28 28 30 29 28 28 28 28 29 28 28 29 30 29 30 31 28 25 27 29 29 27 27 26 25 26 28 29 29 25 23 24 25 24 23 23 24 23 20 18 16 19 24 26 26 22 21 20 19 19 20 22 22 23 24 24 24 24 23 22 22 22 23 22 22 25 24 20 18 19 22 24 25 26 27 30 31 34 33 30 26 22 22 24 26 28 32 30 11
26 26 26 27 29 30 28 26 26 26 27 27 28 28 27 28 28 27 28 29 29 28 28 29 29 28 28 28 29 28 27 27 26 25 25 25 25 23 24 25 24 24 23 24 24 20 17 18 21 20 19 17 17 22 22 22 23 23 24 24 24 23 23 23 23 23 22 22 21 23 24 24 27 29 25 21 17 15 15 21 26 26 24 24 27 28 29 29 26 24 25 26 27 27 28 29
28 28 27 27 27 25 25 26 27 28 27 27 27 27 27 27 27 27 26 27 28 28 28 29 29 28 28 27 27 28 27 26 24 23 24 25 25 24 24 24 25 25 24 25 25 24 24 26 26 24 25 26 22 18 19 22 23 24 24 24 24 21 18 18 19 19 18 20 24 26 27 26 26 26 26 26 26 25 25 26 26 26 25 24 24 24 25 25 26 25 24 24 25 25 26 27
27 27 27 28 27 26 26 26 26 27 27 26 26 26 27 27 27 28 27 28 28 27 28 29 28 27 27 26 26 26 26 25 25 25 26 26 25 24 24 24 25 25 25 26 29 30 30 28 28 28 27 24 25 23 21 21 23 24 24 24 22 18 11 11 13 17 21 21 20 19 20 21 26 29 30 30 29 28 26 25 24 24 22 23 24 23 23 23 24 23 21 22 23 24 26 28
27 27 28 27 27 27 27 27 27 26 25 26 27 26 25 26 26 27 28 27 28 28 28 27 27 26 26 26 26 26 26 25 26 26 25 24 24 24 25 24 24 24 25 26 27 29 27 22 22 24 23 23 26 29 26 23 21 20 19 19 24 27 24 21 18 19 24 20 13 12 14 18 22 26 28 28 26 26 27 25 25 25 24 24 25 25 23 22 22 22 21 20 21 22 23 22
28 27 27 26 26 26 26 25 26 26 26 26 26 26 26 27 26 28 28 27 28 28 26 26 26 27 26 25 25 25 25 25 26 25 25 25 25 25 25 25 24 23 24 25 24 23 23 25 25 25 25 26 26 26 26 23 16 13 14 14 21 32 37 36 34 30 28 28 24 21 19 20 23 27 30 32 29 26 25 24 25 25 25 24 22 24 26 24 22 21 22 22 21 20 23 15
28 27 27 27 28 27 26 26 26 26 26 26 26 26 26 26 26 27 28 28 26 25 25 25 25 25 26 26 25 25 24 25 25 26 26 26 25 25 26 26 25 24 24 25 26 25 27 27 28 27 27 28 29 28 29 30 23 22 20 19 21 24 30 33 33 29 29 33 36 37 37 35 31 27 25 25 25 25 24 24 24 23 22 21 19 19 21 24 24 22 21 22 22 23 24 20
27 27 27 28 27 27 27 27 27 27 26 26 26 26 25 25 25 24 26 27 27 26 25 26 26 27 27 27 27 27 25 24 24 24 25 25 25 25 25 25 25 24 24 24 27 30 30 29 27 28 28 27 26 26 28 32 36 37 34 31 27 25 24 24 26 27 28 30 30 28 27 25 23 20 23 19 17 17 16 19 22 21 23 24 21 21 23 26 26 25 23 24 26 26 27 29
27 27 29 29 27 27 28 27 28 29 27 26 27 27 26 26 24 23 24 26 26 27 27 26 26 26 27 27 27 27 26 25 24 25 24 24 24 24 23 24 25 25 24 24 25 26 25 27 28 29 29 27 26 26 24 26 29 30 31 27 22 21 22 23 24 23 18 15 17 18 19 15 19 16 8 0 0 5 18 14 16 20 24 30 31 31 29 27 26 25 22 19 25 25 22 23
28 28 28 29 28 27 28 27 28 29 28 27 28 29 28 28 27 26 26 25 25 26 26 26 26 26 26 26 26 26 26 25 25 25 24 24 24 24 24 24 24 24 23 23 23 25 25 27 29 29 27 25 25 25 25 24 21 19 20 23 16 8 14 20 22 23 21 17 16 18 17 1 20 28 13 30 36 38 42 14 0 25 30 29 28 26 26 25 23 18 25 19 6 21 25 24
28 28 28 28 28 28 28 28 28 29 28 27 25 27 28 28 28 26 25 25 25 24 25 25 26 26 25 25 25 26 26 26 25 25 25 25 25 25 24 23 23 23 24 23 22 24 25 25 26 26 24 23 23 23 23 23 22 21 0 5 20 0 0 4 19 21 27 29 31 34 37 29 16 40 23 9 15 17 21 17 8 19 17 19 22 23 23 25 23 3 15 16 0 21 27 26
28 28 28 28 29 29 28 29 28 28 29 27 26 27 28 28 27 26 26 26 26 25 26 26 25 25 25 25 26 27 26 25 25 25 25 25 24 25 25 25 25 24 25 23 21 21 21 22 22 23 25 25 22 19 18 22 26 28 27 30 41 41 34 25 25 25 26 36 39 29 45 35 17 27 34 26 18 11 12 32 5 0 7 22 23 24 22 22 29 28 4 15 21 26 24 22
28 28 28 27 27 28 28 28 28 27 28 28 28 28 27 27 27 27 27 27 27 26 26 26 25 25 25 25 26 26 25 25 25 25 24 24 24 25 25 26 25 25 25 24 23 22 22 23 22 23 23 26 24 18 18 21 27 31 36 39 45 43 39 32 13 18 35 41 48 42 50 35 18 27 55 54 25 31 40 37 18 24 29 29 24 26 29 27 13 21 28 23 9 8 4 0
27 27 27 28 27 28 28 28 28 28 28 28 28 28 27 27 27 28 27 26 27 27 26 26 25 25 26 26 26 26 25 25 26 25 25 25 24 24 24 25 24 24 25 23 23 24 23 22 20 20 22 26 30 14 4 23 25 25 27 22 22 42 24 33 34 20 36 26 23 30 40 54 51 51 43 30 18 21 43 38 20 0 0 0 15 24 30 28 3 11 12 0 2 13 11 4
27 27 27 28 27 27 28 28 27 27 27 27 28 28 28 27 28 28 28 27 27 26 26 27 27 26 26 26 26 26 25 25 25 25 25 25 24 24 24 24 24 23 24 25 25 27 26 25 24 23 24 26 32 36 33 20 5 14 27 30 34 42 24 22 23 21 21 21 21 19 34 55 46 25 19 29 25 28 48 22 6 20 35 20 8 20 23 25 23 20 15 9 10 23 34 45
27 27 27 27 26 27 28 27 27 27 27 27 27 27 27 27 26 26 26 26 26 25 26 26 26 26 26 27 26 24 24 25 26 26 25 25 24 24 25 25 25 25 23 23 25 26 27 29 29 27 25 25 28 32 32 26 16 19 38 43 49 35 19 22 21 21 22 22 21 23 47 60 38 18 22 48 31 19 22 23 31 44 49 42 29 34 32 30 33 39 41 39 25 16 23 41
28 27 26 26 26 27 27 27 27 27 27 26 26 26 26 26 26 25 25 25 26 25 24 25 25 26 26 26 27 25 25 25 25 25 25 25 25 25 25 25 26 27 27 25 25 25 25 26 27 26 24 23 24 26 29 34 42 47 51 45 27 23 20 21 22 22 22 22 22 23 31 37 30 34 48 50 33 20 36 50 51 40 26 23 25 32 42 40 42 33 26 18 21 21 19 17
27 27 26 27 27 27 27 26 27 27 27 27 26 25 25 26 26 26 25 25 26 26 25 25 26 26 26 26 27 26 26 26 25 25 25 25 24 24 24 25 25 27 28 27 25 25 23 24 25 22 23 24 25 27 25 33 47 54 49 36 19 20 20 21 22 22 22 22 22 22 18 24 52 53 52 53 49 30 45 58 35 17 18 17 13 30 48 49 48 25 18 21 21 20 20 17
27 27 27 27 27 27 27 26 27 27 27 27 26 26 25 26 26 26 26 26 26 25 25 25 26 25 25 25 26 26 25 26 26 26 26 25 24 25 24 25 27 30 32 29 27 21 24 27 28 5 0 2 6 11 1 1 18 30 23 21 22 22 22 22 22 22 22 22 22 22 21 24 44 54 53 52 57 43 22 24 24 18 13 10 12 23 47 54 52 42 34 24 21 21 20 20
28 27 27 28 27 27 27 26 26 26 26 26 26 26 26 26 26 26 26 26 26 25 25 26 25 25 25 25 25 25 25 25 25 26 26 25 24 24 24 24 25 26 27 26 26 8 11 33 29 11 3 5 4 2 1 2 8 16 22 22 21 21 20 20 22 22 22 22 22 22 21 18 29 46 52 50 37 28 20 20 20 16 11 9 12 17 36 49 51 56 51 25 21 22 22 22
27 27 27 27 26 26 26 26 26 25 25 25 26 27 26 25 26 26 26 25 26 25 25 25 26 26 26 25 25 26 25 25 25 25 25 25 25 24 24 24 25 27 28 28 30 32 28 28 32 25 6 8 8 8 7 7 10 14 17 17 23 43 41 25 21 21 22 22 22 22 20 20 19 19 21 23 19 21 22 21 20 17 14 13 17 20 19 20 23 28 29 22 22 22 22 22
27 27 26 26 26 26 25 26 26 26 26 26 26 26 26 25 25 25 25 26 26 26 25 25 26 26 25 25 25 25 25 25 25 25 25 25 24 23 23 23 23 27 32 30 27 29 28 27 32 12 8 29 12 8 10 12 13 14 15 13 24 49 51 37 27 23 20 22 22 21 20 20 22 22 21 21 21 21 21 22 22 19 17 20 21 22 22 22 22 21 22 22 22 22 22 22
27 26 26 26 27 27 26 26 26 27 26 26 26 26 26 26 25 25 25 25 25 25 25 26 26 25 26 25 25 25 25 26 26 25 25 25 25 25 24 23 23 24 28 31 30 31 18 0 5 14 1 4 14 29 16 14 17 19 19 17 13 30 49 52 53 54 33 20 22 22 20 20 20 21 21 21 21 21 20 21 21 21 22 22 22 22 21 21 22 22 22 22 22 22 22 22
27 26 27 27 27 26 26 26 27 26 26 26 26 26 26 25 26 25 25 25 25 25 25 25 25 26 26 26 25 25 26 26 25 25 25 26 26 26 25 24 24 24 27 32 33 32 32 13 8 30 8 21 42 34 13 14 17 19 18 17 17 38 51 50 52 54 51 28 20 22 20 19 18 19 20 21 21 22 22 21 21 22 21 20 21 22 22 21 21 22 22 22 22 22 22 22
27 27 27 27 27 27 27 27 27 26 26 26 26 26 26 26 26 26 26 26 26 25 25 24 25 25 25 24 24 25 25 25 25 25 25 25 25 25 24 22 21 22 24 24 26 29 30 30 31 37 19 8 12 14 11 12 16 19 18 16 15 21 47 51 49 53 48 25 21 22 21 19 18 20 20 21 22 21 21 21 22 22 22 22 22 22 22 21 22 22 22 22 22 22 22 22
27 27 27 27 27 27 27 27 27 26 26 27 27 27 26 26 26 26 26 25 25 25 25 25 25 25 25 25 25 25 24 25 26 25 25 25 24 24 25 27 28 26 24 27 29 30 33 28 12 30 39 19 14 15 28 30 23 26 41 38 28 31 49 48 47 42 33 20 22 22 22 21 21 22 21 21 21 20 20 20 21 22 22 22 22 22 21 21 22 22 22 22 22 22 22 22
27 27 27 26 26 27 27 27 27 27 27 27 27 26 26 26 26 26 26 25 25 26 26 25 25 25 24 24 25 25 25 26 26 25 25 24 24 25 25 26 27 27 26 25 25 26 30 33 32 37 30 21 26 48 54 56 54 52 55 54 41 39 43 46 41 16 14 18 20 22 22 22 22 22 22 22 21 21 20 20 21 22 22 22 22 21 20 21 22 22 22 22 22 22 22 22
26 26 27 26 26 26 27 27 26 27 27 27 27 26 26 26 26 25 25 25 25 24 25 25 24 25 25 25 25 25 26 25 25 25 25 25 25 25 25 24 24 24 25 25 26 26 28 30 31 32 23 14 32 54 53 53 53 53 55 42 17 13 13 17 19 14 17 20 20 21 22 21 21 22 22 22 22 22 22 22 22 22 22 22 22 20 21 22 22 22 22 22 21 21 21 21
