examples/data/proba_v_out_italy/probav_s5_toc_x19y03_20150306_100m_ndvi_v001.txt
ncols         273
nrows         192
xllcorner     12.62996031746
yllcorner     41.659722222222
cellsize      0.0009920634920635
NODATA_value  -9999
[rows 0 to 46 of 192, columns 0 to 95 of 273]
141 136 134 137 135 137 153 131 101 110 156 169 164 172 168 152 164 166 154 161 167 147 129 137 129 137 146 155 162 168 166 159 145 141 142 143 143 139 140 146 125 103 105 139 155 149 154 164 170 164 154 162 160 149 146 153 145 142 138 127 119 134 149 158 150 126 139 142 147 154 147 123 132 140 123 122 121 106 112 115 126 140 150 158 163 147 117 68 64 69 80 64 79 90 93 100
113 108 114 133 138 140 141 97 88 84 112 144 155 183 201 191 187 138 107 118 156 186 178 158 140 135 138 138 143 157 163 150 137 140 154 161 156 149 131 117 124 144 153 142 149 152 132 126 151 151 146 155 154 146 145 143 129 140 133 119 135 143 151 165 146 130 137 148 145 152 159 146 147 130 123 119 108 88 98 124 140 144 123 129 141 131 84 39 40 62 81 57 44 46 70 109
34 42 39 60 89 90 92 49 33 33 51 104 147 172 202 213 207 171 117 103 129 162 157 134 130 145 161 153 145 144 149 144 139 128 144 167 157 139 126 123 134 160 177 152 142 146 126 114 134 147 155 155 146 141 141 148 151 144 133 123 141 151 150 154 156 155 118 97 92 108 130 151 151 135 137 120 119 119 126 136 148 128 105 107 97 71 53 48 46 48 79 74 56 57 78 107
46 35 28 27 41 47 53 64 61 57 66 112 162 125 109 149 192 184 147 139 159 150 113 80 83 130 168 160 155 146 142 145 128 104 110 138 141 129 133 144 150 164 167 147 138 139 154 169 177 161 151 147 141 136 148 150 144 137 141 133 140 133 147 169 168 144 120 101 95 125 142 157 160 157 150 134 143 136 142 133 89 70 79 87 75 52 55 53 57 69 83 70 74 84 116 133
56 55 48 37 37 32 35 51 61 64 96 137 179 145 75 57 86 143 179 188 188 172 128 91 78 113 144 142 144 145 150 139 116 106 112 134 138 140 153 157 156 158 154 143 131 119 147 161 166 147 137 137 133 142 157 160 160 149 157 156 140 113 110 113 113 103 132 158 154 149 137 145 153 160 161 152 136 99 77 74 87 95 86 110 115 70 50 56 62 77 104 96 107 116 127 133
75 78 58 43 45 41 31 26 32 54 77 79 96 95 70 53 50 85 147 174 181 174 130 97 86 83 113 147 160 163 160 138 112 127 141 135 144 157 159 156 146 137 139 141 131 125 137 136 147 140 127 116 116 148 146 140 159 167 166 170 162 128 102 95 77 60 70 134 170 159 146 149 158 165 170 166 155 123 69 61 47 48 63 108 81 71 71 75 83 91 92 105 138 151 149 137
63 66 52 42 30 34 38 37 31 29 26 29 38 39 48 63 78 93 132 159 153 139 112 101 103 107 105 110 150 174 173 162 134 117 128 135 128 143 150 152 151 152 164 170 151 137 145 144 147 155 143 130 125 128 129 114 119 145 164 151 140 118 101 105 67 48 47 85 125 130 135 127 123 159 172 171 169 155 115 115 70 50 51 93 90 87 98 131 125 120 116 120 132 135 147 156
70 52 45 52 48 40 40 46 48 39 32 33 31 33 44 70 101 103 147 146 108 71 61 75 84 100 94 94 135 165 172 159 149 145 136 139 128 126 143 161 167 169 174 180 173 157 148 140 145 167 168 148 123 114 122 124 136 144 157 148 129 113 93 85 79 71 84 97 84 85 102 141 159 162 167 160 169 182 177 177 128 91 82 125 149 151 142 150 151 143 159 134 133 135 151 170
87 58 39 36 26 26 27 30 38 33 35 40 40 43 51 77 122 146 160 121 71 57 52 49 61 83 110 127 147 157 155 152 142 137 141 138 126 131 148 165 169 170 167 169 161 151 147 139 147 154 154 146 143 129 124 129 132 150 124 116 119 112 107 88 80 60 77 53 48 58 83 134 156 165 168 147 123 132 158 154 142 150 148 149 97 71 92 101 104 66 46 58 103 137 160 162
84 80 48 33 32 30 31 29 32 28 28 27 38 55 82 123 151 165 171 136 83 66 63 66 74 76 93 136 163 162 148 137 134 135 137 135 141 159 161 157 153 143 139 151 148 143 143 146 155 153 148 148 153 138 138 137 126 113 101 97 94 91 112 116 98 73 67 42 47 56 75 129 148 148 138 132 118 102 73 111 137 139 135 70 67 69 86 66 48 34 29 34 75 139 163 162
97 86 48 31 30 33 35 29 30 29 23 24 36 73 111 152 152 117 120 122 105 99 104 131 145 115 82 101 111 122 126 119 120 123 127 133 144 158 156 144 140 143 153 159 154 142 139 149 152 151 147 135 134 128 104 113 120 114 98 88 96 96 111 126 109 87 67 50 55 58 57 68 85 98 121 126 101 102 100 65 71 104 172 131 101 107 79 46 37 38 44 59 89 136 157 159
98 74 50 38 37 31 31 32 39 42 12 0 42 80 102 118 121 122 148 146 134 121 126 132 118 88 76 78 75 92 133 148 139 145 149 146 142 148 156 142 137 128 134 143 145 142 145 147 141 137 137 137 132 115 87 90 96 109 110 99 99 115 127 93 52 33 48 43 29 23 21 28 33 33 28 64 50 49 73 56 59 66 104 142 163 128 56 34 28 35 55 89 141 180 186 174
99 81 63 47 45 44 41 40 43 44 53 50 57 65 92 112 111 145 185 174 138 106 104 104 88 60 72 88 104 125 137 167 185 176 172 166 139 130 150 158 158 135 119 118 135 162 162 165 155 144 145 137 111 86 72 73 93 114 125 121 132 120 61 39 33 37 56 39 30 29 31 38 34 34 33 48 36 43 38 33 39 39 37 45 111 131 74 46 47 57 69 83 110 147 179 181
98 75 53 56 55 52 36 35 34 36 39 40 45 50 73 112 141 169 198 187 139 97 100 111 101 92 114 137 115 113 130 132 166 186 187 174 149 135 139 151 148 125 134 142 127 152 172 172 158 137 123 120 91 84 77 77 96 111 119 126 123 102 69 65 52 44 48 34 37 41 41 44 43 50 59 65 49 62 53 46 35 29 29 27 43 104 117 76 69 72 77 88 127 163 173 170
85 62 58 63 57 51 35 33 32 33 35 37 42 44 62 108 147 167 190 185 151 119 119 114 95 80 85 113 118 122 127 124 133 135 151 153 138 139 157 152 143 121 125 153 139 131 150 161 153 137 114 98 77 77 86 101 122 120 91 116 139 100 71 54 44 37 37 43 54 60 48 35 37 51 97 114 71 60 43 38 36 40 42 38 44 74 132 135 135 125 121 120 143 163 169 177
68 55 44 50 43 43 45 43 39 39 39 44 58 83 106 126 138 147 163 157 143 147 166 156 127 89 80 101 130 162 175 169 146 122 124 131 127 131 135 103 133 144 151 155 133 115 123 154 153 144 126 117 111 114 116 99 120 139 124 130 156 137 93 64 56 48 45 53 59 50 38 36 40 61 109 124 87 50 36 39 41 38 40 43 65 79 78 92 118 138 132 123 139 157 168 177
58 51 51 53 44 42 41 42 42 39 40 61 91 142 153 162 155 147 140 129 113 118 139 155 142 106 106 137 173 189 200 189 168 142 133 136 143 149 149 137 151 163 163 150 145 146 152 163 155 141 130 139 135 138 140 119 123 141 154 133 118 137 104 82 79 81 74 56 43 37 45 58 85 122 130 110 80 72 54 42 36 33 34 34 40 50 67 64 102 164 158 142 150 160 169 168
73 57 66 71 62 58 46 44 46 52 59 84 108 131 142 140 129 126 139 152 146 115 93 96 93 97 104 127 164 174 169 156 149 140 136 140 146 157 170 176 171 165 155 130 137 149 150 145 129 117 110 113 107 108 130 151 153 148 150 148 132 115 111 98 87 77 77 59 45 40 45 74 114 151 143 111 91 101 74 70 71 62 49 41 41 37 40 60 134 178 170 167 166 159 165 160
110 83 68 72 83 80 63 52 56 69 81 91 104 120 132 116 92 86 109 136 151 139 116 99 99 110 94 88 102 119 156 152 146 140 132 133 145 160 174 177 173 170 158 142 145 152 140 120 117 113 109 97 85 90 124 145 152 152 155 143 145 144 117 81 68 41 30 33 42 48 61 93 114 129 144 148 116 96 99 105 104 109 91 74 57 47 47 65 126 170 175 167 162 161 172 179
134 114 97 89 82 80 83 76 70 91 123 130 128 128 120 115 88 78 93 97 116 127 128 128 130 138 103 80 80 107 145 163 166 166 153 152 171 175 174 163 149 152 165 160 122 135 136 125 111 98 113 122 113 119 131 137 150 164 181 170 156 97 75 65 54 64 50 35 33 37 50 76 97 121 119 119 101 92 97 91 90 104 108 110 104 90 90 95 125 172 170 160 160 167 180 190
133 124 117 113 111 95 91 89 83 95 119 118 114 117 117 128 105 88 93 100 106 117 112 133 157 156 145 122 104 103 127 146 156 162 154 153 169 184 188 187 174 157 161 156 128 137 148 143 117 96 97 116 136 138 132 133 148 164 176 168 141 130 125 86 69 95 110 80 63 60 60 80 97 113 98 99 98 103 108 112 106 95 100 93 90 80 70 95 124 150 150 159 170 180 188 177
126 138 129 113 106 104 103 92 93 93 94 111 114 125 132 136 130 110 110 129 139 145 148 164 173 176 177 171 140 111 119 128 145 160 147 154 172 189 189 181 180 171 162 168 157 154 139 127 115 111 106 110 129 132 134 139 147 162 170 157 154 159 167 134 115 123 146 127 121 117 107 114 105 111 102 109 110 111 110 110 99 91 95 89 68 50 47 58 52 74 111 143 156 165 169 164
96 103 114 116 117 117 113 102 102 95 90 104 119 123 116 128 141 129 126 137 160 171 173 176 174 171 172 167 145 128 117 117 132 147 142 123 133 153 154 156 161 166 160 130 128 129 119 127 125 124 135 155 158 147 141 149 149 144 155 161 164 179 183 180 171 160 155 159 150 142 123 102 91 100 95 102 108 103 103 115 107 95 94 100 76 55 55 65 58 65 88 132 141 141 150 157
107 110 125 118 120 132 129 113 119 129 131 124 120 123 132 154 145 133 139 145 171 175 170 176 173 167 157 141 136 122 111 114 137 145 140 123 121 129 125 130 135 134 122 105 106 124 141 140 124 127 144 156 150 147 156 153 138 142 156 166 164 168 164 168 169 169 166 152 121 93 54 51 55 65 79 71 86 95 94 100 97 89 82 77 68 51 50 62 78 79 85 101 118 129 141 152
99 83 113 132 159 154 148 146 139 133 131 132 122 116 129 149 141 121 123 135 176 173 145 153 164 158 138 114 110 107 109 115 126 122 121 154 135 128 123 115 97 95 125 139 126 123 133 142 133 135 146 158 150 146 150 144 137 146 160 170 162 164 147 153 148 138 133 144 90 59 33 34 37 41 78 78 60 66 88 112 115 94 97 71 55 49 48 57 60 55 52 53 79 94 92 96
113 112 112 117 152 164 171 156 98 93 128 137 133 120 115 131 152 135 128 139 157 167 154 163 160 154 133 109 106 108 114 114 113 113 121 125 123 119 124 120 101 104 119 145 165 166 150 137 151 162 154 157 162 157 142 130 136 154 169 162 157 140 90 103 114 117 114 110 65 43 35 38 52 55 66 83 76 79 84 105 124 113 115 86 67 55 47 49 54 59 63 59 65 59 78 95
132 129 127 127 125 138 141 105 87 92 134 136 124 108 114 135 155 166 166 168 179 180 148 153 153 144 125 115 118 124 127 126 122 114 116 141 149 138 138 131 112 100 92 93 123 143 139 143 160 166 152 145 150 166 181 177 156 142 161 160 148 94 53 37 36 60 82 85 88 57 49 42 42 69 79 93 114 101 90 104 109 96 83 69 57 52 54 54 51 54 75 94 109 113 130 148
152 146 122 110 124 129 123 107 126 122 124 116 105 103 137 152 164 172 186 203 184 175 154 114 107 139 146 133 130 130 135 137 142 139 134 141 150 136 120 111 105 99 101 88 89 111 122 145 185 168 147 136 137 137 139 138 121 86 59 52 37 37 45 42 42 38 44 53 56 65 58 45 44 67 71 81 100 104 87 77 72 75 52 40 36 35 43 58 68 66 83 123 164 157 146 158
144 147 130 117 127 125 128 118 111 117 116 99 109 138 168 198 190 168 140 147 172 156 132 121 125 150 152 151 140 133 138 146 147 145 151 149 145 135 132 113 96 94 106 108 112 121 130 160 172 151 127 109 100 103 100 84 51 40 34 31 28 30 35 41 38 31 36 35 33 34 37 49 51 57 71 66 61 69 73 70 56 51 44 42 39 43 48 64 60 61 76 106 149 169 173 177
145 147 143 154 155 129 103 102 113 111 107 104 110 151 179 199 182 163 148 150 166 144 117 120 137 166 165 161 148 138 148 154 160 161 158 149 140 141 124 104 90 93 91 100 124 123 100 114 133 137 129 109 81 77 58 39 31 30 30 28 29 29 27 35 38 36 33 30 29 27 25 29 36 50 64 69 77 87 63 63 61 59 47 42 34 35 39 54 58 60 77 120 151 175 172 157
142 151 161 155 148 122 96 96 96 98 104 104 120 146 157 178 191 181 165 148 152 140 124 141 154 162 164 160 154 154 165 171 169 163 146 144 153 161 147 120 92 81 69 81 90 98 91 99 115 116 123 124 111 83 59 40 33 34 36 33 33 31 31 33 33 35 35 38 39 39 39 41 47 76 116 126 112 109 81 76 77 89 70 61 51 53 61 69 78 72 84 117 153 164 163 161
132 138 148 138 132 95 74 68 83 109 102 89 106 134 163 180 183 161 151 162 162 145 132 143 161 164 160 151 143 149 162 171 173 164 146 147 169 169 149 122 86 70 71 92 96 112 116 128 141 118 111 106 108 84 69 48 44 40 38 37 35 35 35 33 39 41 35 32 36 43 44 65 89 128 139 141 128 121 115 92 97 101 99 115 93 76 85 92 105 96 106 121 145 156 172 180
139 138 127 110 81 64 67 75 88 119 107 111 124 139 155 171 169 150 154 166 141 121 131 138 147 151 160 154 143 146 159 173 179 181 190 184 170 159 144 127 109 86 70 85 92 96 102 118 112 95 84 76 88 102 90 69 82 59 45 39 34 35 32 32 34 41 44 39 39 55 88 123 130 134 134 127 120 119 105 97 112 116 107 124 112 96 108 102 102 121 124 148 170 175 170 180
139 124 137 148 110 86 90 99 115 131 133 140 149 156 155 154 157 154 163 167 135 101 137 164 140 127 159 181 184 183 180 180 182 189 199 186 179 168 155 143 119 95 75 62 63 72 72 71 80 84 83 76 70 67 75 85 73 61 64 55 44 43 40 35 40 43 41 49 46 55 100 134 149 139 119 111 100 90 93 101 92 83 71 89 92 64 64 69 87 114 136 149 158 165 171 189
94 91 130 151 124 94 94 110 82 85 106 129 154 154 150 139 145 161 155 165 181 157 146 149 139 147 172 195 203 200 189 177 174 198 223 183 166 164 154 140 109 85 76 69 70 85 78 67 65 75 84 78 70 64 87 108 85 82 94 102 82 69 69 62 63 61 59 77 90 98 115 132 136 134 119 95 100 95 58 43 49 56 50 57 53 49 73 75 81 96 116 126 130 143 158 164
71 102 115 115 108 104 88 89 99 118 137 139 149 149 140 126 151 176 168 168 175 161 154 149 149 158 172 180 182 179 181 171 180 195 185 135 139 136 118 123 116 96 88 92 88 92 74 71 60 44 60 62 78 67 67 66 69 70 78 99 118 124 111 110 94 82 93 106 115 109 104 118 125 122 111 85 93 86 70 43 33 33 27 38 49 58 83 91 110 112 108 110 115 124 134 148
78 116 108 107 104 116 100 90 103 111 118 97 114 118 121 126 157 176 169 166 164 158 147 135 137 152 163 167 170 175 187 175 175 146 92 65 98 142 132 116 118 130 126 108 93 86 79 66 59 48 64 70 68 61 69 56 66 96 88 73 77 106 111 103 101 85 83 87 98 108 125 123 119 119 118 98 57 42 39 37 37 38 47 64 80 108 97 95 113 119 111 105 105 106 111 142
107 114 103 100 110 112 99 108 120 110 98 115 119 116 122 135 145 159 163 162 163 160 151 139 134 144 164 168 170 160 186 204 148 92 52 31 52 100 124 121 136 153 130 114 100 94 93 77 80 65 66 62 49 47 55 81 73 58 59 65 77 128 130 125 107 79 66 58 78 75 77 89 113 117 93 64 36 58 55 47 42 40 43 62 84 93 89 91 111 117 104 103 115 116 108 115
98 98 94 93 119 131 127 130 129 121 117 119 123 134 149 165 159 164 171 172 170 166 164 152 143 145 162 158 153 128 166 213 125 64 45 38 39 52 84 109 129 144 125 101 88 89 82 71 101 71 66 66 54 58 56 65 53 60 66 69 87 146 138 120 114 105 89 84 93 75 67 69 87 97 59 40 29 34 31 41 56 58 56 83 101 96 92 101 114 112 106 109 123 127 109 119
65 57 70 84 73 87 114 128 131 119 112 122 135 139 153 161 156 170 188 190 186 183 176 163 150 144 154 147 141 139 148 120 76 53 41 46 42 39 73 97 102 107 103 96 91 97 82 52 53 63 75 73 66 71 64 68 62 69 78 100 111 130 138 131 134 131 92 93 100 84 81 72 68 59 51 33 31 34 37 55 69 74 88 92 92 116 126 122 114 113 116 120 124 121 114 132
73 61 62 82 68 74 87 93 105 108 113 107 76 80 114 148 155 165 179 186 186 191 187 170 148 141 153 155 148 155 140 88 61 47 48 51 43 30 38 86 103 100 71 75 85 94 89 73 77 77 74 75 75 75 72 79 87 92 102 120 117 125 132 142 154 144 89 69 69 55 51 62 64 47 38 37 34 33 36 37 35 45 60 69 85 90 107 116 119 128 136 132 129 135 137 129
75 77 77 83 77 71 63 71 88 102 118 109 84 85 109 149 154 148 152 163 169 172 170 157 146 142 153 166 130 124 134 112 82 61 48 45 44 33 33 61 127 126 87 85 84 87 85 72 65 49 44 51 60 51 59 87 112 129 131 136 137 141 137 140 134 115 98 59 52 43 37 59 44 36 33 27 25 20 20 28 35 43 65 106 111 83 92 122 137 136 124 110 121 124 127 106
93 103 112 113 123 94 63 63 81 100 123 121 112 130 130 133 133 128 127 133 149 160 155 147 142 131 141 155 127 110 105 90 80 63 50 41 43 41 30 41 90 140 103 79 56 53 64 64 66 65 68 58 67 61 76 89 119 145 145 149 150 146 144 154 161 107 79 71 64 50 48 57 36 32 32 29 28 28 28 29 32 54 79 78 77 85 89 88 124 131 84 84 69 65 73 93
111 118 129 136 123 97 80 62 66 117 131 122 114 108 118 131 129 127 127 131 142 154 165 164 143 118 118 131 127 112 101 73 61 47 44 37 38 42 40 31 61 121 118 87 59 63 66 64 65 72 69 74 73 62 72 78 74 84 113 142 145 137 140 161 158 105 82 72 65 59 72 77 62 53 43 41 37 34 34 52 58 64 56 47 40 67 99 70 75 56 59 43 34 31 53 75
121 122 131 144 151 152 112 82 92 134 121 102 95 88 85 121 137 128 117 113 124 136 158 142 128 123 124 106 102 99 89 76 53 38 36 38 34 38 44 39 45 64 86 96 72 51 46 54 57 64 76 82 67 58 61 81 80 81 95 139 182 164 123 113 106 101 92 78 91 91 70 98 85 64 59 54 58 63 55 76 56 58 46 48 52 83 79 64 71 43 41 45 39 31 44 67
126 125 124 127 130 141 151 148 147 141 130 117 84 92 102 116 127 127 116 115 125 133 145 116 98 101 110 114 97 89 70 54 49 42 35 33 32 42 42 39 41 69 86 104 81 55 38 49 48 58 72 88 95 96 97 107 116 127 131 132 122 90 62 59 59 76 112 119 106 96 96 92 96 125 128 103 83 75 90 78 56 62 50 56 82 84 64 48 46 47 40 36 37 37 32 52
169 164 157 154 146 135 143 156 157 147 141 132 113 125 122 127 126 127 131 119 116 107 92 78 48 48 80 99 91 86 83 65 49 44 38 35 34 38 44 46 44 54 87 97 61 52 48 49 41 43 46 38 65 54 76 92 112 138 139 111 89 86 73 60 61 65 76 80 78 76 82 89 97 117 124 98 96 106 77 59 62 59 58 71 77 55 46 43 37 35 32 30 30 35 46 51
