examples/data/proba_v_out_italy/probav_s5_toc_x19y03_20141006_100m_ndvi_v001.txt
ncols         273
nrows         192
xllcorner     12.62996031746
yllcorner     41.659722222222
cellsize      0.0009920634920635
NODATA_value  -9999
[rows 0 to 41 of 192, columns 0 to 94 of 273]
178 167 140 129 132 127 124 127 129 123 116 118 133 152 152 137 133 126 120 143 154 152 127 108 116 118 133 149 156 159 157 155 158 148 134 123 123 139 165 175 154 134 132 144 141 135 141 152 154 153 165 166 159 145 142 151 151 146 156 147 125 122 144 150 146 136 134 131 132 136 148 149 152 162 161 160 178 187 179 156 141 138 139 141 146 149 155 161 131 104 125 136 141 149 159
148 141 126 121 126 130 133 136 130 117 109 120 137 141 147 153 150 157 152 145 149 140 128 116 132 141 142 154 161 162 161 159 155 154 155 154 152 154 154 144 129 115 123 143 146 150 148 140 149 148 152 159 161 156 146 153 149 145 148 138 137 153 162 160 160 149 143 143 144 151 150 132 148 163 149 141 156 130 136 148 148 151 154 149 143 142 151 167 171 148 136 144 155 164 163
114 114 123 121 108 110 126 121 107 107 117 127 135 132 136 149 159 160 166 151 145 149 147 137 139 140 142 157 161 157 154 156 157 154 152 151 149 147 143 128 139 162 165 154 150 162 156 125 121 149 159 153 157 164 151 142 151 152 147 145 150 171 173 173 182 182 172 161 150 144 145 150 150 151 146 133 125 125 141 153 150 156 159 154 143 138 140 141 157 159 145 149 161 165 156
106 101 115 106 106 109 119 121 111 114 133 153 155 140 134 143 161 173 171 154 146 142 121 103 107 121 149 163 165 159 152 153 158 160 158 159 150 133 123 129 153 167 168 154 145 156 164 150 152 164 164 158 159 161 152 137 146 156 163 168 174 176 175 179 179 173 165 159 144 124 119 132 150 157 156 142 145 157 158 158 158 160 160 149 134 127 139 148 144 150 140 154 163 151 134
117 122 127 118 115 107 110 116 114 116 134 160 166 154 141 136 148 167 171 157 139 139 119 90 81 103 141 146 143 144 142 145 152 154 150 157 159 150 139 146 159 159 153 155 165 169 171 175 171 169 168 169 164 157 162 158 145 136 152 163 161 164 172 179 180 169 148 135 138 144 139 152 166 178 175 148 161 174 171 164 153 147 151 148 139 145 146 156 148 145 146 145 145 144 136
114 127 104 87 86 92 105 114 110 107 115 134 156 150 137 129 129 146 165 175 159 138 125 93 78 89 118 138 145 142 142 142 143 155 152 142 146 153 160 147 145 155 164 166 167 163 159 162 167 171 175 179 174 167 176 174 172 159 148 150 145 141 143 151 162 167 169 177 177 165 151 153 156 168 171 159 166 172 175 173 168 159 154 154 154 153 157 167 159 144 154 159 157 159 143
103 105 89 78 74 72 80 81 89 95 108 126 138 135 131 127 124 128 135 139 131 130 139 114 95 88 102 122 138 149 153 154 161 160 135 123 127 149 163 157 155 158 164 151 132 138 141 150 165 166 158 160 170 167 158 145 140 157 168 164 159 154 145 139 139 151 160 155 170 173 167 169 170 169 170 175 175 169 163 176 176 171 156 144 147 145 159 171 163 142 152 163 157 154 153
105 94 95 90 94 77 63 59 59 61 81 116 130 130 129 130 121 116 118 119 125 126 111 104 101 107 109 103 117 150 154 155 157 145 133 128 114 128 150 163 169 171 170 177 170 161 158 158 166 172 168 167 173 160 152 143 134 143 164 163 146 147 148 147 157 160 159 151 155 153 132 142 164 172 167 172 176 169 158 160 167 170 174 169 155 144 155 176 175 160 168 169 149 150 161
107 114 107 90 78 53 32 44 66 84 99 112 124 127 125 120 120 118 122 132 142 138 87 84 109 110 115 107 115 143 160 163 155 137 137 141 133 140 156 165 170 175 172 173 177 164 154 159 158 166 173 178 170 149 147 156 163 161 162 166 157 156 161 159 168 165 173 157 154 173 159 157 163 166 175 171 158 172 175 168 168 168 168 176 176 167 160 154 157 163 180 196 189 189 170
109 111 104 95 92 83 73 80 83 100 98 112 125 125 129 137 135 129 128 130 140 144 124 119 126 132 135 139 129 139 142 150 160 155 154 150 153 158 159 156 159 169 181 181 177 171 161 157 160 167 164 162 162 162 164 163 169 169 166 166 159 152 165 169 174 176 173 166 166 182 179 166 174 162 152 146 139 152 163 171 176 170 166 178 180 175 168 163 157 159 167 183 184 170 168
101 105 106 101 109 121 117 109 96 99 115 130 133 132 134 141 140 129 124 134 152 148 143 136 105 94 97 123 142 133 139 150 159 160 163 159 158 159 163 164 161 162 169 166 162 183 183 171 171 170 160 159 158 161 166 169 166 172 169 163 152 152 170 168 167 169 172 190 186 177 168 164 172 163 152 157 165 180 179 138 162 181 171 176 179 169 169 174 173 175 179 191 194 190 189
100 105 120 106 97 101 105 91 90 122 131 128 128 130 136 142 132 111 102 125 159 155 141 145 139 109 87 94 111 102 116 150 158 161 165 163 156 146 158 172 173 160 155 173 180 182 178 174 169 170 167 158 154 173 168 162 164 172 174 164 150 150 164 165 160 166 166 173 178 169 166 161 171 180 176 167 165 176 179 143 137 172 171 172 186 188 184 185 180 174 174 185 185 188 186
107 92 98 110 106 92 99 106 106 134 145 123 119 130 141 138 110 95 114 129 139 157 153 146 116 74 43 68 86 113 122 155 175 175 173 176 174 169 168 164 161 151 137 138 159 177 184 181 171 166 170 175 163 162 166 178 181 179 174 161 155 157 171 169 159 153 140 153 166 163 169 174 185 195 203 199 179 160 171 171 159 174 173 174 180 176 170 173 182 184 182 183 178 172 167
106 84 87 107 130 140 138 144 133 118 113 108 114 119 136 145 140 130 129 127 112 120 138 137 85 60 68 106 121 156 178 180 192 186 169 178 169 167 168 160 162 126 121 129 138 170 197 194 184 169 158 176 165 153 165 185 182 177 172 164 158 152 161 163 150 140 142 156 163 163 162 169 182 186 199 207 188 159 156 173 185 184 177 172 181 189 175 172 189 201 192 186 184 176 161
124 111 99 111 138 155 158 161 155 134 122 126 139 131 132 147 150 143 132 122 88 91 118 144 133 132 135 146 149 145 165 149 162 182 181 185 174 177 175 161 158 146 139 158 142 137 184 193 185 164 153 172 185 191 186 181 183 184 181 163 135 140 174 173 168 167 174 177 172 164 154 162 179 184 192 203 193 176 176 189 191 179 175 171 161 174 174 170 186 198 190 185 181 178 174
120 141 124 105 107 130 146 141 135 136 145 141 133 134 139 146 148 151 152 139 124 133 144 153 152 147 146 145 144 153 165 156 170 183 181 180 173 160 157 143 147 159 159 174 166 149 154 166 176 169 167 170 171 183 191 183 175 179 183 176 173 168 172 173 168 167 170 180 181 169 154 150 161 174 183 195 193 180 172 179 187 187 188 190 182 174 183 180 180 187 187 181 178 180 184
92 119 139 134 132 142 148 143 138 136 137 143 147 163 171 169 166 160 147 135 125 139 173 168 160 159 151 148 178 193 195 197 193 188 182 177 171 162 150 126 159 191 198 195 180 159 146 156 170 171 165 174 180 180 186 184 175 177 184 179 167 170 170 161 158 162 159 160 170 172 167 158 159 177 188 188 182 170 158 168 185 185 193 202 191 179 182 182 171 175 177 172 170 177 181
135 135 144 159 164 162 159 150 143 143 145 148 150 159 173 180 175 167 155 138 112 105 125 134 142 146 163 180 192 202 194 191 194 193 189 187 181 184 182 176 184 191 194 186 171 164 153 165 185 183 168 164 185 188 186 184 166 154 167 169 156 156 165 162 161 152 155 163 162 155 163 160 157 175 194 195 174 150 153 172 177 179 186 192 188 175 179 188 180 176 175 180 181 179 178
156 157 157 161 159 152 148 147 139 129 135 148 148 144 159 169 143 130 134 144 142 117 87 82 102 127 134 140 165 186 180 168 163 168 187 198 186 183 192 199 199 197 186 172 174 180 162 147 166 172 175 172 152 139 163 186 182 171 177 170 153 154 167 170 173 154 151 167 164 159 157 157 153 167 197 212 200 178 173 186 185 189 192 193 192 187 187 187 191 191 187 190 189 186 183
151 155 155 154 147 140 139 146 141 134 142 147 150 152 160 156 123 109 133 157 162 160 138 116 135 145 106 74 106 172 195 182 163 176 192 201 195 186 188 193 195 200 197 180 165 169 162 139 145 163 179 170 155 147 158 180 177 176 185 180 160 160 175 187 191 184 181 183 178 171 167 168 166 168 184 199 200 185 183 191 193 194 189 181 189 200 199 188 193 193 187 181 181 185 186
149 159 168 165 157 150 149 153 162 168 157 135 126 130 140 152 145 115 124 154 163 158 158 147 167 169 139 102 101 154 192 192 167 145 167 203 213 209 213 210 193 177 183 178 154 163 179 171 145 142 160 166 182 176 158 165 173 179 190 184 165 162 177 192 197 188 181 179 180 172 165 160 161 165 170 172 168 168 187 191 190 190 187 186 192 196 194 192 195 189 183 184 188 194 193
152 160 161 151 159 164 162 158 159 151 140 136 130 133 140 151 159 139 127 148 154 149 146 155 175 174 182 188 175 168 177 171 159 154 172 207 224 220 210 202 200 190 187 179 174 180 172 157 140 137 149 163 176 170 161 157 164 175 176 177 173 168 173 186 190 186 177 176 180 179 175 163 159 168 170 178 164 151 156 164 180 185 191 185 173 186 191 194 191 184 178 181 186 189 182
157 161 149 135 146 151 155 146 144 140 118 131 133 129 134 132 141 126 109 122 148 172 172 173 173 174 177 178 169 169 163 141 141 151 165 182 208 219 221 201 194 204 202 190 177 162 153 141 118 129 164 188 186 179 176 155 159 185 192 191 187 189 185 179 183 187 189 182 175 173 169 156 161 175 179 179 168 166 152 144 173 182 181 186 186 190 192 195 194 189 182 178 186 186 178
158 156 140 135 140 128 135 123 126 137 133 138 131 134 132 127 145 144 136 141 161 177 180 188 183 173 167 169 172 173 146 128 139 148 159 145 144 166 178 161 162 181 173 138 123 151 165 156 142 142 157 188 197 192 193 180 169 165 174 192 203 208 209 203 198 195 188 179 181 188 185 173 179 179 177 177 174 163 149 146 157 167 176 179 186 188 191 192 189 188 189 187 184 170 172
113 117 119 125 143 151 156 148 125 131 140 144 135 129 146 165 168 158 156 173 188 188 180 185 183 173 150 145 165 173 146 142 157 162 158 150 140 143 156 157 152 153 148 119 99 119 150 160 153 153 159 181 192 190 188 177 156 153 164 183 201 217 220 214 200 192 191 185 187 196 191 184 191 189 182 176 160 148 144 144 160 178 185 182 182 186 191 192 187 186 190 194 189 170 192
117 103 108 121 140 140 139 148 130 118 130 135 133 124 130 136 139 135 138 149 157 163 163 171 186 187 159 140 143 150 150 155 147 148 144 147 145 137 154 145 112 107 118 157 174 165 165 170 166 158 148 163 190 192 187 170 156 166 181 182 204 214 208 213 208 188 171 176 188 193 196 195 193 186 177 167 140 135 162 170 181 191 197 193 187 187 194 197 194 187 187 190 184 165 167
128 113 117 122 128 145 150 144 103 73 111 129 130 123 113 120 143 152 145 149 161 162 158 166 185 190 161 131 133 148 157 156 140 143 143 135 138 138 167 168 130 107 106 119 147 172 187 197 190 182 172 175 190 190 189 185 181 188 197 181 187 193 193 200 203 196 179 178 180 180 187 191 190 186 179 171 160 153 157 164 175 186 191 191 185 178 179 187 193 193 190 189 172 166 171
173 146 140 139 122 121 138 117 110 104 119 147 137 122 117 141 182 189 188 191 196 185 164 145 138 169 188 164 141 159 176 179 171 156 149 139 139 155 168 163 124 115 103 88 100 153 190 200 201 193 190 190 195 197 203 206 191 184 192 195 180 171 178 181 183 186 191 203 200 193 190 188 189 191 180 161 151 150 152 163 169 177 183 177 182 178 177 184 191 190 183 184 182 196 174
168 157 126 106 116 130 138 127 120 132 128 107 101 121 140 153 166 188 192 180 184 187 162 130 120 153 172 172 157 149 153 174 183 174 158 154 149 156 162 141 108 106 104 110 117 128 167 189 194 178 160 158 172 192 187 172 155 173 196 200 194 190 187 184 188 200 201 194 193 197 193 189 190 192 188 175 159 138 129 159 166 163 171 185 196 183 179 178 177 177 173 176 189 190 177
172 168 156 135 139 136 132 127 119 122 136 128 125 147 166 172 177 178 171 149 150 166 140 123 141 175 192 190 178 156 152 176 188 190 176 156 145 148 151 134 103 88 98 124 141 141 144 155 172 169 160 145 125 132 132 123 131 151 180 200 196 190 190 194 200 206 203 194 184 181 184 184 182 179 177 173 156 134 124 140 151 180 200 212 209 195 190 181 174 173 167 162 168 179 183
192 169 146 151 174 164 146 137 135 131 130 131 125 148 169 175 173 166 165 132 120 146 145 137 151 186 205 190 170 156 166 179 177 177 167 153 148 157 157 129 119 120 124 132 135 140 151 153 164 174 168 162 121 95 120 149 143 138 153 193 205 203 197 194 194 198 201 194 184 174 167 171 182 178 172 171 178 176 167 171 179 190 198 201 182 179 195 192 170 179 192 169 148 166 192
179 176 175 171 181 177 164 166 169 171 162 147 130 140 163 184 178 147 125 137 148 154 142 151 172 195 190 167 149 142 161 178 183 181 172 166 154 154 155 138 125 114 118 124 127 132 165 171 175 179 156 145 152 154 172 183 140 132 127 130 160 195 208 201 191 196 201 197 188 181 179 186 193 188 187 186 188 199 190 182 187 187 188 189 178 177 187 186 170 173 177 141 150 186 193
154 163 167 161 167 169 157 158 173 180 152 129 131 150 167 172 161 135 131 165 167 168 161 148 160 184 177 149 133 142 166 172 183 200 202 186 164 160 158 145 130 119 139 155 157 159 177 188 194 200 186 162 171 183 178 147 120 120 111 102 137 197 206 199 194 196 199 200 199 196 200 207 204 191 188 187 184 186 183 172 189 189 185 183 180 183 186 170 157 164 159 144 174 196 198
190 177 174 180 186 189 176 171 171 170 164 141 140 160 172 164 149 155 158 175 167 144 148 163 160 169 187 171 152 158 172 168 170 196 210 203 188 177 168 153 141 153 166 150 152 144 138 155 184 200 199 179 172 184 166 126 109 120 128 122 150 196 206 201 204 196 189 192 201 204 210 215 208 194 184 179 186 188 170 161 178 179 184 192 174 138 110 121 125 132 144 152 173 177 202
173 148 177 195 195 193 191 189 185 187 186 169 145 157 155 142 146 176 172 178 183 161 148 168 156 166 182 169 162 173 179 180 181 189 204 213 211 199 183 169 146 143 146 142 147 144 132 147 183 199 193 181 184 187 178 158 138 123 145 184 195 199 184 188 207 208 201 201 205 201 200 207 207 201 172 159 166 162 160 166 174 166 154 170 145 96 83 108 105 124 147 157 152 178 186
124 113 154 185 176 171 183 188 191 193 170 152 157 178 173 160 169 196 197 198 193 179 163 166 159 172 180 170 163 165 170 175 174 178 194 197 208 212 204 184 162 163 163 154 149 144 133 142 166 186 177 152 146 150 181 200 176 158 178 201 200 202 207 203 206 191 175 180 197 194 193 202 204 198 187 167 163 164 173 182 190 197 197 184 138 94 89 101 111 124 141 142 152 169 165
110 122 146 174 177 166 170 183 189 189 178 164 169 170 163 169 190 199 191 183 188 191 176 153 156 181 185 183 178 174 171 159 154 160 171 181 188 198 204 190 183 191 190 176 160 147 139 138 152 175 163 144 153 172 191 178 160 158 152 170 162 178 197 197 198 170 171 182 193 197 198 203 204 194 185 181 153 157 176 187 189 192 186 177 170 148 141 131 150 164 141 126 122 139 133
109 112 117 133 163 179 152 156 177 189 188 182 183 176 142 128 172 180 176 187 198 194 196 174 139 144 170 179 181 177 173 170 166 166 173 185 187 184 190 200 204 196 180 168 153 149 142 125 124 128 133 167 201 218 214 178 143 136 160 179 168 183 185 162 154 176 199 183 176 198 213 218 210 203 191 184 171 148 158 180 174 154 146 142 141 144 138 133 171 162 150 139 145 133 127
124 143 131 117 137 169 168 168 173 182 187 188 189 186 171 157 172 189 182 186 184 180 185 172 140 123 135 160 188 186 189 201 187 161 162 183 187 175 162 170 202 210 197 176 161 156 133 98 107 130 94 115 142 171 188 183 151 138 151 185 203 204 199 200 201 191 193 194 188 189 202 214 203 176 157 162 187 197 190 183 169 164 166 154 141 146 133 122 151 139 120 142 150 147 166
113 104 114 117 130 147 162 167 167 168 172 183 194 194 184 186 196 207 194 178 185 186 177 164 156 144 154 145 153 160 146 195 210 187 174 168 176 182 176 164 175 206 212 200 165 141 137 133 145 172 153 114 103 115 118 123 136 150 167 173 188 202 212 212 212 202 187 192 195 195 201 209 201 180 169 144 168 206 217 212 214 213 201 180 169 148 148 164 188 189 158 166 185 183 180
109 88 101 111 117 126 152 171 171 160 157 183 195 185 181 192 196 191 196 193 175 169 183 186 175 175 182 166 150 161 175 197 218 208 202 202 192 189 172 161 167 174 163 163 157 144 158 163 140 135 134 111 105 116 112 113 139 173 186 168 174 187 204 211 213 212 211 205 196 183 197 209 201 185 188 201 199 205 214 214 209 217 213 184 154 146 152 177 197 206 199 191 196 201 208
156 137 134 118 113 129 140 149 149 152 163 180 188 181 182 191 188 180 178 175 172 174 186 189 183 176 176 172 157 151 168 192 212 216 213 202 193 186 169 158 155 134 101 98 138 144 161 142 100 80 87 94 87 89 100 111 140 186 204 188 178 169 180 196 205 205 198 163 179 194 196 207 212 205 198 201 202 214 218 208 199 208 216 210 175 160 171 190 204 212 214 216 211 199 214
