examples/data/proba_v_out_italy/probav_s5_toc_x19y03_20150506_100m_ndvi_v001.txt
ncols         273
nrows         192
xllcorner     12.62996031746
yllcorner     41.659722222222
cellsize      0.0009920634920635
NODATA_value  -9999
[rows 0 to 41 of 192, columns 0 to 94 of 273]
194 208 217 220 212 210 208 202 202 170 187 218 230 230 221 195 172 167 164 150 147 145 122 106 117 121 131 138 138 147 147 133 124 127 130 139 150 147 134 133 155 143 134 161 175 162 154 156 156 159 163 178 182 162 147 155 167 159 136 119 102 124 151 154 158 132 124 134 129 132 139 134 142 148 144 134 140 167 183 155 130 124 138 154 159 170 186 190 164 126 120 138 153 165 182
162 175 204 228 230 223 225 223 216 188 157 179 215 235 232 210 181 163 161 159 159 173 168 149 145 143 160 183 193 201 203 173 140 135 156 173 176 159 145 152 133 108 115 126 129 129 141 149 166 176 168 160 171 168 160 174 175 155 145 134 116 126 138 148 146 126 114 112 121 144 166 145 141 144 137 130 126 119 136 144 142 159 168 163 156 156 163 174 173 157 141 137 154 181 200
121 140 182 203 199 198 212 201 180 177 182 197 218 235 240 232 213 196 185 181 189 198 187 167 158 155 157 177 190 183 162 125 121 133 146 162 173 166 151 139 122 130 152 149 135 140 154 117 129 169 179 160 162 154 150 157 155 156 148 134 120 125 120 116 114 112 116 112 113 128 147 159 171 152 137 128 117 105 112 128 137 156 164 174 171 146 129 142 157 166 151 140 159 174 177
109 129 166 157 134 129 146 155 161 186 191 175 187 201 221 227 218 208 200 190 193 193 160 109 114 143 169 187 172 124 92 92 110 119 126 160 187 155 136 142 140 132 158 166 150 156 158 133 127 141 156 156 153 148 154 148 140 154 152 140 162 189 174 159 163 160 149 147 144 127 123 141 161 155 142 129 129 134 129 132 123 108 131 166 162 141 126 136 153 173 158 151 164 162 144
125 142 158 161 154 149 166 189 185 188 194 171 160 162 172 211 221 210 199 193 193 187 155 101 72 96 149 179 152 126 113 131 130 100 98 128 161 166 149 148 150 158 167 155 125 123 152 167 146 119 130 132 125 145 186 186 169 150 140 149 167 192 200 197 189 152 141 145 141 142 139 142 145 139 128 133 126 126 147 162 159 149 146 151 147 147 148 155 156 155 160 158 157 162 155
140 160 149 135 142 162 189 210 207 193 187 157 160 172 172 208 218 211 204 203 199 200 173 125 86 90 124 167 177 168 155 153 141 127 133 140 150 171 173 153 144 155 157 144 124 114 118 142 146 126 124 131 136 165 205 198 206 193 171 165 159 167 176 167 140 115 125 153 163 156 142 140 138 141 142 143 146 144 159 182 172 171 164 159 161 166 165 171 168 145 140 152 157 162 164
152 153 141 115 105 98 103 138 154 148 157 169 193 214 226 238 236 225 210 201 195 188 178 139 100 92 96 133 164 165 162 164 149 130 131 134 133 139 146 153 166 172 161 147 132 114 100 123 136 138 127 112 123 147 179 170 145 173 183 175 165 159 151 147 150 144 134 138 145 157 157 151 156 158 160 156 146 150 145 147 149 148 154 160 169 164 163 164 171 148 141 154 157 152 158
159 134 133 119 114 98 68 65 99 107 137 177 185 209 225 226 221 213 191 195 208 187 141 121 109 109 116 100 102 130 146 150 153 150 146 138 123 123 142 161 170 160 129 112 116 131 143 157 169 186 169 147 154 155 158 147 120 132 134 143 143 135 134 126 139 149 143 142 144 155 135 126 167 173 166 161 158 157 150 162 182 173 144 138 151 138 136 164 178 153 152 167 164 153 147
172 169 161 130 114 91 53 40 64 111 135 167 190 202 200 197 196 195 203 215 224 198 130 93 112 132 144 136 131 169 183 175 163 152 146 143 131 125 127 150 148 138 130 122 136 150 149 143 145 159 180 191 190 174 154 138 139 136 117 120 125 123 108 100 125 147 154 150 155 165 163 145 145 158 169 162 140 148 162 156 159 155 140 137 141 153 143 142 154 148 164 183 181 166 158
175 176 170 146 131 125 105 98 115 155 161 174 187 196 202 199 204 194 193 217 225 213 197 164 135 143 144 176 195 202 196 161 122 120 144 133 108 113 128 134 136 141 155 176 181 165 163 166 168 165 156 176 193 193 177 154 142 140 139 141 135 122 95 91 110 128 138 148 155 152 150 143 137 134 134 135 127 148 167 156 155 156 143 130 135 153 166 144 132 138 147 152 157 169 171
145 158 174 167 160 171 179 171 151 156 179 194 199 203 208 203 189 172 176 207 228 222 210 193 176 147 120 148 187 201 185 123 94 96 106 105 112 143 165 168 166 159 151 164 176 168 172 176 164 151 145 150 172 172 161 146 140 135 140 153 147 127 108 104 116 131 153 161 135 120 121 124 131 131 118 114 135 174 186 168 169 188 160 127 147 172 164 154 140 132 123 115 123 159 177
154 130 154 157 149 136 144 147 138 172 198 185 179 194 210 208 172 122 115 164 215 215 198 204 196 156 115 104 127 128 118 110 100 89 99 123 148 158 160 164 159 148 145 152 160 152 146 152 144 155 163 154 147 140 146 139 118 121 121 124 114 106 106 107 110 113 130 152 145 134 141 146 152 158 152 143 135 144 185 157 142 158 139 138 170 180 168 167 146 128 136 137 128 149 164
141 111 118 148 163 143 115 116 135 172 200 185 165 183 205 207 156 113 150 180 195 201 195 190 167 99 57 60 93 143 140 156 161 136 151 151 138 137 149 163 157 144 136 130 140 153 142 140 154 169 167 178 164 134 120 124 125 125 117 110 99 87 85 96 114 114 124 145 161 153 149 144 158 191 204 198 173 134 147 164 133 121 126 141 169 184 175 169 160 148 157 164 148 139 150
138 101 95 125 153 169 151 155 152 124 131 145 163 185 206 216 186 161 173 191 183 140 172 187 131 90 101 121 146 172 194 190 192 186 179 165 127 129 143 148 164 146 134 121 125 151 175 172 162 153 140 171 176 140 117 125 123 115 114 114 103 100 99 101 116 122 143 160 166 165 175 171 169 195 216 226 212 166 141 174 179 154 131 145 168 184 167 155 158 152 146 170 168 152 148
152 139 118 126 139 135 126 135 140 129 137 155 174 175 194 215 205 196 188 186 155 116 164 203 193 161 183 203 180 148 138 135 147 160 178 179 138 135 161 165 175 155 119 136 141 130 160 181 172 144 126 147 169 151 131 140 123 114 113 122 116 100 116 122 131 152 178 191 184 184 198 197 177 193 218 221 216 193 161 180 195 153 126 149 161 160 163 158 160 165 165 176 176 165 152
134 164 143 124 120 122 124 128 148 167 163 158 166 149 165 184 193 203 193 176 171 178 204 213 213 199 179 172 151 135 137 142 142 134 133 135 126 132 167 155 141 121 106 128 149 148 147 154 156 152 145 142 135 115 110 126 131 120 122 130 141 152 162 158 146 130 130 156 203 206 198 195 179 168 195 209 204 189 166 165 171 162 157 171 176 167 158 159 165 159 146 132 130 135 142
115 129 149 147 145 157 144 131 141 170 179 168 153 135 143 148 152 173 186 167 155 171 206 232 222 197 177 160 159 170 185 192 183 165 139 121 112 113 119 102 100 110 128 141 159 167 154 157 179 172 163 158 142 127 136 132 133 145 158 137 148 154 136 129 150 139 126 140 181 203 201 192 181 177 191 199 190 177 157 157 166 170 183 187 189 186 175 172 164 141 132 119 117 131 150
164 153 153 156 169 174 160 146 153 171 179 161 142 132 138 146 155 155 161 157 145 151 158 168 177 179 167 142 151 182 189 187 179 166 158 162 155 157 149 121 114 116 125 143 159 163 161 168 182 168 138 132 121 108 134 167 170 151 142 137 136 130 124 137 161 145 129 142 154 158 176 193 199 208 221 216 189 173 173 153 134 117 139 162 170 177 175 182 171 145 142 142 151 151 145
219 180 152 147 151 161 170 179 159 147 156 155 152 140 144 148 130 122 150 175 171 173 131 90 92 117 124 116 125 133 136 149 143 135 154 186 189 180 171 156 143 149 150 151 161 162 149 143 156 148 120 113 106 99 137 191 195 171 171 170 145 128 142 157 153 135 131 158 163 168 185 201 212 211 222 232 212 180 166 168 148 136 176 184 185 202 198 179 178 177 164 148 149 143 138
207 173 143 157 174 171 162 161 159 146 154 172 168 158 165 170 135 107 126 164 189 192 160 135 123 124 123 98 104 132 140 148 145 128 134 168 182 174 189 185 175 181 190 186 168 149 134 124 129 137 137 133 118 104 124 163 184 172 166 157 139 132 159 188 186 166 164 179 163 158 166 185 212 215 209 208 193 169 156 173 162 148 180 173 171 189 190 165 171 189 181 160 150 158 172
216 195 172 182 180 174 167 162 162 174 197 183 148 130 135 157 160 136 127 143 168 169 142 138 148 136 126 106 90 118 152 163 144 119 156 202 190 181 206 200 187 175 172 171 147 136 149 158 136 119 124 143 145 131 136 148 154 157 168 166 153 157 184 209 204 185 176 175 162 146 156 182 204 205 180 145 134 133 130 157 160 159 169 163 167 185 191 179 178 181 171 162 156 171 201
226 212 178 152 132 123 144 148 147 168 189 160 130 124 133 152 161 137 118 140 172 182 149 141 164 140 160 175 143 114 127 153 164 151 162 218 207 204 218 208 201 192 169 158 160 153 157 153 134 122 137 151 148 137 138 141 145 148 162 177 168 167 177 195 203 195 188 179 172 173 176 184 190 187 173 153 147 136 138 160 162 149 147 144 148 169 187 194 192 184 174 157 165 183 193
195 177 162 150 142 134 163 159 135 142 161 152 122 126 116 110 133 124 122 131 152 165 161 169 183 174 180 203 195 166 156 149 146 162 174 191 215 232 237 220 199 198 202 204 193 165 150 144 123 117 147 163 139 123 121 136 155 178 189 195 195 187 180 178 176 178 202 204 188 178 181 179 174 171 175 170 148 151 147 154 161 140 132 124 117 131 163 193 199 191 179 161 169 173 160
134 119 139 158 165 161 149 131 104 131 154 134 117 129 120 120 137 134 147 138 129 134 133 145 176 177 162 173 192 197 160 134 141 151 154 142 142 176 195 166 155 176 188 167 136 146 163 154 142 135 141 151 145 141 143 154 152 145 161 176 178 183 204 197 178 171 179 179 169 188 196 188 177 169 171 171 165 173 159 149 150 145 149 151 156 163 170 176 174 170 163 160 171 174 168
115 102 127 152 151 172 171 154 132 125 141 141 125 111 120 157 168 149 147 138 142 148 136 136 179 184 165 154 164 180 144 132 158 179 168 154 138 136 145 146 134 148 155 129 104 113 145 152 146 135 141 163 171 162 162 146 132 133 142 156 175 186 193 195 190 185 180 179 166 182 199 198 190 180 168 156 154 164 164 151 163 183 179 157 159 169 178 178 173 169 167 177 182 170 166
123 99 103 121 141 175 163 164 149 119 124 126 116 107 110 116 134 133 123 122 138 158 160 154 174 200 184 155 139 145 147 156 146 152 160 155 155 146 146 147 108 104 127 151 165 163 172 172 158 144 143 169 182 166 155 135 134 162 180 173 169 171 185 198 196 188 163 166 171 164 176 195 202 197 183 157 131 138 163 169 188 215 202 173 170 178 197 199 188 192 202 203 195 191 188
162 134 121 126 132 148 164 163 108 72 95 123 129 128 121 106 129 147 129 118 141 169 174 163 157 166 169 147 132 143 162 170 145 133 143 142 150 135 155 169 133 111 114 117 134 171 183 169 173 176 166 158 152 159 171 163 156 155 179 190 171 145 152 180 191 175 135 139 155 158 153 156 172 189 197 194 186 182 169 167 183 214 219 199 185 181 187 179 167 173 191 193 200 200 185
169 173 149 136 127 130 141 137 136 106 97 122 136 109 101 107 136 167 164 153 164 181 175 153 141 153 172 165 147 156 172 176 171 145 146 151 152 164 167 160 133 109 110 98 92 114 157 164 199 206 176 138 133 167 203 207 191 178 196 216 200 148 119 139 165 176 176 162 158 172 179 159 136 148 175 197 208 210 181 179 176 171 184 157 155 183 187 182 173 169 167 168 197 214 181
148 161 152 117 127 147 127 115 135 135 134 115 113 112 132 142 148 162 174 161 164 185 168 122 117 157 177 167 156 146 154 177 189 183 162 159 157 163 160 144 126 117 116 109 122 135 147 171 212 203 172 141 132 151 178 173 155 163 209 227 225 202 170 163 178 193 197 195 197 203 211 191 150 145 159 186 204 189 156 174 158 142 172 183 183 181 188 184 165 166 173 167 175 204 187
163 156 138 122 132 157 132 117 121 108 124 125 110 115 137 175 184 181 165 129 118 173 174 127 135 185 195 184 174 160 145 170 198 201 189 171 151 150 159 153 124 96 95 118 149 161 153 167 192 183 158 155 119 106 134 114 103 126 185 225 223 219 209 194 189 191 187 176 185 202 204 194 171 148 155 185 207 175 133 144 150 174 207 224 222 218 226 213 179 175 181 177 173 196 213
182 152 139 141 163 178 151 129 133 126 111 129 122 106 130 166 168 163 165 141 115 139 148 137 142 170 192 201 200 189 175 181 192 188 182 171 148 148 160 146 119 136 129 117 134 158 160 175 185 181 176 178 125 88 112 146 148 136 152 196 216 224 223 203 175 164 163 142 151 179 171 165 176 166 164 178 194 195 179 177 184 198 208 224 216 183 207 206 171 174 194 178 165 188 212
185 180 171 155 151 166 165 144 149 159 138 117 127 123 143 171 167 151 127 129 142 163 147 144 152 181 193 167 170 181 190 197 197 192 184 176 170 173 162 156 141 129 124 121 117 147 188 207 200 191 171 147 147 145 170 187 154 139 130 126 160 212 221 198 176 171 176 163 142 159 170 174 194 176 178 185 170 190 191 194 204 203 185 181 176 162 172 173 141 161 189 168 155 180 204
133 141 140 138 131 143 146 136 143 151 132 119 147 175 172 168 151 130 117 146 164 164 156 152 168 193 196 169 145 156 180 195 208 221 214 198 177 176 186 159 141 144 154 152 163 180 201 210 210 211 183 145 146 187 200 165 119 113 106 99 127 184 203 170 157 161 168 166 150 151 185 217 222 201 197 188 175 185 180 183 204 209 198 178 166 161 166 182 164 167 182 169 163 203 218
174 150 127 114 119 127 131 134 137 139 147 144 133 146 164 168 151 148 159 170 160 133 141 165 166 181 208 193 161 158 180 179 185 207 222 224 213 194 187 167 147 155 174 175 169 162 146 161 201 212 177 146 135 145 159 133 112 110 110 103 131 179 207 199 180 184 181 180 183 187 189 212 225 213 193 178 179 191 185 162 182 188 180 179 195 172 129 122 124 125 149 146 168 219 231
189 139 126 122 117 120 136 157 166 153 146 166 150 153 160 150 139 160 166 164 164 150 143 171 171 154 191 188 173 180 195 205 209 215 223 227 223 195 188 190 165 147 161 162 155 154 135 142 177 190 147 139 156 159 158 155 141 127 140 169 195 213 226 226 220 225 209 204 212 209 191 179 201 208 186 161 163 163 158 158 191 188 174 169 155 104 87 97 110 123 163 163 158 178 199
135 110 124 151 153 150 157 175 174 148 152 169 148 175 172 157 163 172 149 137 138 139 138 138 135 140 162 177 178 184 194 206 205 200 200 206 213 220 218 211 191 173 179 162 154 147 135 133 134 149 154 150 142 135 171 210 196 161 173 202 193 178 198 214 221 205 176 178 206 209 188 166 163 174 173 167 153 158 170 186 201 200 203 202 162 106 82 98 107 115 118 120 144 154 162
107 108 131 176 177 166 160 160 159 154 149 165 179 180 167 163 182 189 161 135 131 150 163 149 135 138 137 136 147 163 180 192 198 198 188 186 189 192 195 191 198 201 204 194 177 155 143 143 142 173 181 150 131 152 191 191 165 156 157 185 175 166 181 183 205 188 165 170 184 195 188 170 156 178 188 189 169 149 166 186 200 201 192 191 185 164 135 122 143 169 163 140 126 143 152
102 120 125 137 155 147 142 143 152 174 172 172 170 158 138 125 162 179 170 164 163 163 184 172 134 129 132 128 126 142 169 188 196 203 208 216 203 193 193 192 212 211 197 194 183 162 152 131 122 134 139 173 201 215 216 186 149 135 147 184 182 178 180 165 178 201 207 192 175 190 211 213 207 211 202 196 188 161 161 182 177 157 146 141 139 154 147 137 156 191 158 151 164 152 137
116 139 125 107 124 159 173 172 162 161 178 183 168 159 150 138 158 179 190 196 187 163 177 176 144 132 146 162 166 157 176 211 210 212 222 228 214 185 162 160 194 230 218 191 181 181 152 102 101 127 111 117 138 163 183 185 162 139 143 184 212 220 216 207 198 207 211 214 209 205 211 229 221 202 195 190 209 210 190 198 199 182 178 171 144 127 118 118 132 154 148 156 159 167 167
116 108 120 118 124 153 184 196 185 163 160 178 196 198 180 179 195 212 217 214 195 175 175 174 165 158 161 163 166 152 147 191 213 192 178 173 178 184 180 154 156 197 217 221 190 155 137 124 125 141 148 119 92 103 121 133 136 141 166 183 199 224 231 239 241 216 177 183 209 210 204 223 219 213 210 194 179 215 227 224 232 234 218 201 179 156 153 145 163 180 172 173 185 187 186
115 90 88 99 116 142 172 201 202 177 161 180 204 191 160 168 194 207 214 213 189 173 184 190 173 172 187 184 155 166 176 201 224 192 167 181 200 199 188 172 170 172 176 168 159 148 160 167 146 124 126 109 88 104 103 104 129 175 205 188 192 220 226 235 240 239 226 216 212 198 202 223 224 215 206 202 202 224 238 237 232 234 235 206 170 151 152 154 182 202 202 191 198 209 210
119 117 120 118 111 128 149 170 174 151 156 180 188 165 144 159 180 189 190 187 180 179 186 188 184 184 182 182 175 172 174 192 212 209 195 192 204 209 197 176 173 144 98 103 139 145 161 153 108 81 75 77 78 87 102 109 140 193 225 212 202 198 203 226 236 239 231 213 211 201 193 217 232 220 203 203 210 225 239 220 201 215 232 218 182 162 167 176 194 213 227 234 243 234 232
