examples/data/proba_v_out_italy/probav_s5_toc_x19y03_20150406_100m_ndvi_v001.txt
ncols         273
nrows         192
xllcorner     12.62996031746
yllcorner     41.659722222222
cellsize      0.0009920634920635
NODATA_value  -9999
[rows 126 to 167 of 192, columns 95 to 189 of 273]
172 179 165 156 157 154 147 148 161 177 182 160 147 143 132 122 123 129 146 164 168 167 181 186 178 180 180 172 156 137 140 153 176 181 182 185 189 190 190 186 178 178 177 175 169 164 149 145 145 147 150 156 160 163 159 154 150 150 158 163 166 171 173 178 186 192 190 186 183 175 168 187 195 195 195 201 203 196 191 191 193 186 182 181 179 184 186 181 179 182 184 180 179 176 150
176 187 167 158 163 164 166 166 159 155 160 164 156 151 139 127 136 149 164 170 178 175 182 187 181 174 154 153 149 136 149 162 176 174 172 175 188 193 195 184 180 176 174 167 162 161 166 163 147 145 148 153 158 161 160 157 155 156 162 167 171 172 172 174 182 194 198 191 191 185 169 166 178 194 197 202 193 178 177 154 176 192 187 187 192 189 191 191 191 187 186 190 189 181 166
184 189 198 200 200 194 178 158 145 150 159 177 161 153 144 136 126 138 152 158 169 181 179 181 181 171 166 156 145 148 158 167 177 177 181 190 195 195 194 189 181 175 172 166 162 160 155 155 150 152 149 149 153 158 153 154 158 161 168 167 169 166 170 173 174 171 190 192 192 191 187 181 177 185 193 192 184 178 182 179 177 182 191 199 204 198 198 189 180 178 185 186 205 199 181
189 184 188 185 181 189 197 182 167 152 130 137 152 158 143 157 145 138 159 183 186 184 185 198 193 186 180 163 162 161 174 178 183 186 190 194 195 187 186 187 182 173 168 168 168 162 154 151 158 153 152 152 154 156 156 155 157 161 163 165 169 170 169 175 178 173 173 195 194 194 191 190 182 177 185 188 173 188 199 198 177 181 201 209 206 204 208 205 196 188 182 178 201 204 188
189 185 164 149 155 177 199 195 186 174 156 158 163 173 180 188 162 130 154 189 202 196 181 183 178 181 176 163 169 181 187 185 186 182 183 182 180 183 185 183 175 166 163 167 164 164 163 162 160 156 153 152 160 164 159 161 162 166 171 169 164 162 166 184 187 176 171 174 183 193 189 177 173 181 181 182 168 166 186 190 187 202 210 203 194 211 219 217 211 200 187 192 200 197 196
187 183 168 163 169 188 199 194 175 166 175 185 189 186 183 179 162 132 156 198 213 204 186 184 177 181 172 167 172 182 185 180 173 174 177 181 189 186 176 173 170 167 166 163 161 159 160 159 154 153 155 156 160 167 167 169 167 166 178 178 168 172 174 178 182 189 192 190 187 195 187 183 173 180 193 188 188 185 193 188 180 188 189 178 167 171 191 212 218 215 205 205 199 199 198
175 173 167 166 168 183 196 200 194 195 205 217 219 211 190 160 155 144 142 179 195 195 192 194 182 173 163 168 176 179 177 175 173 171 171 174 175 173 175 169 173 172 166 159 161 173 175 168 157 156 162 164 162 159 165 174 183 175 171 179 183 181 179 172 159 172 194 195 190 186 189 192 182 172 174 193 198 190 177 167 159 163 163 157 154 158 179 207 224 226 220 218 210 205 203
180 173 168 162 162 171 181 181 194 202 219 227 227 220 206 180 166 151 140 144 166 178 185 182 163 152 161 176 183 188 191 192 182 185 185 182 175 169 169 171 174 173 170 168 170 167 172 174 164 166 173 176 169 166 170 176 184 176 172 173 193 186 182 174 171 165 189 197 199 201 196 198 198 185 172 173 190 193 160 154 158 166 162 152 151 149 157 170 202 213 205 203 211 212 212
181 175 167 163 164 171 180 179 173 156 177 201 217 222 219 215 207 151 141 131 155 169 167 148 143 157 173 183 186 192 196 193 183 183 179 181 179 174 176 179 178 176 178 176 171 165 161 160 162 165 170 177 181 182 182 168 147 140 165 173 184 183 166 170 173 186 189 192 190 192 198 194 195 201 193 175 169 169 172 159 165 166 162 159 173 180 167 166 169 171 164 165 162 177 186
182 178 174 172 180 177 180 179 164 142 138 177 211 222 215 207 192 141 120 132 155 163 154 140 146 170 198 199 196 194 183 180 180 178 176 172 169 173 178 180 178 177 181 169 162 158 159 161 163 166 170 175 183 185 183 170 140 142 170 172 173 172 162 161 162 166 186 193 186 164 166 175 184 204 204 170 162 166 169 166 182 195 178 165 173 170 176 184 178 170 173 192 191 178 171
180 187 188 188 190 185 189 191 179 159 145 146 190 204 202 195 195 183 162 161 139 158 165 153 149 167 188 205 206 194 188 185 193 185 178 169 166 171 174 175 173 172 169 162 155 154 153 167 173 168 165 168 174 180 177 179 175 160 182 178 160 136 155 153 137 135 157 181 192 187 184 170 167 181 192 174 175 168 164 175 195 211 215 179 163 182 183 177 176 183 185 191 207 202 180
186 178 191 194 194 192 194 195 192 177 164 166 193 199 198 195 202 197 185 173 163 168 188 182 164 160 171 193 203 196 191 199 196 182 175 167 166 169 171 169 169 167 162 158 155 156 160 168 176 174 163 164 164 175 178 172 183 169 159 185 162 128 139 146 140 150 170 187 178 177 189 182 158 182 189 184 180 164 172 175 181 193 209 205 183 185 186 171 164 182 195 181 180 180 157
187 185 181 176 188 185 180 183 187 188 183 191 184 187 193 195 194 190 198 186 184 191 197 204 191 169 157 164 178 195 193 185 181 176 168 165 170 176 171 167 173 169 161 158 155 155 158 160 176 183 175 165 141 170 187 191 195 176 151 152 159 140 133 133 144 158 173 171 161 144 155 163 161 182 187 177 164 159 162 167 171 175 195 198 200 189 177 153 157 175 191 180 164 155 158
180 183 178 173 172 170 179 186 192 193 193 196 185 177 170 180 188 187 185 189 188 189 192 191 199 190 179 175 181 185 175 165 166 171 165 170 174 174 171 173 171 170 165 165 164 163 166 171 183 179 152 157 152 153 168 187 191 183 162 155 140 134 140 157 170 166 165 162 154 153 151 161 165 176 186 184 155 153 153 146 161 172 175 184 190 178 165 158 159 161 161 174 175 168 160
173 175 173 174 182 186 187 192 190 191 188 186 184 175 167 172 188 199 190 188 185 183 179 180 191 182 183 177 168 165 163 157 165 176 171 175 170 175 165 165 162 165 172 179 186 179 171 178 181 165 142 164 182 172 150 161 179 185 178 160 136 126 165 188 180 166 170 177 178 151 153 162 161 177 187 193 176 162 170 161 150 170 196 200 200 172 157 151 153 150 154 170 188 190 189
177 175 172 179 190 193 198 197 187 185 177 183 193 183 173 175 194 199 198 186 181 181 174 170 163 155 159 165 165 163 165 171 176 175 175 184 175 190 178 176 166 178 186 183 173 165 168 176 183 156 138 147 161 147 142 152 163 166 173 161 143 135 147 176 176 166 175 185 191 182 178 173 164 182 200 204 181 171 195 182 170 171 177 175 171 159 157 164 157 153 177 195 193 192 187
184 180 178 179 183 191 199 195 189 187 186 186 186 188 193 196 198 184 176 183 193 184 180 175 166 148 163 184 177 181 178 177 178 179 188 192 192 193 198 190 185 183 190 193 182 174 169 177 184 172 148 153 150 135 138 152 160 160 166 157 145 137 147 163 159 163 151 147 160 176 185 180 165 169 191 189 173 181 190 182 170 177 173 168 184 173 160 181 180 157 169 196 199 207 217
186 185 181 185 187 190 184 186 189 186 181 187 186 193 199 203 203 189 174 171 180 187 187 185 182 184 185 191 188 174 174 170 177 180 186 182 176 168 184 194 192 193 176 183 196 187 172 178 185 188 162 168 186 166 139 138 163 168 162 152 162 168 168 165 166 174 166 158 149 161 189 169 161 165 167 181 191 202 195 187 192 187 186 183 187 183 178 182 188 169 137 163 186 193 195
189 191 191 189 187 187 188 186 177 180 179 184 186 192 193 200 200 202 198 183 184 188 177 181 183 181 172 172 172 173 172 171 173 173 180 188 182 175 171 187 194 190 178 174 185 184 188 194 179 187 187 184 186 164 149 159 177 196 185 183 185 188 187 182 185 195 196 191 178 163 177 179 173 167 171 186 179 175 165 165 189 190 179 164 175 193 196 199 192 172 160 169 187 191 182
195 195 194 191 189 186 184 179 174 179 174 181 188 188 191 200 202 210 198 185 191 191 182 182 181 180 178 176 174 168 165 171 196 201 189 193 187 177 166 179 181 194 186 177 170 185 183 185 161 179 200 211 204 161 156 164 174 189 196 192 184 179 176 178 191 197 206 206 191 165 170 190 198 184 174 180 171 156 164 162 185 198 190 180 178 189 196 187 174 167 166 174 171 172 166
198 196 192 186 182 176 189 177 174 173 173 185 193 192 196 199 201 202 188 186 206 209 197 190 187 190 191 187 180 173 175 183 204 206 190 194 193 185 171 172 177 182 194 188 173 181 180 171 158 161 203 217 218 194 164 150 153 168 188 183 182 188 182 177 190 184 195 213 204 177 172 189 206 200 195 204 195 168 149 162 187 204 197 171 149 172 173 154 162 179 179 166 158 158 154
193 189 185 180 175 171 183 179 179 180 182 189 193 195 191 192 190 184 173 167 192 203 195 187 200 202 210 195 194 176 186 191 199 176 166 188 179 181 169 165 170 187 188 184 174 172 182 163 139 155 184 209 226 202 166 143 148 164 174 177 182 191 188 184 190 181 179 197 198 175 155 171 174 172 180 198 203 193 170 172 197 199 184 131 125 171 185 169 165 185 188 167 162 168 172
189 186 182 180 180 179 175 185 185 189 188 187 194 201 202 198 190 187 187 177 187 196 193 172 162 190 194 173 170 172 184 172 177 159 153 165 155 150 143 148 158 183 196 176 162 160 176 170 146 150 177 209 225 202 168 153 147 154 160 165 177 180 174 178 198 205 190 189 185 172 164 165 171 173 171 183 205 206 190 178 170 164 169 151 132 157 175 178 194 208 207 194 186 200 212
189 188 188 189 189 185 179 184 188 191 188 188 194 202 207 205 195 191 200 195 189 190 205 194 163 161 162 146 181 176 165 180 184 154 144 153 155 137 135 166 169 183 192 168 165 171 177 169 155 158 187 208 220 218 195 170 147 151 162 169 169 172 169 174 190 196 189 187 195 187 177 161 171 178 191 197 199 193 177 156 157 164 178 184 168 161 175 190 207 222 216 192 171 178 203
191 193 195 197 194 187 182 182 181 184 188 190 194 198 207 203 198 193 199 197 174 176 205 208 196 186 160 157 177 188 172 178 174 176 159 175 177 174 171 149 152 191 196 175 175 197 202 194 185 174 189 206 219 221 216 192 167 151 167 177 185 181 170 161 172 172 182 179 169 181 189 193 189 187 190 189 176 151 134 135 150 169 178 170 173 181 175 174 184 200 210 203 191 182 190
188 193 195 197 196 188 184 183 185 189 196 198 199 202 208 199 201 196 188 170 148 178 211 210 203 194 177 174 164 169 166 155 174 198 194 170 177 185 183 171 162 198 204 188 186 202 210 219 219 219 208 210 222 231 228 200 169 161 176 201 212 205 189 175 181 181 179 157 157 176 184 196 204 203 186 162 164 157 143 157 168 175 173 165 180 206 192 185 188 187 193 195 198 198 185
195 196 198 199 198 186 191 192 194 197 203 208 209 205 210 212 211 191 167 153 148 179 210 207 196 172 154 169 184 173 190 180 181 185 198 187 179 170 180 180 177 202 209 199 185 186 206 217 202 205 211 206 214 225 227 207 187 181 183 199 208 203 199 201 191 186 174 149 161 173 180 178 195 205 186 169 164 168 189 197 182 179 179 168 183 198 186 194 189 184 185 188 190 176 171
197 196 198 202 195 194 192 203 204 203 207 214 215 208 214 210 183 160 152 150 148 184 217 209 209 185 148 166 188 181 172 190 179 176 187 183 176 162 177 195 189 198 210 201 168 173 185 208 205 216 208 198 199 205 216 214 198 189 188 206 221 207 186 194 186 186 197 185 182 194 191 184 197 194 187 178 167 178 205 213 200 190 187 192 208 203 184 175 182 183 187 188 179 162 171
201 199 201 204 204 197 193 204 212 214 210 198 210 205 193 207 188 165 156 155 164 173 192 187 174 162 152 171 179 152 137 171 176 159 187 184 186 184 187 186 173 185 200 198 182 172 184 203 208 215 205 200 195 198 215 210 165 175 191 186 185 178 175 183 184 204 199 192 179 182 192 194 200 206 199 184 177 187 203 214 203 188 188 204 211 203 188 177 168 169 168 171 167 161 173
203 204 203 204 210 201 198 202 205 210 212 197 195 177 147 172 200 190 169 161 170 181 178 182 170 163 159 155 156 151 148 181 184 175 166 185 177 192 202 185 173 175 185 198 205 205 186 197 180 182 188 192 186 205 215 213 177 166 161 141 155 146 153 189 205 203 194 188 181 161 185 203 204 198 196 192 182 182 201 207 191 166 177 193 197 198 197 195 188 168 163 173 174 164 157
202 202 201 205 213 199 196 201 200 203 201 174 143 164 135 142 181 178 170 158 172 188 164 159 169 167 174 171 176 190 193 194 195 190 173 165 168 165 174 191 192 191 195 201 201 198 185 166 156 177 169 161 181 187 177 171 182 187 157 125 128 132 138 176 196 189 179 162 166 155 133 155 177 188 197 206 187 183 205 214 183 161 164 173 184 193 200 196 193 172 171 190 194 170 165
187 177 171 173 175 189 197 204 202 201 201 204 192 191 185 166 159 173 169 170 176 184 171 163 188 187 181 192 199 196 200 191 186 199 175 164 170 154 163 187 201 201 193 185 179 179 177 154 158 165 152 134 150 175 151 115 146 172 179 140 134 127 132 162 184 173 152 153 180 176 160 173 202 209 210 208 209 200 203 207 186 181 186 180 182 175 184 178 175 172 183 188 183 188 205
187 163 166 186 193 204 202 220 220 200 184 191 201 201 205 193 179 171 167 173 190 194 187 182 195 197 197 207 211 193 183 175 163 171 176 184 199 189 175 207 206 200 195 175 160 147 135 144 150 165 163 130 126 132 124 103 102 131 158 160 142 117 114 149 174 182 162 138 165 194 193 189 184 197 206 201 201 201 189 197 207 198 195 171 170 175 181 180 180 181 189 187 183 187 197
144 167 183 194 192 194 194 200 199 164 141 158 192 214 203 191 185 165 163 180 197 208 186 187 201 198 186 193 206 193 179 178 173 152 142 164 178 193 191 195 196 198 192 172 162 138 115 119 130 148 148 117 100 98 98 100 95 124 149 171 201 194 149 122 131 139 170 166 165 183 177 165 176 180 186 184 187 190 179 190 200 199 192 174 173 172 181 179 179 178 190 193 194 179 186
139 168 186 185 190 198 197 195 192 171 168 185 206 196 182 189 203 200 188 192 195 203 196 210 205 200 196 174 182 194 210 215 207 182 187 196 185 181 195 214 206 194 168 163 182 190 167 138 111 113 117 133 141 105 94 101 97 97 110 143 191 214 181 144 122 122 151 159 152 151 174 191 194 193 199 205 185 178 192 205 208 183 171 179 186 183 168 167 167 177 198 190 178 182 193
190 189 189 197 199 212 206 192 178 185 196 200 192 185 181 185 199 202 183 178 169 194 206 204 179 191 188 177 171 151 165 194 192 169 179 176 173 175 189 216 219 215 179 161 168 178 187 169 144 140 118 122 105 86 79 77 81 97 114 103 128 155 145 133 136 133 134 157 152 148 167 187 187 174 189 203 201 197 196 204 210 186 181 186 204 203 187 176 176 184 198 198 191 197 202
203 202 203 194 195 204 202 178 178 201 206 194 181 178 183 185 194 192 186 189 186 190 189 187 181 170 171 165 169 147 140 159 163 159 156 158 182 189 189 197 221 220 192 169 171 180 183 162 147 136 121 113 102 73 66 64 84 114 140 139 100 90 110 106 94 97 147 181 208 206 199 192 187 191 201 214 207 192 188 184 188 173 163 182 202 212 200 184 175 166 170 182 183 186 195
201 209 212 198 195 198 195 180 191 203 201 188 180 168 174 177 177 194 199 212 198 184 176 174 171 183 191 190 185 168 157 164 177 176 170 169 192 199 194 206 224 213 197 180 182 181 167 146 132 118 111 106 97 73 62 64 93 127 126 139 128 105 108 121 106 116 167 202 222 225 220 197 186 197 217 219 212 197 192 185 184 185 189 189 197 203 211 210 199 164 165 183 195 193 208
196 206 212 202 196 194 183 187 204 227 211 187 174 167 174 188 189 186 201 206 205 188 179 175 183 189 197 204 216 197 175 185 195 186 168 181 203 195 191 213 223 221 213 203 183 172 148 126 146 160 158 111 93 86 68 71 96 117 132 153 156 139 156 172 177 176 189 202 201 212 212 212 216 217 210 177 163 180 188 175 164 178 192 194 187 192 212 222 220 188 156 162 184 191 200
210 207 207 209 213 209 190 194 212 224 217 194 183 188 197 199 205 204 203 220 215 191 188 193 195 195 189 205 218 202 176 182 200 192 175 191 190 186 183 198 204 210 194 185 179 170 153 148 162 172 138 91 71 78 75 77 94 105 114 146 167 192 185 178 176 169 149 149 179 192 200 213 227 217 193 141 135 180 178 163 175 182 163 176 168 172 195 203 189 160 126 127 159 170 174
211 207 205 208 215 208 191 186 205 214 216 205 203 210 200 190 207 216 218 228 222 195 182 194 214 220 196 199 204 192 174 155 171 181 200 210 199 179 167 175 182 207 192 184 179 169 158 165 181 152 107 85 73 80 81 80 97 94 94 121 160 170 183 192 182 176 183 174 178 190 182 155 159 191 195 186 169 187 197 190 188 171 142 165 171 186 191 181 159 145 138 151 172 159 156
207 209 204 197 195 186 168 176 197 211 217 216 214 217 214 205 208 220 225 227 226 214 204 204 210 205 200 217 217 205 184 154 158 166 187 209 207 185 174 183 193 202 207 195 186 178 171 159 162 161 107 81 69 73 87 106 120 101 127 174 193 172 174 193 170 164 207 212 191 193 217 200 182 201 214 225 214 212 213 198 174 153 140 159 185 193 191 184 176 171 158 161 173 168 166
