examples/data/proba_v_out_italy/probav_s5_toc_x19y03_20140906_100m_ndvi_v001.txt
ncols         273
nrows         192
xllcorner     12.62996031746
yllcorner     41.659722222222
cellsize      0.0009920634920635
NODATA_value  -9999
[rows 84 to 125 of 192, columns 95 to 189 of 273]
239 237 235 237 242 245 244 240 240 245 243 239 238 241 244 244 242 241 239 236 235 236 236 238 238 238 237 233 230 219 205 204 207 199 200 220 211 197 192 189 184 198 181 147 127 109 75 85 138 172 171 177 192 179 171 194 222 227 242 250 250 250 250 245 231 202 179 174 171 178 182 188 189 188 204 232 244 240 234 234 234 234 237 240 241 244 247 247 246 247 248 248 244 240 240
218 223 234 238 242 243 238 234 241 244 241 236 234 242 247 246 245 241 238 237 236 237 239 241 241 239 240 240 236 216 200 201 201 199 208 211 196 191 188 183 191 195 156 101 70 56 54 77 137 182 185 183 207 213 207 209 214 220 241 247 247 248 243 231 223 202 186 177 174 193 185 188 189 188 211 238 246 241 238 237 234 235 244 245 243 242 244 243 244 244 245 244 240 239 241
174 202 243 246 243 240 238 241 242 243 244 238 235 242 249 248 245 243 240 240 237 238 241 245 243 239 238 242 240 222 209 201 199 199 199 194 191 197 202 200 200 187 160 110 65 54 54 74 117 130 142 159 187 201 196 196 196 204 227 244 245 244 246 243 230 202 189 182 185 200 207 216 202 200 226 246 248 244 240 235 232 236 245 246 250 250 250 245 242 240 240 240 242 243 244
171 225 248 245 247 242 241 241 236 237 237 238 244 249 250 249 246 244 240 236 237 241 242 245 246 246 244 244 241 232 220 205 209 207 190 188 194 186 193 200 197 183 189 153 99 88 102 109 126 137 158 177 186 211 219 220 216 208 222 241 244 244 240 242 229 202 184 184 189 208 229 226 206 213 234 244 246 243 239 237 237 240 242 242 249 250 250 250 248 246 245 246 245 245 244
194 227 244 248 250 249 247 237 237 241 236 235 244 248 249 248 246 243 241 242 243 245 245 246 248 249 248 246 244 243 237 226 224 206 185 182 210 206 192 193 195 191 181 165 152 150 165 164 160 138 143 192 209 217 224 220 213 208 229 238 239 240 237 236 219 199 183 182 198 219 233 227 216 222 237 243 243 241 240 239 240 243 247 249 250 250 250 250 250 250 249 248 248 246 244
153 190 238 250 250 250 241 233 242 238 229 231 237 241 244 243 242 244 245 245 244 242 240 241 244 249 250 250 250 250 246 238 232 213 201 198 216 216 206 209 205 186 163 153 167 176 175 169 170 149 149 189 201 187 172 179 206 223 230 235 238 234 233 235 225 203 183 187 205 219 227 233 232 234 241 245 245 244 244 243 236 232 238 245 250 250 250 250 250 250 250 248 248 248 246
161 185 233 250 250 249 242 234 222 193 178 209 236 237 237 233 239 243 244 244 243 240 238 240 243 249 250 250 250 249 246 236 223 215 224 209 209 216 217 219 221 194 169 165 174 174 187 187 195 206 210 201 185 165 149 146 199 233 235 241 244 234 226 226 228 219 207 204 210 220 227 230 236 241 243 244 244 241 238 238 235 233 240 249 250 250 250 250 250 250 250 250 248 247 246
180 190 201 227 243 246 242 241 221 193 191 224 240 237 219 199 227 237 239 240 239 239 237 238 244 250 250 248 243 243 245 244 234 225 233 228 214 206 196 202 212 187 166 177 195 197 190 181 185 206 191 140 108 85 101 180 214 219 215 211 225 226 211 203 209 219 223 214 206 206 213 223 233 243 245 242 241 239 237 238 239 244 249 250 250 250 250 250 250 250 250 249 249 249 249
201 204 198 200 224 243 240 237 227 210 208 216 233 233 218 217 236 238 240 241 241 238 235 236 240 244 242 240 240 242 241 240 239 242 250 250 250 241 221 216 221 207 169 172 197 200 188 182 186 187 116 66 49 64 117 190 169 163 149 137 179 197 185 185 193 205 220 226 221 213 208 221 237 244 244 242 240 240 237 237 241 247 250 249 244 247 250 250 250 250 250 250 250 248 246
208 200 208 203 213 229 235 235 219 199 212 224 206 204 233 242 242 241 240 240 240 237 236 237 239 242 238 235 239 239 240 245 249 247 231 231 219 211 213 220 227 235 208 180 195 201 192 192 185 143 86 61 67 100 136 167 130 114 112 122 161 172 173 184 201 214 212 215 221 220 219 233 238 244 248 245 241 239 239 240 244 250 250 244 221 211 228 244 246 250 250 250 249 246 243
203 207 208 214 222 212 194 203 224 231 224 202 163 167 219 236 242 242 241 241 244 242 241 240 240 240 239 235 235 239 242 245 245 229 211 209 206 209 211 200 189 248 248 201 199 215 207 198 176 156 143 154 135 110 116 131 96 116 148 167 176 173 178 192 211 223 219 212 212 214 224 233 228 239 249 250 246 243 242 244 249 250 248 228 195 182 199 221 224 246 250 250 248 244 240
206 202 212 224 223 218 203 207 212 212 206 209 189 208 235 236 244 242 242 241 242 242 242 240 238 239 239 236 237 240 243 244 241 235 220 209 202 200 205 186 173 204 220 208 205 204 199 200 191 195 200 156 100 65 57 59 67 86 113 157 179 178 188 206 218 224 219 212 213 216 223 219 220 237 250 250 247 242 238 241 244 245 244 230 201 184 177 170 191 244 250 246 243 243 240
208 198 214 218 181 165 196 233 221 210 213 216 213 230 241 241 244 242 241 239 241 243 244 244 243 243 242 239 241 245 247 244 238 231 229 229 221 209 207 185 162 138 148 220 223 203 186 189 208 202 153 95 60 45 48 55 65 92 128 162 184 184 194 211 217 216 211 209 205 210 220 219 226 236 246 250 247 241 234 234 238 241 244 246 248 229 185 166 195 239 245 246 243 242 241
201 200 214 214 168 156 184 237 242 233 213 206 208 225 247 249 247 246 245 243 243 244 243 243 245 245 244 243 247 249 247 243 232 211 197 211 225 195 158 131 103 81 99 197 193 190 177 167 186 209 148 83 55 49 56 66 109 137 132 157 183 191 196 211 223 224 214 208 213 219 223 225 236 231 235 246 250 246 241 240 240 242 243 246 250 250 237 219 234 245 248 250 244 239 236
212 213 210 212 210 211 227 237 238 236 229 238 241 244 250 250 248 247 246 245 245 243 243 244 243 241 242 245 249 247 243 238 236 230 225 219 222 224 183 172 166 143 153 216 222 200 174 169 188 203 131 80 80 70 75 98 129 163 170 169 189 198 194 202 212 227 232 221 212 220 231 237 237 228 234 247 250 248 242 243 243 246 250 249 243 248 250 250 250 249 250 248 244 239 239
211 221 208 200 212 229 236 231 235 234 236 243 245 249 250 249 247 246 244 242 242 241 241 242 243 242 244 247 245 233 226 238 250 245 243 230 218 197 137 125 145 155 162 206 218 199 180 173 180 200 157 104 132 146 140 143 146 162 179 181 182 187 184 191 197 202 206 203 203 209 219 227 232 236 243 249 246 239 238 241 243 247 250 250 243 236 245 250 250 250 248 247 245 243 241
183 219 205 193 208 226 214 201 224 237 242 243 243 246 250 248 246 244 242 239 238 240 243 244 246 246 248 249 238 211 189 211 244 242 235 218 188 122 74 58 80 138 170 186 198 196 193 193 191 196 198 146 142 168 162 161 158 160 175 186 182 172 148 152 169 177 192 198 203 208 215 226 240 247 250 250 250 249 245 242 242 245 250 250 250 250 250 250 250 250 245 246 247 246 246
176 182 191 198 197 210 208 167 161 201 241 247 244 249 250 250 246 244 242 238 238 242 245 246 246 247 247 245 236 221 215 232 245 246 241 214 142 79 55 50 58 94 162 195 179 155 163 195 205 195 174 143 150 146 150 142 123 120 100 85 81 101 126 148 157 165 180 182 194 201 220 239 250 250 250 250 250 250 250 249 249 250 250 250 249 249 250 250 250 249 248 247 247 247 247
201 194 169 175 206 219 224 183 179 217 249 248 245 250 250 250 246 242 239 237 239 244 247 249 246 244 244 244 241 237 240 246 250 250 250 237 144 67 65 82 94 111 168 210 203 185 204 204 186 179 164 139 131 121 125 136 126 108 71 47 47 53 65 106 145 155 191 203 198 202 237 249 249 250 250 250 250 250 250 250 250 250 249 248 247 249 250 250 249 249 250 250 249 250 249
209 210 163 155 199 238 241 246 244 245 245 242 244 249 250 250 246 243 242 241 241 245 248 250 250 248 245 243 242 241 244 250 250 250 250 249 225 153 155 204 179 177 223 239 250 250 231 180 144 113 92 85 75 63 67 123 119 96 67 45 41 44 50 71 136 189 204 202 203 214 245 248 250 250 250 250 250 250 250 250 248 248 249 248 247 248 248 247 248 250 250 250 250 250 250
250 250 238 199 229 244 250 250 250 249 246 242 241 241 242 244 245 243 242 241 240 243 247 249 250 250 250 250 250 250 250 250 250 250 249 250 250 250 250 250 245 248 250 240 237 234 192 130 100 77 63 58 57 57 61 96 107 69 46 41 45 38 35 42 68 116 178 195 206 224 247 250 250 250 250 250 250 249 248 248 247 248 248 249 249 249 250 250 250 250 250 250 250 250 250
250 250 250 250 250 250 250 250 249 250 249 245 235 229 233 242 242 242 242 241 240 241 244 244 243 250 250 250 250 250 250 250 250 250 250 250 250 250 250 246 222 209 232 220 181 147 116 72 54 47 42 44 59 62 66 63 55 53 38 34 33 32 34 33 44 93 180 205 223 235 250 250 250 250 248 248 247 248 246 246 244 246 247 249 249 249 250 250 250 250 250 250 250 250 250
250 250 250 250 250 248 240 248 250 247 242 239 232 236 250 250 246 247 246 244 244 245 244 241 239 250 250 250 250 250 250 250 250 250 250 250 250 250 244 221 190 150 129 136 150 89 55 38 34 30 30 39 69 84 85 61 53 50 40 36 35 35 35 39 52 106 201 241 244 247 250 250 250 248 245 243 243 241 240 238 239 243 242 242 245 247 246 247 249 250 250 250 250 250 250
248 248 250 250 250 250 250 250 250 250 247 246 245 246 250 248 248 248 246 244 244 244 242 239 235 250 250 250 250 250 250 250 250 250 250 249 250 250 250 231 167 106 72 66 130 78 45 33 31 31 36 58 111 165 133 82 70 74 65 57 50 50 54 73 117 202 232 240 244 250 250 249 248 246 243 242 242 241 239 239 232 231 240 242 242 244 243 242 244 247 246 246 250 250 250
244 243 239 235 240 250 244 236 237 242 244 248 248 250 250 247 246 244 242 242 243 241 238 243 248 250 250 250 250 250 250 250 250 250 250 250 244 245 238 224 166 110 85 99 150 85 50 37 32 36 70 141 193 175 146 109 84 71 71 83 73 55 66 124 207 233 230 236 241 246 248 245 244 245 244 243 243 243 241 241 237 236 239 237 236 237 238 241 243 245 237 243 250 250 250
243 245 238 231 231 235 236 240 241 244 244 242 243 249 250 243 224 218 231 239 240 239 238 243 244 249 250 250 250 250 250 250 250 250 250 250 231 222 214 196 168 145 139 145 137 113 80 69 73 100 191 184 178 176 153 93 58 45 50 54 43 35 39 71 137 185 220 228 241 243 244 245 244 243 243 244 245 244 243 243 240 239 238 237 237 238 238 240 245 240 226 235 246 250 250
243 242 234 239 238 239 231 234 238 241 239 241 242 242 247 248 240 232 242 244 241 236 236 241 243 246 250 250 250 250 250 250 250 250 250 243 222 195 195 213 148 109 93 108 107 156 204 190 195 191 184 148 165 215 131 66 43 36 35 35 32 31 35 38 57 93 118 116 164 218 237 238 241 241 242 240 235 236 240 240 235 232 233 233 231 229 232 236 239 230 226 236 244 249 250
245 245 243 240 228 237 199 174 191 228 239 240 233 230 240 232 214 216 232 239 247 238 235 239 241 245 248 250 250 250 249 246 249 250 250 250 247 226 219 154 85 74 78 121 167 164 162 166 170 161 160 154 173 192 124 72 50 39 33 30 28 30 34 33 40 47 56 65 94 159 206 225 232 232 237 245 239 239 239 243 234 225 228 236 239 237 234 237 238 237 239 246 249 248 250
240 241 239 238 198 167 145 106 112 163 209 213 218 228 237 208 139 90 110 181 237 238 238 241 243 242 242 246 250 250 244 240 240 239 236 226 213 202 192 125 84 71 76 112 190 182 154 153 190 179 173 192 206 165 98 63 47 45 43 33 28 27 29 29 35 43 54 68 78 86 97 157 198 212 239 246 250 242 237 245 238 225 229 232 233 241 240 235 235 237 239 242 244 248 250
235 234 233 229 187 152 132 106 106 102 130 172 199 232 237 186 109 69 103 182 242 237 239 240 242 241 242 240 239 235 231 227 219 203 184 169 171 191 203 136 98 98 129 147 187 185 173 178 180 171 144 152 126 96 64 40 31 14 20 31 31 29 29 34 47 67 73 64 50 40 39 64 107 171 229 231 229 224 217 227 228 219 214 213 223 230 233 233 237 242 245 248 248 250 250
237 234 229 224 213 205 148 103 84 60 57 84 122 161 209 215 184 162 187 225 240 240 240 240 244 242 237 217 171 144 120 93 117 163 172 190 194 212 250 206 151 163 194 189 198 185 166 187 113 71 52 73 64 55 40 30 24 2 0 0 14 35 33 45 75 119 103 56 38 33 34 42 55 110 184 186 201 210 214 223 224 214 206 218 234 237 233 231 236 240 247 249 250 250 250
238 236 228 222 235 217 136 87 68 57 47 46 74 130 196 235 243 246 244 240 238 238 238 238 240 238 225 170 86 53 47 38 51 80 113 169 203 166 143 151 157 168 181 209 199 190 162 109 57 40 44 45 37 32 34 30 31 42 25 0 19 34 32 54 136 162 103 53 37 36 42 54 88 170 158 167 189 201 212 220 216 209 207 213 221 220 215 221 225 229 236 242 250 250 250
237 235 229 228 240 198 121 75 82 109 88 58 73 122 197 238 243 235 236 235 230 219 209 215 232 244 222 135 52 36 36 36 42 46 64 122 144 88 85 104 141 177 191 215 225 214 153 97 60 35 30 34 33 28 24 29 30 33 42 44 42 33 31 55 144 164 109 67 55 64 88 149 198 197 197 199 189 192 196 204 201 194 184 191 198 199 197 200 210 219 223 230 244 250 250
239 235 228 227 217 149 97 72 71 90 84 73 114 197 239 250 238 218 216 220 232 236 233 230 235 246 236 170 89 56 46 44 45 46 77 130 151 115 106 111 153 215 241 232 197 171 144 107 78 53 39 35 25 23 26 24 27 26 29 36 43 45 45 72 146 173 153 135 163 181 168 176 224 226 224 216 202 201 200 202 199 195 189 187 184 186 189 193 200 210 228 242 250 250 250
240 236 233 235 198 104 82 76 65 76 88 101 151 235 247 249 243 236 230 220 219 226 231 238 240 237 235 215 159 97 61 44 42 68 123 105 134 157 161 163 198 243 250 211 153 128 105 59 34 32 39 42 36 29 33 0 0 34 30 31 34 48 69 84 105 152 195 213 206 216 208 201 223 231 229 213 208 212 211 208 194 190 189 194 188 182 190 203 215 222 236 246 250 250 250
240 238 234 236 219 145 90 78 93 132 160 161 198 223 229 239 233 224 229 231 225 228 226 237 241 237 231 211 185 135 78 47 48 95 170 140 146 166 194 218 232 250 250 212 134 109 64 35 25 26 34 35 34 28 25 27 25 29 27 29 36 68 83 65 63 119 197 218 233 239 241 232 222 221 229 225 220 223 210 201 189 195 188 187 196 189 189 213 228 230 231 236 243 250 250
241 241 241 244 247 220 161 143 187 227 222 192 192 195 198 225 249 250 247 241 241 235 233 248 245 235 229 222 206 175 130 80 66 80 149 200 190 192 201 231 250 250 250 242 188 128 46 22 17 34 29 27 30 33 29 23 31 31 33 32 35 56 104 84 81 124 184 209 233 250 250 244 235 220 208 199 201 208 170 158 182 193 199 174 172 189 183 189 204 224 230 226 228 243 250
244 245 246 245 244 248 222 190 210 238 241 221 204 186 174 221 250 250 250 244 245 249 250 250 250 244 245 241 233 219 181 89 60 78 163 208 203 197 208 231 250 250 250 250 196 98 42 31 26 36 37 28 24 28 33 30 27 15 0 24 38 54 131 151 133 144 185 217 234 235 226 228 225 181 156 136 119 117 144 148 149 141 123 111 140 184 191 182 193 216 234 232 232 235 242
218 207 199 200 214 223 187 153 158 208 215 202 198 198 194 209 217 222 221 218 230 246 250 250 250 250 250 235 236 240 210 149 137 153 200 214 219 225 231 236 242 250 250 212 120 69 49 43 42 39 34 28 26 30 42 33 0 6 21 37 57 88 169 207 207 203 203 185 170 171 149 113 98 87 75 67 51 59 101 94 71 50 43 55 99 164 203 204 193 187 207 226 225 220 217
170 161 168 178 194 207 190 179 182 194 199 201 178 161 150 161 177 185 204 226 238 244 248 250 250 250 250 250 225 236 250 243 225 218 225 227 228 233 231 225 225 236 235 161 88 62 53 41 34 34 30 26 25 25 24 30 34 38 48 63 121 182 212 217 206 194 184 132 98 86 70 64 61 56 51 44 39 57 65 41 34 33 30 37 79 146 191 179 164 156 181 211 206 210 218
167 163 205 223 208 202 196 196 197 201 191 180 162 145 129 144 172 183 201 225 232 229 227 239 250 250 250 242 174 136 186 226 231 232 226 235 229 224 221 218 217 226 230 214 170 117 68 45 37 32 32 30 29 41 43 34 37 50 68 118 181 208 208 202 138 92 91 78 63 59 56 51 51 44 34 34 40 48 49 41 36 34 32 46 86 148 155 142 155 161 163 165 143 170 219
180 182 217 236 202 203 176 156 173 206 183 172 170 159 146 174 185 194 191 198 229 224 208 229 250 250 250 248 194 167 212 242 248 243 237 236 235 225 224 231 233 232 237 235 210 112 59 38 31 33 9 11 20 25 38 37 50 95 146 181 193 195 181 126 70 47 45 58 56 52 46 41 42 43 38 37 40 41 43 35 32 32 33 48 71 82 85 85 80 74 71 63 57 59 94
