examples/data/proba_v_out_italy/probav_s5_toc_x19y03_20150406_100m_ndvi_v001.txt
ncols         273
nrows         192
xllcorner     12.62996031746
yllcorner     41.659722222222
cellsize      0.0009920634920635
NODATA_value  -9999
[rows 84 to 125 of 192, columns 95 to 189 of 273]
182 181 175 174 174 175 174 159 157 153 149 154 153 147 141 141 149 157 156 158 165 169 167 169 170 184 180 176 178 174 180 175 167 174 178 182 174 173 183 181 175 164 160 169 166 164 172 176 160 165 167 172 174 174 179 181 198 196 182 172 165 160 150 156 171 203 223 216 213 219 217 222 233 229 199 183 198 205 196 185 183 179 180 176 171 176 194 200 205 204 200 204 201 199 192
164 168 167 173 173 170 167 154 159 158 152 153 151 148 142 144 150 157 161 163 162 171 172 173 168 177 185 181 176 183 188 179 176 172 175 186 177 174 184 184 180 169 163 169 169 167 168 170 162 171 185 191 185 182 188 187 185 179 177 173 165 155 140 144 158 200 221 204 200 213 208 207 224 217 194 184 197 204 199 193 189 185 188 182 182 179 182 187 191 190 181 178 177 187 192
138 153 163 172 174 168 159 151 149 153 149 148 150 148 144 148 155 159 163 162 165 167 173 178 176 182 191 184 181 185 181 172 170 172 171 178 177 180 178 185 192 187 176 173 180 177 158 150 115 107 143 175 180 181 187 180 163 169 178 174 177 171 158 155 180 203 221 218 210 201 197 205 213 212 191 185 192 195 196 199 199 195 204 194 182 174 166 165 172 177 174 170 181 198 198
133 159 163 170 172 164 157 154 143 138 138 143 145 144 143 146 151 157 163 169 167 164 169 168 168 170 184 184 180 179 177 173 179 189 180 181 182 175 166 178 187 188 180 170 182 180 162 156 156 158 168 184 180 189 190 176 158 168 173 167 172 171 159 160 176 201 223 226 213 200 201 205 215 213 193 181 184 191 196 202 207 201 192 184 175 169 163 165 177 186 185 180 188 198 197
151 158 160 169 155 154 154 152 148 143 145 147 146 143 144 145 144 149 159 169 167 166 171 173 174 174 176 182 184 187 185 175 183 190 178 170 174 175 169 175 182 183 181 171 178 186 182 187 183 193 198 181 168 192 198 195 191 178 171 170 171 165 156 169 181 210 226 223 206 195 192 202 210 200 186 178 188 195 197 201 205 199 188 173 163 169 177 182 198 207 210 205 196 190 190
162 159 161 162 159 146 153 155 159 158 152 147 147 145 146 149 151 151 151 149 159 158 160 162 165 174 181 186 187 190 183 169 170 171 167 172 171 171 171 171 175 179 170 169 182 179 189 189 177 164 165 160 163 180 186 187 182 180 175 170 167 160 151 167 180 211 223 219 201 188 179 184 183 179 182 181 187 196 195 194 192 194 183 173 171 188 201 211 215 215 215 209 203 197 195
143 161 158 153 152 145 151 151 162 159 155 150 146 148 149 151 152 153 151 144 138 149 161 164 163 168 168 170 171 171 167 159 169 173 172 171 168 170 169 169 171 167 158 162 176 192 198 190 182 165 159 159 156 161 167 166 175 183 178 168 166 166 164 172 175 194 211 212 204 193 188 187 179 171 181 183 186 193 189 188 187 182 189 199 201 203 209 214 219 220 218 217 212 209 205
147 149 154 158 152 143 147 155 157 159 158 155 154 151 148 141 140 146 150 153 153 151 149 155 161 165 165 168 164 161 163 165 167 179 178 166 162 162 169 171 171 163 160 176 195 195 183 179 171 163 163 166 157 149 150 161 174 175 170 179 171 184 190 191 183 180 191 194 193 190 188 192 188 179 175 185 194 193 187 181 180 181 186 189 195 202 212 217 217 216 217 217 215 215 212
151 158 164 154 155 155 152 155 150 149 151 153 151 156 155 147 143 146 142 139 148 153 152 157 160 168 169 160 160 159 167 169 172 179 173 170 175 177 170 164 162 164 158 167 176 183 183 171 163 164 171 166 157 163 170 170 171 171 174 180 189 199 204 201 185 174 175 181 177 177 184 203 189 175 178 185 190 186 181 179 180 183 182 187 193 201 208 213 218 221 220 217 211 201 209
151 158 163 161 164 161 158 161 162 158 153 150 148 148 153 159 155 152 144 134 136 144 150 157 170 167 156 157 156 156 167 158 158 170 171 158 150 160 162 170 164 156 149 150 164 172 169 166 164 166 163 161 158 161 165 170 180 197 198 198 201 205 205 198 180 166 174 183 175 176 187 201 190 180 180 183 184 182 183 185 190 191 188 189 194 198 203 210 219 225 221 208 212 208 207
146 142 152 157 152 152 152 163 171 160 164 163 157 152 155 159 155 146 146 152 155 150 146 149 160 160 160 152 154 154 152 153 153 163 174 176 159 152 159 176 185 181 170 167 152 149 161 168 158 166 171 180 179 175 169 166 181 193 190 192 196 201 201 190 171 159 176 178 176 177 188 201 209 198 186 185 183 181 181 190 196 197 194 192 192 193 196 204 213 209 207 203 208 205 204
146 140 156 156 144 136 141 148 145 143 145 154 152 147 148 150 147 144 148 153 152 154 145 145 158 149 157 161 147 146 149 150 155 162 169 169 162 162 165 172 177 178 176 175 171 159 169 184 177 181 173 168 177 187 188 189 188 189 190 190 191 196 194 183 165 161 182 182 182 182 178 179 193 189 178 183 185 185 181 182 188 195 198 195 191 196 197 197 200 198 198 201 206 207 208
158 157 166 169 161 157 151 170 162 150 148 150 156 159 160 156 148 146 149 146 144 145 144 146 146 146 148 159 143 143 146 150 153 162 173 169 177 187 179 174 178 178 175 175 174 168 164 165 184 204 200 183 176 188 194 195 192 191 191 191 187 183 176 166 155 173 182 187 188 191 186 189 196 184 174 178 181 179 176 179 182 189 195 193 194 198 197 195 197 202 210 211 210 212 213
157 158 163 170 160 145 151 160 164 152 145 145 148 156 161 159 156 151 151 152 154 157 144 149 148 146 143 154 144 146 155 160 147 151 157 167 181 189 182 180 188 188 176 171 178 172 150 143 176 197 196 188 179 183 185 186 187 189 186 186 183 179 173 178 156 174 182 190 189 191 192 191 193 196 188 175 179 182 182 185 184 182 183 183 186 187 187 193 197 197 206 208 206 205 206
156 155 147 144 150 150 150 171 167 154 148 155 159 159 159 156 149 153 155 156 156 160 162 159 157 154 150 151 147 151 155 153 137 140 152 168 182 184 183 187 195 191 191 190 184 168 153 154 173 191 194 187 179 175 179 185 187 188 187 185 178 177 183 182 178 187 194 195 196 192 189 193 202 200 188 176 177 179 184 181 184 188 192 194 195 193 195 195 192 193 200 198 198 195 190
156 166 162 158 157 157 158 166 168 161 158 160 162 156 142 143 152 152 160 164 162 160 158 158 159 154 152 153 146 150 151 147 142 143 155 164 178 193 199 189 189 179 171 160 163 158 151 163 164 161 167 157 163 174 186 183 182 183 180 176 167 171 175 183 179 195 199 197 197 190 189 193 198 185 176 175 176 179 181 179 178 179 181 188 194 197 197 193 193 194 197 194 194 191 189
163 182 178 162 156 151 149 158 165 169 164 157 156 145 141 142 143 151 162 166 166 164 163 160 154 154 149 151 153 155 151 156 158 155 156 163 173 183 195 188 177 165 157 154 153 144 144 145 159 164 160 138 150 167 169 175 180 183 180 172 160 162 162 176 181 186 188 195 201 204 203 195 185 172 182 187 181 173 175 180 182 181 180 181 182 186 191 192 190 190 191 195 196 195 193
155 162 164 158 157 155 151 162 169 169 163 154 150 143 137 147 149 153 157 159 164 169 173 172 169 161 154 156 154 152 154 157 159 158 159 160 170 186 192 185 168 149 147 159 144 115 124 147 169 174 161 151 151 149 165 188 192 194 193 190 176 179 189 198 198 194 189 202 210 210 199 182 176 169 160 162 173 176 172 182 184 184 179 175 178 183 183 187 193 195 188 191 193 192 193
168 155 154 163 176 165 166 168 172 166 154 150 146 140 138 148 141 148 152 160 163 170 173 175 176 172 157 155 156 159 159 158 156 160 159 162 170 164 161 157 161 161 145 153 159 143 157 182 191 176 168 171 160 140 172 195 199 191 189 186 185 187 194 201 198 190 195 209 209 204 179 169 181 159 145 144 151 157 156 166 172 176 177 180 181 179 179 177 174 178 181 183 185 186 187
145 153 156 163 168 175 170 182 156 164 159 150 142 141 144 148 145 148 154 161 167 168 173 173 171 167 160 161 162 164 164 169 166 167 167 167 165 158 159 160 168 183 178 162 162 165 191 204 204 192 179 177 167 152 173 191 201 198 193 183 183 187 191 200 204 203 207 212 213 205 184 188 195 190 182 170 165 160 158 162 177 177 178 177 177 179 181 182 179 178 179 180 182 183 182
168 159 157 165 174 177 178 169 158 162 153 148 145 141 143 138 140 146 157 160 161 168 171 172 171 169 164 162 160 162 168 174 178 182 174 165 160 152 156 160 170 182 175 167 176 179 187 198 200 192 163 143 152 169 184 197 197 192 185 186 191 189 194 202 206 208 210 211 209 198 185 197 183 178 174 171 166 161 174 168 177 175 178 179 182 180 176 171 169 181 184 177 179 180 181
163 161 165 168 168 172 172 159 156 158 152 145 149 148 142 135 133 143 152 152 154 162 165 167 163 171 166 171 168 163 168 175 179 181 179 168 157 151 155 157 169 173 166 175 185 190 193 196 191 161 132 127 144 167 177 187 189 193 191 194 196 197 199 206 208 206 202 198 192 183 175 171 170 169 170 171 169 182 184 182 179 176 178 180 183 183 182 180 177 175 174 177 181 181 180
151 154 162 165 159 159 165 164 159 156 154 147 154 149 142 149 148 146 147 150 151 152 152 157 162 161 166 171 165 168 167 167 177 182 178 175 166 154 156 157 164 177 181 191 187 189 194 194 186 168 143 133 151 180 191 200 195 194 189 192 196 196 195 193 198 188 185 182 181 177 173 167 164 164 166 168 172 169 171 171 178 178 174 174 178 180 182 182 182 181 181 181 180 178 176
152 153 152 153 158 160 163 167 169 166 161 153 149 143 149 158 157 155 151 147 149 151 157 160 162 160 163 159 150 153 154 155 162 168 167 170 164 159 158 173 176 171 182 185 174 175 181 190 202 187 172 178 189 198 197 198 197 194 187 189 193 191 189 184 180 202 200 194 191 171 171 168 164 164 169 171 175 172 174 176 179 178 180 178 178 179 179 181 182 179 189 190 189 179 176
151 152 159 160 157 157 157 159 163 167 161 156 153 152 152 152 153 152 149 144 139 148 155 159 162 160 158 150 142 147 156 158 157 155 152 153 157 161 168 186 192 192 188 180 171 169 179 192 201 195 198 205 195 197 196 196 197 199 196 190 178 183 201 181 175 171 172 170 188 191 185 178 176 172 169 169 176 181 184 185 185 179 179 181 182 177 180 181 183 183 182 177 175 176 173
156 167 169 170 166 162 158 151 147 151 152 149 150 155 151 149 145 144 144 145 145 148 153 161 160 158 152 143 136 150 167 170 159 154 150 153 155 164 185 192 192 186 175 166 163 163 177 187 191 195 194 187 184 197 199 199 196 185 181 187 173 174 168 164 164 163 162 165 163 177 178 179 180 174 167 170 173 178 182 188 188 180 174 173 175 177 181 181 181 183 182 176 186 187 190
168 172 172 170 171 162 154 146 143 145 144 144 152 159 149 150 147 143 144 148 151 152 156 162 159 158 151 141 135 149 157 160 158 161 155 150 149 160 174 177 171 168 166 161 168 174 182 185 190 178 181 177 180 189 195 189 181 176 170 166 164 163 159 184 184 183 160 166 167 163 166 173 180 177 175 176 180 182 181 181 182 183 181 180 184 185 172 170 173 177 177 178 191 192 178
166 169 164 161 162 153 150 145 143 144 141 145 153 152 140 139 143 138 141 148 153 158 161 164 162 159 156 149 140 145 150 153 155 156 153 158 163 171 165 155 156 160 161 170 181 193 201 200 194 178 174 175 176 181 185 184 180 175 170 166 183 181 178 182 181 179 185 191 196 192 179 174 176 175 175 173 175 176 174 170 169 167 167 172 171 185 174 176 175 177 179 182 182 181 181
163 167 154 150 155 149 147 147 148 147 146 152 152 141 134 137 141 145 146 149 155 163 166 166 164 162 156 160 159 153 149 152 149 146 165 185 197 195 170 134 138 165 175 187 195 203 210 207 192 176 170 177 173 185 179 185 188 192 184 180 178 177 152 154 178 178 187 187 188 189 181 175 171 171 173 170 167 168 171 175 175 169 178 173 178 189 191 192 193 193 179 181 183 184 183
160 155 151 145 152 146 144 153 152 142 149 159 149 133 133 146 153 154 151 150 152 157 161 155 156 158 160 156 152 152 150 146 139 139 158 182 192 185 168 137 134 157 179 185 202 209 209 201 184 178 172 181 194 195 190 188 187 165 159 153 180 185 183 181 180 181 181 167 167 177 176 172 169 169 169 178 182 179 173 180 182 183 183 181 167 171 173 171 185 184 187 190 192 192 179
155 154 151 143 148 152 145 155 151 142 141 149 159 153 143 152 159 159 152 152 153 156 155 152 150 154 158 160 161 155 145 142 138 144 150 153 164 163 145 119 106 119 146 171 185 194 194 188 176 183 187 194 196 193 187 174 172 164 175 170 151 179 183 185 182 178 175 167 168 174 175 175 172 173 176 177 177 175 172 171 171 174 180 182 181 180 179 181 182 180 178 177 180 180 180
150 154 153 146 150 151 146 155 153 149 137 146 160 168 159 150 153 158 161 158 152 153 159 162 158 156 156 165 170 165 158 151 151 150 152 163 169 156 124 103 95 115 138 156 162 169 172 175 182 188 190 193 190 184 175 168 163 171 177 168 165 173 179 181 177 170 168 163 167 168 173 176 176 174 173 174 177 179 179 176 179 178 180 180 179 193 193 189 175 180 182 183 184 187 188
150 153 155 151 153 153 153 154 158 152 142 150 161 170 166 160 161 167 167 162 158 152 149 160 168 164 162 173 175 171 162 161 161 161 160 166 183 185 172 145 122 111 121 151 169 166 170 179 184 188 187 184 182 181 175 168 162 165 168 162 157 161 159 159 166 166 162 160 162 166 164 167 163 164 161 157 159 166 176 174 175 177 178 177 175 185 184 184 184 183 172 179 181 181 180
152 151 153 155 160 160 157 154 160 155 154 158 162 165 162 169 176 172 170 169 174 169 167 170 167 167 171 170 175 172 167 156 161 177 181 179 181 173 164 157 152 138 137 159 166 168 179 184 186 188 185 176 175 171 169 171 164 154 149 147 158 161 149 152 151 152 163 167 170 169 165 165 166 166 162 158 157 159 172 185 184 181 177 175 175 175 170 171 176 180 192 184 191 195 197
154 153 150 155 162 167 164 163 165 167 170 170 175 169 165 167 167 166 167 167 170 173 167 167 172 168 167 171 182 178 159 147 155 172 169 164 155 133 132 149 167 163 157 171 170 173 182 187 188 188 185 180 174 170 167 164 166 161 157 154 153 156 154 151 152 162 168 172 172 169 165 165 166 164 160 157 155 160 173 184 183 182 185 186 182 177 173 173 174 177 181 184 188 196 200
160 159 154 155 158 167 164 163 170 171 171 180 177 166 155 165 158 165 172 173 173 170 163 162 166 168 174 182 186 183 178 167 157 155 169 172 166 158 151 163 170 160 161 164 168 176 182 184 187 186 182 185 176 173 168 163 161 160 160 163 165 166 150 151 152 159 167 181 175 170 165 165 169 168 159 153 154 165 178 185 189 193 195 188 181 184 178 174 173 174 168 174 179 187 193
169 167 163 158 158 164 162 155 163 158 155 161 162 156 155 160 162 171 168 170 168 163 163 160 161 164 172 173 186 192 189 187 177 168 157 161 170 168 166 165 163 167 168 168 174 178 176 179 180 187 185 182 180 182 176 166 154 157 158 162 164 165 160 152 149 157 171 183 185 180 172 167 167 170 165 156 161 171 179 187 194 195 193 183 176 183 177 172 163 166 173 179 176 179 182
168 169 171 165 158 163 159 162 159 160 164 161 156 168 160 158 160 173 171 170 167 162 154 156 171 180 176 177 181 184 185 186 185 182 173 171 175 158 156 161 186 185 186 182 178 179 179 179 188 179 176 168 174 176 176 169 162 163 168 165 160 158 159 158 156 157 164 182 192 184 180 170 161 165 163 165 173 183 184 175 184 191 193 192 189 179 166 160 160 166 161 170 184 198 203
151 144 149 163 167 169 165 171 178 174 172 177 188 193 182 181 193 189 175 169 177 172 168 168 165 165 181 179 178 174 174 176 180 187 190 181 172 161 167 169 178 182 180 178 182 183 188 188 179 185 182 177 171 167 163 153 156 158 160 160 158 156 158 171 170 160 158 172 175 184 184 178 173 175 176 176 180 190 196 190 190 198 201 201 202 197 180 171 163 152 146 161 185 202 198
139 137 156 174 172 168 173 181 185 183 181 178 173 187 194 180 180 193 197 180 172 176 181 183 176 170 169 170 171 164 161 169 180 182 178 165 164 168 158 160 163 171 177 181 185 184 179 178 178 175 171 169 166 155 158 161 160 158 158 157 158 159 165 176 175 164 155 160 172 190 188 188 186 188 188 180 174 183 199 204 203 206 204 199 201 198 185 173 169 167 163 169 174 184 185
151 156 172 171 165 164 167 176 181 188 173 157 152 186 196 177 147 153 167 175 181 192 197 185 173 173 173 167 162 170 181 176 172 173 175 177 178 180 178 173 167 156 155 163 175 176 169 154 166 167 161 153 154 155 154 158 160 160 160 161 164 169 174 179 173 163 155 157 160 182 198 201 193 186 184 179 175 181 188 199 198 198 195 190 198 199 194 185 176 170 167 168 163 169 169
169 160 160 166 164 169 156 155 168 184 162 146 151 152 139 129 114 109 128 160 177 187 190 177 159 166 174 169 168 158 153 157 172 176 184 186 185 185 186 186 180 177 170 164 164 170 164 155 157 161 157 151 154 156 157 155 151 157 163 165 167 172 175 179 183 176 172 169 168 168 192 198 192 186 186 184 189 191 189 186 182 176 182 185 189 192 189 186 178 174 174 174 169 166 151
