examples/data/proba_v_out_italy/probav_s5_toc_x19y03_20140906_100m_ndvi_v001.txt
ncols         273
nrows         192
xllcorner     12.62996031746
yllcorner     41.659722222222
cellsize      0.0009920634920635
NODATA_value  -9999
[rows 126 to 167 of 192, columns 95 to 189 of 273]
184 190 196 204 200 207 187 159 171 203 215 192 167 153 162 189 199 198 193 197 208 215 222 238 249 250 250 226 207 179 204 250 250 248 244 237 232 224 222 231 230 232 236 223 170 82 54 40 31 29 10 0 14 37 38 40 83 155 195 179 154 143 118 82 52 39 43 53 54 51 44 43 53 63 57 52 55 49 44 41 33 35 41 51 60 62 56 41 34 34 34 41 42 43 45
203 212 194 196 201 197 197 182 189 189 193 185 168 169 165 173 195 201 185 194 207 212 215 240 246 248 229 202 192 189 232 250 250 249 241 237 232 229 220 221 230 233 233 201 117 60 47 43 38 36 38 34 29 32 40 54 95 142 157 125 97 88 75 64 51 39 34 42 53 52 44 46 56 74 97 94 60 43 42 66 94 73 57 53 53 44 33 32 29 27 27 32 38 53 88
236 242 228 226 219 190 175 173 167 176 179 179 165 150 140 152 194 213 205 208 216 213 222 243 250 245 220 193 194 229 250 250 243 239 240 236 231 225 222 217 225 231 197 115 66 45 40 38 34 30 26 24 27 29 33 39 55 85 102 80 63 65 59 46 41 36 33 41 65 62 47 42 45 52 81 116 85 57 72 91 104 87 57 38 35 33 31 28 27 26 25 26 29 41 49
250 246 234 227 220 216 200 185 193 197 145 141 161 170 165 174 197 201 201 210 218 221 230 245 250 245 233 219 229 250 250 249 236 233 239 234 221 223 235 214 205 225 144 61 38 37 39 37 34 32 29 32 18 16 26 25 36 54 62 69 63 80 82 49 42 36 37 49 80 86 60 45 43 45 50 52 52 64 130 112 81 64 53 41 35 28 24 26 28 26 26 27 29 29 34
250 250 250 229 214 209 204 202 213 204 181 183 201 208 206 207 206 195 196 212 225 233 242 250 250 248 245 247 248 250 250 245 231 222 219 226 219 215 195 166 157 183 139 67 36 30 35 36 22 30 22 0 0 0 0 24 35 45 50 56 69 120 152 103 65 40 39 58 110 137 101 66 56 53 48 46 50 70 139 163 120 60 46 36 34 31 28 25 24 18 19 29 26 24 27
250 250 250 238 221 211 210 210 209 203 198 199 203 206 207 208 210 207 208 217 217 210 207 222 248 249 249 248 250 250 247 221 220 210 207 211 210 203 153 126 122 131 127 75 47 39 43 36 0 2 34 17 32 29 27 37 32 55 56 58 81 135 136 82 55 44 45 65 120 157 134 119 90 61 48 52 73 121 166 140 95 66 42 32 9 0 0 38 51 2 0 0 21 2 18
250 250 250 250 244 232 223 215 211 209 205 200 196 199 209 224 227 219 206 205 209 209 207 220 248 250 240 207 195 216 244 215 196 202 196 192 200 196 154 138 160 172 138 85 57 47 42 32 5 23 44 42 46 45 42 39 40 55 46 45 55 68 67 54 54 66 87 136 170 155 130 112 91 61 48 58 94 148 152 77 45 32 29 26 4 0 7 43 79 42 20 44 36 0 3
250 250 250 250 250 247 233 216 204 204 205 202 198 196 207 221 233 225 194 181 192 203 211 219 233 236 231 202 163 159 128 103 97 125 166 190 187 174 172 177 192 208 185 129 80 66 59 58 55 44 40 35 35 39 52 56 53 46 39 35 33 36 51 81 119 146 153 141 164 184 134 89 71 65 61 72 109 189 151 67 38 28 32 15 11 8 0 6 33 37 23 63 54 11 0
250 250 250 250 250 250 250 239 225 211 201 197 196 197 203 221 242 237 217 209 203 213 223 225 230 233 250 178 104 79 60 39 42 63 87 96 119 90 97 165 212 207 197 191 147 108 146 134 88 55 45 43 45 47 51 62 64 56 52 40 27 36 78 128 116 99 86 71 82 136 127 99 81 69 64 74 109 178 190 76 39 32 30 22 22 27 0 14 31 17 0 32 37 34 33
250 250 250 250 250 250 250 242 225 204 186 172 184 198 207 226 244 235 226 229 213 215 224 232 240 247 233 112 56 40 33 34 31 0 3 43 58 46 49 83 135 156 184 229 211 192 215 198 120 69 56 62 81 78 71 75 78 72 70 52 41 55 92 80 76 72 58 56 78 122 113 87 69 68 70 70 99 154 170 100 56 44 38 42 38 34 30 28 26 28 25 24 26 30 28
250 250 250 250 250 250 250 250 237 215 195 178 196 211 225 241 250 250 247 233 208 207 227 232 233 238 218 127 53 32 33 24 16 0 24 38 35 30 34 37 52 67 96 183 211 173 167 171 136 93 106 117 108 125 130 114 106 126 197 156 103 97 104 86 62 52 47 53 89 114 91 68 62 73 66 57 65 105 156 129 95 65 51 40 29 28 29 31 31 32 30 29 33 33 36
250 250 250 250 250 250 250 250 250 235 228 231 248 250 250 250 250 250 249 242 218 215 250 250 233 211 165 92 48 35 36 14 21 43 39 35 32 0 0 32 41 50 59 84 139 129 106 129 176 161 135 138 126 125 141 139 122 129 168 168 136 109 106 77 61 55 46 59 104 77 47 56 60 51 43 46 50 53 96 199 178 78 52 41 34 30 29 36 33 27 27 28 31 30 30
250 250 250 250 250 250 250 250 250 246 244 245 246 250 250 250 250 250 247 245 246 244 250 250 236 187 114 53 31 25 34 44 40 41 43 47 35 2 0 7 35 35 35 39 63 134 172 201 233 185 150 148 127 103 106 125 137 124 121 140 165 144 99 74 55 50 64 108 125 74 52 45 30 31 27 23 24 35 93 139 131 88 39 28 28 29 25 27 22 21 24 27 28 24 23
250 250 250 250 250 250 250 250 250 250 250 250 250 250 250 250 250 250 249 246 245 246 249 236 210 176 85 38 27 0 0 7 34 32 38 53 47 37 26 24 35 32 31 33 46 81 151 189 218 185 151 160 148 102 99 120 135 128 148 161 165 135 99 114 129 115 106 133 147 151 94 52 36 37 31 28 26 33 90 106 104 74 42 29 27 26 14 7 19 26 27 30 26 23 24
250 250 250 250 250 250 250 250 250 250 250 250 250 250 250 250 250 250 250 250 248 244 237 212 188 161 78 40 20 0 8 11 17 28 42 51 48 40 41 40 39 38 36 43 56 71 108 137 181 179 145 141 152 149 151 150 131 131 150 131 121 133 152 148 123 117 130 164 176 129 119 66 49 40 26 26 31 43 93 93 69 54 40 19 13 21 22 23 27 25 29 34 30 34 17
250 250 250 250 250 250 250 250 250 250 250 250 250 250 250 250 250 250 250 250 249 238 226 207 191 154 89 41 35 52 64 9 0 0 36 36 35 31 46 73 70 55 48 57 83 82 113 169 193 175 136 140 165 177 169 161 165 162 142 118 113 121 117 108 99 106 113 134 192 235 165 82 67 47 8 0 26 38 54 71 62 35 26 21 18 23 24 26 37 30 24 35 38 27 21
250 250 250 250 250 250 250 250 250 250 250 250 250 250 250 250 250 250 250 250 248 239 225 203 180 156 103 52 44 53 54 18 1 15 44 15 0 24 49 81 79 68 66 83 131 174 171 194 198 168 142 146 153 155 150 146 146 126 101 85 90 100 95 97 84 67 56 46 62 95 104 76 60 35 21 0 0 35 51 47 41 34 26 24 20 26 34 28 31 26 17 16 26 32 34
250 250 250 250 250 250 250 250 250 250 250 250 250 250 250 250 250 250 250 250 248 242 230 208 186 166 132 89 55 45 43 42 40 40 37 20 7 35 62 72 58 53 56 54 95 174 170 168 172 166 164 170 171 159 149 144 140 126 105 87 92 76 58 59 55 41 34 35 39 46 75 55 38 23 0 0 2 48 53 42 30 29 30 27 26 32 27 22 23 24 22 24 26 26 30
250 250 250 250 250 250 250 250 250 250 250 250 250 250 250 250 250 250 250 250 248 241 231 214 195 184 172 160 152 129 87 66 56 51 43 41 38 37 41 44 42 40 42 49 78 147 171 150 149 164 176 185 185 175 155 141 138 127 118 121 109 63 41 34 34 35 36 37 37 43 66 44 30 30 35 38 38 35 40 43 31 23 26 25 21 24 25 28 30 34 15 0 0 16 25
250 250 250 250 250 250 250 250 250 250 250 248 247 247 248 250 250 250 250 250 249 242 230 215 203 193 184 177 170 165 148 112 75 52 42 39 38 40 39 37 35 32 34 42 65 127 141 130 133 153 167 183 193 198 179 142 112 92 85 81 77 52 34 31 36 42 44 43 50 65 78 63 40 41 44 38 31 33 35 36 38 41 33 28 30 36 31 25 26 26 25 14 11 20 27
250 249 248 249 250 250 250 250 250 249 247 247 247 249 250 250 249 249 248 247 245 240 232 219 208 197 182 178 182 186 181 124 62 44 42 45 47 46 45 43 38 33 37 49 75 114 124 152 156 158 165 184 195 186 160 131 106 91 77 57 40 40 40 36 45 56 56 55 64 82 86 70 59 67 59 42 33 34 24 7 16 35 35 29 18 23 26 27 31 28 27 35 38 29 24
248 247 247 248 249 249 250 249 248 249 249 248 249 250 250 250 250 246 242 243 244 233 213 199 193 180 167 175 196 198 201 144 72 45 45 51 55 54 50 48 48 46 53 81 107 119 130 153 156 166 160 196 177 118 102 99 83 70 59 38 29 32 40 51 57 55 55 54 60 72 75 79 83 74 54 41 35 38 11 0 0 38 60 31 21 24 27 21 20 25 26 25 0 10 33
247 247 248 249 249 249 248 248 248 249 250 250 250 250 250 250 250 245 241 241 245 235 214 184 156 153 156 162 176 180 177 128 70 42 42 69 81 66 60 73 79 86 110 151 143 137 145 122 124 151 122 103 99 81 75 87 68 44 37 36 30 34 40 44 48 46 50 52 52 56 66 64 51 50 51 48 42 34 29 26 43 61 61 47 34 27 22 29 30 40 0 0 11 24 32
249 248 249 250 250 249 248 249 248 248 250 250 250 250 250 250 250 245 244 244 240 233 237 209 169 158 153 143 131 116 89 73 72 62 56 84 132 109 91 95 109 111 120 126 138 156 154 110 109 105 77 64 75 72 75 79 70 53 41 42 42 41 44 53 52 46 49 54 51 50 58 54 37 34 34 34 37 39 43 41 32 35 48 55 43 21 0 0 48 54 18 0 0 16 40
250 250 250 250 250 250 250 250 250 250 250 250 250 250 249 249 249 243 246 234 200 186 216 208 198 196 178 138 96 75 65 60 75 115 112 111 138 145 146 102 84 96 109 114 144 147 114 90 92 57 54 51 52 58 72 80 79 76 60 47 32 36 39 43 40 33 31 36 37 29 32 32 32 30 29 27 30 34 34 37 36 40 60 91 53 0 14 7 23 30 18 0 5 27 47
250 250 250 250 250 250 250 250 250 250 250 250 250 248 246 248 250 244 222 198 162 167 214 219 216 196 175 134 87 69 70 76 95 137 101 78 105 159 147 96 81 92 106 112 137 145 114 79 60 40 31 33 40 52 53 48 44 44 47 43 33 35 32 28 34 30 25 20 23 26 24 20 27 32 32 31 27 29 32 34 36 52 78 74 59 49 47 32 33 28 12 42 41 42 27
250 250 250 250 250 250 250 250 250 250 250 250 250 250 247 249 246 217 179 162 154 186 223 226 216 175 139 131 108 79 68 78 117 151 117 94 108 121 93 67 69 68 50 42 58 114 164 121 74 49 34 36 38 43 43 41 39 34 33 31 24 23 21 26 30 27 25 25 24 25 29 28 29 27 23 25 30 33 32 32 34 40 42 35 34 36 36 36 33 32 42 16 0 0 0
250 250 250 250 250 250 250 250 250 250 250 250 250 250 249 241 200 167 161 156 155 198 226 230 211 176 142 136 148 127 114 145 169 167 160 152 151 133 102 77 61 45 30 28 38 79 164 158 97 62 40 32 33 37 41 37 31 32 31 19 0 0 25 32 28 25 34 40 26 23 29 28 26 31 39 38 37 36 35 37 38 40 39 39 45 45 29 29 40 31 9 1 5 21 9
249 249 250 250 250 250 250 250 250 250 250 250 250 242 229 232 207 171 156 159 162 190 219 218 168 149 144 143 160 147 127 141 160 154 174 198 186 165 156 115 59 35 31 34 41 67 112 108 86 59 41 34 35 39 48 36 0 0 0 0 20 27 34 37 38 30 0 20 21 0 0 0 12 28 29 38 48 44 43 46 47 49 48 14 0 8 28 36 39 20 0 33 42 45 49
250 250 250 250 250 250 250 250 250 250 250 250 244 222 158 184 239 218 175 167 175 196 210 196 168 159 153 148 158 149 132 157 174 164 179 191 175 173 175 116 54 35 30 35 45 62 87 95 74 51 38 37 44 56 60 44 24 6 0 4 33 42 38 37 35 27 7 28 55 21 0 8 23 34 31 39 59 61 58 64 59 49 48 42 27 25 46 44 39 40 49 55 69 75 50
234 234 246 245 234 250 250 250 250 250 244 218 198 207 208 163 208 214 185 187 212 215 182 157 164 158 156 162 177 182 167 173 179 172 173 174 165 158 168 146 90 58 42 44 49 48 52 73 70 54 41 36 40 48 47 39 39 46 55 42 33 35 36 32 33 37 39 33 30 31 30 40 32 28 29 35 41 40 34 39 48 47 42 44 64 72 57 51 53 58 87 132 117 72 51
191 183 195 193 178 230 250 250 250 250 246 236 225 241 235 182 200 197 192 211 221 194 168 148 163 169 166 187 206 185 173 178 177 169 156 164 171 161 169 197 178 123 81 54 49 44 54 105 105 75 49 37 39 47 41 36 34 39 51 42 45 39 28 26 25 20 22 28 29 25 25 19 14 23 30 23 23 29 32 36 43 37 34 40 56 78 73 58 72 108 131 142 123 61 36
181 178 177 199 226 235 238 250 244 237 228 228 233 241 238 218 203 197 205 199 200 202 198 175 185 194 191 200 205 176 172 178 156 146 147 168 176 163 163 190 197 173 124 84 67 58 59 92 137 101 64 48 47 57 53 47 47 47 49 39 34 37 35 28 24 25 22 18 19 21 23 25 19 24 36 27 21 24 28 29 31 33 30 36 39 49 80 72 63 85 129 156 133 67 35
160 158 169 181 209 232 220 217 219 190 153 177 221 220 219 224 216 189 169 164 194 207 194 166 166 193 188 197 201 180 173 180 173 134 121 153 166 162 171 185 188 181 164 135 118 106 92 110 115 86 65 57 63 70 63 45 33 33 37 35 30 35 44 38 26 26 27 19 20 20 22 20 20 24 24 29 32 33 34 29 26 30 32 39 38 44 83 123 90 105 141 164 163 113 55
145 136 157 182 201 234 218 191 194 189 186 213 226 204 190 210 229 209 186 184 181 194 207 208 210 209 194 191 189 192 198 185 190 176 154 160 174 170 179 188 190 183 164 148 182 180 122 95 77 61 59 71 88 93 75 52 32 26 30 29 24 19 17 28 28 27 26 24 29 24 25 22 18 27 20 9 17 27 33 28 2 13 35 35 38 53 91 132 130 156 155 152 153 112 54
207 191 181 204 231 241 233 215 196 202 219 228 202 178 174 189 212 223 201 188 188 190 190 193 208 206 198 203 194 147 153 187 191 159 119 138 167 157 161 187 198 184 160 152 175 167 128 104 109 105 101 96 97 102 87 61 34 25 28 34 27 21 24 31 31 25 23 29 31 28 24 25 26 10 5 0 0 7 29 38 44 39 36 31 31 50 107 132 143 150 150 152 151 149 103
204 204 201 201 222 241 226 194 182 209 234 216 174 161 157 172 204 230 217 195 182 179 174 185 201 193 183 179 164 145 156 172 176 161 132 152 162 171 189 212 210 196 179 170 175 170 149 136 140 142 127 110 84 78 79 65 45 34 31 29 27 26 27 23 28 22 1 22 31 27 25 29 27 17 27 46 38 36 10 2 26 42 39 39 38 47 124 134 157 143 137 147 145 133 128
202 201 208 213 218 227 205 182 197 226 232 198 162 158 165 174 182 210 232 213 175 175 164 165 186 187 149 165 179 172 173 176 180 183 180 180 177 182 170 171 197 198 189 161 159 167 149 134 134 121 104 106 89 66 68 73 56 36 31 30 28 28 34 26 1 14 48 37 0 19 16 13 22 26 27 0 5 31 0 0 9 37 35 40 62 113 165 164 163 138 135 146 153 156 146
202 192 190 208 224 217 194 188 222 246 233 201 168 166 183 184 178 192 223 234 214 189 172 176 186 192 183 198 212 193 183 181 178 179 172 170 177 176 166 151 170 198 202 172 163 160 147 138 144 146 143 113 84 66 76 82 62 43 32 36 37 33 28 47 37 1 31 77 41 7 0 0 13 33 28 53 9 0 0 17 29 26 31 36 54 116 147 165 161 146 143 157 173 178 157
202 210 204 196 218 229 207 195 230 247 235 209 187 189 200 198 182 183 212 235 220 190 178 184 174 171 171 179 200 180 167 167 173 184 189 190 190 183 168 160 170 190 202 185 162 154 160 155 160 165 144 96 73 71 77 83 59 41 3 0 37 41 0 30 78 39 9 20 8 0 9 0 0 13 38 63 6 0 0 4 40 27 30 31 51 116 155 174 157 142 139 148 176 200 183
199 209 201 209 229 220 192 188 222 240 236 213 205 209 201 193 189 195 212 222 208 182 173 187 193 172 170 187 194 184 174 164 171 182 187 198 198 186 175 171 170 165 179 175 152 149 173 162 168 156 114 88 79 79 80 81 61 39 32 28 45 54 56 51 53 48 33 6 46 60 75 67 28 54 51 51 25 0 0 5 44 16 0 23 50 116 182 172 136 128 128 133 155 181 167
184 195 207 220 220 198 177 184 213 236 237 217 209 216 210 200 200 212 217 216 220 222 211 205 204 184 170 199 206 185 169 157 156 168 184 196 198 185 171 174 184 188 197 174 159 179 185 160 147 123 96 78 69 72 81 96 91 60 46 43 54 71 76 70 45 36 41 53 52 28 65 66 69 72 41 35 3 0 0 0 30 45 36 53 65 127 187 167 142 139 135 132 140 152 150
