examples/data/proba_v_italy_sicily/probav_s10_toc_x19y03_20140611_333m_ndvi_v001.txt
ncols         1127
nrows         589
xllcorner     12.348214285714
yllcorner     36.598214285714
cellsize      0.0029761904761905
NODATA_value  -9999
[rows 294 to 342 of 589, columns 192 to 287 of 1127]
24 26 22 26 23 23 22 23 23 23 23 23 24 24 23 23 23 24 24 25 26 23 23 23 22 22 22 22 23 24 24 24 23 23 28 27 23 24 29 29 23 23 28 27 27 27 27 23 22 23 23 27 27 27 27 23 23 24 24 23 24 24 24 24 28 27 25 28 28 29 28 28 28 27 28 28 28 27 27 26 24 24 24 23 24 28 31 32 24 21 26 114 145 147 146 134
23 24 24 23 22 22 23 23 23 22 23 23 24 24 22 24 24 23 26 26 24 23 24 23 24 24 23 24 23 23 27 22 23 22 22 22 28 23 23 22 23 23 23 22 23 27 27 24 27 27 27 22 27 27 27 27 24 24 24 24 24 24 24 27 28 27 28 28 28 28 28 28 28 28 28 28 28 29 28 27 28 24 24 28 28 29 30 30 32 33 21 67 141 162 163 162
23 26 23 23 22 23 23 23 23 23 24 23 23 24 24 23 23 24 26 26 24 24 24 22 22 23 24 24 22 22 23 28 28 23 27 27 23 22 24 23 23 28 23 27 27 24 24 24 27 23 27 22 23 27 28 22 24 23 23 23 22 24 24 28 28 29 28 28 27 27 27 28 28 28 29 28 28 29 28 28 27 28 24 28 24 29 30 29 31 33 29 24 121 135 161 162
24 26 22 23 26 22 22 22 23 24 23 23 23 24 23 24 23 26 26 26 23 24 23 24 23 23 24 23 22 28 22 27 23 23 23 22 27 27 23 23 23 22 23 24 27 27 24 22 22 23 24 29 27 22 27 27 27 23 23 23 23 23 28 28 28 28 28 27 27 28 27 28 28 29 28 28 28 28 28 27 27 27 27 28 28 27 27 28 29 29 30 19 67 135 169 155
24 23 26 23 23 23 23 23 24 23 23 24 24 24 24 24 24 26 25 24 24 24 27 22 23 23 24 22 23 23 22 27 23 27 24 27 27 27 27 27 27 27 27 27 27 23 23 27 22 22 24 27 27 27 27 27 23 22 23 22 23 24 24 27 26 27 28 28 27 27 27 24 28 28 28 27 28 28 28 28 28 28 28 28 28 28 28 28 28 28 28 28 30 105 133 117
27 27 24 24 23 23 24 23 23 23 24 23 23 24 24 24 24 26 25 27 22 24 23 23 23 24 28 24 23 27 27 22 23 23 23 28 27 22 27 27 27 27 27 27 27 27 28 27 22 27 23 23 27 27 22 27 27 27 22 24 23 24 24 28 26 24 28 28 28 28 27 27 27 28 28 28 27 28 28 28 28 23 27 28 28 27 27 28 29 29 30 28 26 19 19 18
23 22 26 23 23 26 26 23 23 23 24 24 23 24 28 24 26 26 27 24 23 23 23 23 24 23 22 27 23 24 24 24 23 23 22 27 23 23 27 27 27 27 24 23 27 29 29 27 27 28 27 22 27 27 22 22 28 28 23 23 27 23 24 28 28 27 28 28 28 28 27 27 27 28 28 28 28 28 27 26 27 27 24 28 27 28 28 28 28 28 29 29 28 29 28 29
28 23 27 24 26 26 23 24 23 26 23 24 24 24 23 23 27 27 24 23 22 23 23 24 24 24 23 27 24 22 23 23 22 23 22 27 27 28 27 27 27 27 27 27 27 27 27 27 27 27 27 23 27 22 27 27 27 27 23 22 27 23 27 28 28 24 27 27 27 27 28 28 28 28 28 28 28 27 27 27 27 28 27 28 28 28 28 28 27 28 28 28 28 29 30 29
22 22 24 24 24 23 23 23 26 24 27 24 24 24 23 27 26 26 24 23 23 26 23 23 24 24 24 24 24 27 23 24 23 27 27 27 27 27 29 27 24 27 27 27 27 27 27 27 27 24 28 27 27 27 22 22 27 23 24 23 27 27 27 27 27 24 28 28 27 28 27 26 27 28 27 26 28 28 27 27 28 28 28 29 28 27 27 27 27 28 27 28 28 28 29 28
27 23 26 26 26 24 24 23 27 24 23 23 24 23 24 27 27 26 23 24 24 24 24 24 28 24 23 23 27 27 27 27 24 24 26 24 24 24 23 26 27 24 27 27 27 23 27 27 27 27 24 27 28 27 22 27 27 23 23 27 24 24 27 27 28 28 29 29 27 27 24 27 27 27 26 23 26 28 28 28 28 27 27 27 27 26 27 26 27 28 28 27 28 28 27 27
26 26 26 23 23 23 27 27 25 24 23 23 24 23 23 26 26 22 22 24 24 24 24 24 24 28 27 24 24 24 24 24 23 24 27 28 24 23 27 23 27 27 27 27 27 27 27 27 27 27 28 28 28 28 27 28 28 23 23 28 27 27 27 27 28 28 28 28 28 27 28 28 27 28 27 27 26 26 28 27 28 27 27 26 26 27 27 27 27 27 27 27 27 27 28 28
24 26 27 26 23 23 24 26 27 27 26 24 24 24 26 26 25 23 27 27 24 25 27 24 24 27 27 24 24 24 23 27 24 24 24 28 27 23 27 27 27 27 27 27 27 27 27 27 27 27 28 27 27 26 27 28 27 22 22 27 27 28 27 27 27 27 27 28 28 28 27 27 28 27 27 27 27 27 27 28 28 28 23 27 26 26 26 27 27 27 27 27 27 29 29 28
26 26 26 27 26 24 24 26 24 24 24 24 26 26 26 27 23 23 26 24 24 24 24 24 24 24 27 28 24 24 24 27 24 26 27 27 24 27 27 28 24 27 27 24 27 27 27 27 27 28 24 24 28 27 27 27 23 23 27 27 28 26 27 27 27 27 27 26 28 28 28 27 26 27 27 28 26 28 28 28 27 28 26 25 27 27 28 27 27 27 27 27 27 27 26 27
26 26 24 24 27 26 24 26 24 24 24 26 26 26 27 28 27 27 26 24 24 24 24 24 24 24 27 28 27 28 28 24 24 27 27 27 27 27 27 24 24 24 27 27 27 28 28 28 27 27 24 29 28 27 27 28 22 21 27 27 27 27 27 27 28 26 27 27 26 27 28 28 27 27 28 28 27 28 28 28 27 28 28 28 27 28 27 27 26 27 27 27 27 26 26 26
27 27 27 26 27 26 24 26 25 26 24 24 27 26 26 27 26 26 24 24 26 24 27 26 26 27 27 26 24 24 24 27 26 24 27 28 27 27 27 24 27 26 27 27 26 27 27 27 27 24 25 29 28 28 28 27 23 22 27 27 27 28 27 27 27 27 27 27 28 27 28 28 27 27 27 26 26 27 28 28 28 27 28 27 27 28 26 26 26 27 27 27 26 26 26 26
24 26 26 26 26 27 26 26 26 26 26 24 24 26 26 26 26 27 28 24 26 24 24 27 24 24 27 27 26 27 28 24 24 27 27 27 27 28 27 28 28 28 24 27 27 27 28 27 27 27 27 28 27 27 23 23 23 28 28 28 27 27 27 27 27 27 27 27 28 28 28 27 28 28 28 27 27 28 27 27 28 27 23 26 26 27 27 26 27 26 27 27 27 27 26 26
26 27 26 26 27 27 26 26 24 24 26 26 26 25 25 26 26 28 28 27 28 27 27 28 27 26 24 27 24 24 27 27 27 27 26 27 23 27 27 23 23 27 27 26 27 24 23 28 28 28 28 28 23 27 27 23 23 27 27 28 28 27 27 27 26 24 27 27 27 27 28 27 27 27 28 28 28 28 28 27 28 27 27 23 23 23 27 27 27 27 27 25 26 27 26 27
26 26 27 24 28 26 27 26 26 24 27 27 26 26 27 24 24 27 27 26 24 27 27 27 28 27 27 24 27 24 24 27 27 27 26 27 23 27 28 26 24 27 27 28 28 28 27 24 28 28 27 29 29 27 27 23 23 27 27 28 27 27 27 27 27 27 27 27 27 27 28 28 28 27 27 28 27 27 27 27 28 27 27 27 28 28 26 27 27 26 26 26 26 26 26 28
24 26 24 24 27 26 26 26 24 24 24 24 27 28 26 26 26 27 27 27 27 28 28 28 27 28 27 26 27 27 24 27 27 27 26 27 28 24 28 26 23 23 26 24 27 27 25 25 27 28 27 28 28 27 24 23 27 28 28 28 27 27 27 28 27 27 27 27 27 28 28 28 28 28 27 28 28 28 28 27 23 27 27 27 27 28 28 27 27 27 27 27 27 27 23 26
26 26 26 26 26 26 26 26 26 24 26 26 27 26 27 26 24 26 27 27 27 24 24 28 26 26 26 26 26 27 27 27 27 27 26 27 27 27 27 23 24 26 26 27 27 27 28 27 23 24 27 27 27 27 23 23 27 28 28 27 27 28 27 28 27 27 27 27 29 28 28 28 28 27 28 28 28 28 27 27 27 27 27 28 26 28 27 27 26 26 26 26 27 27 26 26
27 26 27 26 26 26 26 26 26 28 24 26 26 26 26 26 28 26 26 24 26 24 24 28 28 24 26 26 27 27 26 26 27 27 27 26 28 27 27 27 27 23 27 23 27 23 28 28 27 27 27 27 27 27 23 23 27 27 28 27 27 28 28 29 28 27 27 26 27 28 27 27 28 28 28 27 27 27 27 27 27 27 27 27 26 26 27 26 27 27 26 26 27 27 27 26
27 26 26 24 26 27 27 27 26 26 26 26 26 27 27 28 27 26 27 23 23 26 24 27 28 23 24 23 27 27 27 27 27 27 27 26 28 28 27 26 26 27 27 27 23 25 27 27 28 28 25 27 27 24 22 22 27 26 27 28 28 28 27 28 27 27 27 28 27 26 28 27 27 28 28 28 27 27 27 26 27 27 27 27 27 26 27 28 27 28 27 27 27 27 27 26
27 27 27 26 27 27 26 26 27 28 26 26 27 26 27 27 27 28 27 27 27 24 24 26 24 27 27 28 23 27 27 26 23 27 27 26 27 27 26 27 27 26 26 26 27 27 27 27 27 23 24 24 27 22 24 27 27 27 27 27 27 27 27 27 27 27 27 27 27 26 26 28 27 27 28 28 27 27 27 27 27 23 23 27 26 26 28 26 27 27 26 26 27 27 26 26
26 24 26 27 27 27 26 26 28 28 26 27 27 27 26 24 24 28 27 26 26 26 27 27 23 26 26 27 23 27 28 27 28 27 23 27 27 27 27 27 26 26 26 23 27 27 28 27 28 27 27 27 27 24 23 27 27 27 28 28 28 27 27 27 27 27 27 28 28 28 27 28 27 26 28 27 26 26 27 27 26 26 23 27 26 23 26 27 26 27 26 26 26 26 26 26
27 27 27 27 26 27 26 26 27 27 26 26 26 26 24 26 24 24 27 27 28 27 28 27 26 24 24 26 23 27 23 27 27 27 23 27 27 27 23 27 27 26 27 27 27 27 27 27 29 28 27 27 23 23 23 27 27 28 28 27 27 27 27 27 27 27 27 27 27 28 26 26 28 26 27 28 27 26 27 28 23 26 26 27 26 26 26 28 27 27 27 26 26 26 26 23
27 27 27 24 28 27 26 26 24 26 26 26 24 24 24 24 24 24 26 28 26 24 26 27 27 24 27 23 23 28 27 27 27 27 27 27 27 28 28 28 27 26 27 27 28 27 27 24 25 24 27 27 23 23 27 28 27 27 27 27 27 27 27 27 27 27 27 27 27 27 27 27 27 28 28 27 27 28 28 27 23 26 27 27 27 27 26 27 28 28 26 27 26 26 26 26
28 28 26 27 24 27 26 26 24 26 26 26 26 23 27 27 24 27 26 26 26 26 24 26 26 27 27 27 27 27 27 27 27 26 27 27 27 27 27 28 24 24 27 27 27 28 28 28 27 27 27 27 23 22 27 28 27 27 28 28 26 27 27 27 27 28 27 26 28 26 28 28 26 27 26 27 28 26 26 27 27 24 23 24 27 27 26 26 26 26 26 25 26 27 27 27
24 28 26 24 26 26 24 24 24 26 26 27 24 26 27 26 24 26 24 26 26 26 26 26 26 26 27 23 23 27 23 27 25 27 27 27 27 27 27 27 23 23 27 27 26 24 28 27 27 27 27 23 22 23 27 27 27 27 28 28 28 28 27 27 27 27 28 28 28 28 28 28 26 26 26 27 26 23 23 26 23 24 23 24 27 28 27 26 26 25 25 25 26 26 26 23
27 27 24 26 26 27 27 26 28 26 26 24 27 24 24 27 24 26 26 26 24 27 27 26 27 23 23 23 27 23 27 23 23 27 27 26 26 27 27 27 27 26 23 27 27 27 27 23 27 26 26 22 22 27 27 27 27 26 23 27 27 26 27 27 27 27 27 27 27 27 27 26 27 28 28 25 28 27 27 27 23 27 27 26 25 27 27 26 26 23 27 26 25 26 26 26
28 27 27 28 24 26 26 26 26 26 26 26 24 24 27 24 24 24 26 24 23 27 23 26 27 27 27 27 28 23 23 23 26 27 27 26 24 27 27 27 26 27 28 28 28 27 27 23 27 27 27 23 23 27 28 29 28 27 27 28 26 27 27 27 27 27 27 27 27 27 27 27 27 27 27 26 26 27 26 28 27 27 25 26 27 26 27 26 27 27 26 26 26 27 27 27
27 24 24 26 26 27 26 26 26 26 26 24 24 24 24 24 24 24 24 26 23 23 27 26 23 27 27 26 23 27 23 27 23 27 26 27 27 24 28 26 26 23 26 27 27 27 27 27 28 27 23 23 23 27 27 27 27 27 27 27 26 26 27 27 27 28 27 27 27 27 27 26 27 23 27 27 26 26 27 27 27 26 27 26 26 26 23 25 27 27 26 26 23 25 25 26
27 27 26 25 26 27 27 26 26 26 24 24 24 24 24 24 24 27 27 26 26 26 26 27 26 26 26 23 23 23 23 27 23 27 26 24 26 27 27 27 27 27 28 27 27 28 27 28 23 28 23 23 27 27 27 26 23 27 28 28 27 23 27 28 28 27 27 27 27 26 26 27 26 26 26 26 27 26 26 28 27 27 27 27 27 25 25 26 23 23 26 23 23 27 23 23
27 27 27 27 25 27 24 26 26 27 27 24 24 26 26 28 27 27 24 26 26 27 27 26 26 27 26 23 23 26 27 27 27 27 26 26 27 28 27 27 28 28 27 26 26 23 26 26 27 27 23 23 24 26 26 26 23 27 28 27 27 28 23 26 26 27 27 27 27 27 27 27 27 26 27 27 26 26 27 27 27 27 26 27 26 26 23 23 25 23 26 26 25 27 26 25
27 27 27 27 28 27 26 25 26 27 26 24 27 26 26 26 28 26 26 26 26 24 24 27 27 23 23 24 24 27 27 25 24 24 27 26 24 27 28 27 27 27 27 27 23 23 27 27 27 23 23 23 27 27 27 27 26 26 28 26 26 27 28 27 26 26 27 27 28 27 26 27 26 26 27 27 27 28 27 27 27 27 27 27 27 25 25 23 23 26 27 26 25 27 23 23
24 25 24 27 26 27 26 26 26 24 26 26 26 27 28 26 26 26 24 23 24 24 24 24 24 27 26 27 24 26 27 23 27 27 24 27 26 27 26 28 28 27 27 27 27 24 24 26 26 23 23 26 23 27 27 27 26 26 27 26 28 27 27 28 26 27 26 27 27 27 27 28 27 27 27 27 27 27 27 26 26 26 26 26 23 23 24 23 26 23 25 23 27 23 25 25
27 27 26 27 27 27 27 26 26 26 26 28 28 26 24 24 27 27 26 28 24 24 24 24 27 27 26 23 27 26 26 23 23 26 26 24 26 26 27 26 26 26 28 26 26 23 25 28 28 23 22 27 23 27 27 27 27 27 27 27 27 28 27 27 28 27 27 26 28 28 28 27 26 26 27 26 27 27 27 26 27 23 23 27 26 23 27 23 25 25 23 23 25 25 23 27
27 27 27 24 27 27 28 27 27 27 26 27 27 26 24 24 26 26 24 26 24 24 24 24 24 26 26 23 23 27 26 27 23 23 24 27 26 26 27 27 27 27 27 27 27 29 27 27 23 23 23 26 24 27 27 26 26 23 26 28 27 26 26 26 27 27 27 28 26 26 27 27 27 26 27 26 23 25 27 23 27 26 23 23 27 23 23 27 23 23 26 27 23 23 23 23
27 27 27 27 27 28 27 27 27 27 27 27 27 26 27 26 26 27 26 28 24 24 24 24 24 24 24 27 23 27 27 23 27 26 26 27 27 27 27 26 28 27 26 27 27 27 26 26 23 23 27 24 25 25 27 27 28 28 26 27 27 27 26 27 27 26 26 27 27 27 26 26 27 27 26 26 27 27 27 27 23 25 23 24 23 25 23 27 25 25 26 23 23 23 23 23
27 27 27 27 27 27 27 27 27 27 26 24 26 26 26 26 27 26 26 27 26 24 27 24 24 27 27 26 26 26 27 26 26 26 27 26 27 27 27 27 26 27 26 27 27 27 27 23 23 23 27 27 26 23 23 24 26 27 27 27 26 27 27 28 26 28 27 26 26 27 26 27 27 27 27 27 27 25 27 27 25 23 25 23 23 25 26 26 23 26 25 25 25 23 23 23
27 27 27 27 27 28 28 27 27 27 24 27 26 27 26 24 27 27 27 27 26 27 24 24 28 28 27 27 26 26 24 27 23 28 27 26 26 27 27 27 27 27 23 23 27 27 23 23 24 23 27 27 26 23 27 27 28 27 27 23 26 28 26 26 24 27 26 24 26 28 27 27 27 27 27 25 23 27 25 27 27 23 23 23 23 23 25 23 23 26 26 26 27 23 23 23
27 24 28 28 28 27 27 27 27 26 27 27 27 27 28 26 27 27 27 27 27 26 24 24 24 28 26 24 23 23 27 24 26 26 27 26 27 27 27 27 28 26 26 26 26 26 27 23 23 27 23 23 24 24 23 28 28 27 27 27 27 28 28 28 26 27 26 27 28 27 26 27 27 26 26 27 26 25 26 27 23 23 23 27 23 23 26 23 23 23 27 27 27 27 23 23
27 27 27 27 27 27 28 28 29 24 26 24 27 27 27 27 27 27 27 28 28 24 24 24 24 27 24 24 27 23 23 28 27 26 23 27 27 27 26 26 27 26 26 27 27 27 27 23 23 27 27 28 27 24 26 23 27 27 27 27 27 27 28 27 26 27 28 28 28 26 26 26 27 26 26 26 26 26 27 27 23 23 23 23 23 26 23 25 26 23 23 27 27 23 23 23
27 27 27 28 27 27 27 27 27 24 24 24 27 27 27 28 28 27 27 27 27 27 24 24 27 27 26 27 24 26 26 26 23 26 23 23 27 27 27 26 26 24 26 26 24 27 23 23 23 27 27 27 26 27 28 27 26 23 27 27 27 26 27 27 28 26 27 27 27 27 27 26 26 26 26 24 26 26 27 27 23 23 23 23 23 23 23 25 25 27 27 27 23 23 23 27
27 27 29 28 28 28 29 24 24 24 27 27 24 27 27 27 27 29 28 28 28 27 27 24 24 24 24 27 27 27 27 26 26 26 26 27 27 27 27 28 26 26 27 27 27 27 23 23 27 27 25 28 24 27 27 27 27 27 27 27 26 28 26 26 27 27 26 27 26 26 27 27 27 26 26 27 24 26 27 25 23 23 23 23 23 23 23 23 25 25 23 23 23 23 23 23
28 27 27 27 27 28 24 28 24 24 26 27 27 27 28 28 27 28 28 28 28 28 28 27 24 24 24 27 27 24 24 26 26 26 26 23 27 23 26 26 27 26 27 24 29 28 23 24 27 27 23 23 24 27 27 27 27 27 27 27 26 26 26 26 25 26 26 26 27 27 27 26 26 27 27 26 26 26 27 27 23 23 23 23 23 23 23 26 27 25 27 25 23 26 23 23
24 24 28 27 27 24 27 28 27 24 27 27 24 27 27 27 28 27 28 27 27 27 27 24 27 27 24 23 27 27 23 27 23 26 27 27 27 27 26 27 26 24 27 27 28 24 23 24 24 27 26 24 27 27 27 27 27 28 27 26 26 27 26 28 28 26 26 26 26 26 27 26 26 26 24 27 26 23 27 26 23 23 23 23 26 26 23 23 25 25 23 25 27 27 23 27
27 24 27 27 28 28 28 27 24 27 24 24 27 27 27 27 24 28 27 27 27 28 28 26 27 27 23 23 27 27 26 26 26 26 27 27 27 27 26 27 27 27 28 28 24 23 24 25 25 24 24 27 27 27 27 26 27 27 27 26 26 23 27 27 27 26 26 26 27 26 27 27 27 27 25 26 26 26 26 23 23 23 23 25 22 23 23 24 25 25 26 26 25 23 23 23
28 28 27 27 24 28 28 27 28 28 27 27 27 27 27 27 28 28 27 27 27 27 27 27 27 27 27 28 28 27 27 26 26 28 27 23 27 27 27 27 27 27 27 24 29 24 24 25 29 28 27 27 27 28 27 27 28 27 27 27 26 26 26 27 27 27 23 28 26 26 26 27 27 26 25 26 23 26 25 23 23 23 23 23 22 23 23 23 26 25 26 27 26 26 25 23
27 28 27 27 27 27 28 27 27 27 27 27 27 27 27 28 27 27 27 26 24 28 28 27 27 27 27 26 24 24 26 27 26 25 26 26 27 26 24 27 26 26 27 26 24 24 23 28 28 27 23 27 27 23 27 28 27 26 26 27 28 26 26 27 26 26 26 28 26 27 27 26 23 27 25 23 24 25 25 23 23 23 25 23 23 27 27 23 24 25 25 26 26 25 23 23
