examples/data/proba_v_italy_sicily/probav_s10_toc_x19y03_20140611_333m_ndvi_v001.txt
ncols         1127
nrows         589
xllcorner     12.348214285714
yllcorner     36.598214285714
cellsize      0.0029761904761905
NODATA_value  -9999
[rows 0 to 48 of 589, columns 576 to 671 of 1127]
36 25 26 28 26 24 23 44 26 27 29 38 27 25 27 27 26 24 24 22 24 26 25 30 18 28 39 25 43 25 25 28 29 31 28 27 30 31 28 31 30 20 19 22 24 26 21 24 36 23 23 23 34 22 23 22 22 23 22 23 22 22 23 23 23 23 22 25 22 22 22 23 14 37 37 23 18 32 22 19 22 37 22 22 37 19 22 37 37 37 37 30 19 24 24 37
31 26 24 26 28 26 27 24 23 25 26 26 29 28 27 27 27 28 26 24 24 23 24 24 20 21 27 26 31 45 23 19 23 23 22 27 25 25 21 22 25 23 23 22 29 22 22 22 22 32 37 30 22 23 22 24 34 22 22 23 22 22 22 23 22 37 28 35 37 33 31 32 18 21 37 28 28 28 19 23 22 37 21 22 22 23 22 37 18 19 20 27 24 24 33 29
27 25 26 29 26 26 26 25 24 24 28 27 26 28 30 27 25 24 32 22 24 24 32 25 27 25 30 26 16 24 0 24 22 23 25 24 26 31 24 23 24 22 25 22 21 34 23 25 23 25 23 22 23 23 21 22 24 24 32 23 21 21 23 22 23 21 23 21 29 29 21 37 37 37 37 22 21 22 23 23 22 37 24 27 29 24 24 37 25 37 14 14 33 37 12 27
27 36 26 28 26 25 26 27 27 24 25 29 26 24 29 29 29 25 25 29 24 23 23 25 24 21 25 31 31 24 30 37 37 38 22 28 26 23 37 22 23 23 23 23 23 25 32 23 23 22 22 23 22 22 22 23 24 22 37 24 25 23 25 27 19 21 37 21 22 23 21 21 24 37 37 37 24 20 20 37 24 24 37 24 37 37 37 37 37 37 37 37 25 37 37 37
26 25 25 26 25 25 27 26 45 41 27 29 28 27 27 25 28 30 27 31 33 30 27 26 23 24 35 23 31 32 24 24 30 27 36 27 26 23 24 35 22 22 22 24 24 23 24 29 33 24 37 26 26 32 32 31 32 25 36 23 25 22 37 21 22 16 19 26 21 14 22 13 16 14 11 37 25 21 19 24 23 24 24 37 37 37 23 15 14 37 45 24 24 37 37 25
25 24 25 34 26 30 26 29 27 25 26 44 27 26 29 26 25 28 26 27 25 24 26 27 25 27 30 26 24 27 26 24 27 28 33 24 23 21 21 24 35 37 37 22 22 20 30 22 30 24 27 23 16 19 26 24 22 27 34 24 23 37 37 23 23 27 24 27 27 23 18 29 20 37 37 37 37 26 15 24 23 20 24 24 37 24 30 29 21 37 24 24 24 24 27 27
28 26 25 26 27 28 28 27 26 25 26 28 28 37 27 27 26 27 24 26 32 36 30 26 26 25 30 23 24 25 27 27 27 28 27 24 29 30 22 23 25 31 24 23 22 23 22 19 22 22 32 32 23 37 37 37 23 25 34 39 37 37 22 23 24 22 29 31 32 20 29 22 23 37 21 21 22 22 24 37 24 37 24 24 25 27 29 27 24 37 37 24 24 32 24 21
25 26 26 26 27 28 28 26 26 25 26 27 30 29 26 33 27 27 28 28 28 28 30 26 23 29 29 25 24 24 26 24 23 26 31 28 27 30 24 33 42 25 28 29 31 25 37 21 16 13 22 18 19 24 37 23 24 25 23 24 35 38 36 34 38 32 24 27 32 32 33 20 24 23 22 37 22 23 21 22 20 20 19 24 25 37 30 17 37 22 25 24 37 37 37 23
25 25 27 27 27 27 33 28 28 28 29 28 26 30 28 28 27 27 27 29 27 25 27 30 26 27 31 29 40 31 32 28 26 23 25 27 26 30 25 25 23 27 22 23 37 24 25 23 22 23 22 22 23 23 37 37 23 25 24 24 23 23 22 37 22 29 17 22 24 27 29 31 32 35 23 24 23 37 32 23 26 37 20 37 39 34 26 32 37 37 24 37 24 37 37 25
26 26 26 26 25 26 28 27 27 26 27 27 27 32 37 28 28 29 29 27 27 27 26 34 28 25 28 27 42 29 28 25 23 31 24 19 20 26 30 26 25 22 22 25 24 24 24 25 23 14 25 24 24 23 24 37 37 23 24 24 37 22 22 23 22 29 32 21 23 24 24 30 24 22 37 37 24 37 37 25 37 24 17 37 25 24 22 24 24 37 25 29 17 20 19 37
26 25 25 27 28 29 28 27 28 29 28 28 29 27 26 28 30 28 26 26 27 28 25 27 28 28 26 24 28 24 30 26 24 26 28 27 22 24 26 31 17 25 23 28 24 24 24 25 25 22 14 15 25 24 37 24 37 22 23 37 24 24 23 24 23 24 24 24 23 24 37 32 25 20 37 21 24 23 24 22 22 37 24 24 34 24 37 37 24 24 15 20 37 37 11 13
26 27 27 26 27 27 27 27 27 28 29 28 27 29 27 29 27 28 28 27 27 28 25 21 25 26 39 28 26 26 26 27 26 30 30 32 29 28 30 31 34 30 29 29 29 30 23 25 24 24 24 24 17 13 37 20 24 37 25 23 23 25 22 22 23 23 23 23 37 23 22 26 28 20 24 33 24 24 24 24 37 37 24 22 37 31 37 24 24 24 24 35 37 32 30 24
26 26 27 28 27 26 28 29 27 26 26 29 28 29 28 30 30 28 27 26 25 26 27 27 27 30 41 28 28 29 27 26 23 23 24 22 29 28 26 24 28 22 21 23 26 24 24 31 25 25 25 24 26 25 19 27 18 13 16 24 23 37 24 24 25 22 24 24 23 24 23 25 24 24 24 38 37 24 24 24 37 22 31 22 24 32 24 37 24 29 22 37 23 19 24 24
26 27 28 28 27 26 25 26 28 29 27 28 29 28 29 29 30 29 28 27 26 26 29 30 29 30 36 27 24 28 30 27 24 24 27 25 23 23 23 20 24 25 26 27 19 37 29 24 25 23 25 22 21 33 31 25 22 20 21 20 16 25 24 22 19 25 24 24 24 24 24 24 24 37 22 40 32 22 29 26 24 24 25 19 37 26 30 31 26 22 20 18 18 37 22 22
27 28 28 27 27 27 27 26 27 27 29 27 27 28 29 30 29 29 30 28 28 28 25 26 28 30 34 36 27 27 27 28 30 27 25 26 26 28 29 25 25 25 25 24 29 30 27 28 33 26 30 25 19 18 27 30 27 20 23 22 23 19 33 24 24 19 25 24 24 24 24 24 24 37 37 24 33 30 21 37 37 37 33 26 37 23 27 27 20 37 21 27 20 37 37 22
26 26 26 26 26 27 27 27 28 27 28 28 28 28 27 27 27 28 30 29 27 27 26 27 28 30 30 27 34 22 21 17 23 25 26 26 28 27 33 32 25 33 24 24 23 27 27 29 26 21 23 24 24 19 21 24 27 24 22 23 23 23 21 25 24 24 24 22 24 37 24 24 24 22 21 18 37 37 22 37 37 37 32 25 24 26 37 22 24 37 37 37 37 37 37 37
26 28 27 27 26 25 27 28 27 28 27 27 28 27 27 27 29 28 30 29 27 27 27 26 25 27 29 25 26 32 24 23 22 29 29 27 27 29 24 26 27 30 21 25 23 24 26 24 33 20 17 16 18 22 18 24 23 25 24 37 24 33 23 24 37 24 37 24 37 24 24 24 22 19 21 21 24 37 24 24 22 37 22 23 20 37 37 37 37 24 37 37 37 22 22 24
26 27 27 28 28 28 27 26 26 27 28 27 27 27 28 28 28 27 28 29 28 27 27 28 27 26 26 27 29 31 30 31 26 25 24 23 23 22 24 22 25 27 34 21 21 19 19 22 27 24 22 21 20 24 24 37 24 22 18 24 24 24 25 22 22 24 25 24 24 24 24 25 26 23 24 25 21 24 27 32 31 22 22 37 22 37 37 37 22 25 37 37 37 37 37 24
26 27 26 25 26 25 27 25 25 26 27 27 28 28 29 28 28 30 31 30 28 27 25 29 31 29 30 26 26 27 28 30 27 36 26 21 24 27 31 32 32 27 25 18 25 23 21 19 23 22 22 17 24 23 24 25 24 22 21 37 37 24 37 22 24 24 24 37 24 24 24 24 24 25 24 22 21 37 24 21 26 30 37 37 37 37 25 37 37 24 24 37 37 22 37 37
26 26 26 25 27 26 26 27 27 28 27 27 28 28 27 28 29 31 32 30 28 28 28 29 28 29 31 31 30 28 28 28 25 28 35 29 32 30 28 25 23 29 19 25 24 23 22 22 30 26 25 24 18 24 24 25 22 22 22 37 24 24 24 22 24 37 22 37 37 22 22 24 37 25 24 37 37 22 30 22 25 27 26 29 37 37 37 37 37 22 22 22 24 22 37 37
27 27 27 27 27 27 26 26 26 27 28 27 27 28 29 29 28 28 29 30 28 28 27 27 28 28 29 28 27 25 29 28 23 24 26 33 36 24 27 29 24 24 16 22 27 27 22 25 25 27 19 25 23 19 24 37 18 19 25 37 20 18 25 18 20 16 24 22 25 22 22 24 24 24 24 22 22 24 24 24 25 33 27 20 31 12 37 37 37 22 22 28 24 24 28 37
27 25 27 26 27 26 27 25 26 26 28 29 27 28 29 30 29 29 28 28 28 28 27 27 26 26 28 26 25 25 24 28 27 32 27 26 30 33 29 22 23 22 25 25 25 26 23 19 21 21 18 22 22 26 25 26 25 23 21 21 24 24 24 25 20 17 37 35 22 37 37 37 37 25 24 24 37 24 24 24 26 33 29 28 30 32 24 25 37 21 24 36 29 24 35 31
27 26 27 28 27 27 26 25 26 26 27 28 28 27 27 28 28 27 28 28 29 29 28 28 27 26 26 26 24 31 29 28 25 23 23 28 27 27 28 25 24 20 25 27 26 26 25 23 29 30 29 22 16 18 20 18 26 24 27 30 28 24 23 30 26 17 37 21 24 37 24 24 37 19 16 15 24 24 25 25 29 29 37 26 24 26 37 37 22 24 24 37 37 37 24 24
27 26 27 27 26 27 27 27 27 27 25 25 27 28 28 27 28 28 28 28 30 31 29 29 28 27 29 28 27 25 27 27 27 27 26 29 31 32 22 24 25 20 21 19 22 25 28 25 25 27 24 26 25 23 27 24 25 25 20 28 30 26 25 31 28 19 37 22 25 24 24 24 29 37 37 20 24 26 19 34 26 26 26 22 37 22 37 22 19 14 25 25 37 37 37 37
28 28 26 27 27 25 26 27 28 28 28 27 26 27 28 28 29 28 27 29 31 31 29 29 31 30 29 29 28 25 24 25 28 28 28 27 27 30 34 35 28 26 26 24 24 21 20 23 29 30 30 28 27 26 29 32 29 30 24 37 37 37 37 28 25 19 37 37 22 24 22 22 33 34 30 26 29 31 37 27 37 24 37 37 24 24 34 22 22 16 13 18 16 16 21 25
28 27 27 27 28 27 27 27 28 28 28 28 27 27 29 29 29 28 29 30 31 31 29 28 31 31 31 30 28 25 27 25 25 25 26 24 26 21 27 29 27 25 28 27 26 22 24 22 24 21 27 30 21 23 22 25 23 20 37 37 25 25 25 19 19 19 37 37 37 24 24 37 37 24 25 26 26 37 37 39 37 37 24 37 37 22 22 37 22 25 22 37 37 22 19 18
39 27 29 28 29 28 28 26 27 29 29 28 28 29 30 30 30 29 28 29 30 32 31 31 32 31 29 28 28 27 24 26 25 26 27 27 28 24 28 27 28 26 30 31 27 26 35 31 32 29 26 26 19 19 22 22 24 24 25 25 25 37 26 22 15 37 37 25 25 37 37 37 37 25 37 26 22 37 37 35 28 28 37 37 37 30 33 37 24 22 37 37 25 22 19 17
26 26 39 28 29 28 26 27 27 29 28 28 28 28 29 30 30 30 29 30 30 32 32 31 31 30 31 31 30 27 27 27 27 27 28 26 37 21 23 24 25 22 25 30 29 23 23 25 37 25 29 30 25 23 23 22 24 24 25 23 23 25 25 25 17 37 25 25 24 37 37 25 25 25 37 25 25 24 25 41 26 30 37 30 30 24 21 25 31 34 30 30 28 25 28 22
26 27 32 27 28 27 28 27 27 27 28 28 27 28 30 30 30 30 30 31 30 30 30 29 31 30 31 30 28 28 28 27 27 28 29 28 25 25 25 24 25 24 21 22 37 37 37 25 25 37 21 30 27 24 22 37 26 25 28 32 37 35 37 25 15 37 37 25 25 25 24 37 37 37 37 37 37 37 24 48 25 29 25 24 19 24 21 19 21 27 28 26 27 24 21 22
27 29 29 26 27 29 28 26 26 28 28 29 28 28 29 31 31 33 32 32 32 31 31 31 31 31 31 32 31 28 27 28 28 28 28 30 25 37 37 30 25 28 29 27 37 37 37 37 25 37 37 22 24 24 37 37 29 31 30 31 24 33 25 37 37 37 37 23 22 21 19 19 37 22 25 25 37 37 37 31 31 28 29 21 22 22 22 24 22 22 24 37 24 37 37 37
25 26 27 27 27 28 28 28 29 28 28 28 28 27 30 32 32 33 33 32 32 32 32 31 31 32 33 34 34 33 30 28 29 30 28 28 29 30 29 30 25 37 29 37 37 15 37 37 37 37 37 25 37 37 37 37 37 24 23 27 21 36 37 37 37 37 25 25 26 29 25 21 25 24 22 24 25 25 25 26 26 27 28 29 37 37 24 22 25 25 37 37 37 24 37 37
26 26 26 28 27 28 28 27 27 29 30 30 29 29 30 30 31 31 31 32 32 30 32 32 33 33 33 35 34 32 31 29 30 30 28 27 27 27 26 28 30 27 26 37 28 16 37 37 25 37 37 37 37 37 37 37 37 25 37 25 37 24 38 33 31 33 25 37 37 37 37 37 37 37 25 25 37 37 37 24 28 28 28 29 24 37 37 37 37 37 25 37 37 37 37 37
28 27 26 27 27 28 28 29 28 28 28 30 30 29 29 29 32 32 31 33 31 31 32 35 35 34 34 34 34 33 30 29 30 30 30 29 28 28 27 28 29 30 28 27 28 29 37 24 25 25 37 37 37 37 37 37 37 37 25 37 37 37 25 37 25 24 19 37 37 37 37 37 37 37 37 37 30 31 28 37 24 26 29 28 24 25 37 37 37 37 37 37 37 37 37 37
28 28 27 27 27 28 28 29 30 29 30 31 31 32 33 33 36 33 31 31 30 29 32 34 36 35 35 34 31 30 30 31 29 29 30 30 29 36 27 28 27 29 31 29 29 30 30 29 32 31 30 33 25 25 37 37 37 37 37 37 18 37 37 37 37 21 25 37 25 25 37 37 37 37 37 37 37 23 25 37 24 25 26 27 30 37 37 37 37 37 37 37 37 37 37 37
28 28 27 27 28 29 28 29 29 28 30 32 33 32 34 34 34 33 33 32 31 31 35 36 38 37 35 33 30 29 28 28 28 28 29 30 28 36 29 29 27 27 28 29 29 28 27 27 27 28 27 26 21 23 21 27 26 23 16 22 25 22 37 37 37 25 25 25 37 37 37 25 37 37 37 37 25 37 37 37 37 28 30 28 29 29 37 37 37 25 25 25 37 37 37 37
27 26 28 29 28 27 29 29 30 31 30 32 34 32 31 31 31 32 34 33 33 33 34 34 34 34 36 34 31 29 28 28 28 30 30 29 28 28 38 37 40 37 28 27 28 29 29 29 28 29 29 31 33 23 26 30 27 27 21 37 23 20 37 25 25 37 37 37 37 37 25 27 37 37 37 37 37 37 37 37 27 27 29 29 27 29 30 37 37 37 37 37 37 37 37 37
28 27 28 30 29 28 29 30 30 31 32 29 30 30 31 33 33 32 34 34 32 31 35 33 32 31 32 32 30 28 28 29 29 30 30 31 30 28 27 28 27 27 28 28 29 30 29 28 27 27 27 29 31 30 30 24 23 23 22 37 21 21 37 37 37 37 37 25 37 37 37 37 37 37 37 37 37 37 37 29 27 27 29 30 37 37 25 37 37 37 37 37 37 37 37 29
27 26 28 29 29 30 30 30 31 31 31 31 31 32 31 31 32 33 32 30 33 34 34 33 31 30 30 30 28 27 28 29 30 29 29 29 30 28 27 27 28 28 29 30 29 28 29 28 27 27 26 25 27 29 31 25 25 37 37 37 25 25 37 37 37 37 37 37 37 37 37 37 37 37 37 37 37 37 27 27 27 26 29 31 37 37 37 37 37 37 37 25 37 29 28 31
27 28 29 28 29 30 31 29 30 31 32 32 30 30 32 34 32 34 33 31 34 34 33 32 31 30 31 29 29 30 29 30 30 28 29 28 28 28 28 28 28 28 30 29 29 28 29 27 27 27 29 29 29 29 30 25 38 23 18 25 25 25 37 37 25 25 37 37 37 37 37 37 25 37 37 37 37 37 26 27 28 28 28 31 29 37 37 37 37 37 30 29 27 28 27 29
27 28 28 29 29 30 32 31 32 32 32 33 30 30 31 33 32 32 32 30 32 33 33 32 32 31 32 29 27 28 28 30 30 28 28 27 28 27 27 28 28 28 29 28 29 29 28 28 27 25 25 29 28 30 31 31 25 37 25 25 37 37 37 37 25 37 37 25 25 37 25 26 37 37 23 37 37 37 27 28 31 30 28 30 29 37 37 25 37 29 30 29 28 28 28 26
27 27 28 29 30 31 32 31 32 33 34 33 32 30 31 32 30 31 30 31 32 34 34 31 31 31 30 29 27 28 28 27 29 31 29 29 29 28 27 28 28 28 29 28 29 28 27 27 27 28 27 27 26 29 30 29 37 25 37 37 37 37 37 37 37 37 37 37 25 37 25 30 31 25 19 37 37 37 37 23 27 30 26 25 37 37 37 37 29 29 30 29 31 31 30 30
28 27 28 29 30 30 30 30 33 34 32 31 32 31 31 31 29 28 29 31 32 34 33 32 32 31 30 29 29 29 30 29 29 30 29 29 30 30 29 28 28 28 28 28 28 26 26 28 27 26 28 27 27 29 29 28 32 37 37 37 37 25 25 37 37 37 37 37 37 25 37 37 29 31 37 37 37 37 37 23 23 29 31 32 37 10 37 37 29 30 29 29 30 32 31 31
28 28 28 29 30 30 30 30 31 34 35 32 32 31 28 30 31 32 32 31 30 30 30 31 33 33 29 28 29 30 29 29 29 29 29 30 30 29 29 29 28 29 29 28 27 26 25 25 27 26 25 27 30 30 30 28 37 37 37 37 37 25 37 25 37 37 37 37 25 37 25 37 25 31 37 37 37 37 29 26 23 24 29 33 37 30 31 30 29 29 29 27 28 29 31 32
28 28 29 28 29 29 31 32 32 32 33 31 30 30 30 30 33 34 32 31 29 30 30 31 31 31 29 29 31 29 29 29 30 31 29 30 31 31 31 30 28 27 28 28 26 27 27 27 26 27 27 29 29 27 29 28 37 37 25 37 37 25 25 37 37 37 37 37 32 30 29 37 26 28 31 30 33 32 29 30 31 26 25 37 37 30 30 31 31 30 29 29 30 33 33 34
28 28 29 29 29 29 30 30 31 31 30 36 28 30 30 29 30 32 32 32 31 30 31 30 31 29 30 30 30 29 29 31 32 31 30 30 31 31 30 29 28 27 28 27 27 27 25 27 28 26 24 26 29 27 26 30 19 37 37 37 37 37 37 37 37 37 37 27 25 37 37 37 29 28 29 30 29 28 28 30 26 30 32 31 31 31 37 41 29 32 31 33 33 34 35 36
29 29 30 29 30 29 29 29 29 30 30 42 28 29 29 32 33 35 34 32 31 30 30 30 30 29 31 31 30 31 31 33 33 32 30 29 29 29 29 30 29 29 28 27 27 26 26 27 28 26 25 27 28 28 27 29 33 16 37 37 37 37 25 25 25 37 37 28 29 37 25 30 29 28 30 28 27 27 27 31 37 25 31 31 30 31 37 37 37 37 32 34 36 38 36 34
31 30 31 31 30 29 30 29 30 29 28 37 28 29 30 32 34 35 34 31 30 29 29 30 29 31 32 31 31 31 32 32 32 32 30 28 28 28 29 30 30 31 31 29 28 28 27 28 26 25 27 28 28 25 27 29 29 22 37 37 37 37 37 25 25 37 37 37 28 31 29 27 29 31 30 30 29 27 25 27 31 29 27 29 28 31 37 37 37 37 30 34 36 37 37 36
30 30 30 29 28 29 28 29 30 30 29 34 30 29 28 31 33 34 32 30 30 29 29 28 30 33 34 31 29 29 30 30 32 32 32 30 29 28 29 31 31 31 31 30 27 27 27 26 25 26 27 28 32 31 30 32 37 37 37 37 25 25 37 37 25 37 24 28 29 27 28 27 29 31 29 25 25 27 29 30 28 37 37 30 30 30 37 37 37 37 33 34 35 37 39 37
30 29 29 29 29 28 28 28 29 30 29 30 31 30 32 34 35 36 33 31 29 29 28 28 30 32 34 32 29 30 30 30 31 32 31 30 30 30 31 32 31 30 30 30 28 28 29 29 26 27 27 29 30 28 30 30 37 37 37 37 37 37 37 37 37 25 37 29 30 28 28 28 30 31 29 28 28 28 27 27 29 31 37 37 37 37 37 37 37 33 34 35 36 38 39 36
