examples/data/proba_v_italy_sicily/probav_s10_toc_x19y03_20150421_333m_ndvi_v001.txt
ncols         1127
nrows         589
xllcorner     12.348214285714
yllcorner     36.598214285714
cellsize      0.0029761904761905
NODATA_value  -9999
[rows 188 to 234 of 589, columns 864 to 959 of 1127]
172 149 144 163 180 189 179 177 179 173 158 127 75 51 37 30 18 14 12 11 11 10 11 10 7 7 7 7 7 7 9 11 11 13 16 28 31 49 58 70 83 126 162 165 154 152 164 167 175 188 187 163 137 107 97 125 122 111 103 102 98 99 105 107 110 115 122 136 186 179 182 176 172 158 172 189 181 196 190 168 211 200 186 197 210 208 189 185 195 200 192 187 170 163 168 149
165 146 144 160 175 188 187 178 176 172 161 150 90 44 33 25 28 20 16 13 11 9 9 8 7 7 8 16 16 16 6 8 10 10 20 18 29 47 52 67 72 116 168 175 163 155 162 179 173 157 156 129 80 75 110 117 126 120 96 91 96 95 96 99 100 102 105 179 185 180 187 183 179 178 189 190 184 189 179 171 205 193 187 207 207 200 197 198 198 209 206 212 210 202 184 139
190 186 187 188 185 188 187 184 182 178 162 129 79 47 32 33 18 15 14 12 11 9 7 7 6 7 8 16 15 16 8 12 12 10 12 20 21 30 40 55 63 113 163 173 166 158 152 164 150 80 90 83 77 84 87 115 122 122 111 105 95 89 91 95 96 148 152 179 196 138 131 136 138 132 130 173 170 178 182 188 202 209 202 204 192 198 207 202 196 202 212 213 207 195 176 138
168 192 193 199 194 185 187 189 190 185 178 134 77 64 38 18 15 13 12 11 11 10 7 16 18 7 8 15 15 16 8 9 9 10 10 11 22 24 40 43 59 88 113 142 148 140 123 110 57 54 81 108 107 108 126 132 131 127 133 106 96 93 89 88 88 90 101 187 131 132 116 121 128 125 128 168 166 169 173 187 198 207 203 206 197 201 207 195 193 203 212 206 179 174 176 170
99 137 167 175 179 170 164 159 144 126 105 75 48 54 55 39 26 27 20 10 8 8 7 18 7 7 7 15 16 7 9 8 9 10 10 10 17 19 31 48 69 87 97 95 111 107 101 53 49 49 57 107 97 110 121 116 91 109 126 125 114 130 141 117 94 101 107 163 132 134 129 127 124 121 166 159 162 164 168 170 177 180 194 190 177 182 191 192 190 188 200 181 168 180 173 187
89 89 99 99 113 115 98 100 89 68 66 56 126 156 114 67 44 30 24 14 8 7 7 20 7 7 16 15 16 7 26 9 10 10 10 11 20 18 26 34 49 37 48 76 92 86 50 54 59 96 72 68 64 71 105 113 116 118 123 127 134 130 129 94 93 109 121 128 142 141 131 123 115 116 173 164 158 161 167 163 166 168 164 171 169 156 183 194 194 195 200 200 179 164 172 211
91 87 83 85 102 129 127 114 106 110 142 126 153 159 121 78 36 35 19 14 8 7 19 16 9 16 18 14 14 15 7 7 8 10 11 11 11 18 23 22 27 28 46 67 78 78 87 97 105 120 121 132 150 153 158 148 137 135 142 145 142 137 134 100 96 101 118 128 174 140 130 120 113 108 181 174 173 170 167 171 167 165 164 170 183 177 183 186 192 201 198 197 176 142 181 209
87 88 82 76 75 72 66 65 86 144 171 159 134 106 85 69 43 33 15 14 10 7 8 10 17 15 15 14 14 6 6 7 11 12 12 12 12 12 22 22 14 21 38 54 76 96 109 110 116 120 116 138 180 193 180 178 172 158 156 156 156 167 171 130 160 107 110 133 140 131 119 112 114 115 184 183 189 186 177 168 164 173 176 170 183 179 184 186 198 201 207 192 162 143 193 211
77 85 105 95 75 71 68 80 108 119 146 169 164 126 73 43 33 26 15 10 9 11 10 16 14 15 14 14 14 15 6 6 8 10 11 11 11 12 20 22 22 15 24 35 62 81 97 117 130 147 140 134 152 151 147 154 154 147 156 166 170 186 191 161 155 148 132 126 125 125 129 124 113 179 177 176 187 194 192 178 172 174 173 174 187 186 205 200 194 203 202 198 181 172 182 192
102 103 122 112 71 65 62 69 93 99 105 112 105 87 50 24 21 16 12 11 13 10 16 14 15 15 14 15 15 15 15 14 15 9 10 12 14 13 20 17 20 15 26 22 41 74 113 140 150 160 163 155 144 136 143 132 127 135 152 164 164 170 163 161 159 159 155 141 132 124 122 117 106 159 158 163 164 162 160 147 148 168 151 150 190 198 195 186 178 159 184 195 163 184 209 200
108 94 71 66 67 87 79 75 53 56 64 65 46 29 25 19 16 15 13 14 15 9 14 16 16 17 16 14 16 18 18 17 15 21 19 16 16 16 13 15 20 16 24 24 39 81 133 159 169 169 169 154 134 132 142 134 127 131 140 154 175 180 159 167 178 187 178 166 159 157 147 131 126 161 153 167 178 183 183 179 188 188 172 172 186 156 158 186 169 159 186 184 132 139 179 192
136 120 89 90 104 112 102 88 77 92 95 60 27 19 18 16 14 13 11 10 11 16 16 16 17 17 14 18 17 19 11 14 12 12 23 28 29 21 22 22 16 15 21 24 43 79 119 145 167 171 161 159 140 91 101 124 112 116 119 128 140 153 169 175 176 185 195 183 176 182 179 173 175 196 185 200 194 192 194 192 194 187 164 154 140 123 142 160 152 178 191 171 109 88 116 161
143 128 125 125 120 116 108 100 97 110 115 78 38 22 16 16 13 10 9 10 11 16 16 21 26 24 31 22 17 16 16 16 16 14 14 13 19 24 18 18 25 21 17 22 42 64 100 135 157 168 175 172 164 128 91 83 84 90 99 122 145 158 176 181 176 174 180 170 168 176 171 170 175 193 157 169 182 196 206 195 183 176 177 166 174 189 168 146 151 182 198 162 95 100 156 193
136 138 131 120 118 128 113 110 114 118 109 64 33 19 15 11 10 9 8 9 8 21 20 19 10 34 29 24 21 20 18 17 17 18 18 17 21 17 21 20 29 32 29 43 57 83 109 138 157 149 152 173 157 148 128 99 74 72 81 111 151 168 170 173 175 178 186 186 166 160 169 167 169 177 156 153 189 196 190 203 196 183 184 183 187 188 177 171 160 182 195 163 105 131 183 208
112 133 134 101 83 104 124 130 124 105 106 68 35 30 21 16 23 10 9 10 9 22 23 24 30 29 20 17 25 22 17 21 32 25 21 15 20 20 25 26 25 34 37 32 80 119 138 146 151 144 133 139 150 137 125 115 103 91 82 85 108 143 166 174 172 174 173 182 174 167 171 172 174 168 169 164 176 181 175 191 194 199 192 186 197 191 202 198 178 162 168 151 115 155 183 178
86 96 115 123 126 134 144 139 126 86 73 56 25 17 24 15 12 12 13 11 10 11 12 27 19 27 30 35 44 44 42 38 30 25 22 21 19 20 24 29 28 29 33 33 75 112 125 144 154 154 130 129 126 121 118 111 114 114 113 108 97 106 131 161 172 181 166 161 176 187 177 158 163 168 153 151 162 173 169 181 186 197 198 192 207 200 186 169 169 179 153 128 130 147 158 151
94 87 62 131 164 164 164 156 129 87 84 73 48 20 17 15 17 12 12 11 12 12 15 17 22 22 35 48 46 43 44 37 25 23 23 23 22 22 25 32 33 30 31 32 36 38 39 62 53 99 136 145 139 130 117 110 109 107 119 139 150 135 120 142 159 162 167 172 174 184 185 157 145 140 130 139 149 154 175 184 186 198 186 183 194 190 191 195 197 178 146 153 154 153 160 142
142 127 109 124 131 138 151 144 120 97 65 81 48 30 20 16 17 18 13 12 12 12 18 15 26 17 23 20 31 36 31 24 25 26 26 25 24 23 24 30 32 30 31 33 37 38 39 40 64 87 103 81 111 121 118 109 109 114 118 123 128 118 123 129 122 139 162 172 178 173 167 163 164 156 123 124 162 175 184 183 181 189 191 187 195 197 185 189 165 144 164 186 187 184 165 137
138 139 147 151 135 119 126 136 130 113 87 58 34 24 20 16 20 16 15 13 13 14 13 27 23 11 17 11 17 30 29 27 26 26 26 25 23 23 34 29 35 37 31 34 38 38 41 42 32 65 66 58 69 109 151 163 154 139 132 127 128 127 121 130 134 138 164 172 178 185 181 192 188 191 180 146 152 182 190 172 151 153 186 198 187 189 200 192 164 141 182 190 178 149 140 116
177 183 166 152 126 115 122 140 134 133 118 83 47 32 28 28 25 17 15 14 12 22 31 25 21 27 14 29 20 24 26 27 28 28 27 24 23 24 26 28 32 35 34 37 40 39 40 43 45 47 65 45 67 71 121 148 157 155 144 139 141 141 131 132 141 143 162 165 153 162 182 192 196 204 193 175 169 179 185 168 126 164 187 176 180 180 188 190 191 146 157 169 165 131 99 81
175 160 155 154 146 124 104 99 114 127 121 81 56 61 58 62 37 17 14 13 10 10 21 13 19 11 48 36 20 17 20 22 25 25 26 26 24 24 27 29 31 37 36 36 39 40 42 45 45 41 65 70 71 73 69 103 105 114 116 120 123 128 142 149 145 155 167 165 153 150 174 200 207 203 186 194 186 174 175 183 151 159 185 160 173 191 192 199 180 143 142 143 115 94 72 70
167 178 191 191 190 157 149 145 170 168 127 76 64 60 55 44 26 15 13 26 18 19 14 12 12 24 23 22 19 15 22 21 23 25 25 33 41 33 29 29 29 33 35 37 39 38 40 43 46 48 78 83 73 76 106 147 153 151 157 155 153 143 149 154 152 155 171 167 170 164 167 180 173 186 204 173 173 182 187 194 186 173 179 179 186 192 195 189 159 100 84 89 90 94 94 82
155 165 173 179 198 205 199 184 161 121 86 69 54 39 35 39 28 23 21 24 25 19 11 15 15 16 18 23 14 15 36 21 21 24 28 32 48 43 31 32 31 36 34 37 40 40 42 44 61 77 88 112 108 85 113 152 166 164 165 168 175 162 155 161 163 151 155 163 178 186 187 187 179 188 202 185 166 184 192 185 187 178 171 164 165 190 190 157 95 71 65 72 104 134 138 121
124 156 187 193 191 155 110 94 87 74 66 62 49 40 38 33 30 42 56 39 22 14 13 15 18 15 17 27 15 12 29 13 17 20 33 27 29 30 29 36 36 35 36 39 40 40 41 45 46 56 74 87 95 86 92 133 151 159 167 168 167 151 127 144 147 133 127 152 162 166 184 179 193 208 198 205 184 168 165 175 182 186 186 164 160 190 166 109 81 81 76 92 115 134 127 130
141 144 121 130 130 114 112 105 89 77 74 83 78 54 40 36 40 65 60 40 21 14 12 11 19 11 13 12 13 15 12 16 24 24 40 28 33 29 31 31 33 36 36 40 40 40 40 43 48 47 85 151 154 115 107 132 138 152 165 176 168 163 157 153 148 154 150 163 166 165 183 187 191 202 200 209 205 178 172 160 135 142 148 163 173 144 98 99 158 155 132 95 112 139 122 134
177 149 125 127 125 133 132 112 104 133 150 128 98 71 61 62 85 91 73 35 21 17 14 13 13 13 13 13 12 12 14 16 16 35 33 39 38 28 33 33 33 37 39 41 40 69 94 79 60 54 56 108 121 102 73 104 122 150 171 182 174 166 165 173 171 179 186 188 183 167 180 184 184 196 198 205 192 181 191 180 139 125 122 100 120 128 105 115 183 197 172 137 126 149 155 191
140 129 125 130 125 121 112 111 149 178 169 136 114 106 95 99 100 80 50 34 25 20 15 15 13 14 15 22 13 13 21 22 16 20 33 56 70 35 34 34 36 37 40 42 92 147 147 140 135 106 63 50 58 62 63 66 64 128 170 181 170 164 165 172 190 196 177 162 178 203 197 188 193 195 180 201 188 152 181 191 177 180 174 140 167 174 149 148 146 154 158 141 163 187 188 194
131 127 118 121 121 112 109 123 134 131 127 133 126 134 154 146 107 76 65 53 32 21 16 16 19 17 16 18 21 14 13 23 23 23 24 32 40 58 68 52 91 110 122 139 144 139 137 130 122 111 124 119 136 111 122 138 139 128 153 176 169 170 162 169 195 211 183 159 181 201 202 201 191 194 193 191 188 173 196 187 202 201 182 166 153 146 160 164 156 159 154 141 167 185 187 186
144 142 128 117 111 109 115 126 140 132 116 119 143 172 175 164 148 125 92 61 38 29 25 18 16 18 26 24 43 30 35 37 39 41 37 43 55 47 63 105 112 142 155 159 144 130 121 120 106 101 113 129 154 168 183 171 158 150 143 163 163 175 174 173 182 201 198 183 204 199 192 200 203 198 195 201 201 184 190 196 203 204 185 143 117 123 145 166 184 174 178 171 164 177 194 196
148 137 130 123 113 114 118 110 122 138 132 153 178 181 174 174 184 159 107 70 50 34 29 27 24 23 22 24 40 26 26 37 43 76 33 36 40 48 79 111 118 139 163 163 136 112 107 107 104 104 108 113 121 141 155 178 181 171 157 155 154 163 168 169 168 170 175 171 187 192 177 178 183 188 193 191 182 186 178 173 164 181 167 149 127 106 151 161 181 197 173 164 176 192 196 191
139 139 136 126 125 119 108 100 133 171 174 179 185 186 185 190 188 154 124 95 73 63 62 53 31 29 38 34 38 32 38 57 86 86 68 54 65 70 98 123 142 144 143 149 137 110 108 113 106 108 112 116 124 151 156 155 160 171 164 150 151 159 168 164 148 146 169 180 189 189 199 197 185 175 179 178 172 185 174 167 179 187 193 180 163 139 151 188 191 177 173 179 158 170 161 173
152 147 139 139 130 116 109 107 120 139 172 182 186 187 186 184 159 124 106 87 81 81 79 59 32 43 48 38 39 42 42 47 71 97 95 79 85 87 96 117 121 123 108 100 102 98 103 102 110 119 117 115 129 153 164 171 168 161 169 160 156 149 133 137 149 152 149 157 183 201 209 200 197 203 181 147 169 201 190 177 179 187 188 167 174 151 138 180 178 172 187 166 123 91 138 174
162 150 134 130 123 119 118 116 116 127 164 174 176 182 184 168 150 115 59 84 106 110 83 45 41 40 38 39 41 44 44 44 47 67 89 85 76 72 78 80 88 99 89 85 78 83 87 81 91 100 110 113 128 129 137 158 162 160 164 168 159 157 142 121 124 144 164 154 160 188 213 209 197 191 178 177 184 182 171 172 174 166 158 181 158 137 164 163 189 172 178 145 116 87 152 193
169 159 149 131 127 119 118 120 121 133 155 166 172 164 138 103 107 134 140 121 127 146 102 51 46 44 42 39 42 46 46 45 45 43 57 89 72 70 75 70 60 70 79 79 76 66 78 77 94 102 92 88 111 112 114 134 162 175 176 172 148 119 100 120 157 158 179 181 154 146 173 176 173 158 159 185 186 174 174 182 195 175 139 184 177 132 132 165 194 183 177 177 185 166 171 217
149 144 139 135 124 118 120 124 124 121 129 137 126 99 92 98 114 162 177 148 147 150 102 52 43 45 45 47 61 53 45 44 43 44 93 138 104 78 92 91 88 92 93 86 80 70 79 95 118 127 105 118 114 116 115 131 146 145 146 156 161 136 93 111 142 150 172 188 185 179 162 162 180 178 146 146 159 172 196 204 194 167 188 194 182 168 166 188 202 174 156 145 165 191 212 215
144 144 141 135 127 122 122 123 118 113 114 113 99 101 110 101 101 134 147 130 132 123 80 70 77 47 46 61 70 64 50 48 46 45 62 75 76 86 103 108 108 109 112 115 102 89 81 82 95 114 123 142 166 168 165 162 163 159 153 165 184 135 113 135 152 156 146 197 203 191 174 156 150 144 113 111 139 167 195 199 194 192 206 198 183 172 183 196 203 175 138 118 149 201 211 202
143 147 142 139 135 133 130 123 119 117 113 107 110 113 108 100 89 112 121 119 122 100 60 72 73 51 47 46 55 57 51 49 48 48 65 53 69 88 100 104 103 113 122 132 133 121 107 90 109 139 155 163 180 188 198 195 181 179 178 193 197 163 152 170 171 153 141 179 186 173 151 118 120 132 137 153 164 161 171 174 185 196 203 194 192 199 185 193 182 169 174 183 197 196 195 177
131 146 156 148 144 144 134 125 124 126 111 106 118 120 100 95 109 117 122 117 108 92 97 76 60 58 55 52 49 52 55 53 57 73 71 80 101 117 119 119 121 125 136 133 129 131 130 129 119 130 156 156 149 160 186 199 196 189 196 204 201 178 160 168 163 159 178 197 192 177 163 175 169 153 178 198 193 182 183 178 182 195 201 194 173 174 184 166 173 186 179 161 161 185 172 123
139 141 148 150 159 153 137 140 139 124 115 133 141 134 99 116 131 119 117 112 93 111 118 77 74 67 64 58 54 62 122 66 54 73 80 100 119 128 129 122 120 115 124 120 127 127 126 135 138 136 158 159 148 149 159 176 189 193 184 188 183 156 173 176 171 165 177 173 180 177 168 187 191 180 183 202 197 186 197 192 181 197 205 193 175 152 191 185 163 183 162 153 163 165 142 47
136 140 150 156 154 148 151 157 138 118 132 143 144 141 118 111 123 116 108 96 97 110 97 89 74 73 65 58 56 96 65 61 79 68 73 120 154 143 123 107 115 123 132 137 116 130 136 141 143 150 156 172 162 175 180 174 177 182 171 181 169 153 178 187 186 189 188 164 154 175 168 167 179 179 171 173 183 187 190 198 184 186 194 204 182 164 187 183 166 182 182 187 197 197 137 46
154 125 147 155 152 155 166 151 124 137 147 142 147 139 125 109 115 117 103 101 108 112 103 75 75 73 66 61 67 72 64 102 89 77 101 116 85 74 93 112 119 128 146 141 112 133 145 157 156 162 166 179 171 170 173 168 167 177 173 181 172 167 180 178 178 185 191 184 149 174 187 175 179 155 162 172 171 175 179 180 190 185 171 179 191 176 185 197 204 206 200 197 196 188 135 54
136 129 139 158 158 163 173 155 145 149 147 142 149 141 125 100 101 117 105 96 129 162 136 88 77 80 72 78 86 89 75 97 90 103 132 133 89 72 76 82 122 115 133 133 101 128 134 149 159 159 183 180 186 181 178 172 160 162 163 175 168 169 187 180 165 163 179 189 182 169 170 181 181 162 162 187 189 194 179 167 180 167 148 157 194 210 187 196 209 198 196 187 166 152 88 59
146 144 148 162 156 167 171 169 160 156 155 152 152 145 132 114 98 111 103 103 147 147 96 88 92 91 85 70 76 73 72 66 95 123 117 114 96 71 72 75 122 127 146 153 133 129 133 143 146 138 144 173 181 186 191 183 158 157 164 149 145 177 190 177 169 170 176 179 155 146 160 153 123 118 142 164 178 177 170 158 164 152 133 129 175 195 193 192 200 196 196 193 184 157 63 61
149 149 144 161 160 159 163 165 157 162 164 161 157 154 153 144 116 121 118 116 143 133 109 95 106 102 95 94 93 89 80 71 70 74 93 105 119 117 91 99 141 156 145 155 149 154 161 162 118 131 138 149 159 163 174 185 162 140 164 139 135 154 173 170 165 189 196 181 166 158 159 156 140 132 148 155 176 191 186 173 161 148 127 139 169 185 192 187 181 184 190 176 160 127 77 73
137 141 157 168 162 170 175 161 153 148 148 150 151 152 149 134 118 130 106 109 144 144 107 101 122 95 73 110 103 100 92 85 79 80 79 77 115 156 153 141 139 152 132 122 148 157 148 129 130 129 137 137 139 137 166 157 154 178 178 147 144 140 164 170 158 177 190 175 174 172 165 169 165 157 161 182 186 189 172 157 160 163 157 131 147 174 184 170 145 167 172 147 121 100 60 55
155 147 150 175 175 179 191 174 152 149 147 147 148 146 138 121 135 142 119 98 134 144 115 128 138 93 97 120 111 115 86 124 80 84 90 87 90 110 140 131 155 154 118 115 106 147 147 143 129 134 128 122 139 139 139 146 163 166 154 124 125 139 164 173 158 167 179 170 168 166 143 161 166 169 165 167 173 182 174 147 149 137 153 161 166 180 182 157 162 182 188 172 150 134 88 55
158 157 163 167 178 186 192 181 153 158 162 151 146 149 149 134 146 163 159 128 139 156 146 131 122 96 87 97 110 95 100 83 85 88 122 99 102 131 94 95 93 141 117 112 106 152 149 154 163 148 142 136 145 155 142 146 170 170 159 117 130 151 169 184 188 193 184 169 161 167 171 175 176 182 172 169 183 180 184 174 158 144 162 180 185 183 182 159 184 200 192 178 146 117 82 54
