examples/data/proba_v_italy_sicily/probav_s10_toc_x19y03_20141021_333m_ndvi_v001.txt
ncols         1127
nrows         589
xllcorner     12.348214285714
yllcorner     36.598214285714
cellsize      0.0029761904761905
NODATA_value  -9999
[rows 106 to 158 of 589, columns 384 to 479 of 1127]
177 88 162 97 133 148 153 152 138 110 10 123 109 122 114 124 129 123 90 94 112 159 148 163 158 145 147 129 98 64 10 12 11 53 49 33 19 26 15 0 1 0 0 17 17 17 9 0 0 0 0 0 0 6 20 12 18 35 38 40 55 70 28 45 20 37 28 43 36 31 45 50 17 20 24 24 44 41 59 37 46 22 30 25 12 38 33 22 1 55 34 24 35 33 33 0
92 108 83 141 160 145 109 143 96 120 134 124 156 139 113 108 131 162 149 171 139 142 155 146 132 136 139 163 156 130 105 98 92 10 80 58 99 37 37 37 0 0 14 0 0 0 0 1 0 0 20 0 0 0 0 0 22 31 32 31 42 71 53 29 30 37 37 45 0 37 43 32 42 16 39 45 59 79 136 43 29 14 11 21 16 0 5 3 5 11 16 33 57 45 38 0
143 155 138 134 146 144 140 137 107 14 13 79 127 115 108 105 115 138 155 156 145 146 160 145 149 166 155 163 142 141 136 139 126 99 12 37 37 37 37 37 0 0 29 19 7 5 19 19 0 0 0 0 0 0 0 0 6 0 0 14 0 46 34 38 37 23 29 60 52 45 34 0 44 20 27 30 45 81 71 28 29 37 13 26 37 37 13 20 20 41 59 37 26 16 17 15
131 141 189 195 183 146 138 124 98 14 14 14 102 110 146 160 155 152 147 148 140 139 158 176 172 167 174 194 140 159 151 151 144 145 140 119 117 101 37 37 37 37 8 29 22 32 35 2 20 19 13 25 23 21 25 19 12 13 14 31 15 63 41 35 37 37 32 25 0 13 6 2 4 3 10 17 53 54 37 37 37 37 37 37 37 12 18 28 26 26 65 48 29 32 37 37
138 143 161 173 172 162 149 147 149 156 14 96 146 123 137 9 173 170 156 125 135 157 170 186 182 164 175 149 137 161 164 150 145 146 153 149 141 148 134 37 37 0 0 19 25 15 38 0 0 0 26 24 28 0 26 0 0 0 4 4 15 37 47 30 37 28 34 25 21 31 11 34 51 59 59 11 17 31 37 37 37 37 37 37 37 37 24 9 31 5 20 24 17 40 23 42
147 151 162 174 166 164 160 142 140 100 141 141 142 69 8 168 148 163 161 144 151 170 168 158 159 165 180 165 127 78 149 165 151 160 154 151 158 169 168 145 35 30 30 33 27 21 30 0 0 0 0 37 25 24 18 0 0 0 0 0 0 20 44 47 42 27 25 29 24 20 21 18 23 40 48 37 40 34 10 16 42 18 13 36 37 37 14 18 25 28 26 41 48 45 43 30
143 148 151 156 155 157 165 158 152 153 116 109 127 132 122 125 119 131 139 139 140 141 156 154 147 154 122 142 127 93 68 76 187 177 174 166 166 174 176 168 129 63 35 2 0 0 29 29 30 37 37 37 37 37 20 0 0 0 0 0 0 3 10 37 38 18 20 39 36 28 39 26 34 39 35 18 18 43 37 37 37 37 28 34 34 34 37 37 27 31 22 17 39 11 62 44
137 153 155 163 149 142 133 129 128 165 181 162 140 130 119 122 122 126 135 141 138 134 151 166 158 152 139 83 81 128 115 66 196 179 180 177 184 185 166 165 152 110 91 0 37 0 33 31 37 37 37 37 37 37 24 0 0 0 8 20 25 27 23 19 14 24 38 17 30 20 16 18 29 47 41 4 7 32 37 37 37 37 37 33 23 37 37 27 37 22 25 46 8 4 23 35
114 135 146 157 146 140 141 139 127 154 175 172 155 143 135 130 103 99 122 128 145 150 147 143 140 122 115 96 64 56 146 192 199 181 177 189 189 174 174 171 167 167 159 128 79 0 37 37 37 37 37 37 37 37 22 22 0 0 0 18 32 17 11 5 1 0 1 0 15 40 37 37 37 37 31 15 7 39 37 37 37 31 26 37 21 25 25 47 36 27 18 30 31 29 10 24
115 150 138 59 99 137 142 134 117 115 151 143 153 135 144 147 125 112 132 143 159 147 138 143 145 136 129 68 112 117 102 135 175 181 180 196 188 180 166 153 177 176 163 153 124 109 106 96 103 94 0 37 37 37 0 0 0 0 0 0 0 24 37 37 37 14 37 37 37 31 39 9 7 37 14 19 20 35 37 37 27 46 25 19 33 37 37 33 35 14 13 5 0 3 44 33
130 130 112 78 84 126 144 153 148 123 116 144 147 122 116 109 130 118 127 146 160 158 147 149 156 149 110 113 94 103 102 140 168 187 180 188 202 190 174 173 168 169 164 162 155 143 139 137 150 146 120 7 0 0 37 17 0 0 0 0 20 41 37 37 37 14 37 37 2 32 37 37 11 37 0 0 27 11 31 31 4 11 27 14 35 34 31 9 30 21 9 4 0 9 27 41
127 129 135 121 123 137 144 145 142 133 125 146 125 92 64 108 132 130 147 149 158 154 139 138 148 153 139 133 111 97 117 134 173 198 189 183 196 180 170 181 190 179 152 156 163 144 143 148 162 164 150 136 92 23 10 37 37 0 0 0 0 7 37 37 37 0 37 37 23 37 39 37 37 37 37 0 29 21 8 2 0 9 30 24 37 37 26 37 45 16 5 0 16 32 31 22
120 122 141 157 144 140 129 122 138 136 117 98 97 101 93 114 133 156 151 148 165 155 138 129 139 161 157 139 107 78 121 165 179 190 196 190 198 199 185 170 172 183 173 163 162 145 123 147 158 181 150 147 129 103 63 37 37 37 0 0 37 8 22 22 9 0 29 37 34 28 38 37 37 37 37 0 0 0 0 0 0 0 0 37 37 37 19 37 11 29 19 39 32 27 28 26
117 128 115 131 136 122 117 129 137 125 96 102 105 101 105 124 133 128 136 150 161 150 158 149 142 145 141 134 113 99 123 150 164 165 173 165 180 194 183 149 137 154 159 147 143 134 140 161 169 143 123 126 127 122 83 71 95 103 37 0 27 0 0 0 7 0 26 32 35 37 17 2 9 10 37 0 37 37 37 37 0 0 6 37 37 37 37 37 29 28 2 25 30 32 31 21
98 89 89 105 106 104 117 120 121 133 107 122 126 102 84 100 127 104 73 127 135 154 158 149 140 147 156 153 137 134 180 209 126 136 144 162 170 188 188 162 143 136 158 149 132 156 172 161 158 154 147 149 147 132 101 70 84 139 148 151 161 167 153 55 48 118 114 98 9 19 34 43 37 19 0 37 37 37 29 37 37 37 37 15 18 25 21 9 29 37 18 32 27 21 36 13
110 103 96 91 90 102 105 102 108 116 98 90 105 113 108 110 121 115 114 124 151 152 142 149 147 144 141 137 141 105 76 85 119 142 132 154 168 174 184 172 151 133 158 161 155 169 171 169 170 167 152 147 136 128 130 96 99 151 162 167 168 172 155 132 134 147 140 140 154 144 70 26 32 36 27 30 43 37 18 16 18 14 10 15 37 12 37 37 33 37 0 35 22 0 8 33
106 92 93 96 107 110 88 66 77 94 117 76 74 112 134 120 130 137 135 138 142 146 134 143 150 145 149 147 108 115 117 100 152 165 94 177 160 153 186 186 158 141 166 150 149 157 159 170 177 171 151 141 139 133 124 129 137 152 155 155 160 161 153 146 137 130 128 117 102 101 99 41 33 31 19 12 17 24 37 37 37 37 37 37 37 0 3 0 37 0 36 22 16 0 0 0
89 92 109 111 107 114 107 85 84 110 116 79 70 92 118 96 105 125 125 123 138 166 163 142 159 160 166 147 134 131 128 150 171 167 146 59 174 165 165 173 134 129 148 118 135 162 161 163 179 175 176 176 158 126 110 125 156 163 172 164 154 158 146 139 141 114 101 88 63 54 61 53 34 19 19 37 37 0 37 37 37 0 0 37 0 14 16 0 42 39 0 0 0 0 0 0
144 99 107 104 92 92 84 82 80 83 83 75 82 90 92 86 85 111 133 132 116 139 149 142 161 149 125 145 147 147 130 132 152 176 140 147 189 156 145 150 98 109 133 140 156 164 159 147 128 133 136 123 108 66 69 129 183 191 177 169 151 168 172 160 152 119 99 79 86 76 63 72 83 37 37 37 37 13 0 0 37 42 38 36 37 37 38 41 30 0 0 28 22 7 4 0
124 102 91 82 79 88 90 75 73 67 72 87 110 120 84 77 102 114 133 134 124 136 117 121 149 147 149 127 116 132 116 117 137 172 192 197 137 81 73 99 117 120 116 128 156 161 148 122 107 120 116 126 149 159 155 175 182 170 161 137 135 146 176 187 165 125 88 93 142 130 115 109 100 112 51 22 23 26 37 13 28 18 15 31 35 36 32 9 2 0 0 0 26 0 0 0
99 83 80 81 79 80 94 80 60 83 91 97 89 99 101 98 106 117 131 133 123 138 124 115 144 119 126 112 101 124 128 132 142 158 174 162 95 197 168 118 130 100 118 141 159 166 161 142 142 150 160 169 158 163 191 193 177 129 108 127 176 173 166 184 178 137 109 132 169 165 146 161 144 117 106 128 127 113 90 88 96 92 77 36 29 18 15 10 0 0 0 0 27 14 0 0
93 79 76 73 71 75 87 86 98 90 85 87 92 98 89 77 90 80 97 107 108 126 154 165 177 118 114 124 120 47 96 155 139 131 115 75 172 64 70 56 89 106 120 151 149 160 166 161 152 139 123 118 121 135 145 157 118 102 99 128 184 183 170 169 167 177 183 183 186 172 158 162 164 152 126 144 159 159 149 151 156 164 123 109 69 23 12 13 20 6 6 0 11 58 66 75
134 114 87 74 73 75 97 98 104 94 84 94 101 106 104 96 89 80 91 101 107 130 137 148 123 127 120 95 44 33 113 129 118 116 94 134 154 44 46 153 82 126 127 162 143 145 139 117 116 131 132 121 114 120 126 139 126 104 118 170 192 181 164 144 150 176 184 187 185 170 169 175 174 167 157 154 164 168 166 180 159 145 138 136 109 61 47 43 42 43 46 51 63 85 74 53
125 105 93 100 100 97 83 87 88 94 95 96 107 120 133 132 106 107 71 83 106 130 140 134 120 134 131 122 107 106 124 139 136 145 137 113 106 83 151 56 54 135 129 95 85 117 107 113 125 139 141 135 130 131 106 104 112 119 160 181 180 169 142 141 157 183 184 180 179 176 165 179 179 173 177 172 169 169 165 151 159 109 118 144 148 133 91 72 69 66 62 62 82 117 121 110
84 89 87 90 85 83 87 90 85 85 102 104 105 110 123 122 109 97 64 66 91 105 113 114 105 118 60 56 117 129 145 145 138 151 148 136 109 119 106 130 117 143 149 99 95 126 117 116 130 143 147 147 138 135 127 110 114 149 174 165 148 148 148 155 174 182 177 181 171 163 150 165 182 168 150 166 188 189 191 165 153 152 158 149 153 160 113 121 132 118 124 139 137 171 175 173
82 77 74 70 86 96 91 85 86 82 96 97 89 93 110 112 105 103 100 97 76 68 79 92 108 106 59 115 123 149 103 112 126 157 183 78 80 102 158 151 142 131 141 141 116 110 116 108 109 153 151 142 136 127 126 139 141 157 164 162 143 148 159 176 171 177 191 156 144 149 154 152 139 148 136 167 183 175 176 166 144 146 155 157 123 132 124 141 144 133 139 141 141 180 172 173
79 74 74 66 73 87 91 80 70 80 78 94 94 97 100 98 112 104 105 113 113 114 106 119 127 133 121 122 122 119 100 103 98 122 125 147 145 155 177 162 144 137 118 106 100 111 114 67 113 124 118 108 116 115 121 130 128 131 139 149 153 160 164 176 174 178 188 154 146 145 73 151 59 166 169 184 183 176 168 152 119 159 162 167 177 169 143 129 102 103 115 129 175 168 158 168
79 80 82 72 84 84 73 74 73 75 89 93 97 96 96 106 115 113 92 124 133 122 110 120 125 121 115 112 103 106 125 39 65 30 29 118 126 121 112 127 138 136 127 122 115 108 112 72 70 91 65 37 44 77 122 135 139 118 112 132 153 156 165 180 185 187 179 132 118 69 64 121 131 148 177 204 208 214 180 87 111 137 176 196 192 162 126 103 83 87 190 190 187 177 173 175
83 84 79 95 99 90 73 73 80 83 80 95 96 82 95 104 113 113 112 127 133 140 127 125 131 117 109 109 107 105 116 125 55 124 106 119 133 136 124 125 140 151 151 148 142 133 124 124 124 106 50 0 0 94 129 150 154 144 130 135 136 148 172 183 188 188 179 139 133 71 71 74 169 175 104 162 75 74 87 100 103 104 155 149 128 119 100 88 88 154 94 88 105 175 160 184
102 76 89 111 97 87 83 75 74 75 70 102 103 97 108 124 109 112 135 136 128 143 138 97 94 125 114 108 105 89 101 128 78 76 95 115 148 164 151 130 138 147 146 145 135 133 100 119 104 83 51 37 76 111 148 136 127 153 145 139 135 142 168 182 184 188 189 190 203 221 202 171 141 146 183 181 67 60 64 71 151 81 81 171 134 52 85 72 86 93 67 98 80 158 168 165
104 92 96 94 81 96 105 88 82 81 76 87 114 125 132 144 149 127 119 141 123 117 150 119 124 150 117 98 93 82 88 135 141 57 82 134 147 152 156 147 141 132 127 135 122 102 118 121 112 97 61 56 90 107 96 108 130 132 140 132 123 143 171 168 176 167 169 197 218 199 186 167 140 141 140 157 162 78 142 148 73 98 94 78 122 88 92 175 181 169 163 82 108 162 180 168
92 105 106 98 91 90 100 99 88 90 93 93 99 110 137 158 177 139 138 140 133 120 106 146 148 138 136 108 94 103 113 121 148 176 100 64 132 141 143 150 153 148 147 147 121 121 100 91 90 51 19 51 110 108 114 127 131 141 151 151 142 149 167 174 178 179 193 236 197 172 160 174 161 169 164 167 165 145 175 177 95 111 99 103 113 121 139 167 97 80 86 133 149 153 144 157
93 101 104 100 89 89 91 91 85 89 106 109 110 123 138 146 147 141 125 121 116 109 83 91 101 103 110 118 109 111 132 133 116 109 50 137 129 118 153 158 160 149 141 155 146 120 71 63 39 0 0 72 118 132 137 138 135 127 128 139 116 122 152 185 187 209 250 173 174 166 146 92 173 177 153 109 136 67 250 194 146 123 101 104 111 146 187 95 64 156 148 118 164 113 93 120
97 86 87 103 88 81 99 103 83 84 95 107 106 132 131 152 151 150 121 106 100 101 96 115 111 88 100 88 110 91 102 130 74 139 139 123 114 125 124 142 141 134 123 129 124 122 102 39 43 68 104 130 126 134 127 105 97 101 104 102 101 110 131 161 197 217 212 142 153 149 151 107 198 183 169 143 150 78 91 118 97 109 110 107 116 183 109 124 167 172 93 147 140 134 145 157
126 112 91 112 105 99 109 95 83 92 94 100 155 124 130 134 131 111 94 82 123 120 89 77 81 79 78 113 89 115 109 105 135 120 106 104 68 156 110 143 131 117 111 114 109 91 63 44 78 86 86 97 96 114 107 100 102 98 74 74 120 140 134 134 157 151 143 138 138 129 106 139 180 170 169 182 201 126 114 108 57 150 121 127 174 173 150 155 175 147 167 165 156 150 144 169
132 114 104 98 107 136 129 125 115 107 132 147 112 82 94 128 144 136 113 88 114 162 142 93 80 88 98 114 111 127 123 97 94 77 75 85 78 117 143 143 120 107 104 106 97 80 61 52 67 70 67 81 101 106 118 140 122 91 87 102 106 125 118 131 135 127 136 145 166 181 174 161 163 164 194 220 190 145 145 143 148 128 119 142 82 96 72 131 177 164 144 154 150 150 157 168
107 99 122 110 104 93 115 111 121 122 97 75 107 81 99 126 136 113 116 119 113 116 122 101 84 88 95 114 123 139 139 124 88 138 153 138 55 98 129 112 87 93 95 91 92 107 63 0 45 73 62 66 84 93 108 113 118 131 141 115 101 107 106 110 114 123 156 186 190 174 173 173 157 169 221 206 142 131 124 135 145 156 142 124 101 134 63 63 147 156 135 144 148 142 149 163
94 73 86 101 104 88 116 104 101 111 85 90 102 97 88 93 89 100 105 90 101 97 89 94 87 87 79 93 127 143 121 139 128 131 128 112 69 99 109 120 102 92 87 83 101 88 30 0 0 100 89 65 74 91 114 112 97 88 88 83 83 85 88 99 101 112 129 144 137 131 144 152 151 179 195 181 141 125 124 141 144 149 155 139 130 129 113 102 131 144 147 149 144 150 163 170
80 77 87 96 109 137 137 122 126 109 105 92 101 96 110 122 105 100 93 83 85 90 89 105 104 98 76 79 103 133 144 142 131 117 121 137 131 124 112 112 102 91 87 84 102 74 22 14 102 138 122 102 91 86 83 92 89 80 83 87 86 79 91 97 91 85 88 90 110 124 121 127 143 147 147 144 141 118 125 138 144 137 99 98 115 133 118 140 142 134 142 140 136 136 156 174
101 76 94 111 110 132 138 137 134 132 138 108 106 107 107 118 112 101 98 93 112 95 98 115 124 109 102 111 119 106 116 139 138 128 116 123 118 127 100 94 99 97 93 97 98 57 28 113 146 146 106 108 134 133 111 89 82 77 69 73 75 78 83 91 97 100 86 93 114 138 147 140 127 124 122 119 121 134 153 155 103 102 108 79 110 99 177 183 172 145 131 124 147 162 164 178
109 79 89 119 119 122 117 128 118 117 124 150 142 105 90 87 93 99 110 115 112 102 104 102 126 127 140 131 117 111 110 150 142 117 127 110 87 114 115 101 94 101 96 97 78 19 87 127 124 112 90 96 118 116 95 98 102 99 96 94 87 72 79 86 95 105 91 89 103 132 137 120 116 119 119 135 150 149 149 166 170 164 172 101 82 155 160 150 169 151 114 85 129 156 164 172
115 111 114 122 114 114 104 109 86 105 127 128 109 109 91 78 108 113 115 111 99 99 102 113 124 114 134 132 110 102 114 146 169 125 107 113 126 153 166 119 88 96 96 70 53 83 91 104 121 112 103 95 127 99 72 72 70 83 109 116 105 82 75 81 106 96 95 71 80 94 97 107 124 131 135 141 155 152 145 145 143 145 166 179 139 141 137 124 132 145 126 94 109 140 169 180
158 134 115 118 115 101 91 92 80 74 85 104 103 106 101 104 102 95 96 96 108 105 97 119 131 122 111 123 107 101 125 141 145 140 121 88 107 127 136 132 122 123 108 107 116 88 82 109 114 98 81 91 91 84 75 60 54 63 73 115 124 105 96 139 145 124 104 91 83 85 79 67 105 114 106 110 128 131 145 118 104 128 139 137 131 121 134 147 143 128 129 138 153 157 165 184
113 131 109 110 110 102 97 101 142 87 75 78 140 147 77 92 100 88 86 98 116 127 104 104 112 120 123 130 121 103 107 119 115 123 97 85 77 124 133 113 126 147 117 97 88 70 69 98 100 77 78 100 99 71 65 56 57 62 63 80 95 91 90 106 131 143 109 113 124 127 125 85 98 98 96 96 138 126 117 92 79 97 131 135 130 119 130 134 119 116 139 151 157 154 169 185
115 119 117 104 108 105 89 83 112 88 84 84 83 84 78 88 87 81 95 104 110 125 129 120 119 126 143 132 120 124 113 119 120 136 134 135 88 85 88 120 143 121 96 73 72 67 72 89 90 65 69 82 83 75 66 83 75 78 60 94 101 86 85 87 95 123 118 78 100 100 92 88 102 46 114 118 143 128 107 102 92 82 104 138 141 140 136 142 127 115 114 144 149 154 174 152
100 95 91 91 85 87 89 75 84 69 78 84 88 79 83 79 93 103 110 129 130 122 125 120 118 127 136 142 139 125 106 128 166 149 149 136 119 106 98 157 145 119 83 74 92 88 61 85 86 57 62 73 72 76 88 97 91 104 97 84 83 81 87 106 115 120 116 85 84 101 110 81 106 112 119 138 150 140 123 114 105 92 80 103 123 111 123 147 144 125 129 154 165 180 173 120
83 77 74 74 72 79 85 72 85 70 79 85 60 72 79 95 111 113 110 111 123 115 81 81 97 104 112 142 147 128 111 116 133 137 139 132 106 102 111 112 103 89 81 72 76 74 68 85 88 67 78 93 93 95 93 86 86 85 78 72 82 109 120 116 124 85 79 95 109 129 130 130 134 117 105 113 137 148 124 126 140 123 106 110 116 106 133 163 167 181 188 184 174 153 137 112
81 72 66 77 88 107 104 97 96 72 86 83 86 93 103 110 106 87 95 127 122 123 118 94 91 117 146 165 155 129 135 112 101 96 91 103 99 78 94 113 88 75 77 74 71 69 78 95 106 90 97 72 66 80 73 76 82 86 86 75 71 89 118 101 114 112 106 94 98 99 92 104 130 128 133 116 137 125 97 102 133 119 111 125 144 151 137 146 143 144 156 159 146 133 108 96
80 70 65 70 77 92 102 106 109 84 76 76 80 85 82 93 116 89 105 117 116 117 117 133 132 130 152 139 133 120 112 101 101 101 94 97 108 87 93 111 92 81 63 60 62 76 89 104 103 99 90 70 67 61 67 83 87 75 73 76 73 76 77 89 90 97 111 95 84 69 94 98 92 104 109 88 115 111 88 85 93 93 109 120 146 163 114 87 100 120 131 143 152 154 106 84
74 79 88 84 68 64 75 88 80 83 77 75 70 77 86 93 115 133 114 111 119 125 114 126 111 95 104 101 101 104 113 98 93 101 108 103 108 92 87 89 90 95 65 66 77 89 92 96 84 75 82 74 66 64 77 93 85 74 69 69 93 114 88 79 85 89 130 122 112 104 92 84 70 73 96 98 111 127 117 104 102 105 125 136 116 108 98 92 110 111 109 111 116 117 105 87
77 100 112 92 75 67 61 67 60 69 71 72 75 77 83 106 121 118 114 117 122 120 103 95 117 110 107 87 80 91 114 112 89 97 96 80 73 71 75 82 90 97 105 91 83 89 103 113 103 90 83 65 63 69 71 88 91 75 74 86 97 93 78 65 83 79 94 96 91 86 76 74 62 73 79 106 110 98 107 151 153 127 112 116 97 84 84 83 101 99 87 101 88 119 129 111
68 87 111 104 82 65 68 71 64 66 71 75 82 79 74 77 91 94 106 115 131 128 126 99 91 102 111 95 87 100 112 106 83 122 107 82 76 102 106 98 93 106 92 75 81 79 83 78 83 99 84 76 76 69 63 68 74 74 75 78 77 74 67 70 76 76 76 77 65 70 83 82 65 69 72 84 86 62 108 165 134 105 72 66 80 82 73 66 68 80 101 109 99 110 107 101
117 81 83 81 83 70 70 75 71 69 72 75 68 68 68 68 75 91 107 102 102 111 125 105 97 111 105 93 89 93 95 87 98 109 95 79 80 103 126 123 120 87 83 69 68 65 67 68 63 71 82 76 70 64 70 70 72 81 90 103 90 81 73 75 75 81 92 76 87 89 82 79 74 75 84 92 72 81 133 151 109 79 66 65 68 71 71 68 71 82 93 98 89 83 85 93
