examples/data/proba_v_italy_sicily/probav_s10_toc_x19y03_20140801_333m_ndvi_v001.txt
ncols         1127
nrows         589
xllcorner     12.348214285714
yllcorner     36.598214285714
cellsize      0.0029761904761905
NODATA_value  -9999
[rows 102 to 152 of 589, columns 384 to 479 of 1127]
122 121 115 117 120 128 128 123 126 133 133 107 85 94 113 119 132 125 124 134 115 98 79 38 28 32 30 29 28 27 28 27 27 25 25 24 24 24 24 23 24 24 24 23 23 23 23 24 24 24 24 25 24 24 24 24 24 24 24 24 23 24 24 23 24 24 24 24 24 24 22 23 23 23 23 23 23 23 23 23 23 23 23 23 23 23 23 22 22 22 23 22 22 23 23 23
120 115 108 104 115 133 128 128 144 139 102 87 114 128 133 121 113 120 136 146 97 109 103 89 43 27 32 30 29 30 29 27 27 27 27 25 24 23 24 24 23 24 24 24 23 23 22 23 24 25 24 24 24 24 24 24 24 24 24 23 24 24 24 24 24 24 24 24 24 24 24 24 25 23 23 23 23 23 23 23 23 23 24 23 23 23 23 23 23 23 23 23 23 23 23 23
129 112 108 118 132 139 135 132 131 115 96 90 116 125 123 127 122 131 128 102 93 131 137 114 100 73 29 31 33 31 29 28 28 27 27 26 26 24 24 25 25 24 23 24 24 24 24 23 24 24 24 24 24 25 24 24 23 24 24 23 24 24 24 25 24 24 24 24 23 23 24 24 23 23 23 23 24 23 24 23 23 22 23 23 23 23 23 23 23 23 23 23 23 23 23 23
127 117 110 115 117 132 139 125 113 109 113 117 122 126 129 132 126 119 91 61 80 116 126 117 117 105 76 32 29 29 31 29 28 27 27 27 27 26 25 25 24 24 24 23 24 24 23 23 24 23 23 30 24 24 24 24 24 24 24 24 25 24 24 24 24 24 24 24 24 23 24 24 25 25 23 24 24 23 24 23 23 23 23 22 23 23 23 24 24 23 23 23 23 23 24 24
132 126 109 109 110 119 124 122 119 123 128 117 117 128 118 113 115 115 115 100 107 127 129 135 133 122 118 99 70 37 28 26 26 29 28 27 27 27 26 26 26 26 25 24 25 24 23 24 24 23 23 24 24 24 23 24 24 24 24 24 24 24 25 25 25 23 24 23 23 23 24 23 24 24 23 23 23 23 23 24 24 24 24 22 23 23 23 23 23 23 23 23 23 23 24 23
117 123 114 121 122 123 122 124 135 145 141 131 129 132 119 112 126 140 126 121 124 122 132 129 106 102 110 115 114 103 85 80 46 28 28 28 28 28 27 26 26 27 26 24 25 24 24 24 24 24 24 24 24 24 23 24 24 24 24 24 24 24 24 24 24 23 23 23 23 23 23 23 23 23 23 23 23 23 23 23 23 23 23 23 23 23 23 23 23 23 23 23 23 23 23 24
118 127 117 124 130 126 125 117 119 130 128 124 120 115 117 121 131 127 131 131 134 135 134 114 102 115 112 113 113 108 102 107 102 80 30 28 30 28 28 27 27 26 25 26 26 26 25 24 24 22 24 23 23 24 23 24 24 24 24 24 24 24 25 24 25 25 23 23 23 23 24 22 22 22 23 23 23 23 24 24 23 23 24 23 24 24 23 24 24 23 23 23 24 23 23 23
116 124 124 129 134 120 115 115 111 120 131 119 105 105 135 146 144 132 122 125 135 137 127 131 131 125 123 118 111 110 109 115 117 108 100 90 101 86 29 28 29 28 26 26 26 25 24 24 24 24 24 24 24 24 22 24 24 23 23 24 24 24 24 24 24 24 24 23 23 22 23 23 24 24 22 23 24 23 24 24 24 24 23 23 23 23 24 23 24 24 24 24 23 23 23 24
119 124 132 143 140 135 128 126 130 127 130 137 133 119 139 144 144 133 124 114 125 138 131 142 138 126 121 119 110 109 117 114 116 115 117 120 116 114 107 32 28 29 29 27 26 26 25 25 26 24 24 24 24 23 23 24 24 22 22 22 23 23 24 24 23 24 24 24 23 23 23 24 24 23 23 23 23 24 23 23 24 25 24 23 23 24 24 23 23 24 24 23 23 23 24 23
126 129 136 149 145 142 141 132 129 139 146 149 135 103 117 128 131 134 136 123 126 127 125 127 126 125 136 135 108 88 110 111 102 113 118 117 119 129 136 123 83 28 27 27 28 26 26 26 26 25 25 25 24 23 23 22 22 23 23 23 23 23 23 23 23 25 24 24 24 23 24 23 23 23 23 23 23 23 24 24 23 24 25 23 23 23 23 23 23 24 24 24 23 24 25 24
132 134 137 144 139 139 144 139 138 148 160 152 139 106 110 122 116 116 121 120 124 114 127 123 104 100 99 92 83 85 109 115 106 111 122 124 124 134 140 136 112 69 41 32 31 29 28 28 27 25 25 24 25 24 24 22 23 23 23 23 23 23 24 23 23 25 24 23 23 23 25 23 23 23 23 23 22 22 23 23 24 24 24 23 23 23 23 24 23 23 23 24 24 24 24 25
141 146 150 152 144 135 127 126 130 150 158 150 138 121 110 113 115 119 127 131 126 107 119 132 120 112 92 83 81 85 116 135 137 133 138 130 137 147 130 129 124 92 78 35 27 29 29 29 29 28 26 25 25 25 25 24 23 24 23 22 23 23 23 23 23 23 24 23 23 23 24 23 23 23 23 23 23 23 23 23 23 23 23 23 23 23 23 23 23 23 23 24 24 24 25 25
131 139 139 147 151 148 142 139 124 140 151 158 153 126 114 113 110 116 125 131 132 119 119 111 108 89 79 74 69 70 88 126 147 141 135 135 132 135 134 136 143 141 136 114 76 27 26 27 28 28 28 28 26 27 26 24 24 24 23 24 23 23 21 21 23 24 23 23 23 23 23 23 23 23 23 23 23 23 23 23 23 23 24 23 23 24 24 23 24 24 23 23 25 25 24 23
134 146 132 114 122 136 133 128 123 117 141 160 163 123 107 133 116 116 124 131 140 133 124 124 112 108 100 86 70 66 67 85 107 117 120 136 142 142 138 124 139 146 137 128 108 91 83 73 90 88 28 27 29 27 27 26 24 24 25 24 24 23 21 21 22 22 21 23 23 23 23 23 24 24 23 23 23 23 22 22 22 23 24 23 23 23 23 23 23 25 25 23 23 23 24 23
139 139 129 100 96 119 135 145 132 107 114 123 121 96 103 127 118 119 125 137 143 138 132 136 135 138 92 84 75 70 69 78 107 128 125 126 143 155 147 143 141 144 134 128 128 120 116 112 116 116 102 37 26 29 28 27 25 27 26 24 25 25 23 23 23 22 21 22 21 22 23 23 22 23 23 21 23 23 22 21 21 22 21 23 23 23 23 23 23 25 23 23 23 25 23 23
132 133 130 129 127 136 128 119 125 127 130 125 116 97 90 112 118 120 129 137 134 140 125 121 124 129 120 109 94 84 80 98 136 155 140 131 140 140 139 153 148 142 128 127 137 120 115 125 135 134 124 116 93 29 28 29 29 28 26 26 25 28 27 24 23 23 23 23 22 23 23 23 23 22 21 21 21 21 21 21 21 23 23 21 22 23 23 23 23 23 23 23 23 23 21 22
134 130 133 139 139 136 118 109 120 128 105 89 98 96 83 96 120 136 144 144 140 137 115 106 114 133 129 121 91 80 96 110 129 143 143 137 141 142 144 141 129 136 137 129 129 117 104 121 133 127 121 121 115 95 72 32 29 29 27 28 28 29 28 27 26 25 25 25 24 24 23 23 22 21 22 23 22 21 20 21 21 22 23 23 22 23 22 24 22 23 23 22 22 22 21 21
138 114 104 118 124 122 118 128 132 128 108 114 116 102 90 103 117 115 125 133 135 128 133 129 120 121 119 117 97 87 102 123 126 124 128 126 131 144 152 127 116 131 136 123 110 113 116 128 135 121 100 105 104 97 81 70 82 102 31 27 26 27 27 25 29 27 25 25 26 26 23 24 23 23 23 23 23 22 22 22 20 21 23 23 23 22 22 23 23 23 23 23 22 22 22 21
117 104 92 93 95 109 120 123 117 121 104 114 116 95 84 98 118 112 115 124 130 125 128 128 110 117 124 129 116 107 140 161 136 114 116 123 134 150 162 141 122 115 130 127 104 114 131 123 116 119 120 121 116 102 81 61 71 106 120 120 127 132 124 98 70 91 88 71 25 23 25 25 25 23 23 23 23 23 23 22 22 22 23 23 23 23 23 21 23 23 23 23 22 22 23 22
135 118 109 102 101 109 106 97 100 112 98 92 103 110 112 108 113 110 113 122 131 123 113 117 116 118 117 107 119 115 112 109 102 106 116 123 130 135 139 141 136 119 132 141 132 136 137 130 112 117 121 115 104 93 89 80 80 112 121 121 118 128 122 112 120 139 128 112 116 110 66 30 27 30 29 27 23 22 23 23 23 23 23 22 23 23 22 21 21 21 23 23 24 22 24 22
124 110 113 115 119 123 107 81 82 107 110 84 78 99 125 103 110 118 114 133 140 129 108 108 117 115 111 106 119 105 92 113 110 126 149 149 143 136 136 150 149 134 147 137 134 132 127 140 142 137 117 101 92 85 85 94 103 109 104 102 111 120 124 126 127 115 97 103 106 98 86 40 20 23 26 28 24 23 24 25 22 23 23 23 23 23 23 22 22 22 24 24 23 23 23 24
115 97 116 123 110 119 111 91 84 102 109 94 87 92 108 86 90 111 103 109 125 138 127 106 107 115 116 108 100 102 101 123 136 144 143 156 169 162 148 158 145 129 129 116 124 140 140 135 157 153 143 131 112 90 86 100 121 124 114 108 106 110 114 110 117 97 80 75 61 55 60 50 32 25 23 25 22 22 23 24 25 24 23 23 23 23 24 24 23 22 22 22 22 22 23 23
122 113 118 115 103 106 100 85 79 82 84 80 83 85 85 83 86 96 108 101 117 125 129 114 111 100 88 100 112 114 103 108 130 150 134 144 168 160 138 142 135 132 131 133 148 141 137 137 128 123 117 107 97 62 59 105 132 129 123 117 106 120 136 127 119 99 82 69 70 60 57 61 56 33 23 23 24 24 25 26 27 26 26 24 23 23 24 24 24 23 22 23 23 25 24 23
117 112 108 105 111 119 113 94 93 81 77 80 96 109 91 86 90 95 111 101 115 119 121 116 112 105 111 110 101 109 104 99 112 148 179 195 191 174 148 131 123 119 124 128 135 144 138 118 108 110 110 107 120 111 110 131 135 124 121 121 118 117 128 138 124 96 78 71 93 96 90 87 71 77 60 28 29 26 26 26 25 25 27 25 24 26 25 26 26 24 23 25 24 24 24 24
114 93 96 107 104 101 112 99 78 84 92 87 90 97 92 93 88 94 105 115 108 117 123 120 110 109 113 108 97 98 96 96 107 139 170 200 185 176 168 143 121 107 126 142 153 154 150 134 123 120 122 125 131 141 143 135 124 101 99 105 128 123 127 136 133 108 89 91 113 115 109 124 108 95 81 102 105 97 86 83 89 81 72 37 26 28 27 27 27 27 26 25 25 22 21 22
113 99 96 94 89 87 101 107 90 85 80 78 81 87 94 82 83 93 99 111 104 105 122 129 126 120 106 102 105 101 104 117 112 103 124 168 182 169 165 150 126 110 135 163 146 144 148 147 131 115 120 109 98 107 117 113 99 96 92 102 148 137 125 129 134 140 139 130 133 123 116 124 122 115 100 115 130 123 121 122 124 129 133 121 88 23 22 23 22 25 27 22 37 62 70 64
151 132 100 86 88 90 86 90 99 90 77 82 86 92 94 88 91 93 92 101 101 110 110 123 130 130 120 112 115 110 112 113 96 94 101 133 164 170 167 159 137 128 147 163 149 137 126 112 104 110 119 108 92 92 98 104 100 97 99 127 141 137 124 111 115 132 130 125 136 122 123 128 127 125 121 125 137 132 128 135 125 113 123 124 110 70 47 40 42 42 46 52 58 76 70 48
127 113 97 91 99 94 79 82 93 95 88 84 87 95 107 108 103 95 87 88 96 115 100 113 121 134 134 129 113 102 108 112 104 98 97 96 115 148 174 169 147 148 160 145 134 123 108 103 115 120 124 115 101 101 102 110 110 107 121 142 147 142 125 116 121 138 136 125 125 126 122 128 131 128 134 138 133 125 123 115 115 98 115 125 126 114 97 76 67 57 50 51 79 101 95 83
102 103 98 95 88 85 89 92 92 81 85 94 97 100 112 107 96 88 85 88 100 114 113 106 112 122 125 127 125 127 135 124 115 112 100 102 111 133 149 158 142 137 146 138 122 120 119 109 122 126 125 129 122 113 107 107 110 115 128 132 127 124 121 124 137 142 130 130 119 116 109 117 130 120 117 132 146 134 132 118 115 119 130 127 129 136 140 145 148 143 140 140 135 136 131 128
96 93 92 86 84 87 89 81 74 68 84 99 89 86 96 107 98 86 91 94 106 110 110 101 102 107 110 118 130 142 128 107 105 125 135 139 152 176 188 181 158 138 135 135 121 120 118 102 104 114 126 125 113 109 109 125 131 133 130 128 117 122 125 135 136 134 138 134 107 115 129 129 131 122 112 130 140 130 133 125 112 108 119 125 133 136 132 141 142 136 137 141 145 146 137 139
93 88 86 85 97 104 96 86 77 79 91 98 91 89 96 91 94 101 88 91 113 107 105 107 111 107 105 111 116 119 120 118 111 119 139 144 154 153 163 162 153 133 119 111 108 112 118 109 105 112 107 91 93 100 103 111 108 110 117 117 117 129 126 135 142 139 147 140 126 130 140 140 135 140 141 143 148 142 139 127 123 131 133 138 148 143 129 133 125 139 151 144 140 139 127 135
88 91 95 87 97 101 84 80 83 87 93 96 96 95 100 96 101 105 96 100 121 128 112 113 108 110 102 96 98 109 125 138 137 143 128 128 130 121 113 123 131 131 127 123 118 116 129 138 117 96 74 29 29 90 102 113 120 108 105 114 121 130 123 116 136 153 145 137 113 114 113 114 118 124 126 136 151 161 160 151 157 162 149 157 162 135 128 121 117 138 149 144 140 144 135 124
88 83 86 107 112 96 82 87 95 97 95 100 100 92 93 92 100 108 107 124 115 130 130 110 116 104 98 94 96 106 119 132 156 151 123 131 140 139 124 124 133 139 138 137 133 143 151 135 119 90 43 28 27 85 110 128 136 134 126 125 122 122 130 123 131 149 139 129 123 123 126 122 116 100 106 111 123 130 142 159 154 144 150 148 136 121 117 117 117 127 132 137 140 143 131 138
109 97 100 114 102 95 89 86 88 89 90 102 105 103 101 102 102 104 115 119 109 113 135 119 119 120 98 96 100 100 111 137 162 133 117 136 160 169 156 132 135 139 131 130 129 129 126 115 101 91 56 25 81 105 107 106 109 116 130 120 118 118 137 145 150 148 140 137 139 140 150 138 104 93 121 135 124 110 135 152 145 155 155 167 140 125 122 135 161 169 151 125 111 120 129 133
107 103 104 100 92 106 107 95 91 93 93 96 97 100 117 122 124 114 129 131 136 157 146 150 140 159 114 98 96 101 117 153 167 140 125 146 160 164 158 150 143 136 135 132 129 115 115 115 102 81 27 24 84 105 90 95 116 118 130 119 102 116 146 143 144 138 137 156 165 152 145 140 104 105 109 128 130 101 114 117 132 177 128 123 124 118 121 138 175 178 164 120 85 113 131 134
105 109 111 109 105 98 102 101 94 95 102 103 83 90 120 134 139 131 136 135 142 167 155 148 158 154 142 113 99 99 107 125 154 174 173 165 159 150 149 154 157 152 149 150 136 121 105 98 88 39 19 49 101 105 105 119 122 120 132 138 139 147 149 141 142 143 150 180 183 156 136 141 129 132 117 114 110 102 138 137 137 108 101 96 99 106 114 141 168 180 170 143 119 118 106 114
107 105 107 110 99 90 94 100 93 94 109 114 92 100 120 127 133 136 124 118 124 145 151 151 142 152 128 111 111 110 124 128 159 180 186 166 152 157 162 166 163 148 138 156 149 140 116 74 27 19 24 78 107 116 124 127 123 117 124 151 145 139 148 158 156 171 188 191 192 179 153 151 145 136 131 105 101 136 176 144 128 116 113 114 112 114 158 143 132 147 144 141 136 99 77 86
102 95 95 100 92 86 93 97 92 88 98 116 120 117 113 125 137 132 118 102 96 99 97 111 111 133 135 129 137 107 109 127 155 163 159 143 127 136 150 151 148 140 127 135 123 108 92 18 52 85 99 117 117 141 131 116 102 91 99 98 96 95 109 130 165 186 183 163 166 157 139 141 143 147 134 106 108 163 155 134 122 133 137 138 149 161 174 157 142 149 161 144 119 92 82 97
130 118 97 98 100 93 93 98 94 97 98 109 115 119 127 126 119 114 103 90 118 138 114 95 94 112 136 135 132 112 106 116 135 141 134 133 132 141 156 162 149 132 125 130 118 93 71 45 83 90 90 95 103 117 115 105 100 106 89 72 105 126 117 109 141 134 128 121 124 131 128 137 139 133 124 134 160 144 147 128 128 151 164 166 164 159 141 133 152 164 156 142 116 95 83 87
97 108 113 111 118 107 96 102 102 108 107 97 95 93 107 125 133 135 121 111 134 180 169 118 99 103 116 133 122 118 113 108 111 111 102 93 104 138 160 148 128 120 116 117 104 87 69 19 77 74 67 77 99 109 117 133 131 107 88 92 101 115 104 105 114 116 117 119 131 144 136 122 125 123 142 190 175 162 162 139 154 170 173 172 166 159 153 148 135 125 114 104 96 83 74 76
91 95 111 107 105 99 92 90 95 96 99 85 84 100 112 120 111 107 107 126 139 140 137 118 103 106 106 127 142 136 134 132 116 121 144 145 122 120 140 125 104 109 111 113 115 106 76 17 43 71 66 75 90 95 106 109 117 126 142 119 91 95 95 97 104 106 124 148 169 166 146 137 113 120 176 166 153 139 136 141 151 165 160 136 130 143 156 158 131 104 103 105 103 105 103 90
80 81 94 101 99 94 88 81 89 96 91 95 107 104 102 89 87 103 99 114 124 120 108 106 101 101 83 103 139 165 157 139 124 123 159 160 128 113 121 120 111 108 104 106 111 101 32 11 19 88 88 70 75 90 109 111 101 93 92 86 82 83 87 89 92 97 112 124 123 134 133 130 117 140 162 161 153 134 118 136 147 156 168 160 139 120 128 134 121 112 114 109 103 99 96 94
84 77 88 95 87 102 101 88 99 104 99 96 104 106 110 110 113 109 97 106 105 105 108 121 119 111 87 82 121 136 158 161 150 136 127 135 129 120 113 116 118 110 107 106 107 88 24 0 93 129 120 108 93 87 92 97 94 93 93 92 89 81 84 92 93 91 84 79 87 108 112 107 117 114 132 139 131 117 122 145 161 164 163 164 158 141 126 131 114 100 103 105 104 93 89 102
95 91 103 111 114 116 114 110 106 102 114 132 124 105 97 109 118 107 101 110 118 114 112 126 135 125 122 121 124 118 131 152 153 141 129 118 117 127 112 102 112 117 106 109 112 76 42 102 137 146 118 107 131 134 116 95 88 87 87 84 83 77 82 88 88 93 87 82 102 113 114 139 120 107 110 117 118 118 125 137 146 160 158 138 124 115 122 138 142 114 98 96 99 92 101 105
98 96 98 124 135 135 123 112 103 91 104 132 133 116 100 95 97 100 104 115 119 115 112 116 128 129 138 139 121 125 126 146 162 130 120 118 97 105 119 112 111 124 119 108 87 25 98 133 134 127 111 89 112 110 105 100 103 104 99 95 94 83 90 94 85 87 86 82 87 110 130 131 115 115 113 120 131 135 134 146 152 145 149 128 105 113 122 128 136 120 91 75 90 101 98 84
111 144 143 133 125 129 120 104 103 97 105 114 124 124 105 97 107 112 112 117 119 122 121 124 129 122 129 138 111 108 120 143 160 134 102 101 111 136 156 142 111 115 113 63 11 76 96 107 124 122 93 96 127 113 85 82 77 90 109 108 110 89 79 75 72 84 86 78 70 93 110 102 107 116 123 127 139 145 131 124 125 125 129 129 105 101 97 81 84 98 97 81 76 87 93 93
127 134 133 132 122 111 114 112 102 93 95 102 111 120 115 109 113 106 101 102 114 130 119 121 129 125 117 123 112 105 111 132 134 130 114 102 106 124 138 147 134 116 91 75 107 97 88 112 121 110 88 95 106 98 85 73 73 76 86 110 121 107 97 115 127 111 91 79 74 86 92 85 100 113 116 116 117 118 124 102 80 85 95 105 96 84 86 88 87 89 86 84 90 98 97 96
118 118 115 119 113 108 107 110 121 107 92 99 104 102 97 97 100 93 92 97 108 126 123 116 118 124 129 129 129 114 111 122 119 112 107 106 103 115 131 133 139 141 135 112 93 87 83 104 111 90 84 92 100 86 82 74 74 75 73 83 92 95 97 104 133 137 105 96 106 115 119 101 99 108 107 111 124 116 109 96 79 69 70 81 90 98 101 90 79 72 70 72 84 98 110 109
98 95 102 113 109 106 98 96 113 107 98 103 109 106 94 89 84 81 93 105 106 122 134 134 136 139 147 138 128 129 128 134 136 123 114 118 118 108 104 116 139 128 112 89 82 85 78 94 101 83 82 95 98 86 83 87 86 86 89 94 102 94 93 93 103 125 105 80 93 105 112 111 110 113 104 101 124 119 93 83 81 72 70 70 81 94 90 87 80 77 75 75 79 94 117 111
90 102 103 101 91 94 101 91 86 90 96 102 99 89 87 86 98 104 103 112 125 134 121 114 119 124 130 143 145 128 113 142 160 165 165 151 137 132 125 142 149 125 98 78 94 95 79 92 102 80 79 95 98 88 85 104 100 110 112 100 91 87 89 109 132 132 124 98 84 99 108 93 100 108 116 123 138 128 98 85 84 80 74 74 75 83 98 103 92 87 84 84 93 120 124 92
94 94 94 87 80 88 106 95 79 81 93 101 99 90 86 95 109 112 105 102 113 114 85 75 87 105 115 143 153 127 116 114 135 154 152 146 127 118 127 142 133 114 108 89 93 92 82 95 107 83 111 131 132 131 102 99 99 100 94 81 83 103 112 111 129 88 86 104 114 131 136 124 127 124 107 110 127 133 106 93 87 79 77 81 85 87 99 119 117 129 135 125 113 102 89 83
