examples/data/proba_v_italy_sicily/probav_s10_toc_x19y03_20150201_333m_ndvi_v001.txt
ncols         1127
nrows         589
xllcorner     12.348214285714
yllcorner     36.598214285714
cellsize      0.0029761904761905
NODATA_value  -9999
[rows 336 to 383 of 589, columns 672 to 767 of 1127]
144 144 136 145 146 140 156 140 137 132 134 137 159 152 146 161 174 156 134 138 122 133 147 126 128 153 156 171 168 174 165 156 172 151 172 185 168 163 170 170 163 145 153 184 190 181 204 195 199 188 172 163 140 140 153 171 191 169 176 200 187 204 199 195 183 221 231 248 221 204 188 188 194 178 192 210 202 196 167 137 148 165 153 194 202 182 168 181 189 187 173 159 170 208 218 200
104 137 129 143 154 150 154 142 140 132 128 132 153 154 155 160 156 132 137 140 142 144 142 120 128 149 142 168 188 184 163 146 166 175 128 126 155 192 186 170 158 183 212 212 218 184 160 177 220 222 176 158 171 204 178 171 192 191 179 208 202 150 199 215 203 214 220 233 207 200 197 194 193 201 192 206 187 182 163 138 173 184 149 161 193 173 150 169 193 205 211 197 187 189 202 211
115 118 121 122 135 163 135 137 142 131 126 175 168 162 155 164 169 148 152 147 159 167 169 161 146 154 170 175 174 169 166 171 172 127 125 113 133 177 179 185 172 179 186 183 190 192 172 158 175 185 156 151 173 199 177 169 173 204 211 227 207 127 191 234 220 198 193 220 208 190 200 202 202 221 210 188 192 213 181 161 186 216 208 165 152 152 143 155 175 207 227 209 170 171 178 197
114 107 99 118 134 153 173 178 192 155 127 137 155 159 166 170 176 172 172 164 161 166 183 178 159 159 174 175 169 173 178 177 166 139 119 125 130 159 194 206 194 172 171 177 188 186 192 196 169 169 173 159 163 172 153 161 171 163 201 229 196 180 192 179 148 164 229 229 222 211 206 220 210 222 217 172 182 186 167 159 163 214 227 186 186 191 188 179 166 139 178 200 186 189 188 193
119 128 108 114 136 137 133 149 166 148 132 120 164 164 172 182 174 166 162 145 150 145 149 163 165 165 190 194 181 170 164 163 158 137 135 166 195 174 186 214 211 191 183 181 184 183 180 186 175 165 182 167 169 168 171 164 153 183 211 225 208 146 181 202 206 200 215 199 205 215 205 190 162 212 208 196 206 202 189 164 131 127 152 164 198 211 212 201 183 157 143 166 184 186 187 180
115 123 113 112 121 136 134 146 178 164 130 130 131 165 163 166 159 158 164 158 148 148 151 163 168 160 174 187 163 176 180 170 171 163 189 181 166 170 185 190 200 213 209 196 181 187 173 182 182 169 178 189 183 187 188 172 154 177 210 229 219 208 209 231 209 198 192 193 188 195 203 177 160 181 192 209 217 203 188 169 146 118 115 179 204 198 209 205 192 197 198 174 181 178 183 157
119 121 126 119 126 144 137 144 180 184 116 127 119 162 155 149 173 188 178 155 145 142 147 146 150 157 152 188 175 175 175 179 169 157 175 182 176 162 154 177 196 196 182 164 157 168 168 177 184 183 180 191 186 205 228 203 189 192 199 214 190 188 203 214 204 183 167 161 164 172 203 185 169 213 237 189 173 198 179 165 163 137 134 183 179 175 180 192 186 188 205 193 194 196 167 163
122 98 114 125 126 143 167 142 154 161 137 140 139 164 150 161 179 192 189 155 154 153 145 147 145 142 137 171 177 181 180 186 165 142 144 154 157 158 153 169 215 225 201 177 160 150 179 180 172 174 174 163 168 188 210 198 205 218 193 188 207 204 200 218 203 193 190 186 149 169 201 220 192 208 221 179 162 176 171 156 166 145 167 182 180 175 175 182 185 196 207 197 196 185 156 160
101 109 116 123 129 158 169 116 178 176 150 155 171 163 137 153 162 161 164 155 156 161 137 123 131 124 137 169 167 173 170 129 93 78 91 149 178 179 168 171 203 219 211 180 192 181 183 175 165 170 180 186 177 175 167 195 199 188 194 198 202 198 192 171 184 191 178 184 156 188 202 188 183 186 216 199 149 160 176 187 178 179 152 132 144 163 159 131 157 148 181 153 132 157 170 163
99 135 137 129 157 204 190 161 147 161 207 215 184 170 138 137 184 162 162 149 141 138 133 130 129 135 136 170 176 176 159 120 92 89 118 149 205 219 208 167 146 175 198 197 191 182 161 170 176 170 185 213 192 186 179 186 206 211 210 188 185 192 193 187 170 186 165 165 184 190 194 199 195 184 190 209 188 170 169 189 146 130 124 158 175 150 132 142 164 159 160 150 138 138 146 158
117 134 142 133 161 219 215 170 176 188 196 237 215 185 173 139 162 160 148 152 149 137 133 140 149 153 141 132 169 166 161 133 145 171 172 197 211 218 206 176 179 191 193 187 183 194 189 189 200 190 172 189 190 193 197 199 200 216 223 214 203 188 171 192 187 174 181 189 229 224 186 170 160 145 141 166 176 162 148 146 147 139 132 162 163 176 131 149 178 164 138 141 160 142 133 135
125 121 142 133 136 170 180 149 146 168 200 234 218 211 194 174 158 143 137 140 135 134 141 136 140 145 136 144 135 137 185 186 197 188 178 176 193 197 173 177 191 198 197 191 188 181 169 175 192 182 172 177 164 172 197 203 197 194 188 183 193 157 172 175 180 182 172 188 189 182 180 169 172 171 174 175 157 131 152 156 157 121 122 133 144 159 137 145 135 106 98 105 161 156 143 155
64 111 116 134 127 145 154 150 179 193 181 178 177 206 189 165 140 126 127 139 132 130 141 163 170 154 159 170 163 143 205 219 214 183 181 179 164 189 192 183 172 174 165 156 173 174 169 179 159 201 211 170 180 185 180 190 208 185 187 169 173 174 167 148 145 175 178 173 140 161 199 190 162 159 173 154 122 136 151 172 151 114 127 135 147 143 139 126 133 107 131 150 137 146 152 156
163 100 126 157 156 143 147 155 178 172 163 153 174 186 146 136 149 137 140 129 121 139 138 146 169 168 169 183 171 193 199 215 217 191 179 189 179 179 181 171 144 147 144 137 163 183 200 179 207 218 203 184 185 199 190 175 180 171 187 204 203 171 157 171 167 193 191 152 153 160 156 160 156 138 143 136 123 124 129 143 144 131 138 138 141 154 163 148 136 136 139 131 122 133 151 150
164 153 153 174 169 141 166 187 171 173 179 165 173 162 162 149 130 131 130 124 138 152 157 154 165 169 162 162 157 180 198 213 216 208 189 199 194 173 165 169 145 140 171 174 183 196 198 215 220 204 208 208 191 205 209 186 163 177 199 196 170 152 156 165 205 214 191 181 182 156 170 182 162 154 145 135 106 127 138 155 161 142 143 138 136 167 189 181 173 147 126 117 122 136 154 160
151 158 162 145 128 141 182 174 158 158 168 185 189 177 171 171 136 135 139 127 146 160 173 182 186 177 161 148 169 185 201 203 198 192 179 189 206 186 175 195 173 147 168 170 183 209 204 219 236 226 218 217 224 201 202 213 188 161 180 179 161 174 162 168 174 171 170 160 144 144 166 165 152 146 155 151 120 135 150 153 160 143 135 140 152 166 170 174 194 181 156 135 135 153 174 173
142 140 141 135 130 137 137 149 164 168 167 174 181 176 153 151 138 159 166 160 182 191 192 180 162 149 173 179 180 182 177 171 175 180 174 177 190 181 198 228 186 154 166 171 209 212 217 221 214 211 219 216 232 213 195 188 189 161 178 163 155 172 177 153 143 120 131 161 149 143 147 141 138 120 134 153 137 124 124 126 160 152 128 153 169 170 168 157 189 206 179 144 140 140 144 172
140 153 154 130 120 133 128 144 140 143 168 175 158 162 152 150 139 153 162 145 178 192 188 182 155 134 113 121 159 159 160 165 170 188 157 121 132 141 185 192 175 171 169 213 185 198 205 199 195 208 214 225 224 206 201 189 169 168 180 145 146 176 189 137 148 140 143 137 119 124 111 135 152 145 144 151 122 121 138 130 169 166 139 151 166 149 136 142 186 200 170 118 139 154 165 181
173 168 143 128 134 140 141 170 156 148 134 153 156 148 139 130 136 151 146 137 170 179 179 203 191 174 180 166 148 154 158 167 156 164 156 119 106 148 185 195 195 196 221 202 209 211 211 215 196 196 179 184 200 202 200 190 190 197 196 187 162 142 130 142 134 124 131 134 136 152 140 120 120 135 138 126 145 161 167 143 153 149 137 133 144 144 142 158 171 176 189 167 153 150 163 165
165 151 136 131 123 114 108 148 169 154 145 135 165 185 170 139 131 188 164 167 180 199 213 200 200 195 214 200 134 138 134 142 157 141 124 126 113 167 216 218 213 214 213 198 196 199 199 203 189 186 174 189 205 203 187 230 237 188 182 194 166 139 134 128 159 152 147 150 164 156 153 156 142 151 146 132 143 156 143 131 133 131 147 184 176 138 160 187 185 142 151 164 182 189 178 178
142 140 142 151 146 127 86 120 167 172 171 152 151 164 154 156 184 198 158 150 126 188 199 190 206 213 221 219 215 224 103 137 160 130 135 162 144 161 215 212 211 211 187 187 198 190 185 186 191 201 197 187 198 194 156 181 220 188 165 160 142 145 138 140 164 151 133 144 147 120 118 162 145 116 121 113 120 137 155 182 189 148 190 216 167 152 154 147 143 132 144 133 140 179 190 154
147 137 142 132 139 136 127 136 154 158 160 136 130 137 143 156 192 219 217 214 205 184 182 204 216 214 214 227 233 229 238 247 247 149 162 174 165 167 185 189 205 205 164 163 206 213 196 173 177 197 203 185 148 181 173 183 192 186 169 167 149 143 121 129 153 142 128 117 121 100 116 152 149 113 144 160 171 145 143 184 194 192 239 245 186 155 156 150 139 135 152 140 119 149 169 128
150 151 158 153 170 165 169 154 152 165 156 154 149 145 145 171 188 166 157 203 213 198 179 209 215 187 191 223 241 239 140 250 152 250 161 170 165 162 160 153 167 195 180 142 151 162 153 159 169 187 180 141 153 144 159 183 199 217 198 183 173 129 142 158 90 148 156 147 140 108 123 135 153 141 154 150 161 153 143 149 149 180 212 222 173 159 170 155 147 133 155 163 145 165 196 207
168 158 178 178 144 166 179 155 149 172 193 199 174 150 141 146 157 144 150 143 134 122 121 130 206 124 108 193 232 134 133 142 155 162 173 186 190 193 189 172 162 160 165 181 190 197 181 170 159 162 147 139 156 165 151 153 193 199 186 187 166 179 76 100 114 130 178 181 161 113 109 160 156 127 149 130 123 136 133 128 130 151 157 153 161 179 191 183 178 165 178 203 190 183 215 228
167 172 182 185 181 172 154 141 140 185 212 200 181 158 153 141 129 102 143 161 149 127 110 120 123 104 52 47 51 132 142 147 150 159 184 187 172 175 194 201 178 159 185 169 129 148 168 138 139 148 148 145 158 170 163 138 139 176 179 175 147 130 139 164 163 148 133 162 167 154 135 123 134 136 161 155 130 132 132 137 146 174 169 158 181 205 209 207 200 212 217 220 210 192 213 230
167 162 161 170 167 167 166 165 170 189 202 203 185 152 149 150 157 152 156 165 165 152 129 121 125 127 65 65 145 147 151 153 146 152 164 166 170 179 186 171 174 175 176 169 157 144 134 134 130 143 151 153 150 153 109 124 130 146 155 136 129 138 138 156 169 163 135 129 129 149 127 119 122 119 132 143 121 128 147 152 138 151 147 138 155 164 168 192 193 175 193 198 222 241 236 237
151 157 170 173 182 184 174 176 183 182 190 207 211 187 143 130 166 195 200 196 186 168 142 133 138 132 76 116 158 152 150 159 164 165 167 178 180 194 197 178 189 197 179 187 194 168 156 128 117 124 135 158 148 126 112 111 126 117 118 124 142 143 139 162 175 170 160 170 152 141 135 123 100 110 132 154 149 147 163 165 155 144 157 134 146 149 171 195 217 220 213 219 227 241 242 242
172 184 198 181 176 173 172 165 171 195 197 210 228 210 183 145 168 177 215 223 205 166 131 129 203 92 86 219 165 158 162 174 176 176 188 184 175 189 180 174 195 187 161 177 199 159 143 144 130 127 122 118 110 121 115 125 117 106 146 142 131 143 147 159 183 178 138 140 143 129 127 144 123 108 124 151 140 166 183 176 155 137 174 182 160 167 182 208 221 216 210 219 234 250 246 250
210 212 204 193 183 180 184 183 184 198 202 219 229 214 194 163 160 185 208 215 210 171 185 183 199 208 219 217 184 178 168 168 162 163 183 185 182 176 178 182 165 174 183 168 161 152 146 143 128 128 125 110 111 122 125 125 136 128 115 120 118 133 123 121 148 164 138 135 140 148 148 150 156 134 119 155 157 132 165 181 175 149 151 175 176 190 209 225 227 210 228 236 239 243 248 231
208 210 210 204 179 170 191 193 199 198 199 209 204 218 217 178 176 188 199 210 196 172 164 157 157 146 178 165 185 202 181 167 172 180 179 196 192 189 197 192 159 164 150 140 132 145 162 125 110 115 117 118 116 128 126 143 161 146 145 147 135 138 147 162 149 136 160 148 141 149 149 142 158 155 137 157 140 122 136 153 167 175 160 172 176 198 213 224 229 242 247 242 238 238 241 237
206 192 203 204 184 168 190 217 216 212 207 195 206 236 223 177 156 168 182 189 188 179 167 148 193 193 202 176 183 186 187 195 199 201 190 186 187 190 195 187 179 168 152 142 144 136 128 133 136 121 106 107 120 134 133 147 161 142 153 160 150 125 153 185 185 149 145 142 146 150 158 158 154 167 155 137 136 134 135 133 184 208 199 154 190 220 234 234 231 239 245 244 233 195 196 243
171 151 180 192 176 163 171 183 183 193 195 178 204 202 184 172 160 168 179 183 179 169 165 162 198 194 204 186 176 186 192 203 196 187 188 184 194 214 199 189 184 167 182 163 131 125 132 140 129 129 128 109 144 139 125 133 143 141 139 152 157 150 142 162 143 126 131 141 149 143 135 138 133 152 169 140 139 141 146 192 203 190 170 177 207 237 232 216 206 217 241 243 191 122 220 208
150 167 187 185 186 186 181 175 167 182 186 162 164 180 185 190 176 161 151 156 164 169 173 178 118 131 200 196 191 192 194 185 187 187 173 178 189 204 208 190 177 154 160 143 138 147 169 176 156 165 152 140 133 111 105 131 163 141 131 163 189 182 129 111 113 133 138 147 143 139 134 128 124 138 148 145 145 108 128 163 160 161 188 212 235 232 224 216 208 201 226 225 206 148 149 126
198 199 196 192 170 161 160 161 160 170 185 185 182 201 210 200 177 160 148 137 158 193 178 170 118 103 158 147 174 195 179 170 176 179 185 189 201 204 201 170 152 151 144 136 148 159 182 190 156 124 141 145 133 114 127 140 131 162 159 177 208 207 164 128 127 142 164 158 140 144 149 128 126 126 132 156 145 134 164 178 168 179 196 233 226 212 233 223 210 204 221 213 219 218 214 172
199 200 197 184 146 128 146 154 136 164 179 187 197 192 185 185 176 171 174 158 160 172 177 126 120 128 85 155 152 167 165 175 172 165 173 189 201 162 162 163 148 156 135 155 157 154 156 142 154 153 146 168 180 189 169 167 157 171 158 163 205 194 197 170 158 197 216 214 190 175 148 123 145 148 144 129 170 190 181 182 181 187 199 215 211 222 235 219 206 224 220 210 218 218 208 201
182 189 196 187 139 108 112 153 150 137 164 188 162 156 165 193 190 179 181 177 165 163 170 162 180 112 188 191 173 159 165 159 170 151 170 182 175 145 135 155 152 160 133 129 151 175 174 160 170 186 193 189 183 186 162 165 167 156 144 155 200 185 170 172 171 196 204 225 236 234 220 206 173 175 178 147 178 212 216 222 230 236 237 226 214 216 240 243 218 193 220 221 213 196 209 200
188 186 190 196 154 111 130 148 138 141 172 191 172 170 174 183 170 155 149 146 140 154 159 120 116 164 146 146 121 134 158 179 181 175 165 162 176 167 146 148 137 133 133 129 157 182 171 172 163 165 167 174 174 172 164 168 173 174 174 148 168 180 178 184 168 180 183 161 178 190 175 156 174 219 206 202 219 241 245 242 234 234 234 235 238 229 229 236 235 225 213 217 220 204 196 176
190 192 186 162 149 144 158 154 153 179 192 184 152 164 177 206 195 154 123 131 140 152 175 117 124 119 117 96 102 128 144 161 166 170 166 135 144 170 172 144 138 163 162 157 183 156 146 167 171 157 157 169 169 169 138 93 90 134 189 193 175 153 135 156 168 150 142 146 159 177 155 130 160 206 222 235 233 242 237 212 192 200 232 244 233 230 230 224 228 234 225 222 217 203 194 184
171 182 185 164 154 158 158 150 137 146 171 178 159 181 192 188 172 147 156 173 128 93 130 119 123 131 127 110 109 109 131 142 145 109 112 105 156 147 180 145 114 152 168 162 171 161 165 159 156 165 168 183 207 200 101 66 80 151 202 202 190 156 129 136 149 135 144 168 156 160 161 151 165 188 159 186 221 201 187 206 187 167 184 212 233 237 232 237 228 229 222 205 194 210 196 183
147 164 175 190 171 133 125 135 123 134 159 185 199 204 200 167 142 140 145 109 105 101 119 112 136 140 95 102 100 101 102 110 110 137 129 105 166 143 141 152 147 170 180 180 188 165 164 156 156 183 185 177 202 219 177 110 75 114 183 198 169 159 136 121 134 141 156 164 163 160 180 200 155 92 136 197 226 219 220 219 197 202 154 158 213 230 230 233 220 222 212 205 202 203 198 183
161 179 189 152 142 153 159 162 174 174 177 195 204 189 149 151 180 162 116 90 104 163 120 96 103 127 116 102 90 90 103 115 126 139 132 115 135 140 136 147 210 197 185 178 177 162 175 178 187 213 202 184 186 180 172 159 152 133 130 134 109 114 126 127 129 131 140 154 175 184 174 174 154 116 113 143 177 214 237 245 219 191 182 184 192 224 232 230 212 218 202 199 194 191 202 192
168 175 193 178 172 178 175 190 205 196 193 204 184 160 132 148 154 109 104 143 137 98 106 106 108 115 113 100 112 58 115 158 157 149 140 123 141 178 173 160 181 195 216 186 160 150 153 225 103 210 189 186 169 163 160 165 166 165 121 106 113 129 112 123 153 156 150 139 175 163 170 152 159 177 177 187 207 203 208 229 210 188 185 208 200 186 212 223 204 212 212 200 197 177 180 189
131 158 175 169 178 185 179 190 182 195 180 139 124 143 160 203 159 113 126 144 114 113 131 140 118 112 136 66 50 89 121 143 131 139 149 153 155 161 159 170 213 250 250 203 149 162 175 178 120 111 171 168 168 167 168 166 172 157 98 96 128 150 118 119 141 136 149 164 151 165 183 175 157 188 210 218 228 204 165 201 201 180 178 208 211 186 192 172 166 189 212 192 146 135 136 147
107 135 161 168 169 184 193 189 171 165 165 159 160 185 210 190 153 132 157 162 126 122 141 134 139 120 145 64 106 130 128 119 94 131 141 190 170 144 194 250 250 250 250 250 212 183 179 123 128 153 160 167 156 142 164 152 108 116 106 93 103 157 144 140 143 162 152 175 161 184 177 181 170 198 211 223 224 209 190 204 200 183 176 196 188 183 174 152 150 169 160 142 138 144 143 119
136 150 181 157 154 180 176 177 164 163 174 170 164 191 205 212 222 185 159 162 158 150 84 130 138 132 123 95 100 104 105 109 100 90 146 185 176 109 207 182 250 185 166 160 73 164 161 161 170 195 163 147 155 165 158 127 131 134 107 90 96 136 169 151 161 154 158 139 153 161 166 169 167 188 204 201 208 200 182 211 210 178 166 170 153 146 155 153 145 136 131 128 136 143 130 129
181 160 166 162 179 172 148 191 181 186 167 179 172 180 200 196 192 167 159 163 114 128 143 141 133 135 55 55 92 93 95 94 97 108 132 158 157 184 216 137 169 167 161 152 173 138 148 176 175 193 166 151 146 135 148 110 123 105 104 101 98 131 172 153 146 150 163 159 155 167 168 168 165 178 186 175 173 168 156 150 150 158 144 136 157 141 149 135 133 139 132 125 130 142 132 120
188 184 179 176 174 181 158 178 204 180 160 163 170 165 183 199 176 162 175 106 102 105 164 152 140 136 57 140 120 94 108 104 107 138 147 151 185 199 198 122 170 206 187 126 134 162 167 196 193 167 146 131 139 155 164 136 105 105 131 114 122 127 152 161 147 161 172 156 151 166 152 148 159 167 163 167 168 140 138 150 159 185 158 143 137 137 141 144 141 134 126 149 149 137 135 121
179 177 171 180 174 192 195 174 175 169 167 170 170 167 167 156 137 138 168 143 111 160 144 148 151 144 114 118 124 117 123 117 116 136 156 190 212 195 206 228 227 204 151 138 146 146 168 112 106 148 150 116 116 150 131 123 119 112 110 131 140 135 145 169 168 165 163 147 143 138 147 154 134 141 146 153 148 138 153 159 175 178 135 131 132 138 151 152 156 162 149 145 144 146 156 135
