examples/data/proba_v_italy_sicily/probav_s10_toc_x19y03_20140601_333m_ndvi_v001.txt
ncols         1127
nrows         589
xllcorner     12.348214285714
yllcorner     36.598214285714
cellsize      0.0029761904761905
NODATA_value  -9999
[rows 528 to 575 of 589, columns 288 to 383 of 1127]
38 28 47 50 41 45 45 28 41 40 42 38 33 48 44 36 36 42 33 35 40 40 35 40 43 38 38 41 35 29 32 38 43 51 36 32 42 47 45 45 47 46 45 46 41 43 43 41 39 41 36 38 40 36 41 40 34 37 41 39 38 38 36 37 36 42 46 44 39 38 39 39 38 39 42 41 41 41 41 40 40 38 37 39 38 37 38 37 37 37 36 36 37 37 38 38
37 41 36 32 38 37 44 39 39 36 29 40 40 41 39 40 41 40 44 49 43 39 40 32 39 45 42 42 46 47 41 39 45 39 35 36 32 36 37 40 42 43 43 40 39 40 46 43 37 41 42 42 41 41 42 38 39 39 41 40 39 37 41 40 36 37 36 38 41 39 38 36 36 39 39 37 40 36 38 40 39 37 37 39 37 36 38 39 38 37 35 36 37 36 37 37
49 43 24 37 55 50 40 39 41 39 39 40 42 42 43 39 43 40 43 45 35 34 44 35 31 45 45 45 50 41 30 43 45 40 39 42 39 45 43 38 40 46 44 41 49 50 42 36 38 39 36 39 41 44 46 39 39 38 37 41 39 39 42 44 40 40 37 36 40 41 38 37 41 45 39 38 40 41 39 41 43 40 37 38 39 37 36 37 37 37 36 36 37 36 37 38
44 48 37 40 42 45 36 35 39 35 39 43 40 46 44 37 37 39 43 44 34 35 40 40 35 40 46 43 44 48 42 39 45 43 37 36 42 43 42 46 40 38 48 48 43 40 34 36 40 37 39 37 37 38 38 37 37 37 38 44 36 32 36 43 44 40 42 38 38 43 40 39 41 41 40 41 41 43 39 39 41 41 41 40 39 40 41 40 40 37 36 36 36 35 35 36
38 47 49 34 36 48 43 36 42 40 37 33 37 46 38 41 40 31 43 45 41 41 38 40 40 38 34 38 44 48 35 35 40 41 36 38 40 39 41 48 48 38 40 46 40 36 38 43 43 36 38 32 30 38 36 37 39 36 44 41 36 34 35 38 42 40 38 38 41 40 39 38 34 38 40 39 36 38 38 40 42 40 39 39 36 37 37 38 40 37 35 36 36 36 33 35
37 28 34 31 25 36 32 31 44 45 50 42 34 42 39 43 41 33 41 44 41 43 39 36 29 32 35 39 39 45 46 41 36 43 35 38 41 39 35 37 44 39 41 35 37 38 38 35 41 37 34 37 39 39 35 42 43 36 45 43 35 39 41 40 36 37 40 45 42 44 40 38 36 39 39 39 38 41 39 36 35 36 41 42 35 35 38 40 39 35 36 37 37 37 35 35
39 38 48 38 36 39 32 30 35 33 43 40 39 43 34 42 43 35 31 48 38 31 35 45 35 35 46 42 33 34 38 37 31 31 43 43 39 41 41 39 44 39 37 39 41 45 40 30 34 43 40 32 37 37 39 38 35 35 43 45 40 39 35 37 38 38 34 36 37 39 41 41 38 39 39 39 38 38 39 38 39 40 40 40 35 36 38 38 37 36 36 36 37 38 35 34
42 38 49 54 55 48 32 34 29 35 36 42 53 51 42 45 49 35 28 40 39 40 37 47 53 48 45 48 34 37 37 40 38 33 36 56 38 32 36 38 34 34 38 41 41 44 45 40 36 38 38 38 39 39 38 35 37 40 42 38 37 37 38 37 38 37 34 37 36 38 40 37 37 37 38 37 35 37 37 38 37 40 39 36 37 38 36 36 36 37 36 37 39 40 37 35
39 45 48 43 43 38 29 31 37 40 34 43 52 39 38 36 34 37 44 41 40 43 29 32 39 38 40 39 29 40 38 44 39 28 38 48 45 35 32 38 30 35 39 39 46 38 36 36 35 40 40 44 42 40 40 39 36 37 38 36 38 42 43 36 38 39 37 39 37 38 37 39 38 33 34 35 35 40 39 36 36 39 38 38 37 38 34 36 37 37 37 38 38 36 35 35
33 26 35 31 32 31 30 42 42 43 30 29 29 42 47 42 36 40 39 31 36 39 47 52 46 42 38 30 34 48 39 39 42 40 39 40 36 38 36 38 39 34 37 36 35 29 32 33 35 38 41 41 38 35 37 36 36 37 41 36 34 40 40 39 36 40 36 39 39 36 34 35 37 36 35 37 40 41 41 39 39 38 37 37 36 38 38 40 40 39 38 37 36 35 37 37
45 39 37 44 39 40 41 43 53 54 34 35 33 51 47 46 36 34 40 30 33 33 35 44 42 30 30 34 28 36 35 41 40 37 32 33 35 40 40 39 37 32 31 34 32 33 35 43 40 35 37 37 36 40 39 36 34 33 37 40 38 37 37 37 38 35 35 38 39 37 35 34 35 39 40 39 36 35 37 39 38 34 40 42 38 37 37 40 41 40 39 38 39 39 36 36
39 29 47 48 39 36 44 51 46 36 52 27 32 32 42 49 45 34 43 37 25 26 30 41 47 39 38 42 43 33 40 39 40 40 33 34 38 35 35 37 38 35 33 37 37 40 40 41 39 39 36 31 32 39 39 37 38 40 36 36 36 36 38 38 38 36 37 37 36 35 34 33 35 37 36 37 36 39 39 37 39 38 38 37 37 38 38 36 37 38 35 37 38 37 36 37
48 47 54 41 39 40 37 42 36 26 33 30 32 41 50 48 40 32 32 44 42 42 37 36 37 34 33 33 37 40 36 35 41 39 39 35 41 39 41 38 38 36 40 40 33 31 35 41 42 39 36 41 33 35 33 32 34 37 40 39 39 36 34 35 36 36 38 38 36 37 35 35 34 34 33 36 36 35 37 36 36 38 37 37 39 37 36 36 36 36 38 39 37 36 39 38
54 54 48 44 51 46 39 40 32 30 32 34 39 35 32 37 39 39 40 35 37 43 40 37 49 48 38 35 31 43 43 35 35 34 34 35 33 37 34 32 33 38 40 35 35 34 33 38 38 36 34 37 40 37 41 40 36 33 33 34 38 36 34 34 37 34 34 40 39 36 35 37 33 33 35 35 35 41 41 35 34 38 38 38 39 37 34 37 36 38 40 38 38 37 38 39
46 33 28 46 46 51 42 29 39 48 39 40 39 34 34 40 43 48 42 30 38 46 45 40 43 36 41 37 37 37 41 40 39 31 35 34 35 39 40 35 35 42 34 29 36 37 32 33 37 41 44 36 37 41 38 36 33 36 36 37 36 34 34 31 32 33 36 37 33 34 37 40 32 32 35 34 34 36 37 38 38 39 38 38 39 38 38 39 35 35 38 38 36 36 40 39
34 38 33 43 48 49 49 39 39 55 49 38 35 41 44 45 45 38 41 41 41 45 39 41 40 29 34 39 31 28 34 33 37 36 34 41 42 40 40 37 35 39 40 40 39 38 41 42 40 43 46 41 36 35 31 34 36 36 34 35 36 34 33 35 36 36 34 36 34 34 38 33 32 34 39 37 34 34 37 40 37 35 35 35 35 33 39 40 38 38 37 39 40 37 37 38
32 37 45 42 33 42 38 40 41 41 45 40 32 37 42 36 27 36 50 47 34 33 34 37 46 42 39 39 30 35 42 33 35 37 36 42 43 33 35 37 34 32 35 35 36 36 37 37 40 43 38 37 33 36 38 35 36 38 38 36 33 36 33 36 34 34 34 34 34 34 34 34 35 36 37 37 37 38 35 35 36 35 36 37 38 36 38 36 37 35 32 35 37 36 34 35
25 34 41 22 33 44 43 46 43 42 40 31 43 44 49 37 35 48 44 36 44 49 42 36 42 36 41 37 28 45 46 39 34 40 43 39 39 39 38 39 39 40 41 38 35 33 33 37 38 39 37 35 36 34 37 37 36 35 32 35 36 35 37 38 32 35 35 34 33 33 34 34 35 34 34 34 36 36 37 36 37 36 37 38 36 38 38 35 34 37 39 39 36 36 36 36
28 27 47 34 46 46 42 30 27 45 40 35 47 45 37 47 43 42 43 37 35 37 38 33 35 36 45 41 35 39 39 38 36 40 40 40 46 39 40 36 35 34 37 41 36 39 35 33 33 35 35 35 38 39 38 36 35 34 33 34 35 36 35 35 33 35 37 36 34 33 32 30 32 36 36 34 37 38 36 36 36 36 38 39 38 36 36 37 39 39 35 35 38 39 38 36
41 30 40 38 41 46 49 36 39 44 40 36 48 44 40 44 40 39 39 36 35 33 42 40 37 36 39 43 39 38 34 38 35 32 43 29 35 38 34 35 35 32 34 39 33 32 34 33 36 34 33 33 31 39 39 34 35 34 33 32 32 34 36 36 33 34 36 37 36 35 34 32 34 37 36 35 36 37 38 39 36 36 36 35 36 34 35 37 38 41 38 36 42 42 36 33
56 45 38 42 39 30 34 29 44 43 42 45 46 44 39 30 38 33 37 42 34 42 41 38 32 33 41 40 36 35 34 32 36 36 39 43 34 34 29 26 35 34 38 38 38 35 33 38 37 34 29 31 32 34 35 34 36 34 37 37 33 32 35 36 38 38 35 35 36 37 37 36 36 36 38 36 35 35 37 37 35 36 38 36 34 37 36 33 36 38 36 36 36 37 37 34
53 57 49 45 41 34 35 39 45 43 47 53 42 39 48 45 42 36 41 37 37 48 49 42 40 43 41 34 36 40 38 32 39 38 35 46 41 36 36 34 38 38 37 37 33 45 36 33 34 38 34 35 34 46 44 45 38 34 37 36 34 32 33 34 35 34 37 39 36 33 35 34 34 37 38 37 38 36 35 34 36 34 34 36 37 36 39 39 39 37 35 37 36 35 36 38
40 26 35 33 34 47 41 36 46 43 40 43 41 34 43 50 44 38 34 33 33 46 43 44 37 35 33 38 40 43 40 32 35 36 37 36 40 38 35 37 34 39 37 34 36 34 47 46 47 42 40 35 32 34 34 33 36 35 36 33 33 34 36 32 32 34 35 37 38 35 32 30 35 38 35 31 34 34 33 33 34 35 35 35 37 37 37 37 36 37 35 35 38 38 38 36
25 28 38 39 34 48 45 42 45 35 36 38 38 30 38 43 40 35 38 44 42 40 45 43 38 40 46 47 36 39 42 36 39 40 36 35 37 37 36 35 46 38 40 42 38 39 34 34 35 35 36 33 33 37 34 32 34 38 35 35 35 35 34 33 33 31 30 33 34 32 30 32 34 32 32 35 32 32 33 31 32 37 38 36 34 35 35 35 34 38 37 35 33 35 37 37
46 46 42 36 34 35 56 60 47 32 38 42 54 47 40 43 42 38 44 40 38 41 39 40 32 42 51 41 38 41 37 35 37 41 34 32 37 38 38 35 33 40 39 29 31 35 36 36 38 38 35 31 31 32 36 36 33 33 35 38 35 32 31 30 33 32 34 35 33 32 32 35 36 37 35 36 34 33 33 32 33 35 37 36 34 34 34 35 34 34 37 41 36 38 38 38
52 43 43 45 53 55 58 57 47 41 39 39 48 51 47 46 47 51 41 30 29 36 36 40 32 35 38 31 31 35 35 35 36 36 37 31 37 39 39 34 35 37 38 38 37 33 36 37 36 34 37 35 33 34 36 35 35 36 36 34 34 32 34 31 31 32 35 34 31 31 33 36 36 35 35 36 37 35 33 34 35 34 34 34 33 33 33 33 33 35 36 36 36 39 40 36
52 42 33 47 54 48 39 45 30 28 31 41 29 44 36 44 43 43 36 32 35 33 27 37 43 40 35 36 39 40 37 35 35 35 36 34 39 39 38 40 34 35 34 35 36 37 38 35 36 37 39 38 36 35 38 35 34 34 32 35 39 36 35 33 32 34 34 36 37 34 32 32 33 33 35 33 33 32 33 33 33 35 35 35 34 34 34 32 34 37 36 37 39 38 39 39
41 41 46 55 54 44 48 53 50 50 48 53 36 41 37 40 48 41 35 35 35 36 43 47 43 34 42 40 37 40 39 38 34 36 35 33 38 36 34 39 38 34 34 35 32 34 37 34 37 37 34 35 39 38 37 34 32 31 32 37 35 32 36 37 33 31 34 35 34 33 33 33 32 32 33 31 32 33 34 32 30 33 36 36 35 35 34 35 36 35 33 32 36 36 38 40
46 26 33 41 51 30 31 43 44 38 39 48 41 41 36 43 49 43 29 35 43 40 42 35 33 37 41 38 37 39 37 34 37 35 34 37 37 37 32 37 36 35 38 35 37 38 36 35 35 33 34 35 38 38 36 39 38 34 33 34 32 34 35 34 35 34 37 38 36 34 33 35 34 33 31 31 33 33 32 33 33 34 33 35 33 33 33 33 33 34 35 34 33 32 38 39
48 52 51 42 34 40 48 32 28 30 27 32 34 47 57 33 37 43 40 40 32 35 37 32 36 34 36 38 33 38 35 36 43 39 32 32 35 36 37 33 33 35 35 34 37 34 35 37 34 33 33 35 34 35 34 36 36 32 34 37 36 35 33 33 37 36 37 37 37 35 33 33 34 35 35 33 31 33 33 32 31 32 34 35 34 34 35 36 36 35 36 35 37 37 36 35
34 46 33 36 32 28 61 56 37 27 25 35 33 43 44 34 34 28 34 35 34 35 38 38 40 37 38 36 34 34 31 31 39 36 32 33 35 34 38 37 35 34 37 36 34 37 37 35 36 36 35 33 31 33 34 35 36 33 36 33 33 34 33 32 36 34 34 34 33 35 34 33 36 37 35 35 33 34 34 30 31 32 32 33 34 34 32 35 35 37 34 33 37 36 32 32
37 32 34 40 52 55 62 58 46 32 28 46 54 43 32 33 34 42 41 38 41 36 36 37 39 35 36 34 27 26 38 36 37 38 38 36 36 33 31 35 37 38 36 32 32 36 35 32 35 30 31 36 35 32 32 33 34 34 35 34 37 34 35 37 36 35 32 33 33 31 34 34 34 35 33 35 35 32 33 33 33 34 32 32 35 35 33 35 34 36 37 36 37 36 36 34
45 40 38 36 38 29 44 53 49 28 41 26 23 30 28 39 44 52 49 38 45 45 33 32 36 39 42 36 39 40 37 37 42 39 37 36 34 36 40 38 34 37 39 34 32 35 36 33 33 35 38 37 35 35 36 35 35 35 37 38 38 35 36 37 34 33 31 32 32 34 35 33 32 33 32 33 36 34 33 32 33 32 34 35 33 31 35 38 36 34 33 36 38 36 35 35
52 54 42 40 42 16 30 42 44 41 31 31 40 43 51 49 49 40 36 38 35 45 40 35 42 41 36 37 34 38 37 38 39 37 33 36 40 35 37 39 38 37 37 34 34 33 35 34 35 36 36 37 36 36 34 35 36 35 36 32 32 32 35 35 34 36 31 30 33 37 34 33 33 33 32 32 32 33 33 34 33 32 34 35 32 32 35 36 32 35 34 33 33 33 33 34
57 36 36 32 38 43 56 35 30 42 40 47 53 50 49 47 51 35 38 39 42 39 37 33 33 37 36 35 35 35 39 40 37 36 35 40 37 33 32 35 37 36 35 38 40 39 36 34 34 33 35 37 34 36 39 38 35 34 34 34 38 36 34 34 35 36 35 34 34 33 34 33 31 33 33 31 30 30 29 30 33 34 37 34 31 35 37 37 33 36 36 33 34 32 36 33
48 52 52 34 27 34 35 55 36 33 27 40 38 32 50 48 47 36 34 37 43 43 40 34 32 35 40 42 39 33 40 45 40 40 43 40 35 37 36 34 34 39 35 34 38 37 32 33 34 32 34 34 39 39 34 34 36 35 38 39 37 36 38 35 35 38 35 33 33 36 36 34 32 33 31 31 33 32 31 32 33 34 36 32 34 38 38 35 33 36 37 35 37 36 36 34
50 45 37 35 26 38 40 45 38 43 43 32 40 42 32 35 43 50 38 36 42 39 35 33 37 39 36 36 39 39 37 37 39 39 39 40 40 38 37 36 33 35 34 35 35 34 34 38 37 36 36 35 38 38 32 32 34 34 36 35 34 35 38 36 39 37 35 34 34 34 34 33 32 36 34 32 33 34 32 33 33 33 34 37 36 34 34 37 36 35 35 34 33 39 37 35
53 49 39 28 33 50 41 53 47 55 59 51 42 49 54 31 40 46 36 35 48 45 33 34 45 37 33 36 43 42 35 34 39 36 33 34 34 36 35 34 33 35 39 35 31 31 33 35 35 35 33 34 35 37 35 35 37 34 38 39 36 36 33 34 36 32 33 33 35 38 34 34 34 33 32 33 32 35 35 33 34 37 36 33 34 34 31 30 33 36 36 36 36 39 38 36
57 43 26 21 34 34 33 51 48 54 51 46 48 38 37 36 35 37 42 44 41 38 32 30 40 37 35 37 37 34 34 34 39 36 32 32 35 34 37 37 35 31 33 34 33 33 32 34 31 35 37 35 40 37 34 33 38 36 34 38 34 32 32 31 31 30 29 29 29 33 31 31 33 30 28 31 32 35 36 32 35 37 33 35 37 37 36 31 31 33 35 35 33 35 40 36
51 31 22 23 45 44 43 31 30 46 51 48 56 47 40 31 43 49 45 43 41 37 39 41 36 34 36 36 36 39 38 34 34 38 38 36 33 32 33 34 33 31 33 34 33 32 34 36 33 34 34 33 39 35 30 35 33 32 33 36 35 34 34 33 32 34 33 30 28 27 28 30 31 31 32 31 30 31 31 33 34 35 34 35 37 32 31 35 36 34 37 37 36 34 36 38
34 42 41 34 41 45 41 31 36 34 44 40 40 44 46 50 38 37 41 43 42 38 33 31 33 38 40 36 36 36 37 38 36 36 40 37 35 33 31 33 33 34 36 34 32 32 33 35 36 31 29 34 38 37 34 34 32 31 30 32 36 35 36 36 33 33 32 30 31 31 32 32 30 31 32 31 31 33 35 35 34 33 32 33 34 29 29 31 29 32 33 34 34 34 35 34
46 39 39 35 39 36 35 33 31 49 56 49 36 47 47 44 39 45 43 34 31 34 36 34 36 36 37 36 35 34 36 37 36 35 34 31 34 34 34 34 36 36 34 33 32 34 33 33 35 35 35 35 35 33 34 36 35 35 35 36 35 35 36 33 33 33 30 30 31 30 32 36 35 31 33 34 33 35 35 35 33 32 32 33 31 28 27 34 33 32 34 31 33 34 34 35
48 43 26 33 40 39 34 47 40 44 50 55 51 49 39 40 38 34 35 32 37 36 32 33 33 37 38 37 33 32 35 36 36 32 31 32 36 36 35 36 34 32 34 35 31 32 33 32 31 32 31 32 31 31 34 33 33 34 33 34 34 34 32 30 32 33 33 34 34 31 29 31 31 28 33 36 34 33 32 33 35 32 32 34 34 30 31 30 30 31 32 36 36 36 35 35
44 45 34 42 18 21 43 53 41 46 47 39 44 45 44 41 40 37 34 36 44 42 34 34 33 34 36 36 36 32 31 36 38 34 35 37 33 32 33 32 32 34 34 34 34 33 33 31 28 30 30 31 30 30 35 31 31 34 32 31 30 29 32 33 32 32 32 34 34 34 35 35 33 35 36 37 36 34 32 34 36 33 33 36 38 33 32 33 32 33 32 34 35 35 34 33
40 45 49 45 24 41 47 42 47 46 45 38 40 42 38 36 37 36 33 35 39 40 36 35 36 36 34 34 33 33 34 34 34 32 33 35 32 34 35 34 33 32 32 31 32 31 31 31 30 30 30 32 30 30 33 31 31 32 32 32 33 31 31 32 31 30 32 33 34 34 35 34 33 34 35 36 39 33 31 34 37 37 35 33 35 33 31 32 30 29 33 34 32 34 33 33
35 27 34 44 41 47 47 43 42 42 31 34 40 39 36 36 36 40 42 38 38 35 33 36 37 37 34 32 35 36 34 35 32 33 33 34 33 36 36 33 33 33 33 32 32 34 32 30 32 33 32 30 31 32 32 31 31 31 32 32 33 32 33 33 33 32 33 33 33 32 31 33 35 35 37 36 35 35 30 31 36 33 32 36 37 36 36 37 36 34 34 32 32 33 34 33
31 56 53 41 41 43 36 47 46 33 24 37 39 40 38 41 39 38 40 40 38 35 37 38 37 37 39 37 37 38 36 35 35 35 35 33 34 35 32 31 34 34 32 31 33 33 31 30 32 34 32 29 32 33 31 30 31 33 33 32 33 32 33 34 34 32 33 33 32 33 34 36 33 34 34 37 38 36 34 37 34 31 32 36 38 39 39 36 34 35 37 34 34 32 31 33
38 45 47 51 38 44 38 47 41 34 38 36 34 36 36 39 38 35 37 38 37 36 38 40 38 38 35 34 32 37 36 34 33 35 35 33 35 35 33 32 34 34 34 32 31 30 31 31 31 33 31 31 33 34 33 32 32 32 33 32 34 34 33 32 31 34 36 34 33 33 32 34 33 38 35 34 32 32 36 38 38 34 34 34 35 36 33 31 33 34 33 34 35 36 35 33
