examples/data/proba_v_italy_sicily/probav_s10_toc_x19y03_20150401_333m_ndvi_v001.txt
ncols         1127
nrows         589
xllcorner     12.348214285714
yllcorner     36.598214285714
cellsize      0.0029761904761905
NODATA_value  -9999
[rows 141 to 187 of 589, columns 960 to 1055 of 1127]
165 194 202 206 211 190 190 189 207 211 202 164 197 185 190 180 185 218 198 177 172 171 188 201 196 184 150 132 190 211 218 221 223 225 219 223 219 220 228 229 230 220 218 222 217 198 181 194 212 146 96 73 37 40 40 40 29 31 46 36 30 39 34 26 20 28 31 32 21 34 28 21 19 22 30 29 30 35 41 42 38 29 29 27 29 22 27 38 21 15 28 28 28 28 28 28
163 183 195 198 192 184 185 196 203 206 220 211 200 187 193 208 200 215 203 170 176 156 196 212 206 130 148 107 184 216 215 218 223 219 210 226 207 215 226 226 217 217 225 227 225 223 219 217 195 136 75 55 36 39 34 42 33 21 29 23 65 33 22 28 28 26 37 29 21 8 39 26 17 26 24 33 27 33 32 22 31 37 38 29 29 41 51 50 35 28 30 30 28 28 28 28
160 177 192 202 193 204 215 218 218 222 232 223 216 204 216 221 212 206 203 174 181 206 205 209 207 207 205 199 208 210 221 226 213 210 201 205 208 203 221 227 218 223 225 224 225 225 225 206 145 70 55 69 30 50 45 35 23 41 37 26 42 39 28 32 35 39 29 25 32 14 31 39 22 39 21 21 31 34 31 31 33 30 29 24 31 43 22 28 28 30 30 30 28 28 28 28
160 169 187 191 203 207 206 209 217 224 223 218 215 220 224 219 208 193 186 181 182 192 174 173 221 144 157 203 215 217 218 222 198 200 207 212 219 212 207 207 219 213 228 227 223 225 224 174 89 60 39 38 35 48 54 44 39 41 47 33 49 44 23 32 38 34 34 26 27 24 10 11 28 27 28 18 31 34 35 32 33 37 46 45 29 23 17 28 28 28 28 30 30 30 31 31
185 191 193 190 198 204 212 210 213 220 224 234 218 211 211 201 227 195 185 197 189 194 208 194 166 154 188 223 229 228 220 215 215 203 193 192 199 200 188 183 204 202 211 225 221 203 173 117 62 33 39 58 52 41 55 37 39 28 38 29 48 44 25 19 23 33 42 19 24 37 34 30 17 21 22 35 22 35 30 38 36 20 47 26 33 19 28 28 36 33 28 35 42 34 28 28
192 195 202 198 195 204 201 204 198 209 219 219 202 214 221 215 206 184 219 206 208 208 200 210 229 214 191 195 224 234 223 214 211 201 193 201 189 196 194 191 189 197 198 171 205 203 162 97 65 62 31 48 53 41 51 56 28 32 20 19 34 41 35 32 17 53 31 19 14 25 32 28 27 29 19 22 29 27 28 32 34 34 42 38 33 36 34 44 45 41 26 16 32 31 26 29
189 200 200 202 204 212 209 190 197 219 217 221 221 223 214 218 216 225 232 203 207 221 215 196 198 208 212 208 211 230 221 215 203 182 193 203 187 199 225 220 200 197 200 177 156 182 190 157 109 66 62 25 52 47 38 50 48 40 32 21 32 25 29 45 36 31 28 37 32 21 30 35 25 32 40 28 16 20 30 27 31 29 48 45 46 42 32 31 31 34 29 22 25 30 28 30
174 186 204 209 193 195 208 201 202 213 217 219 215 207 197 206 203 209 229 227 200 211 218 203 169 202 220 203 224 223 220 199 230 210 183 195 195 192 219 216 202 205 204 216 197 175 154 135 91 33 43 41 27 65 41 43 35 50 54 41 40 36 26 35 37 30 22 30 45 34 44 37 29 14 27 36 26 25 24 28 26 26 17 17 24 27 23 24 30 26 22 23 26 32 26 22
188 194 196 197 189 207 207 220 221 215 212 214 219 174 191 203 217 210 210 225 217 214 214 213 204 194 211 220 219 217 208 216 211 221 201 208 216 201 220 203 227 232 224 208 186 148 92 70 38 44 48 51 59 51 38 47 29 28 33 37 32 42 29 26 25 32 33 22 28 27 50 17 33 26 16 20 25 25 27 25 21 25 27 23 20 21 22 25 26 24 25 27 24 22 24 20
190 181 188 191 196 192 202 211 221 234 208 202 213 202 196 200 221 201 213 215 230 227 211 192 168 208 230 239 232 203 183 198 226 224 209 193 208 236 234 230 234 237 226 187 122 44 53 35 48 53 53 30 54 49 50 52 43 15 27 25 28 48 22 27 24 17 28 19 15 32 23 31 23 32 27 19 20 20 25 23 22 21 22 22 22 20 21 25 33 29 25 23 25 23 22 21
193 192 200 199 189 190 204 213 218 226 214 193 186 191 196 191 210 209 199 203 221 211 216 205 184 203 215 236 227 181 157 198 208 220 206 212 206 229 229 218 217 212 175 111 59 32 64 32 44 57 34 31 48 34 26 32 32 17 31 34 30 40 22 21 33 32 32 35 31 32 28 37 21 23 25 24 20 21 19 20 21 22 23 24 26 22 18 18 24 29 45 21 21 20 31 31
185 185 201 210 206 189 201 210 214 217 214 204 188 190 206 206 197 204 209 201 200 194 220 214 206 201 214 222 228 216 191 210 198 208 206 212 199 224 223 213 195 157 76 58 79 28 30 27 29 62 29 34 25 27 33 38 36 36 39 40 40 35 34 27 47 32 34 34 33 17 21 32 24 31 32 32 21 22 21 30 30 28 29 29 17 30 24 27 20 45 19 28 28 31 31 30
198 189 195 208 213 205 208 208 208 205 207 210 218 201 202 200 196 201 209 187 167 149 180 212 209 211 206 229 233 221 215 212 205 197 191 196 211 206 216 203 172 105 49 79 74 66 33 49 66 16 39 34 51 49 39 35 28 31 35 31 39 31 40 30 32 41 20 21 32 34 31 31 31 20 31 30 30 29 28 28 28 28 29 28 29 17 30 28 72 28 28 30 28 28 28 27
206 207 214 217 214 210 185 178 198 224 222 221 204 194 188 199 201 192 192 189 201 196 195 206 221 209 202 205 215 227 223 224 225 222 216 204 198 172 164 152 133 64 67 58 76 27 56 49 51 27 26 42 45 46 31 34 26 31 27 28 27 48 36 30 24 29 13 29 32 32 31 32 32 31 31 30 32 32 29 29 30 27 28 28 27 24 14 30 49 30 30 28 28 28 28 27
200 211 217 209 206 204 157 136 211 226 221 219 214 194 184 192 197 189 215 230 223 210 181 190 206 218 200 194 215 226 215 228 226 213 204 198 189 137 125 95 55 70 58 81 76 63 43 47 57 36 45 46 36 33 31 26 24 24 32 33 46 42 41 39 28 19 24 21 29 29 31 31 31 32 32 32 32 26 36 27 28 29 30 30 30 28 30 28 28 61 28 28 28 30 27 28
203 208 214 210 209 200 173 172 217 220 221 224 205 200 202 216 210 213 233 211 205 211 208 215 229 225 215 207 210 212 206 212 226 220 208 191 179 110 65 42 84 79 52 39 47 57 56 49 42 43 41 42 43 40 36 32 19 24 33 33 33 33 45 35 24 22 12 21 30 26 19 30 31 31 31 30 32 28 29 28 29 29 30 29 20 28 30 28 28 30 46 28 30 28 26 28
213 212 209 211 208 184 169 205 212 215 227 217 216 211 217 214 193 187 217 220 215 208 211 205 220 217 217 221 206 176 142 169 201 209 194 148 89 42 42 89 84 70 44 35 85 62 54 51 49 44 38 35 41 41 37 29 19 24 27 36 31 49 35 29 29 30 22 24 30 25 26 18 31 29 30 30 30 29 29 32 27 29 30 28 28 21 20 28 31 33 34 27 30 28 30 31
204 201 206 217 202 199 198 206 213 220 223 207 201 209 212 216 216 213 211 212 212 213 211 211 206 215 222 207 202 204 186 158 161 137 96 66 45 44 37 71 55 59 121 109 102 44 51 50 48 42 43 42 39 38 34 29 21 31 47 38 75 23 35 31 33 33 31 29 21 23 23 18 31 30 30 30 29 29 29 30 30 30 30 23 18 24 31 30 28 27 26 24 22 36 30 30
202 212 214 208 203 219 217 212 195 217 222 208 196 198 211 224 225 215 213 222 213 208 213 207 203 216 212 203 181 193 202 194 151 91 72 73 76 72 68 63 61 60 79 82 29 45 45 44 41 40 39 39 36 36 30 26 21 29 37 37 56 31 31 31 31 31 31 17 10 31 31 31 30 30 28 28 30 30 32 29 34 30 30 30 25 30 30 31 30 27 26 23 25 23 28 28
204 207 201 198 201 222 215 208 196 203 207 201 201 205 209 196 208 211 220 226 212 215 217 210 204 204 210 223 216 222 212 207 148 71 68 65 74 71 69 65 66 69 59 50 29 48 43 41 37 38 48 29 24 27 27 26 28 22 33 33 35 41 40 31 16 42 27 10 32 34 30 29 30 30 28 39 28 24 22 29 15 30 32 28 27 30 33 23 18 28 32 25 31 28 30 30
196 192 190 193 209 204 204 206 198 204 201 191 196 207 203 207 209 220 243 228 220 211 210 201 200 204 223 226 223 224 217 187 122 72 64 50 59 64 73 51 46 64 64 59 55 49 40 34 30 36 30 25 20 23 24 33 31 28 22 31 23 56 37 33 29 29 31 31 7 30 30 30 30 30 30 34 31 27 30 30 14 30 30 28 27 30 30 30 30 30 31 28 25 37 34 31
186 195 204 194 208 217 216 216 204 194 199 198 203 212 210 216 210 192 219 215 189 199 211 211 206 201 216 226 235 233 232 176 76 69 62 54 55 84 65 63 35 32 49 56 57 51 41 26 24 27 26 26 26 24 24 36 23 28 32 33 31 48 43 33 32 31 35 23 32 32 20 30 31 26 17 29 38 33 29 30 18 13 27 27 30 31 30 30 30 35 28 30 33 31 30 24
208 212 207 195 206 223 204 208 219 207 209 205 216 221 213 224 222 209 196 205 202 210 211 214 204 218 221 219 233 234 215 155 82 72 65 52 48 75 32 29 58 33 29 26 40 38 44 28 25 27 24 24 26 26 26 35 27 13 23 31 31 31 57 31 30 33 23 25 29 32 15 32 28 40 30 32 29 41 33 28 11 28 29 29 30 28 28 28 28 34 31 33 31 26 31 24
209 193 191 209 178 153 194 218 232 227 206 189 217 216 215 215 216 204 219 217 206 210 213 209 209 223 228 219 220 229 202 121 80 58 50 45 36 28 28 33 54 49 31 47 32 28 26 26 24 24 23 24 24 23 22 25 32 31 25 23 31 35 50 31 33 33 33 29 25 31 9 31 31 31 31 17 16 44 30 28 28 32 30 15 28 28 30 36 30 32 27 30 32 33 25 31
204 198 188 211 220 127 139 205 215 225 213 188 205 217 218 220 212 223 226 226 219 206 199 197 173 205 224 178 171 187 175 111 86 49 44 28 30 32 31 33 30 30 30 64 51 37 27 24 53 40 44 23 21 25 25 23 34 33 31 31 32 32 34 29 15 32 36 32 29 8 31 31 31 31 29 29 31 35 32 22 10 30 30 28 19 27 32 37 30 24 29 21 31 27 25 25
218 218 188 195 209 158 135 195 211 228 218 199 204 221 213 203 209 208 220 229 226 224 222 232 212 174 190 155 121 158 195 190 129 46 30 59 38 26 28 29 32 62 50 37 50 41 21 24 20 21 23 43 25 7 27 23 30 32 33 33 33 31 33 18 32 41 32 31 31 31 29 31 29 31 31 31 21 23 33 27 16 32 30 30 17 29 26 27 27 25 27 25 31 30 26 26
212 226 213 180 193 215 210 195 221 226 217 213 205 214 220 220 213 210 212 218 220 222 226 223 201 138 137 152 101 124 162 167 122 124 66 31 32 29 20 31 31 56 46 26 26 32 29 28 31 23 45 47 25 27 10 33 30 32 34 33 33 31 24 29 35 23 27 29 31 32 31 31 25 15 32 32 32 29 40 27 26 28 30 30 17 22 30 24 25 25 24 33 31 41 30 23
217 208 222 213 194 197 218 217 226 222 220 222 207 207 222 212 206 218 223 203 198 198 212 208 186 135 102 126 129 142 137 140 110 120 75 25 31 28 26 56 51 43 28 28 27 27 26 25 29 23 41 23 23 25 7 34 34 34 25 32 32 31 31 31 35 31 29 33 35 31 39 32 30 30 30 30 32 32 33 21 31 31 31 30 32 30 25 23 18 17 23 17 45 34 23 23
198 200 219 223 225 191 180 199 212 218 227 222 207 192 211 223 224 229 226 213 190 190 211 213 187 189 165 143 156 151 144 122 58 34 33 30 30 28 64 50 26 23 40 34 39 30 34 38 34 53 39 25 25 27 23 25 25 23 23 23 23 32 33 31 35 28 26 16 33 33 32 32 30 30 30 30 30 32 32 32 32 32 33 27 27 25 20 19 33 22 25 20 35 25 19 17
208 222 234 229 222 183 178 153 184 208 200 213 235 230 202 204 226 230 224 222 218 213 215 210 147 132 128 121 75 168 123 94 45 24 33 30 32 64 30 28 28 28 35 24 25 27 28 43 23 19 23 36 26 25 23 26 23 25 23 23 25 23 31 26 19 33 23 22 17 31 33 31 33 31 30 30 30 30 30 30 30 36 21 40 21 20 19 21 24 22 24 20 21 31 30 30
212 222 224 220 225 217 207 181 168 206 210 209 229 236 212 185 211 217 217 222 227 218 217 216 172 87 60 88 68 60 54 50 37 32 30 28 28 53 30 25 28 36 26 23 21 20 25 25 25 14 18 27 27 23 23 23 26 25 23 34 25 25 20 32 21 32 23 31 31 33 31 33 31 26 31 30 32 32 32 32 23 27 20 17 21 20 24 22 30 33 29 27 27 29 31 29
217 220 222 217 221 213 190 197 164 186 204 207 209 226 202 209 220 220 212 206 202 189 192 192 138 57 37 49 44 28 22 22 34 32 30 28 27 28 28 23 25 26 27 54 21 25 15 25 27 22 23 27 22 22 22 23 23 25 22 30 20 18 17 27 12 25 32 31 33 31 32 31 31 30 32 31 32 30 18 21 16 16 22 20 20 36 24 31 29 31 31 37 27 30 31 21
207 203 207 213 222 219 208 208 167 163 189 192 164 175 190 212 232 215 203 213 215 186 122 99 118 40 44 41 29 24 62 37 31 28 28 28 27 28 28 25 26 26 25 46 25 25 25 27 25 25 25 27 22 25 22 22 23 22 23 23 32 33 34 32 30 25 32 30 32 31 31 32 32 34 20 17 19 19 18 21 22 20 30 30 25 17 31 43 30 31 30 30 31 29 27 27
214 218 216 222 233 233 233 215 170 153 178 203 198 147 148 183 212 202 187 199 200 175 109 55 116 67 39 25 24 31 56 35 31 28 28 28 20 38 28 27 29 42 35 35 30 34 29 33 25 25 25 25 23 25 23 22 22 22 23 21 23 25 23 35 34 22 30 22 33 32 32 29 23 22 23 23 22 22 31 32 32 33 16 42 31 33 31 31 31 31 28 28 29 29 29 29
211 215 227 230 224 228 238 231 189 155 169 197 223 203 146 128 153 173 148 156 172 128 72 66 85 84 55 23 20 30 30 30 30 27 23 18 27 41 27 31 48 44 26 24 32 31 30 37 35 28 22 23 23 25 25 23 25 23 23 23 22 34 36 34 23 22 32 32 30 36 23 22 23 24 30 27 29 33 31 28 30 30 30 32 30 30 32 29 29 29 31 29 28 31 31 29
225 227 230 233 224 224 243 238 222 204 181 212 215 202 209 171 125 124 114 100 106 78 37 16 30 30 28 25 30 30 28 26 30 30 27 27 28 44 32 24 48 38 23 23 27 37 37 42 21 32 20 43 32 13 23 23 23 37 22 30 25 34 30 31 33 32 35 31 23 22 23 32 31 29 32 32 32 28 20 27 30 23 13 31 33 29 27 34 29 29 29 31 38 31 29 22
221 224 221 232 229 223 224 198 167 202 211 187 203 197 176 145 128 143 161 144 128 111 88 115 110 29 27 26 29 23 29 23 23 25 27 28 27 27 27 25 23 42 38 22 25 23 40 36 22 25 22 22 23 23 6 22 22 22 22 34 34 32 31 27 63 33 28 22 25 29 29 26 31 23 24 20 26 28 22 26 28 21 31 31 31 33 31 42 34 31 29 29 29 28 42 34
222 226 225 228 229 227 207 150 98 165 185 172 181 200 171 119 128 178 195 162 127 171 202 159 90 49 37 35 29 29 24 21 22 26 25 25 27 27 25 25 25 35 37 29 20 27 39 30 23 38 22 23 23 23 22 23 22 23 23 23 22 33 22 22 41 26 26 31 32 27 31 23 20 30 30 21 27 29 30 30 35 28 23 29 31 33 31 42 35 32 33 44 41 35 29 29
220 228 230 227 233 232 226 183 122 154 205 207 197 201 163 141 149 166 174 137 107 127 164 97 44 35 29 30 40 30 26 16 28 24 26 28 23 42 35 25 26 38 23 33 31 25 24 19 36 35 38 22 17 21 9 25 25 23 23 25 22 22 60 34 28 28 32 30 30 32 32 32 17 27 30 27 19 32 30 30 31 32 25 29 28 31 31 31 35 38 47 21 31 21 33 29
217 206 202 208 215 220 208 207 224 208 203 195 188 202 183 185 200 211 167 115 81 39 39 37 40 31 28 29 28 36 29 19 26 26 23 25 39 34 36 28 42 23 23 23 21 30 38 32 30 32 22 22 22 25 23 23 23 23 23 23 23 25 54 37 30 29 32 31 31 31 31 31 29 29 29 32 30 30 31 30 30 31 20 31 49 43 34 35 32 38 25 23 22 33 32 31
220 226 193 187 186 208 212 205 241 233 202 176 187 194 207 219 211 201 158 89 37 36 33 26 27 22 25 27 28 24 25 25 25 26 22 49 26 28 30 34 54 23 22 23 24 23 23 23 22 31 37 20 23 23 25 25 23 32 22 25 25 35 32 31 33 29 32 32 30 31 31 19 31 30 28 28 31 31 38 31 33 26 13 29 50 37 31 31 32 35 31 22 26 29 28 31
224 225 187 174 190 171 207 180 178 202 195 179 214 192 198 219 188 153 125 53 33 31 88 28 34 22 28 28 25 25 26 25 25 27 23 25 26 34 39 38 43 23 22 22 23 23 23 23 22 23 48 22 22 22 22 23 23 27 27 22 32 36 35 31 32 32 32 28 33 29 18 28 30 30 28 28 28 28 33 32 31 24 15 30 45 34 29 31 29 34 28 26 17 31 25 23
197 209 194 184 194 189 193 168 191 222 207 210 212 195 195 198 191 100 41 0 61 33 32 28 94 29 29 28 28 25 25 26 25 27 27 23 24 25 25 36 42 34 22 22 22 23 23 23 20 22 45 23 25 23 25 25 23 23 24 29 50 36 37 33 32 34 33 28 26 21 27 28 30 32 30 30 30 28 24 22 50 31 19 30 41 30 31 31 31 28 32 27 23 21 21 25
166 204 216 208 201 196 198 204 209 217 222 231 208 200 190 180 104 22 10 0 83 76 62 26 27 27 26 26 28 25 25 25 28 23 25 22 24 23 23 23 26 35 26 32 23 23 25 23 23 29 32 32 27 32 37 22 22 19 23 31 38 34 31 32 33 32 32 32 31 30 28 28 32 32 29 30 24 24 24 33 46 25 22 18 33 33 24 31 32 29 34 20 15 29 21 24
189 232 222 174 179 204 194 203 210 209 191 213 226 206 155 94 7 56 29 40 27 59 27 27 26 26 63 25 25 25 25 25 27 25 32 32 21 23 22 24 24 24 31 38 27 25 23 23 23 23 22 23 25 22 31 18 38 29 36 17 34 31 26 24 28 30 30 31 27 31 32 30 30 32 28 24 30 28 30 24 35 28 21 19 23 40 37 24 26 19 26 17 24 33 25 25
182 173 173 174 186 187 160 188 217 218 164 164 203 158 104 75 21 0 0 28 26 45 34 26 26 26 25 26 26 25 27 25 28 37 39 24 24 25 24 25 21 22 41 41 25 25 32 25 25 25 23 28 29 18 21 30 34 23 20 28 24 25 27 26 28 31 30 31 30 31 31 30 28 28 32 32 28 28 23 23 30 24 22 30 31 32 35 25 29 28 23 27 26 22 28 25
134 86 108 177 183 165 188 211 213 220 209 208 167 79 46 45 24 9 49 48 45 26 25 25 25 25 26 25 23 26 27 25 25 25 44 25 27 23 25 25 23 48 36 24 24 25 23 39 25 25 22 24 26 31 34 26 24 27 25 25 22 21 24 29 32 30 30 28 30 27 31 27 31 31 31 31 27 28 32 31 30 23 23 25 29 22 40 22 22 21 22 19 23 23 22 24
