examples/data/proba_v_italy_sicily/probav_s10_toc_x19y03_20140701_333m_ndvi_v001.txt
ncols         1127
nrows         589
xllcorner     12.348214285714
yllcorner     36.598214285714
cellsize      0.0029761904761905
NODATA_value  -9999
[rows 312 to 363 of 589, columns 480 to 575 of 1127]
128 133 106 96 96 88 87 93 97 104 93 75 75 87 103 90 89 109 103 74 70 72 70 73 72 68 66 68 80 94 92 98 108 113 98 94 90 95 115 118 103 115 117 99 103 100 81 73 70 72 76 85 86 85 101 93 76 69 72 79 96 86 74 82 84 82 84 88 78 82 91 83 81 87 82 71 78 85 96 95 92 89 91 88 100 105 89 78 70 79 84 75 80 71 65 64
139 139 111 93 88 86 86 83 86 86 77 73 74 79 110 97 90 99 112 95 97 94 75 75 76 69 65 66 82 110 109 89 106 127 115 111 100 88 109 122 106 108 106 86 83 75 72 75 67 66 66 73 79 82 89 80 81 78 76 79 85 74 65 67 81 90 91 81 77 79 72 64 62 66 80 71 65 69 77 84 84 84 80 84 116 123 106 114 98 70 75 72 76 76 70 68
123 113 105 94 79 78 85 86 93 98 85 73 67 65 84 85 90 113 127 110 96 87 73 76 72 80 70 78 93 107 108 96 101 97 91 116 130 109 107 126 120 107 84 69 70 87 72 64 66 72 60 65 78 75 89 92 87 93 105 105 90 74 69 68 89 94 93 70 57 62 74 63 62 63 72 74 63 63 69 86 87 87 83 92 113 121 123 122 119 91 73 78 86 84 69 63
92 93 93 103 92 84 90 92 97 109 105 88 75 72 84 93 106 123 115 106 89 77 77 79 77 75 84 91 108 93 101 137 120 93 100 105 108 98 97 105 93 92 105 86 82 94 84 72 66 68 70 88 96 81 90 101 89 94 87 78 68 64 67 66 68 71 73 72 73 70 73 70 74 73 64 73 81 78 78 86 85 81 82 91 87 89 108 123 127 109 78 71 69 68 67 62
89 88 82 87 101 94 95 85 87 95 98 102 100 91 84 89 111 126 134 106 70 70 77 80 87 97 116 118 117 117 103 112 101 98 114 126 102 103 98 81 75 83 102 100 82 76 94 90 78 79 86 103 85 78 78 79 80 98 94 81 76 71 64 67 66 67 74 85 89 85 86 83 71 66 73 86 83 77 75 71 70 72 73 69 61 69 87 127 123 80 64 60 64 65 63 64
86 87 86 79 92 101 110 96 97 98 82 78 75 83 85 82 113 143 122 121 87 80 81 81 91 112 126 124 101 105 113 106 105 102 87 96 102 101 92 78 94 116 101 76 68 65 72 90 89 74 91 114 119 108 93 88 81 88 101 97 89 77 69 72 71 70 77 78 77 89 96 75 68 64 70 77 67 70 76 79 75 75 73 75 72 67 69 94 101 83 80 77 70 74 86 88
86 81 92 101 105 97 88 73 72 81 72 72 77 99 93 86 107 107 84 101 116 117 111 95 110 111 110 110 109 117 139 117 99 91 83 78 87 87 105 94 118 125 92 74 70 66 76 102 104 116 110 97 89 98 105 93 93 104 100 79 70 73 80 73 78 80 77 79 94 100 103 90 71 65 64 72 66 72 75 75 72 76 81 71 66 63 61 69 73 61 62 77 65 76 98 102
74 78 84 83 73 73 75 74 72 76 71 71 82 104 100 97 109 96 84 96 122 120 108 96 93 99 107 95 111 105 98 82 81 92 101 102 108 105 99 119 111 75 62 62 65 67 64 83 104 132 113 99 97 89 97 112 95 95 100 101 90 85 91 81 79 79 70 80 100 110 96 84 72 65 66 70 66 71 80 72 67 72 70 62 63 65 67 79 75 58 62 70 71 73 76 76
79 83 90 85 68 70 73 76 77 73 70 78 79 76 75 78 99 100 97 107 115 112 115 115 102 97 103 91 91 107 92 79 84 89 108 121 114 104 85 81 69 65 61 63 63 65 63 68 96 99 110 120 112 112 120 124 106 91 95 119 114 93 78 85 88 72 63 72 100 117 101 78 71 66 66 71 78 68 77 83 79 70 63 62 62 70 81 84 80 72 69 70 75 75 65 64
84 76 78 87 73 70 74 76 80 84 89 87 72 73 77 82 101 103 103 101 103 115 126 113 97 97 97 87 113 146 120 91 90 95 89 95 82 72 72 72 69 66 66 65 65 67 69 70 70 91 131 118 105 124 118 90 81 95 105 91 72 76 88 99 101 73 63 66 83 84 74 85 79 65 74 69 70 70 68 68 67 64 65 67 67 76 73 68 73 76 70 68 71 74 75 80
92 74 76 75 72 74 82 80 77 87 97 83 70 73 80 88 104 108 104 93 90 113 113 111 109 91 85 94 112 141 120 113 120 109 90 80 86 101 100 79 70 69 71 70 72 88 90 82 80 111 122 91 90 109 117 87 72 81 101 120 109 87 85 85 84 83 70 62 67 75 75 82 77 77 73 65 65 68 79 74 66 70 70 72 74 80 81 70 70 74 69 72 72 81 90 80
84 64 74 75 77 78 76 81 91 89 89 80 78 86 88 94 109 126 125 115 97 107 121 110 107 100 101 120 102 100 119 127 113 116 109 75 68 79 83 81 78 73 80 78 78 99 116 98 81 115 114 86 102 128 116 83 86 108 114 100 99 89 88 83 82 89 82 69 74 77 87 83 78 82 84 85 76 71 80 75 62 71 73 74 86 79 72 78 71 65 69 73 78 79 71 65
100 76 75 88 90 87 100 103 107 96 85 89 84 94 94 82 81 111 125 123 136 130 136 123 112 104 106 116 109 107 109 104 105 111 92 77 74 70 67 68 77 83 93 99 92 117 143 115 84 90 89 75 92 128 110 92 93 116 126 83 76 93 111 95 91 82 79 70 74 68 70 75 87 104 103 108 112 89 87 86 68 79 85 81 85 77 71 75 73 63 65 75 77 71 70 73
104 82 93 108 105 104 120 121 126 115 87 100 107 120 109 97 103 119 136 141 148 142 123 105 104 119 122 117 109 112 117 119 97 84 84 80 74 71 76 82 78 89 101 120 124 118 103 81 97 110 91 84 88 91 93 93 81 92 122 106 91 92 112 120 110 91 86 82 83 82 90 96 79 94 108 116 112 80 76 86 75 73 77 69 69 68 66 67 71 72 75 73 76 73 77 75
95 83 102 116 104 91 111 126 114 92 82 95 122 144 138 135 134 129 132 119 129 110 100 104 112 127 123 129 123 112 111 106 87 83 100 117 110 95 99 123 91 71 78 100 116 99 86 71 68 78 81 73 73 73 86 92 86 83 95 113 90 73 85 86 77 83 87 80 82 87 105 101 82 102 124 131 105 88 78 82 86 91 85 67 61 63 65 68 76 82 85 84 78 73 73 58
92 84 103 106 84 78 88 99 85 84 99 125 146 144 133 124 124 110 105 109 107 121 121 105 109 112 115 120 109 97 102 110 113 109 108 108 113 100 87 100 103 85 74 88 96 89 87 93 82 76 80 85 75 78 85 83 79 83 78 85 79 91 85 78 87 97 93 98 110 117 112 84 80 86 110 119 104 112 110 91 81 82 83 71 60 67 66 68 72 70 72 77 80 77 71 62
86 81 92 96 89 91 97 92 89 108 116 110 129 141 132 132 125 110 115 126 114 115 130 120 101 94 117 128 110 100 108 129 124 107 120 113 131 140 112 108 110 100 88 93 99 98 104 116 116 103 96 88 78 78 77 84 86 70 71 75 82 118 112 81 93 89 91 103 111 120 110 90 85 94 125 117 87 96 100 83 82 86 78 75 68 63 64 64 65 70 87 89 79 72 63 57
84 80 103 125 100 85 89 74 77 103 111 104 121 128 119 119 92 112 115 104 126 109 98 110 94 85 114 126 105 107 111 119 114 111 128 132 140 134 109 92 88 99 115 103 91 98 113 104 112 110 94 84 77 74 73 79 85 78 74 74 82 96 90 76 75 80 77 85 102 120 103 98 111 102 105 99 87 93 85 78 81 79 75 82 74 70 71 75 71 66 76 85 76 69 66 62
90 88 123 140 122 85 78 77 92 111 115 131 119 100 106 107 99 115 121 101 111 108 109 115 87 73 82 88 85 93 92 94 98 106 106 98 115 118 115 101 111 126 108 96 88 81 97 108 122 129 119 96 74 79 92 89 82 79 76 86 93 87 76 76 81 82 83 81 79 91 78 82 106 106 101 96 86 82 76 71 71 83 84 74 68 68 70 77 79 75 80 84 78 78 72 62
101 109 108 94 102 97 88 105 140 135 110 119 114 117 119 111 106 109 109 115 108 102 108 105 90 73 66 75 77 90 108 91 93 111 120 119 109 124 125 104 108 111 100 102 87 82 100 110 112 114 105 91 87 83 97 105 89 80 87 86 89 82 74 72 66 77 91 82 67 73 79 84 80 79 82 81 78 70 69 70 74 73 69 67 77 82 78 80 76 79 86 88 78 78 76 75
101 97 109 103 108 101 88 101 116 112 118 122 132 132 111 108 113 116 107 116 111 110 96 76 63 63 63 63 66 78 93 91 88 107 116 121 127 140 130 104 101 90 88 92 85 91 98 98 92 95 102 106 110 96 91 84 69 69 82 84 80 76 82 70 60 73 85 66 65 66 70 71 69 65 61 61 64 64 73 69 61 66 77 75 85 81 72 77 82 75 77 80 72 70 73 71
109 103 104 95 95 90 86 81 81 86 98 111 112 119 112 109 107 101 101 110 105 108 97 68 61 63 66 68 67 77 98 94 87 91 116 131 119 111 108 97 98 95 98 118 105 90 80 86 94 94 88 77 83 85 82 74 74 76 71 73 78 81 76 62 64 68 74 69 73 76 78 73 73 78 73 66 68 71 61 63 67 71 77 62 67 74 79 78 76 78 70 66 75 83 74 64
108 98 104 115 128 126 116 108 99 107 107 96 82 94 104 90 92 96 112 130 101 85 86 66 58 61 66 72 68 67 80 99 107 111 112 124 123 118 104 112 102 119 136 130 103 76 82 83 83 85 65 62 67 70 67 71 74 75 71 72 75 93 105 84 74 64 62 74 81 83 77 66 67 77 93 86 72 65 63 71 80 84 88 74 75 78 72 77 78 74 68 72 79 77 63 64
111 97 108 138 133 99 97 107 115 107 104 99 88 96 86 89 96 86 83 77 74 73 59 65 62 61 67 73 77 90 98 105 115 118 92 97 116 111 114 111 97 100 115 122 94 71 75 74 76 80 70 71 69 71 74 71 78 78 70 75 81 96 98 107 104 78 72 74 70 65 65 69 66 72 80 78 72 72 63 72 84 83 70 67 71 77 70 63 66 64 69 79 84 70 62 67
122 108 107 125 119 104 106 110 118 113 105 101 105 121 109 108 103 91 89 75 64 63 67 72 77 73 70 80 93 111 106 108 118 130 98 87 115 104 90 99 117 91 72 88 83 67 68 73 75 80 81 85 76 78 96 81 81 76 68 79 81 100 98 84 96 90 90 82 67 66 68 73 75 78 70 71 66 73 71 69 98 98 71 67 68 71 69 71 68 62 66 77 69 63 67 67
119 109 107 117 120 127 129 121 120 120 118 118 122 113 108 101 86 84 103 85 73 69 71 72 80 77 86 97 108 112 108 110 109 110 106 98 105 102 93 89 111 100 80 88 76 71 72 79 85 106 108 108 86 78 89 91 83 88 82 89 100 87 87 87 96 90 72 64 63 69 65 72 83 78 71 71 64 68 75 78 82 76 75 84 78 78 64 56 64 72 78 71 59 58 66 59
123 114 117 124 124 122 121 133 122 115 122 105 97 118 104 89 83 82 93 92 84 81 76 83 83 98 115 106 100 103 112 111 105 97 101 112 95 102 103 103 97 80 81 100 92 75 75 79 92 121 125 111 85 71 73 76 71 81 96 98 89 85 88 89 74 63 65 70 65 62 62 76 92 79 74 71 78 86 98 88 73 67 68 87 86 79 85 71 72 85 82 64 61 59 65 69
111 126 155 139 117 121 112 128 114 109 135 127 109 133 106 93 90 86 85 86 84 88 92 86 90 105 98 98 111 112 114 107 108 112 113 106 98 100 113 107 92 79 84 87 83 91 95 72 82 97 106 105 78 62 63 64 63 73 94 95 100 112 102 90 75 70 69 65 67 67 70 82 78 79 88 79 83 94 87 77 72 66 65 66 86 92 86 76 70 81 77 64 66 72 76 87
117 103 110 102 78 95 107 112 116 116 139 141 113 99 88 97 100 95 85 85 108 106 77 82 94 115 90 85 100 109 113 114 109 105 106 97 90 88 91 92 99 87 81 86 79 81 92 91 80 93 118 111 79 70 75 68 65 78 82 82 101 97 79 79 82 84 74 76 76 70 75 86 84 73 67 74 82 85 95 95 86 75 71 77 69 80 110 107 80 75 77 76 74 69 69 74
97 93 93 94 88 97 89 79 89 85 84 93 109 110 101 106 104 119 113 92 91 90 88 94 99 104 105 98 102 116 124 121 115 106 83 78 90 97 93 99 113 108 95 80 87 87 80 75 76 89 99 113 113 89 74 73 68 71 75 80 81 72 70 72 82 85 85 84 69 70 82 90 71 53 59 69 75 78 86 93 93 79 70 84 80 69 78 105 101 82 72 79 77 68 68 74
103 96 95 93 86 86 82 84 84 73 70 72 89 111 92 79 93 118 115 87 88 89 93 86 75 82 87 90 90 96 102 128 119 99 89 80 70 78 88 83 93 109 97 72 80 96 89 81 67 71 78 83 85 78 73 77 71 67 68 68 77 73 67 65 76 79 81 68 64 70 71 78 65 66 73 71 75 78 79 80 81 87 85 76 86 85 80 89 94 88 72 75 77 74 70 63
134 116 112 105 85 88 91 84 79 74 71 70 74 80 88 85 92 99 98 93 110 104 88 87 83 73 73 71 81 91 91 128 120 117 123 112 82 86 95 93 90 88 78 73 76 77 73 78 73 67 77 81 75 83 81 82 82 76 71 81 96 92 80 76 65 72 68 68 75 75 73 75 79 88 95 83 77 81 78 88 107 89 71 73 81 67 68 83 86 93 87 81 79 72 64 64
127 121 98 96 89 84 82 71 72 80 79 75 71 69 75 79 82 86 94 110 104 106 105 101 92 74 71 66 68 86 99 93 102 107 100 97 81 83 84 85 84 74 76 86 88 86 73 77 83 67 66 74 71 67 64 68 70 66 68 75 78 92 83 92 67 69 70 70 67 65 74 81 101 123 93 84 83 95 93 86 98 92 82 82 86 82 85 90 82 78 87 94 91 74 65 80
113 116 93 94 93 80 84 83 69 74 84 79 90 86 97 115 96 92 103 116 92 102 111 100 82 75 71 71 70 77 124 116 83 79 74 65 67 71 78 77 73 76 79 86 110 98 71 62 67 82 88 81 73 70 75 78 74 69 68 71 72 73 68 86 83 84 92 83 73 78 84 72 78 107 108 88 81 96 110 95 99 84 79 78 89 92 86 88 89 93 88 86 95 98 86 94
94 110 103 106 103 97 95 88 74 73 91 78 75 89 105 106 98 104 99 109 102 97 99 102 99 98 88 73 59 61 77 77 70 75 79 76 67 69 88 109 91 84 106 105 93 78 87 85 88 115 106 102 100 85 81 81 81 75 77 79 82 72 66 73 90 108 111 90 80 97 96 76 65 65 85 94 96 101 97 81 88 89 76 81 94 86 72 82 93 110 91 82 103 93 72 76
97 101 95 107 110 115 128 116 97 84 84 91 82 96 96 97 119 123 102 81 88 90 95 96 86 74 67 64 62 65 65 66 74 94 84 81 71 72 86 92 85 103 94 77 80 84 107 125 97 116 93 93 102 84 78 74 79 74 68 67 77 81 77 72 69 101 104 82 83 96 87 81 75 65 72 81 82 81 97 83 71 76 73 75 83 88 77 67 70 74 75 76 102 92 68 79
123 122 105 111 127 150 163 149 140 119 109 101 100 94 74 88 115 104 97 96 101 88 86 95 81 63 64 67 66 70 77 75 76 88 84 78 83 80 70 74 92 111 84 73 78 74 82 102 87 88 85 79 83 74 69 71 72 68 70 70 69 70 72 78 76 102 115 72 64 74 82 80 80 74 85 92 83 90 85 78 74 79 76 75 70 78 79 69 74 86 87 92 100 90 69 69
67 91 115 120 117 126 140 115 101 105 114 133 125 104 77 73 74 79 96 117 126 98 78 77 78 65 62 63 68 78 85 71 85 103 91 80 90 89 94 92 98 109 93 85 110 106 77 68 65 75 92 84 74 69 66 76 88 70 65 67 72 67 69 75 68 73 77 67 64 67 69 79 75 62 67 81 74 79 82 77 72 74 72 68 65 71 73 72 83 81 84 105 92 69 65 66
115 117 144 129 111 95 116 101 96 91 90 106 88 78 87 92 102 100 97 90 95 73 78 76 79 90 80 75 76 78 83 79 81 87 80 90 112 121 105 98 73 73 87 88 83 97 82 66 68 89 98 88 71 71 76 76 79 73 64 65 73 72 72 69 69 66 66 70 77 83 90 91 88 80 75 81 75 82 85 76 63 63 64 69 67 70 71 73 74 75 85 95 86 74 65 70
127 130 118 96 92 107 129 115 106 92 82 85 81 90 100 100 91 93 92 92 106 78 73 82 84 104 100 88 104 100 119 112 86 80 81 105 150 125 90 99 84 68 83 113 110 101 89 68 67 83 76 72 64 66 80 78 68 69 70 68 69 71 70 64 63 64 70 66 70 78 84 102 110 97 92 91 89 78 70 72 82 83 61 63 64 67 75 78 83 89 94 92 87 77 70 68
100 104 92 86 85 101 108 104 107 94 78 77 81 86 85 78 78 83 83 92 101 81 90 100 90 98 110 115 108 100 112 129 128 99 88 99 116 92 94 113 90 77 73 86 96 91 83 73 76 79 72 64 62 61 65 75 74 72 73 71 72 70 66 67 70 69 76 74 66 67 66 69 85 109 94 86 79 72 69 61 62 67 58 58 61 62 78 92 100 94 88 86 76 91 96 72
103 99 91 91 107 103 91 94 101 92 85 82 91 76 74 85 79 73 81 86 81 82 104 125 112 119 119 113 114 104 118 135 124 126 104 85 87 75 85 98 75 74 83 82 100 93 92 92 77 83 104 99 77 64 67 71 72 83 82 73 76 97 96 98 113 90 81 75 75 82 84 80 92 94 68 69 69 66 67 60 53 58 60 57 66 75 88 90 91 93 96 89 82 85 87 72
95 89 86 78 65 79 100 97 85 78 80 77 74 72 70 83 87 94 118 96 75 76 93 97 99 115 120 94 82 79 102 123 113 135 127 86 79 82 75 68 66 74 95 106 113 88 102 112 84 84 99 93 75 81 86 80 82 95 76 66 72 112 115 89 104 103 105 93 83 84 87 85 85 75 66 67 72 68 65 61 59 62 66 67 78 85 69 78 78 85 95 106 127 101 75 81
113 116 102 96 81 69 72 85 82 87 88 85 76 80 76 72 83 106 121 91 76 72 72 83 90 106 121 122 94 86 120 113 100 118 121 93 77 75 82 73 65 71 100 119 91 71 79 88 86 85 99 105 92 98 118 107 93 88 85 83 81 81 86 82 98 105 87 77 77 82 84 95 95 100 92 76 78 73 66 59 64 69 73 77 92 88 72 79 95 110 100 109 119 118 96 84
115 131 138 137 118 92 74 80 100 94 89 96 86 80 95 88 73 75 78 88 95 95 81 81 93 103 104 123 105 80 117 126 118 146 112 73 72 78 85 83 82 80 83 96 105 81 75 79 81 103 117 110 92 82 87 97 106 104 95 80 71 75 89 82 85 88 78 80 73 65 65 66 73 92 101 94 96 92 81 70 72 82 81 82 110 96 84 86 99 100 111 116 101 102 92 76
107 117 114 121 121 114 93 84 93 84 80 100 113 96 100 101 89 81 91 109 120 111 103 92 96 111 90 79 70 86 127 143 132 129 117 104 84 87 98 92 90 85 78 80 95 102 86 81 94 111 116 91 80 91 97 100 107 104 86 85 101 93 90 77 72 77 73 73 71 63 62 62 68 80 74 76 81 81 84 84 78 80 80 80 98 100 78 73 84 74 74 82 76 86 93 94
103 97 88 104 108 110 112 96 108 91 73 79 89 86 81 90 99 102 120 131 130 107 111 99 79 74 92 110 87 78 114 150 139 106 88 95 95 95 125 124 100 92 77 74 76 87 95 87 106 109 92 81 71 101 100 95 95 97 92 110 129 98 84 84 79 77 72 67 68 65 66 74 74 69 84 94 83 81 87 85 83 85 87 73 76 91 77 72 70 69 70 72 70 70 80 82
85 79 90 80 86 104 117 105 102 98 84 85 75 83 100 102 121 119 114 124 134 106 121 139 100 90 90 86 76 74 93 142 116 81 78 79 93 110 108 120 124 106 72 76 99 110 92 98 123 131 97 73 82 89 86 96 123 111 93 102 113 98 95 97 86 76 65 65 73 79 76 68 65 72 85 84 70 75 75 68 67 67 72 69 71 79 84 77 68 68 82 87 80 78 81 82
106 100 80 77 101 129 108 108 110 119 103 81 75 78 94 105 104 115 107 105 118 120 139 161 131 120 96 74 71 91 118 141 149 132 110 86 85 98 99 100 100 84 77 97 124 123 113 101 100 104 98 92 92 93 83 79 111 118 89 89 99 97 95 92 80 82 82 69 64 66 65 71 80 72 71 70 66 78 85 78 75 79 78 76 72 76 76 68 69 79 87 92 98 101 89 78
117 99 82 83 79 96 112 110 100 98 109 92 81 82 102 96 82 104 130 140 117 112 140 124 110 109 85 72 78 109 135 119 101 100 86 73 74 84 123 134 101 97 96 128 134 109 107 100 79 81 95 102 106 103 86 87 113 120 94 98 129 101 78 101 96 89 85 70 64 68 71 69 69 68 77 73 67 65 72 75 85 104 78 67 79 81 70 74 77 81 82 92 101 91 96 101
91 87 82 90 94 118 118 111 102 100 105 99 86 88 91 91 77 105 108 100 94 92 105 86 102 113 98 84 72 72 84 78 78 78 73 84 86 93 102 112 97 107 121 129 106 98 113 93 78 90 102 99 117 107 92 83 81 95 101 89 104 104 75 74 89 88 79 71 67 72 88 87 90 81 79 74 70 68 76 83 78 79 75 72 79 83 80 83 78 73 77 79 82 80 77 87
90 82 80 84 87 101 97 95 93 105 106 91 82 82 81 72 71 86 93 83 77 83 116 118 128 96 87 88 82 74 73 77 76 69 66 95 117 117 100 101 127 118 96 107 105 85 80 75 78 90 108 103 102 102 100 92 83 79 83 76 81 80 74 71 69 62 55 67 88 95 106 96 83 84 80 78 78 81 77 80 77 75 89 98 83 78 77 84 83 80 79 82 93 97 94 86
