examples/data/proba_v_italy_sicily/probav_s10_toc_x19y03_20150311_333m_ndvi_v001.txt
ncols         1127
nrows         589
xllcorner     12.348214285714
yllcorner     36.598214285714
cellsize      0.0029761904761905
NODATA_value  -9999
[rows 200 to 249 of 589, columns 384 to 479 of 1127]
158 156 178 180 184 193 198 191 175 181 183 181 178 181 184 179 167 172 180 183 166 151 163 162 148 145 117 144 151 144 157 155 157 166 155 174 185 197 207 203 183 171 177 180 197 182 162 165 186 191 194 204 195 179 191 211 205 190 189 191 186 168 189 189 176 183 197 208 181 132 129 165 178 171 176 195 187 171 174 179 160 143 155 151 157 150 170 185 197 196 189 181 175 168 177 177
167 167 197 195 201 213 209 205 181 185 187 199 197 176 162 167 178 190 174 145 144 147 156 100 119 134 130 142 152 127 136 171 175 161 156 160 167 182 206 201 180 163 171 157 192 191 182 186 176 178 181 192 192 193 204 199 196 204 200 194 203 195 220 221 194 168 146 179 200 156 119 127 169 184 199 197 185 172 158 165 170 160 164 161 170 180 184 183 184 178 166 165 145 120 146 168
179 161 169 180 190 197 185 194 189 152 181 168 146 169 168 172 178 180 169 160 161 161 164 157 143 140 155 159 161 161 147 163 161 166 158 129 116 126 141 130 128 149 176 174 172 181 179 191 196 169 166 210 208 196 182 182 192 201 191 188 176 170 189 210 177 157 136 160 165 160 123 131 169 162 181 188 172 153 162 176 186 177 159 163 193 204 191 183 186 168 157 167 159 135 142 162
174 163 161 151 151 175 192 183 156 150 177 163 145 189 190 169 164 165 153 154 153 164 148 153 150 126 158 171 159 168 184 178 158 150 120 118 106 95 94 118 138 153 158 167 168 182 181 173 172 170 181 216 218 213 211 207 199 184 188 210 190 175 173 164 149 153 167 175 168 187 164 160 175 171 169 181 183 169 161 173 175 154 139 131 167 182 199 220 201 174 160 167 194 174 179 160
180 169 166 170 173 172 195 183 165 168 172 163 117 201 186 163 129 183 172 151 151 156 127 123 116 120 156 175 164 171 178 185 171 175 154 149 187 162 109 123 149 144 175 189 177 173 187 185 168 167 187 194 199 209 214 212 203 180 182 204 195 188 190 182 145 138 158 195 175 164 168 190 169 157 171 145 162 162 139 124 127 114 125 160 169 136 139 155 160 159 153 152 188 177 176 148
175 176 183 176 178 181 189 173 168 172 173 157 103 191 138 164 109 157 187 187 167 176 160 145 162 166 173 168 161 190 198 195 192 153 155 157 189 163 118 145 182 164 157 159 169 176 200 200 184 173 184 175 173 182 192 200 199 184 182 199 210 208 170 162 154 146 147 145 149 148 152 173 165 159 179 150 148 143 126 129 113 104 121 153 165 135 140 162 135 126 164 152 135 184 179 157
182 182 187 192 195 200 200 206 193 192 177 152 116 86 90 111 125 149 181 189 205 154 140 160 193 203 194 191 178 183 197 190 187 153 160 177 182 184 172 189 207 182 150 159 195 196 198 204 188 179 190 192 169 205 213 204 196 197 195 216 213 196 178 172 180 175 143 134 147 138 170 177 156 156 164 151 134 125 164 131 139 134 116 118 139 157 162 134 123 135 125 120 149 194 187 164
173 185 174 179 179 174 187 199 196 201 187 177 133 110 109 129 151 190 169 186 190 157 141 167 189 211 202 187 175 179 182 143 153 193 184 190 171 178 201 210 205 197 176 185 196 194 193 193 189 182 175 188 208 226 215 205 212 195 173 173 188 202 189 173 174 182 174 158 152 178 198 195 158 164 171 183 185 198 177 141 160 143 116 114 146 123 134 145 144 146 140 139 145 162 176 164
177 154 186 195 185 178 174 175 176 186 193 183 144 120 143 160 177 189 184 190 199 194 170 161 185 185 184 199 180 176 183 161 176 193 148 153 176 175 188 182 178 214 205 167 166 169 173 199 196 187 175 180 195 203 203 187 196 204 176 170 216 203 203 212 186 187 193 183 186 161 183 187 171 173 170 150 167 186 164 146 148 151 145 129 171 139 150 150 150 159 166 146 134 137 147 144
102 155 176 177 185 208 186 177 201 211 205 208 167 130 140 164 171 181 192 160 174 189 178 168 185 189 182 216 212 178 192 194 195 183 153 168 191 202 180 163 167 189 169 141 166 170 171 193 182 186 195 181 181 186 194 195 208 196 153 142 177 178 202 214 203 193 172 165 174 158 145 147 147 171 177 157 154 166 156 172 169 162 158 157 156 133 154 159 157 159 148 134 125 122 124 156
89 144 170 162 161 183 173 149 167 211 217 178 158 151 158 176 183 188 194 167 151 154 161 187 188 199 163 169 198 184 173 174 177 183 174 170 209 213 200 202 174 143 129 141 164 175 198 194 181 184 184 180 202 213 194 189 191 191 174 148 148 171 186 180 185 189 173 175 173 163 132 125 149 175 203 197 157 152 158 184 207 205 193 167 141 120 132 174 160 141 138 124 122 134 147 168
101 101 133 133 145 168 162 163 170 156 164 150 134 140 166 172 177 169 177 181 160 171 157 189 202 187 164 192 200 196 185 171 174 178 167 172 195 210 205 223 217 188 173 171 169 167 186 183 167 158 172 181 194 189 159 167 190 199 160 159 171 160 169 167 167 175 174 175 177 167 124 122 167 186 196 196 143 125 147 177 183 201 184 149 142 140 132 142 123 123 151 150 139 153 166 146
81 94 121 126 127 124 117 130 154 164 172 177 155 156 159 132 125 139 166 209 190 175 152 193 209 183 189 164 158 162 159 149 141 146 155 165 186 193 180 193 219 214 190 185 194 186 192 184 156 160 170 177 184 181 159 163 190 198 184 188 177 145 151 143 140 141 145 142 151 151 143 129 146 150 153 160 139 133 149 134 158 191 170 175 179 169 151 165 140 113 127 156 170 164 172 179
200 119 145 160 138 118 128 135 148 174 193 200 172 155 135 129 130 138 139 170 181 177 190 212 209 177 155 120 137 155 153 151 145 144 158 164 185 189 191 179 208 209 182 181 203 200 204 199 169 165 161 160 173 190 178 174 155 161 175 172 172 153 176 134 118 188 172 174 177 183 161 126 132 136 170 190 171 185 179 173 178 195 195 172 173 172 182 202 159 131 150 172 154 175 185 166
183 193 143 144 154 149 132 128 187 190 82 77 167 144 136 140 135 137 149 173 157 140 159 162 157 162 139 107 108 156 151 177 185 168 177 197 195 182 192 208 213 203 178 182 213 208 193 164 159 164 176 161 153 169 171 179 186 198 217 187 178 176 184 161 180 196 190 175 166 164 163 151 171 177 177 198 181 182 176 159 181 198 187 137 147 170 164 165 172 166 164 165 150 157 166 155
203 151 178 186 189 173 143 140 193 196 184 81 141 131 130 128 135 141 158 155 115 107 117 140 158 143 133 134 147 169 179 199 213 218 199 191 194 175 174 174 177 173 172 187 200 198 181 161 156 140 175 193 176 188 195 192 222 220 212 200 195 181 159 161 170 180 184 165 135 157 169 195 196 178 186 193 167 154 139 162 181 166 153 152 154 162 169 145 149 155 150 133 137 133 138 145
173 157 159 183 196 196 205 203 164 143 134 115 65 126 148 145 141 145 145 144 133 129 143 164 135 130 109 114 131 154 163 180 228 214 196 198 192 183 181 177 188 208 209 191 201 201 183 203 204 168 176 200 186 193 188 176 188 183 175 183 192 196 174 167 187 180 150 127 110 163 165 150 166 175 160 159 151 137 162 162 142 133 161 135 166 179 164 164 158 165 170 142 142 127 110 115
162 173 155 153 151 167 139 202 163 121 87 97 92 128 171 168 147 140 154 167 179 165 167 171 174 165 150 142 118 118 114 161 180 158 154 162 175 176 174 183 199 207 217 199 204 199 195 194 212 200 199 214 206 211 194 181 200 201 189 182 198 213 196 182 164 152 143 156 152 158 182 184 181 179 165 165 169 156 148 142 142 135 165 149 163 145 140 170 180 155 167 169 158 137 104 121
155 170 167 149 139 150 182 160 167 167 136 109 105 107 136 158 146 132 166 166 142 145 162 168 183 180 172 159 151 150 146 149 158 168 179 152 153 151 164 142 134 158 183 177 169 177 178 185 195 203 176 172 186 197 200 192 199 195 169 169 189 197 190 195 167 151 181 190 172 186 195 200 179 164 159 138 150 169 156 153 124 117 116 141 160 150 127 122 153 154 160 170 148 123 109 115
151 161 163 117 122 146 108 102 119 157 163 112 115 121 128 126 111 102 140 154 132 130 153 166 158 166 163 156 163 171 181 193 183 172 162 143 125 144 156 116 127 150 165 179 177 177 196 220 228 228 182 164 183 203 202 201 198 195 165 161 178 201 209 205 183 172 185 179 198 189 199 187 168 160 178 154 121 185 170 167 133 121 142 147 153 158 132 136 181 164 152 169 144 124 133 145
145 154 156 88 185 176 128 110 144 126 123 104 82 129 142 131 128 132 151 158 162 145 139 163 162 156 168 172 171 154 162 180 199 151 124 134 149 144 152 147 207 211 176 186 176 172 192 208 198 213 194 191 208 210 213 213 202 200 174 175 191 198 199 207 210 199 185 185 190 185 197 208 210 181 205 189 112 147 153 168 153 154 159 183 176 160 138 156 172 162 162 171 164 139 138 139
103 89 98 159 164 171 87 105 118 128 131 129 120 137 139 133 138 135 138 150 152 138 147 140 144 165 168 157 143 156 162 179 185 151 134 140 145 162 177 198 197 201 194 182 175 175 181 185 204 212 196 201 190 205 206 206 193 184 175 181 170 181 190 199 206 194 160 151 162 160 168 203 211 200 202 191 165 134 126 147 179 187 167 146 144 129 108 116 152 183 194 179 164 103 87 146
152 162 123 171 163 76 131 110 163 141 136 136 134 145 147 143 172 171 181 184 164 160 160 125 147 156 157 167 173 168 150 150 153 162 164 151 137 149 158 194 208 205 191 184 203 195 188 176 167 179 165 153 161 169 202 172 183 158 175 175 157 160 190 196 198 193 201 223 212 175 177 173 185 151 166 190 174 130 122 147 167 198 196 165 138 142 121 109 136 165 166 164 166 162 124 156
97 114 203 168 132 86 68 152 172 155 145 127 131 146 162 187 207 204 190 183 185 174 174 180 176 159 145 141 158 164 152 158 152 159 164 141 143 145 149 185 195 191 191 192 205 197 190 206 205 184 160 159 171 191 198 204 194 190 165 126 123 139 173 190 181 188 217 250 215 174 179 175 158 183 181 186 156 138 139 149 115 150 195 154 130 177 186 152 153 157 161 173 178 174 162 160
127 141 142 125 104 141 115 138 143 143 170 165 154 178 203 210 201 184 177 162 173 197 217 213 193 154 149 126 145 173 176 194 183 148 159 155 150 151 162 183 184 185 190 186 175 184 217 215 209 200 183 167 194 194 167 191 180 191 202 181 163 189 180 192 195 180 200 209 192 185 179 191 180 178 201 180 153 118 132 170 141 160 194 159 120 124 161 154 147 169 203 201 171 175 164 156
153 154 137 90 129 70 87 128 157 128 147 190 199 190 196 222 217 193 193 178 177 178 184 186 167 158 160 174 186 179 170 163 159 169 172 158 145 169 159 149 174 178 184 191 180 195 195 166 177 198 158 175 193 187 184 176 174 171 196 202 204 217 196 181 177 194 200 212 184 199 209 200 183 207 205 181 172 162 154 177 168 190 168 151 155 171 127 136 174 195 189 195 178 145 154 158
156 137 96 126 128 57 146 79 136 143 132 168 194 182 176 203 215 216 210 206 183 159 143 179 169 171 180 168 166 158 173 167 169 172 166 161 147 132 108 142 175 178 177 188 191 188 193 179 154 156 183 163 181 180 175 173 167 197 182 190 222 207 200 191 181 209 220 218 181 182 201 213 212 217 219 200 189 182 176 173 201 216 192 166 174 173 137 121 167 180 161 166 169 137 135 129
149 122 99 80 88 99 97 84 109 123 133 150 181 190 199 202 212 221 213 175 167 168 175 218 178 162 175 167 169 169 172 175 182 173 154 170 189 173 164 178 196 193 171 166 186 177 174 189 205 198 205 188 181 182 156 158 171 177 202 196 196 204 192 204 191 210 231 207 176 185 193 191 214 206 167 172 173 207 227 209 197 214 190 160 154 151 123 112 151 148 132 139 155 161 158 131
168 188 114 94 97 99 101 109 133 168 141 140 152 175 203 210 206 202 196 170 151 161 186 226 170 168 183 161 163 173 165 156 148 155 168 175 176 193 201 190 197 190 170 161 188 195 190 181 183 203 212 203 176 168 155 150 169 157 189 198 192 208 205 198 179 192 215 223 202 184 192 190 199 217 195 187 195 219 220 207 194 176 155 174 178 180 160 152 157 169 171 163 181 186 182 150
170 133 126 114 114 116 113 122 157 170 145 129 137 148 168 178 174 174 159 148 121 134 212 223 220 218 222 239 220 190 173 166 149 144 174 202 184 179 179 174 171 184 175 176 195 199 196 191 180 186 194 187 166 179 180 169 185 175 155 195 219 228 216 193 189 195 202 203 205 200 209 196 194 217 217 210 213 205 191 194 173 195 205 218 198 181 171 143 175 172 178 166 165 220 231 180
149 127 124 123 112 114 113 106 139 137 158 149 157 144 157 189 199 173 153 158 105 36 195 187 190 229 250 250 250 243 131 111 149 161 187 205 189 193 183 189 194 179 169 182 192 192 200 203 200 188 193 210 176 195 203 205 203 196 180 191 189 208 212 204 226 210 198 200 201 197 208 197 170 193 200 205 212 194 189 202 193 175 198 200 210 199 184 156 176 173 150 148 154 186 181 143
136 113 113 131 132 118 113 113 140 152 153 148 160 155 145 175 187 175 155 121 49 64 187 190 186 215 215 210 218 246 176 97 152 179 180 188 206 208 206 181 183 186 170 164 164 156 180 203 206 210 201 194 204 202 194 215 217 211 190 150 123 173 198 205 218 200 199 201 207 220 205 184 156 168 178 169 169 163 167 207 215 190 211 220 202 189 186 185 180 175 140 183 161 146 134 137
150 121 130 131 131 130 127 117 122 138 151 139 128 161 169 177 159 159 140 41 52 189 199 201 207 214 219 217 202 206 154 128 153 178 177 186 190 194 159 142 156 191 173 167 162 152 158 169 189 210 198 196 213 202 194 203 199 190 192 179 158 171 189 201 209 196 187 197 214 215 190 164 152 151 155 178 165 162 182 209 211 203 199 206 195 179 191 188 178 157 168 193 174 170 156 149
161 124 122 115 99 101 137 137 131 129 146 154 145 148 138 162 157 154 135 58 106 197 199 199 200 198 219 220 200 164 150 164 166 165 163 174 202 177 139 159 181 178 167 168 147 144 157 159 168 179 196 199 206 223 207 182 166 178 202 225 202 179 197 208 214 193 166 178 198 193 178 181 188 182 157 168 178 187 210 217 215 222 214 178 187 196 208 195 190 203 190 173 163 152 136 138
156 120 118 117 119 113 164 143 121 99 129 180 175 171 176 180 191 203 181 66 83 187 200 183 189 194 208 194 170 154 154 158 168 173 174 166 162 161 146 150 155 155 136 137 152 150 152 164 175 175 204 206 203 200 184 166 169 194 221 221 201 168 172 190 187 185 182 192 204 193 184 171 155 189 175 162 178 192 201 201 203 196 194 192 190 193 202 177 171 185 179 164 147 158 153 158
140 108 123 130 160 183 159 130 126 138 97 60 109 181 178 173 180 189 199 173 101 181 194 174 181 200 210 210 205 173 152 149 141 155 164 151 146 151 149 154 155 146 142 147 164 142 164 186 195 188 196 217 189 179 181 208 219 218 208 155 176 159 149 172 188 192 200 212 223 195 156 154 173 181 167 163 179 193 204 189 188 199 202 202 210 214 216 200 197 201 190 178 170 155 142 127
117 121 125 139 183 187 158 128 158 182 165 104 118 195 186 172 159 158 177 179 178 203 182 167 190 205 200 201 188 155 121 119 139 141 141 151 157 156 166 162 152 141 156 149 147 166 178 168 184 197 200 187 177 186 195 204 210 210 209 181 151 171 181 184 189 182 196 215 219 210 194 197 214 167 128 155 190 196 179 165 182 188 196 209 224 211 208 209 197 195 201 187 167 165 171 141
120 127 127 144 193 180 134 121 136 172 180 154 144 197 210 189 157 168 171 160 164 182 154 147 151 147 138 144 156 130 121 135 169 157 139 150 156 161 160 154 152 155 152 159 171 167 159 178 188 177 164 180 206 200 209 182 170 175 198 206 208 211 191 192 187 169 170 195 195 192 172 129 161 158 149 183 188 157 163 170 174 178 164 184 212 208 191 194 179 186 209 196 177 182 180 166
119 152 165 172 207 177 152 170 165 181 165 115 139 194 192 194 198 195 176 183 168 152 149 141 138 135 132 128 116 110 112 137 177 158 119 126 132 139 153 176 168 165 164 166 170 154 148 145 170 156 148 173 184 189 198 197 192 198 196 221 226 196 179 193 191 191 183 182 197 198 178 149 166 189 160 190 175 156 167 182 151 171 179 192 206 202 204 217 185 183 204 199 185 180 185 172
102 124 149 154 201 201 193 174 135 127 140 152 172 178 192 216 195 185 163 150 147 147 150 150 145 140 141 136 131 131 135 149 168 158 128 136 148 143 154 178 167 160 163 153 148 61 149 124 102 168 158 148 172 188 194 205 207 203 169 194 196 177 174 186 204 221 196 159 172 196 197 194 188 190 159 134 162 171 178 179 163 163 185 195 190 204 197 180 196 156 184 184 183 169 150 149
152 114 133 169 199 207 210 165 118 120 137 170 199 194 166 150 132 134 129 150 150 150 148 137 140 130 124 114 124 139 142 144 161 165 156 139 160 158 92 56 154 129 183 185 160 142 135 74 83 173 141 123 166 187 193 202 201 191 183 180 181 184 188 186 184 199 206 162 165 193 202 203 195 184 151 129 171 172 187 170 167 182 185 199 172 184 188 125 146 166 184 185 191 184 172 160
116 123 139 185 195 215 205 116 93 119 132 143 194 193 150 140 137 153 166 162 152 156 159 158 147 123 129 124 124 148 141 110 125 124 133 128 125 85 147 184 182 83 208 84 108 214 123 131 118 113 98 119 159 166 178 186 193 192 193 187 183 190 183 189 190 188 207 181 173 178 167 181 202 191 185 158 148 171 164 130 147 181 186 199 193 186 176 169 169 177 165 151 157 165 162 167
126 134 136 158 156 168 163 135 118 134 138 145 159 161 150 157 163 175 182 174 160 145 156 165 147 161 154 151 147 104 96 114 118 90 101 161 185 58 187 188 63 77 165 183 90 149 121 91 91 88 105 92 98 118 143 151 142 143 141 146 113 129 191 183 186 191 206 181 175 190 171 143 167 171 151 159 157 156 139 133 156 186 172 179 179 188 180 179 159 170 171 159 161 176 155 156
96 140 156 140 125 134 140 145 131 122 134 153 154 159 179 165 164 165 176 143 167 141 130 151 145 158 132 127 138 131 131 141 147 162 197 217 207 205 91 149 159 132 147 149 139 67 134 92 80 73 65 68 108 128 154 173 161 137 102 138 113 105 178 186 189 199 217 164 126 162 173 161 182 146 147 173 154 145 149 141 159 178 171 176 179 155 156 178 178 187 202 194 188 181 153 140
86 119 175 144 128 131 138 148 152 148 134 138 155 163 156 155 155 162 155 160 156 138 136 133 136 156 168 134 133 144 131 121 156 213 218 225 190 168 164 140 128 154 190 185 106 137 76 94 100 120 133 127 135 152 159 157 139 145 152 163 177 169 166 168 180 205 207 157 152 215 229 201 189 184 165 178 158 149 174 165 162 180 190 178 171 165 163 175 190 194 189 200 205 184 172 174
133 128 155 147 138 135 135 139 151 163 166 172 179 185 157 166 166 148 142 152 159 147 133 134 144 160 189 182 158 142 137 165 208 220 202 173 166 153 124 106 106 104 164 171 127 80 79 104 145 165 160 106 75 117 156 164 137 141 150 152 179 189 166 176 191 191 176 171 211 211 209 200 193 230 210 168 156 192 206 172 176 185 185 179 185 157 166 182 187 182 173 199 197 166 170 185
122 139 154 163 148 139 137 137 151 183 187 199 215 205 166 186 196 212 209 172 165 159 136 139 153 177 192 186 189 208 219 227 221 187 172 165 141 139 122 120 144 123 167 143 126 115 99 124 156 157 142 121 117 139 153 169 159 130 112 136 166 177 194 192 182 172 187 200 206 206 208 216 212 209 206 218 218 217 185 144 170 192 191 199 180 172 177 191 170 152 162 170 198 163 167 188
139 144 161 147 131 131 135 140 143 151 177 193 207 213 207 213 204 201 204 181 155 141 138 139 154 184 205 205 199 211 210 169 150 147 147 170 164 151 132 68 140 109 164 126 118 122 115 109 142 161 166 179 177 165 167 169 182 180 155 165 191 186 189 194 168 191 204 208 226 225 215 216 208 208 190 201 200 187 178 160 180 187 185 198 196 165 143 151 147 153 151 155 160 158 148 165
170 169 161 175 180 181 141 140 144 126 131 169 205 204 209 212 202 203 213 188 153 128 135 170 209 243 189 133 125 138 147 110 134 180 194 169 184 151 110 98 95 115 164 147 127 129 132 126 130 144 155 170 182 180 168 181 189 195 193 196 192 192 194 183 166 185 201 206 224 227 207 206 204 209 201 188 172 162 178 169 184 186 173 198 209 191 189 155 159 171 164 141 144 152 169 168
176 184 186 181 179 191 196 173 177 174 164 159 164 162 192 223 216 208 204 195 183 173 198 242 227 168 125 124 143 150 156 141 158 206 190 192 164 118 105 141 159 132 151 149 132 127 151 162 142 146 150 158 171 171 159 169 170 168 177 200 212 203 178 189 178 190 204 211 219 208 220 236 202 189 168 159 128 155 179 180 175 170 168 177 192 174 185 158 159 165 155 129 119 143 174 179
