examples/data/proba_v_italy_sicily/probav_s10_toc_x19y03_20150311_333m_ndvi_v001.txt
ncols         1127
nrows         589
xllcorner     12.348214285714
yllcorner     36.598214285714
cellsize      0.0029761904761905
NODATA_value  -9999
[rows 350 to 399 of 589, columns 576 to 671 of 1127]
177 154 163 152 118 95 111 122 183 111 97 114 95 110 101 94 112 157 159 156 180 190 201 196 187 188 182 162 144 169 175 178 187 173 180 173 166 169 182 178 160 158 165 159 152 153 154 159 172 165 177 175 172 162 138 144 137 129 139 150 161 152 134 118 138 149 139 152 153 158 162 145 157 171 178 177 178 179 176 192 195 192 158 135 154 192 198 173 181 183 170 184 201 183 151 173
142 126 162 155 145 135 133 129 137 129 131 114 123 146 124 102 112 138 145 148 147 143 161 226 232 182 184 196 176 199 213 182 174 190 190 160 159 161 178 163 155 163 182 165 148 145 162 158 142 136 166 145 114 126 136 136 128 121 163 176 170 154 146 148 152 144 138 146 144 151 161 165 158 141 148 173 181 169 161 178 193 197 170 162 172 195 209 205 211 208 194 197 180 168 166 156
165 150 130 122 152 150 138 64 86 136 123 118 134 150 145 107 121 108 146 142 134 148 149 156 183 130 168 181 159 191 219 178 154 180 206 176 160 155 156 149 144 143 145 145 147 131 137 151 130 85 67 76 89 122 150 160 152 140 142 156 159 161 167 152 118 130 156 152 149 166 159 156 139 137 146 178 190 169 155 167 179 169 162 175 171 180 208 210 217 220 227 220 192 168 170 154
165 158 110 102 107 100 88 129 143 139 115 95 97 110 132 111 121 126 160 170 141 120 109 125 113 100 185 205 158 165 180 167 141 139 168 155 178 166 145 143 144 134 137 143 151 143 140 105 88 83 86 102 126 141 158 169 142 136 129 104 141 161 163 137 132 150 172 163 152 168 177 184 173 162 146 163 176 203 189 182 193 186 184 178 150 159 174 170 188 207 192 169 169 167 176 164
123 114 105 89 91 93 100 150 133 115 112 150 144 146 137 146 152 144 137 163 130 123 130 125 116 122 177 132 129 134 148 131 145 162 168 156 164 158 141 173 172 144 134 130 152 172 131 115 128 158 118 129 144 141 159 154 125 127 130 131 132 138 135 142 157 160 168 156 162 162 161 182 186 177 146 184 192 207 210 205 177 196 187 164 169 180 179 167 159 149 137 145 168 176 185 193
98 87 104 113 124 155 98 113 133 175 142 151 154 169 150 152 137 166 172 150 119 102 120 144 130 145 160 152 146 141 164 164 147 155 170 158 152 159 161 187 150 141 166 162 155 142 136 135 145 149 123 133 155 147 139 153 147 138 146 133 125 138 148 128 146 148 150 172 169 176 162 160 164 165 151 165 201 206 202 199 187 212 221 181 172 185 186 174 166 140 113 150 180 186 190 197
128 109 116 142 146 180 190 86 96 167 149 157 158 172 163 133 127 158 155 112 95 89 94 140 178 204 175 176 139 139 161 186 164 156 166 162 157 151 122 127 161 159 162 165 153 156 136 134 129 138 150 159 171 176 165 131 126 126 136 154 148 143 151 163 167 163 177 173 189 196 194 192 175 176 190 196 195 193 210 207 202 198 195 183 182 169 169 169 169 173 170 172 178 185 196 190
115 133 131 131 132 140 76 84 65 134 134 142 163 160 151 144 134 149 123 105 105 115 134 143 159 159 133 131 140 146 150 154 143 135 137 144 152 144 133 126 143 114 108 148 141 133 154 153 146 139 124 129 157 167 151 134 130 132 129 139 135 138 151 186 190 178 163 157 164 168 170 194 196 195 187 175 191 190 182 187 183 182 185 172 165 179 160 165 176 184 182 179 173 170 161 164
104 131 129 110 131 129 94 80 92 141 139 146 155 134 139 148 117 131 117 97 99 104 165 192 202 141 95 108 118 135 137 144 140 130 148 164 157 131 142 156 129 114 92 130 177 189 170 141 103 142 162 154 156 139 135 139 139 167 135 140 140 135 146 175 191 186 194 175 159 178 183 181 189 180 176 179 177 185 178 193 194 186 196 194 179 183 170 161 178 192 182 172 177 174 167 168
115 114 138 175 147 87 71 73 102 152 140 138 174 168 168 169 160 172 156 127 146 133 169 166 180 161 134 109 107 124 108 110 117 130 136 148 136 110 126 162 151 152 139 131 141 145 133 130 129 146 184 171 147 141 146 146 139 149 155 154 151 155 162 173 182 167 222 196 168 175 205 197 203 209 190 195 204 206 204 212 196 175 167 186 184 172 168 166 167 161 150 141 165 182 166 176
139 138 150 162 140 107 85 90 70 94 114 137 154 159 156 123 129 198 188 141 124 152 147 131 144 142 121 143 152 158 122 114 124 145 151 160 160 138 114 130 164 180 167 155 150 135 127 145 150 158 164 152 148 141 136 144 153 142 151 157 155 166 180 175 173 175 190 197 197 185 192 206 199 196 181 195 205 206 218 223 211 150 134 183 213 180 159 139 153 164 171 185 179 185 191 202
140 141 121 108 122 131 104 110 113 107 114 128 125 152 126 114 130 141 159 129 122 126 122 124 132 149 134 147 154 158 127 128 123 134 162 171 147 126 117 136 138 164 159 169 168 137 133 168 171 158 175 163 157 145 152 167 143 120 158 174 178 172 178 187 181 183 151 165 184 198 166 194 196 177 166 167 202 209 212 210 200 157 108 136 217 210 198 181 170 181 197 176 172 193 173 185
129 117 121 115 81 98 96 86 136 140 140 138 138 129 125 120 111 105 104 113 121 118 101 92 105 113 160 168 161 135 156 159 160 153 148 136 133 144 145 130 130 151 146 134 142 148 161 165 150 154 167 172 179 168 170 176 174 135 143 181 188 185 187 180 169 181 169 179 201 192 170 178 178 159 178 192 216 227 214 218 231 173 134 188 227 191 186 199 209 200 189 149 165 173 145 156
139 133 140 134 84 167 179 158 159 144 136 134 139 143 122 103 121 136 112 106 105 94 98 109 124 144 150 161 155 145 148 148 148 131 119 148 154 158 151 128 124 142 146 121 124 162 176 168 156 147 120 142 158 164 157 123 145 169 174 193 192 201 206 192 187 192 193 190 166 162 175 195 191 178 210 211 214 200 191 198 202 179 164 205 228 200 196 200 190 164 156 153 182 185 167 174
133 135 146 165 86 158 74 150 166 160 119 135 157 153 132 99 114 144 135 128 141 137 116 134 173 174 155 139 119 115 107 102 118 108 104 128 141 136 129 112 122 136 136 129 144 159 175 155 145 144 143 152 167 188 181 125 129 163 166 169 184 186 186 197 198 202 196 178 159 164 169 189 195 192 202 181 184 207 222 213 197 176 151 155 188 196 199 189 175 175 173 171 174 178 188 212
157 181 183 111 138 109 140 128 134 136 114 118 168 163 133 120 110 136 145 169 142 122 145 159 153 162 160 143 120 129 122 125 133 113 105 116 133 134 116 144 128 119 128 145 137 152 149 141 141 162 174 163 118 128 129 125 162 188 173 146 165 181 193 198 204 220 210 185 174 185 197 194 185 186 176 165 197 222 211 201 178 171 169 165 154 170 180 178 175 176 170 186 190 183 196 228
167 159 132 96 104 140 123 128 124 118 114 105 140 148 131 126 139 134 130 113 99 113 109 106 113 143 161 198 171 150 152 143 147 127 112 114 113 124 107 133 125 108 114 135 138 140 127 122 123 152 142 100 100 112 117 117 129 171 184 193 199 225 206 173 206 203 190 184 175 183 198 199 185 181 185 193 213 209 188 200 213 216 199 182 173 195 197 209 185 161 174 184 175 155 188 220
153 139 123 102 57 109 109 113 123 115 112 114 124 120 142 146 128 107 113 96 93 118 106 88 101 124 165 171 163 130 123 130 128 130 112 120 134 138 108 110 132 129 146 174 181 192 134 108 124 122 142 94 99 124 119 120 149 141 181 194 212 212 210 180 200 191 166 166 182 177 189 181 158 183 198 204 215 193 188 194 208 211 210 173 155 184 185 173 176 170 186 193 182 147 177 204
155 140 123 120 91 136 101 91 104 101 104 96 107 106 128 128 118 101 108 122 124 138 126 140 143 163 157 151 128 128 155 150 124 137 128 145 144 129 124 134 105 137 151 164 164 148 99 105 118 111 139 134 109 103 167 167 145 172 187 175 182 193 193 169 174 162 177 159 177 182 173 197 188 179 188 180 177 175 184 192 209 208 200 185 187 181 137 129 160 183 172 186 192 183 191 197
147 135 142 92 96 129 99 98 132 103 90 129 186 168 148 138 117 89 88 155 158 127 130 102 100 113 105 114 140 143 145 148 153 158 138 128 146 145 135 166 147 147 142 150 139 117 107 98 87 98 149 151 121 135 143 160 135 142 130 115 141 176 166 140 130 145 141 120 106 155 161 178 183 159 158 134 170 205 204 189 198 191 194 186 180 142 114 118 161 208 194 211 225 228 225 225
180 159 174 163 168 143 104 114 143 116 101 144 197 173 142 143 147 102 95 127 129 132 140 120 102 137 148 140 151 139 119 128 165 161 169 171 204 223 213 178 130 149 135 120 116 107 95 94 98 124 118 110 121 135 112 106 109 113 115 114 109 143 167 145 130 134 157 142 103 122 123 108 152 157 146 151 169 183 176 164 155 151 147 154 136 131 151 150 188 220 192 194 205 224 219 217
191 166 183 86 90 161 156 162 162 140 126 155 175 153 146 128 98 120 173 190 139 154 140 114 98 163 190 167 131 121 142 161 181 177 203 195 155 197 205 114 81 100 121 114 118 103 102 144 144 128 119 131 136 132 117 102 100 102 126 151 151 156 167 178 189 190 175 176 151 129 123 130 179 182 159 135 130 160 187 143 123 141 162 156 137 139 149 150 189 193 175 190 182 194 205 206
140 82 119 144 119 132 158 174 179 178 153 161 158 120 100 118 152 154 148 139 151 157 141 107 104 106 118 148 165 144 158 174 194 190 190 181 150 158 165 120 109 124 117 102 108 152 195 188 142 127 120 119 104 103 134 112 115 134 147 153 130 130 152 145 129 128 149 175 173 132 136 163 175 170 126 113 127 140 123 137 159 159 121 113 129 136 141 138 173 200 203 187 186 189 185 204
126 104 169 94 167 136 162 173 175 180 172 169 167 120 96 133 162 122 120 122 122 120 123 113 87 87 109 108 123 128 145 177 178 190 209 202 201 152 132 109 127 123 119 127 123 119 165 188 158 132 112 107 125 132 126 138 134 146 141 121 112 91 117 148 126 142 190 193 153 120 139 153 153 172 150 147 171 144 109 120 144 124 121 117 124 144 153 143 150 173 167 181 192 197 195 200
108 124 96 107 171 155 147 157 164 181 183 160 144 112 92 122 156 120 86 95 100 94 94 113 99 83 86 88 109 110 146 184 186 175 183 193 194 154 112 84 100 127 112 110 129 131 136 187 177 165 124 86 95 126 133 136 136 127 148 118 106 107 127 148 152 138 111 145 136 118 146 184 184 187 194 198 250 104 146 164 157 132 107 125 123 114 138 143 120 141 178 182 194 200 176 178
117 146 140 97 156 156 160 154 163 162 159 161 145 113 90 108 133 118 85 83 95 86 86 114 116 105 108 106 135 130 133 164 187 181 133 140 155 122 107 100 124 133 117 96 118 136 132 155 130 115 95 111 116 118 113 119 122 139 148 116 116 127 136 119 139 110 89 124 113 110 133 176 172 157 143 152 142 127 135 145 159 190 140 145 142 133 150 141 151 169 183 188 196 186 166 159
175 185 169 172 149 128 134 133 172 152 142 168 145 124 123 108 89 92 95 110 111 109 110 94 124 139 131 122 109 117 128 147 168 146 103 94 112 95 108 146 168 124 98 106 108 116 139 198 226 218 198 130 125 107 112 140 153 142 131 109 111 110 127 126 136 169 134 124 107 115 158 173 181 190 187 165 155 125 121 139 156 182 202 197 167 180 168 156 167 169 190 198 173 155 153 118
172 88 102 155 153 166 165 173 210 196 186 159 127 121 143 156 108 98 121 129 110 133 128 99 119 165 134 107 90 101 138 149 148 140 124 112 114 113 140 154 167 150 117 113 98 110 138 149 229 198 168 117 103 102 108 150 139 125 133 116 97 103 107 131 154 157 149 143 144 159 178 177 178 156 146 171 159 144 158 180 169 167 220 205 162 199 178 124 141 166 183 184 169 156 139 168
70 85 131 175 197 204 215 199 217 213 206 189 150 158 152 159 127 95 117 126 90 100 136 134 110 126 111 88 123 147 159 167 151 139 146 145 134 172 159 139 156 164 170 160 141 135 130 94 77 126 95 106 94 97 99 110 112 131 147 136 105 105 121 149 170 173 158 116 108 151 184 193 174 148 160 186 206 189 177 165 166 161 175 178 156 129 143 148 126 166 195 194 165 173 181 153
171 166 74 182 200 182 140 177 178 125 124 155 185 178 159 152 177 183 129 106 99 100 76 100 126 127 126 115 145 145 149 144 135 108 114 142 136 164 154 102 115 135 124 162 146 139 136 106 156 76 93 137 125 98 94 114 136 149 152 169 156 155 168 127 115 165 187 162 139 162 171 167 149 162 156 172 186 163 141 143 137 141 146 160 114 108 155 200 158 155 175 174 143 151 165 141
167 144 123 132 159 167 179 203 143 95 95 120 144 174 153 136 164 180 137 149 153 139 111 87 95 103 106 109 115 111 106 129 136 118 114 87 108 134 162 111 119 143 157 140 149 149 129 131 127 124 136 137 146 133 123 135 131 136 156 148 148 153 144 140 167 220 178 156 164 210 193 186 180 174 157 169 185 197 187 176 137 140 176 181 150 130 149 143 168 150 153 183 187 169 164 169
145 87 118 151 154 129 130 136 113 101 113 103 98 140 137 117 133 160 170 138 124 130 144 108 112 116 123 116 109 118 130 123 124 125 128 129 129 107 105 106 120 155 136 148 176 155 141 124 105 101 122 132 148 160 153 149 138 142 129 120 139 163 179 203 221 199 170 174 199 207 215 178 204 197 207 212 206 188 188 196 178 162 177 186 178 171 157 139 154 144 133 165 190 173 164 192
70 151 149 157 180 168 136 151 145 117 137 108 86 116 140 135 136 135 125 95 100 125 108 85 93 113 134 127 106 107 123 119 130 119 54 168 113 110 129 151 126 121 114 129 134 149 126 117 131 139 142 122 140 138 153 157 131 136 149 143 155 175 200 210 197 179 173 174 179 207 209 171 218 199 198 177 153 200 187 181 176 178 198 199 191 190 191 150 148 142 150 168 180 157 150 180
119 116 160 145 135 153 135 109 123 151 170 131 95 96 119 127 155 148 107 96 115 150 102 91 118 103 129 99 89 115 142 135 139 140 158 137 118 107 144 129 88 111 147 138 114 123 129 128 127 135 141 117 121 145 162 161 142 145 155 142 141 151 163 175 178 157 162 170 171 207 207 187 183 172 182 181 157 157 199 206 204 199 185 192 193 202 214 182 170 166 177 177 169 160 156 168
133 126 136 133 110 130 107 102 154 182 169 121 108 109 114 119 153 151 156 101 106 117 108 97 124 86 79 94 111 120 156 178 161 146 159 152 134 120 141 107 79 109 147 134 119 119 121 123 134 130 132 132 136 146 157 173 177 145 128 129 135 132 138 147 145 116 128 169 171 196 203 173 142 136 165 192 196 177 185 204 197 200 202 197 194 206 203 180 165 180 182 175 181 175 174 178
68 99 106 120 102 104 107 107 102 116 125 118 130 151 146 139 145 158 95 121 123 150 138 121 125 115 101 109 136 130 138 145 146 155 162 160 149 152 159 130 98 107 128 117 113 117 111 124 138 129 112 120 138 146 145 165 163 140 147 151 141 121 127 135 136 121 135 165 151 144 174 172 170 166 175 181 160 162 140 177 200 193 205 196 190 209 197 177 192 186 166 194 190 183 169 175
103 98 109 125 125 115 115 110 122 124 90 136 147 141 153 173 150 139 93 110 125 126 120 128 144 138 127 124 140 130 136 152 139 151 165 146 140 154 157 164 181 154 136 113 114 116 111 129 143 112 104 112 123 150 143 146 136 152 148 142 140 128 132 131 107 106 105 127 136 129 131 139 160 174 163 172 165 174 162 154 197 178 195 212 211 239 224 215 214 201 178 173 175 149 139 162
110 95 88 100 117 107 113 117 133 142 129 155 147 141 165 145 142 105 102 109 116 116 129 125 128 129 132 143 133 126 138 143 139 127 118 160 148 138 136 148 173 180 131 119 135 132 114 122 137 138 127 123 123 146 145 134 141 138 141 125 124 132 150 154 129 111 141 144 150 137 135 147 160 171 175 179 174 170 116 89 145 175 172 201 213 206 181 184 184 168 163 172 171 150 155 167
111 120 96 81 88 109 122 83 81 105 157 144 111 117 155 151 145 113 152 155 156 142 133 126 172 154 144 174 153 128 138 164 154 137 153 144 135 128 125 132 160 175 136 125 151 143 134 152 151 140 145 130 110 116 126 119 132 140 143 145 151 163 155 151 128 148 168 150 146 154 165 168 166 176 191 185 154 76 24 51 111 177 175 202 224 199 179 167 157 156 164 161 163 165 173 161
128 139 134 124 126 118 141 129 115 118 136 107 106 136 155 173 165 112 168 149 149 150 168 168 167 162 147 180 189 164 149 164 180 178 158 129 125 128 123 123 114 163 178 158 156 166 143 147 153 145 111 108 118 120 132 128 140 163 154 140 161 151 147 162 159 147 147 119 144 171 175 178 173 168 185 154 0 0 0 79 134 161 194 209 195 169 141 141 167 164 165 158 145 164 154 144
99 135 100 93 132 157 172 137 109 136 151 109 112 127 147 150 177 94 172 139 161 179 186 176 164 167 136 144 173 165 163 147 153 158 152 120 120 128 135 141 134 152 200 194 185 186 179 174 156 149 135 126 135 142 138 136 147 166 161 151 147 138 150 178 180 159 152 163 162 177 183 183 179 177 198 172 100 138 177 160 152 155 170 168 133 158 167 137 168 167 158 158 145 147 123 130
128 98 74 110 147 178 171 124 89 138 167 151 157 151 157 155 152 96 160 159 175 186 174 177 178 162 132 142 174 172 164 176 167 142 141 135 137 132 144 165 160 117 168 200 184 162 167 172 160 144 157 152 123 107 139 152 147 152 156 152 147 117 121 133 125 127 155 178 163 152 159 168 182 183 192 202 187 177 179 160 155 153 153 150 131 141 164 152 153 156 173 174 137 119 133 124
179 126 94 90 101 113 103 87 102 145 157 139 149 145 160 179 161 126 140 174 188 187 167 167 177 160 148 151 171 163 165 175 158 140 146 155 167 167 158 186 192 163 143 181 186 165 151 149 152 154 155 142 86 79 143 170 160 126 131 157 153 130 154 148 159 178 156 156 153 123 133 165 176 178 167 184 188 160 148 153 144 160 184 175 145 134 147 159 153 161 163 151 167 152 130 122
168 160 99 97 118 159 123 123 111 124 137 107 129 152 171 180 172 141 182 179 200 206 180 145 132 147 152 151 163 179 159 160 153 153 144 145 149 165 174 179 190 185 161 174 183 176 147 140 162 170 171 176 144 116 162 179 180 178 148 158 169 147 132 153 174 176 151 142 146 154 167 169 183 201 194 188 160 138 143 164 157 150 163 164 154 153 156 160 152 147 164 157 175 177 169 193
156 186 148 137 140 133 100 127 111 86 114 141 160 175 173 172 181 189 199 208 215 193 185 159 143 156 158 159 135 149 158 158 150 153 151 153 152 156 167 188 182 161 142 152 162 172 152 160 183 188 180 192 196 185 183 183 177 182 177 167 161 180 181 186 190 167 167 180 164 163 185 195 181 225 222 200 174 151 148 156 160 150 154 156 156 168 171 188 178 183 197 207 195 174 204 206
149 165 139 151 117 86 92 184 133 114 109 147 180 180 168 183 193 195 203 212 209 221 203 183 179 184 174 154 140 129 158 169 157 168 139 141 178 172 161 163 168 143 141 178 153 152 188 182 175 183 191 193 177 170 178 194 207 199 187 180 165 203 218 177 156 149 158 169 179 173 166 176 164 188 215 199 170 155 132 116 128 144 161 168 182 172 165 180 195 206 216 216 206 215 227 216
160 170 168 149 112 194 114 200 97 179 190 172 188 181 178 88 93 193 192 180 171 166 173 195 188 180 178 157 154 136 83 140 177 178 143 143 150 170 176 164 144 140 169 175 133 128 175 184 153 156 168 150 157 178 176 205 222 208 177 168 174 194 197 173 172 167 170 195 207 174 140 156 187 168 186 184 169 166 153 131 127 144 146 147 169 184 177 177 191 212 217 222 228 220 214 227
167 176 198 202 180 166 152 165 192 192 196 197 190 188 186 158 163 171 195 213 191 173 174 204 205 191 184 172 167 157 100 150 186 185 179 182 174 171 167 162 154 157 137 155 169 196 175 168 168 157 159 152 171 177 190 198 191 189 174 157 169 200 209 201 199 188 177 162 160 139 144 156 175 172 182 185 214 220 184 150 175 164 147 147 149 167 176 156 160 153 171 187 186 183 213 199
160 166 204 215 212 136 97 193 182 181 187 192 187 167 126 99 147 183 210 181 189 183 157 180 181 183 167 179 175 112 148 147 183 185 173 155 150 159 161 169 164 175 182 170 178 174 155 136 139 123 146 162 155 173 189 186 174 166 163 157 178 197 204 197 181 170 165 155 151 155 159 177 180 197 192 185 211 227 178 176 207 179 141 146 151 156 164 167 162 151 185 187 177 187 205 198
172 159 164 193 197 186 205 169 175 186 206 211 185 136 151 186 187 200 197 184 181 158 148 161 186 195 175 171 158 165 151 157 178 186 169 163 158 164 171 164 154 159 165 161 154 141 143 164 191 194 180 182 166 180 193 197 194 182 175 177 187 176 161 163 155 176 203 199 177 171 177 193 182 179 189 178 202 206 183 169 164 165 153 164 172 169 99 118 186 182 199 179 192 200 193 184
