examples/data/proba_v_italy_sicily/probav_s10_toc_x19y03_20150521_333m_ndvi_v001.txt
ncols         1127
nrows         589
xllcorner     12.348214285714
yllcorner     36.598214285714
cellsize      0.0029761904761905
NODATA_value  -9999
[rows 96 to 143 of 589, columns 0 to 95 of 1127]
-9999 32 31 32 31 32 31 32 31 32 32 34 32 32 34 32 32 32 32 39 32 31 31 30 30 33 30 31 32 30 30 31 31 31 31 33 31 31 29 31 30 30 31 31 31 30 30 30 30 30 31 31 30 30 32 31 30 31 32 32 31 34 32 40 31 36 42 31 32 34 41 49 64 63 75 99 101 102 114 117 106 92 92 85 81 74 63 80 91 99 90 96 109 108 108 108
-9999 33 32 32 31 32 33 32 38 31 32 32 31 30 32 33 32 32 33 32 32 35 32 31 31 31 31 30 30 31 36 31 30 31 31 32 31 30 30 29 30 29 30 32 31 31 31 29 29 29 31 30 30 30 29 30 30 30 31 31 29 32 36 44 46 32 31 32 34 32 43 66 86 93 113 109 102 115 124 117 122 119 112 105 94 96 105 119 118 107 96 103 108 106 102 124
-9999 35 33 33 34 34 33 32 31 31 32 32 31 32 31 32 32 32 32 32 32 36 32 32 31 31 30 31 31 31 31 33 31 30 30 31 30 30 30 31 30 30 31 31 31 30 31 31 29 29 29 29 29 31 30 29 30 29 29 29 30 35 38 39 46 32 33 33 31 30 44 74 99 104 106 110 111 122 129 125 130 148 140 110 88 103 109 118 112 107 106 122 120 109 72 78
-9999 40 36 36 37 35 34 33 32 30 31 32 32 31 32 32 32 32 31 31 32 31 31 31 30 31 31 31 32 31 30 31 31 31 31 30 30 31 31 31 31 30 30 31 30 31 30 30 29 30 30 30 29 31 30 30 30 29 29 38 39 46 43 36 42 31 31 31 27 52 89 89 92 109 108 122 137 141 150 159 170 165 158 140 125 118 122 119 114 126 132 134 139 122 84 80
-9999 42 39 36 35 35 37 36 35 34 33 32 32 33 35 32 31 31 30 30 33 31 30 31 31 32 32 33 41 42 31 30 30 31 32 32 31 30 30 30 32 31 30 29 29 31 31 29 28 29 29 36 29 38 37 30 30 36 33 31 29 31 55 49 46 30 31 31 27 48 94 106 107 108 108 120 127 135 156 169 168 158 149 140 137 118 113 116 121 139 135 123 127 118 115 134
-9999 35 35 35 36 37 38 37 31 38 40 41 32 32 33 33 31 31 32 31 31 31 34 34 31 32 33 32 31 37 38 32 31 30 31 31 30 30 30 30 30 31 30 28 29 29 31 30 29 29 29 34 39 42 42 38 37 38 29 31 31 30 31 49 30 31 30 32 47 85 133 138 117 106 101 116 141 139 134 152 173 148 149 149 147 126 120 129 138 143 139 134 135 134 140 131
-9999 31 33 35 36 36 36 36 33 34 32 32 40 35 32 32 32 33 31 31 30 30 31 31 35 32 31 33 31 32 35 37 38 34 30 29 30 29 30 29 29 30 30 31 30 30 29 40 43 42 42 40 41 41 44 41 30 30 29 31 32 30 45 51 52 31 29 43 80 107 120 105 118 133 113 134 147 149 151 166 168 165 165 166 140 133 123 140 142 147 156 145 141 136 137 125
-9999 37 35 37 36 34 36 34 33 33 33 34 34 32 32 32 32 31 30 30 30 30 29 31 31 30 30 31 31 31 31 29 30 30 38 30 30 29 29 30 29 29 29 30 34 29 35 32 29 36 29 29 29 29 29 47 30 30 30 31 31 30 41 29 32 64 68 84 107 126 125 122 131 139 123 141 149 155 155 160 176 170 150 146 131 130 147 155 159 173 179 166 131 143 132 111
-9999 40 44 40 35 32 32 34 32 32 34 33 33 32 32 32 33 32 30 30 30 30 30 31 31 30 31 30 30 30 32 29 30 30 38 29 28 29 29 30 28 29 29 29 29 30 29 30 29 30 35 29 29 29 28 29 37 35 30 31 49 49 48 25 30 73 79 79 107 113 129 150 145 148 148 156 157 170 167 182 182 151 150 147 139 143 145 135 154 149 149 128 101 107 114 114
-9999 41 37 35 34 35 33 32 32 31 33 34 33 34 32 31 32 32 30 31 32 31 31 30 31 31 29 29 30 30 30 29 29 29 33 31 30 31 30 29 31 30 28 29 30 28 28 29 29 29 30 29 29 29 35 34 35 30 30 31 42 45 45 54 40 57 70 74 95 114 126 139 138 147 157 161 149 153 170 171 117 107 172 183 150 141 140 120 105 87 73 95 117 136 119 117
-9999 37 37 36 34 35 33 32 33 32 32 32 32 33 32 31 31 32 31 32 31 31 31 31 31 31 31 30 29 28 29 29 29 29 31 31 30 30 29 31 29 29 29 29 29 29 29 30 30 29 29 29 29 52 45 30 45 44 29 28 37 33 39 51 51 50 61 87 94 97 103 110 124 133 142 152 148 147 170 162 133 124 153 169 155 141 154 124 91 95 93 99 109 133 149 147
-9999 37 36 36 35 34 33 34 33 33 34 32 31 33 33 30 32 33 31 31 32 31 31 31 30 29 30 30 30 30 29 29 29 30 29 30 30 30 29 30 29 30 31 29 30 28 28 28 29 28 29 28 28 28 58 41 30 52 45 29 48 68 62 67 56 54 63 95 102 84 89 106 116 132 137 143 141 125 153 184 166 157 143 144 156 149 132 125 112 131 145 116 126 122 128 137
-9999 38 37 36 35 35 35 38 36 35 34 32 32 34 32 31 31 32 31 31 31 30 30 29 29 29 29 30 30 30 30 30 29 29 30 29 29 28 29 30 29 29 29 28 28 28 28 28 30 29 29 28 28 29 29 29 29 64 68 53 45 50 65 62 53 50 54 65 73 89 104 129 121 127 132 134 137 122 121 128 125 126 131 136 142 130 98 104 143 145 148 144 136 144 142 131
-9999 34 35 36 38 37 38 35 33 34 33 34 33 33 32 31 31 31 31 31 30 30 29 29 29 29 30 30 29 30 31 31 29 29 29 28 29 29 29 29 29 29 29 28 28 28 27 28 29 28 28 28 28 29 28 29 30 27 40 47 46 48 55 53 47 53 60 68 74 104 123 133 142 126 139 133 125 146 127 113 124 133 130 127 121 123 110 108 135 123 109 123 134 144 137 133
-9999 38 35 35 35 33 35 34 34 32 34 34 33 32 33 32 29 30 32 31 30 30 31 31 36 36 34 32 31 31 28 29 29 29 29 30 30 30 28 28 28 28 28 29 29 28 28 28 28 28 29 30 28 30 31 29 24 19 38 48 49 45 45 49 64 64 62 66 77 104 116 118 130 115 114 114 110 115 109 112 127 116 120 113 105 114 125 129 135 121 111 116 112 127 124 127
-9999 36 38 34 34 31 31 33 33 33 33 32 32 31 32 32 31 31 30 29 30 31 31 31 30 30 30 36 29 35 33 29 29 29 29 29 30 29 28 28 29 31 29 29 29 29 28 27 28 30 33 31 28 26 23 20 35 39 45 47 53 58 47 48 55 62 55 61 76 82 98 96 108 110 111 112 124 120 114 112 111 116 121 112 119 127 130 131 143 141 121 115 140 133 123 109
-9999 34 32 34 33 32 32 32 34 33 32 33 32 32 31 30 31 31 29 29 30 31 30 30 30 30 29 30 34 34 29 29 29 28 30 30 30 29 29 29 29 29 29 29 30 29 28 26 31 33 34 40 44 36 34 40 63 63 47 48 66 89 70 48 51 56 57 56 64 63 68 74 67 73 102 112 128 129 111 110 119 122 126 117 113 119 130 139 135 144 133 104 119 134 109 108
-9999 34 33 33 34 33 33 32 32 32 32 32 32 31 30 31 32 32 29 30 30 30 28 28 30 31 30 29 29 29 28 29 30 30 30 29 29 29 29 28 30 27 28 29 30 29 28 30 34 38 33 47 49 44 44 39 47 49 40 42 55 89 95 59 49 53 65 70 75 72 69 93 87 85 101 119 119 94 89 86 98 115 121 116 119 116 114 118 129 125 131 133 113 115 112 112
-9999 34 34 34 34 32 32 34 33 32 32 31 32 32 31 31 30 29 29 30 31 30 31 31 31 30 29 29 29 31 29 29 29 28 28 29 30 29 29 28 30 27 28 29 31 30 29 34 45 52 33 18 22 28 26 24 26 39 39 40 50 61 71 67 72 83 79 83 84 81 81 89 91 93 101 140 127 89 92 97 92 82 106 118 128 126 104 115 129 128 119 122 121 127 124 120
-9999 35 34 31 32 32 32 32 34 34 33 31 31 31 31 30 30 30 30 30 30 30 30 31 31 29 31 30 29 34 35 30 29 29 28 28 28 28 28 28 28 28 28 29 28 28 28 28 28 30 28 23 25 31 20 13 25 37 48 49 48 55 66 78 102 114 114 99 85 90 82 84 103 108 86 113 108 97 114 108 106 105 108 123 135 123 133 122 102 102 120 141 132 122 127 116
-9999 34 33 32 32 32 32 32 34 34 32 31 31 31 31 31 31 30 30 31 30 31 30 29 30 30 30 30 31 31 33 30 31 32 32 32 34 33 31 29 28 28 30 29 28 29 29 29 29 29 29 29 27 31 35 1 10 25 53 45 32 52 57 66 81 106 129 115 93 108 109 84 86 97 103 112 116 106 110 111 108 103 94 115 132 135 143 132 132 125 131 138 120 114 116 123
-9999 31 32 32 32 31 30 31 30 31 33 32 29 30 32 31 31 30 29 29 30 30 30 29 29 31 32 30 30 31 30 32 32 33 35 34 34 34 32 30 29 28 30 30 28 27 29 29 29 28 27 28 26 36 46 0 0 10 9 16 16 42 48 54 61 71 80 84 103 127 124 111 113 110 114 104 93 89 89 98 107 109 99 107 125 123 119 128 134 132 126 123 131 128 130 130
-9999 28 31 32 32 31 31 29 30 31 31 31 31 31 31 30 31 30 31 30 29 29 29 29 29 30 30 29 30 30 31 31 33 34 36 36 35 36 34 30 29 29 29 29 43 40 29 29 28 28 27 27 27 29 20 0 7 0 0 0 0 30 49 62 64 68 74 83 99 104 99 104 110 107 120 124 107 108 111 118 135 139 132 132 134 128 128 124 124 130 127 128 135 120 101 99
-9999 51 37 31 31 31 31 29 30 31 31 32 32 32 31 30 32 31 31 31 30 30 29 29 28 29 30 31 33 31 30 29 30 30 29 28 29 30 29 30 29 30 29 29 29 29 29 28 28 29 27 27 23 37 65 43 13 0 0 0 0 30 39 55 59 59 62 67 85 102 96 102 113 103 105 106 109 136 148 129 121 119 127 126 129 135 138 128 133 138 123 121 123 109 106 105
-9999 93 41 30 33 32 31 30 31 31 31 31 32 31 31 31 31 29 30 29 29 31 31 28 29 30 28 27 30 30 29 29 31 30 29 29 29 29 28 28 29 30 30 28 28 29 28 27 28 28 27 25 28 50 59 61 44 31 20 9 0 0 21 23 59 83 89 80 84 100 106 124 122 111 119 118 125 127 137 133 116 100 103 123 119 112 112 111 139 143 146 139 122 109 103 96
-9999 119 33 39 32 32 34 32 31 31 31 31 30 31 31 31 31 29 31 31 29 34 45 36 28 36 42 30 29 29 28 29 29 29 30 30 28 30 29 28 30 28 24 25 29 26 28 24 28 26 29 58 54 31 16 0 0 25 49 49 25 0 29 53 74 90 91 83 85 84 88 113 114 116 129 136 130 131 112 120 117 117 116 121 121 104 110 115 129 121 126 149 110 99 102 94
-9999 73 33 31 43 33 32 32 32 32 31 32 31 31 31 31 31 30 30 30 29 31 38 35 29 34 40 31 29 30 29 29 30 31 29 29 28 27 27 28 29 28 29 28 29 29 27 28 26 23 40 62 53 22 28 35 10 0 0 55 76 73 78 84 91 96 95 100 117 111 92 100 100 119 133 132 119 115 110 108 108 119 105 115 127 128 107 114 126 110 103 108 123 100 110 111
-9999 29 32 32 32 33 32 33 34 33 31 31 30 30 29 30 31 31 30 29 30 31 31 31 29 29 28 32 31 28 30 29 29 29 28 30 30 29 29 28 28 29 28 29 29 29 26 28 41 29 23 24 19 46 88 80 43 33 36 67 84 93 92 95 115 129 110 95 103 112 84 86 107 127 121 120 125 131 119 112 127 134 138 135 120 126 106 99 108 106 99 106 133 109 108 117
-9999 29 29 32 32 30 34 32 33 30 30 31 30 29 30 31 30 30 29 30 29 29 30 29 30 31 30 28 29 29 29 28 29 30 29 30 30 28 29 29 28 28 29 28 28 30 28 21 19 37 41 49 75 105 106 94 96 97 90 87 86 88 97 99 97 124 125 119 105 90 74 52 69 98 113 112 110 118 119 114 95 101 114 120 140 136 118 103 117 124 122 122 118 108 105 105
-9999 31 29 30 33 30 27 35 31 31 30 30 28 29 30 31 29 29 29 30 31 30 30 32 29 31 29 28 28 29 28 29 30 29 29 29 29 29 29 29 28 27 28 29 29 29 31 24 32 64 95 101 118 129 110 87 92 97 95 104 108 109 104 114 108 111 117 118 95 81 72 57 63 97 101 101 100 102 95 116 106 107 122 120 146 134 94 89 110 110 122 118 123 127 119 100
-9999 37 30 44 31 31 29 29 31 31 31 31 31 31 32 31 30 30 30 31 31 30 30 30 33 31 29 29 30 30 31 31 29 29 30 29 28 29 28 28 29 28 28 29 29 30 31 29 21 59 90 109 115 104 101 90 97 118 108 109 98 99 116 124 118 114 115 113 104 95 87 86 85 83 96 116 119 78 74 88 94 107 121 131 131 118 118 121 123 116 129 137 140 124 118 104
-9999 38 34 33 34 31 30 29 30 30 31 30 30 30 30 31 30 29 44 30 31 30 30 31 31 30 31 30 30 29 29 30 29 29 29 30 28 28 28 29 30 29 29 29 30 30 30 31 31 26 59 100 125 98 98 99 103 117 125 132 115 118 127 124 112 121 123 118 104 103 119 120 133 123 130 118 110 81 71 74 88 87 87 113 136 134 139 126 116 114 115 113 111 113 101 134
-9999 41 40 36 35 31 30 30 29 30 30 30 31 31 30 30 31 30 30 31 31 29 29 29 29 30 30 30 29 30 29 29 29 30 30 29 30 29 28 28 29 30 29 29 30 29 30 31 29 23 52 70 101 111 107 111 114 124 116 128 137 120 118 124 118 126 128 113 111 123 112 121 134 113 123 130 106 62 68 92 120 116 128 127 142 132 119 119 117 109 105 107 132 132 115 105
-9999 40 37 38 39 34 38 33 29 32 31 31 30 30 31 30 30 31 31 31 30 28 30 30 31 31 31 30 30 29 29 29 29 29 29 29 30 30 28 29 29 28 29 30 30 30 30 30 28 19 61 60 47 53 72 81 92 102 94 91 110 108 110 122 122 106 114 126 131 140 124 134 131 122 102 132 124 112 107 126 149 129 119 113 116 131 128 117 106 108 119 114 122 127 99 118
-9999 39 34 36 39 36 33 34 30 35 32 30 29 30 29 29 30 29 30 30 30 30 30 30 30 31 30 29 30 30 30 29 29 29 30 29 30 29 30 29 30 28 30 30 29 29 30 30 26 17 75 89 62 59 80 81 88 93 106 115 112 114 123 121 114 96 125 137 120 130 132 137 142 121 95 103 106 100 105 114 129 128 115 103 99 111 119 141 144 133 133 121 106 109 108 124
-9999 42 38 36 37 37 36 36 32 31 38 36 31 31 31 30 30 31 30 30 29 30 30 29 29 30 31 30 31 30 29 29 29 29 30 30 30 30 30 29 30 29 29 30 30 30 31 31 20 57 101 114 84 58 82 96 128 124 107 117 112 120 126 115 106 107 127 134 132 127 123 142 136 150 128 117 123 120 132 124 106 120 127 114 108 110 99 106 116 129 142 148 132 111 119 105
-9999 35 34 35 40 31 37 41 36 35 29 29 31 32 31 31 32 32 31 30 29 30 30 30 29 30 31 30 28 30 29 29 29 29 30 30 30 30 29 30 29 29 30 29 29 30 31 29 19 68 97 106 70 61 93 108 113 110 123 121 114 116 124 117 122 114 118 119 125 136 140 149 139 130 104 94 98 113 127 130 131 127 149 126 114 113 102 111 109 117 139 127 109 102 107 120
-9999 34 34 34 33 40 34 34 38 34 34 35 33 34 34 33 32 32 31 32 29 29 29 30 30 31 31 30 28 30 30 29 29 30 28 29 30 30 29 29 29 30 30 30 30 30 30 26 18 61 81 99 103 105 106 117 107 114 124 121 113 110 122 133 115 110 109 116 119 120 131 128 116 105 88 87 97 114 121 139 147 132 137 126 104 109 111 123 130 135 121 125 139 124 118 132
-9999 35 33 33 34 39 34 36 38 43 44 32 29 38 36 35 35 34 32 31 31 30 30 31 30 30 29 28 30 29 28 29 29 30 30 28 29 29 29 29 29 30 30 30 30 31 29 20 58 78 84 98 112 110 95 102 87 90 108 116 112 103 110 132 125 111 124 135 146 144 131 135 139 132 105 107 121 110 112 125 95 109 107 123 127 121 113 117 122 137 139 126 130 120 129 128
-9999 33 33 34 34 35 35 37 40 32 33 33 33 29 30 35 34 39 39 36 32 30 31 31 30 30 29 30 29 29 30 31 30 30 30 30 30 30 29 28 29 29 29 30 30 30 25 65 96 107 98 94 100 118 121 128 114 102 106 104 110 116 108 106 105 111 138 156 151 137 117 130 147 111 112 117 114 113 119 128 120 83 107 112 127 112 116 125 115 122 128 149 124 117 122 116
-9999 32 32 34 35 34 36 37 36 38 34 44 35 38 34 42 36 35 38 38 34 33 30 30 29 30 29 29 29 29 31 30 30 31 31 31 30 29 30 29 29 30 31 29 29 28 23 81 102 117 103 110 115 114 103 105 112 120 116 112 116 122 120 120 119 131 133 130 126 111 105 124 121 116 111 111 117 106 101 134 119 117 121 147 136 101 138 134 106 109 136 142 153 133 111 136
-9999 32 31 32 34 33 35 35 36 37 39 43 44 47 44 46 39 36 36 37 37 36 32 32 30 30 30 30 29 29 30 31 31 30 30 30 29 30 30 30 31 31 29 29 30 24 57 82 96 107 113 108 102 100 102 95 108 123 118 109 117 113 120 127 118 130 123 118 122 113 111 110 110 108 103 105 115 111 111 103 116 126 115 129 125 111 113 118 89 90 110 109 119 125 103 128
-9999 32 30 30 32 32 32 33 34 34 34 36 38 40 41 40 40 38 34 34 37 38 35 33 29 30 29 30 29 29 29 29 30 30 29 29 29 30 29 29 30 30 29 29 26 47 79 88 104 113 112 103 92 98 101 93 105 116 124 128 125 136 144 127 124 124 119 137 136 111 101 114 117 114 112 110 111 108 100 100 110 124 118 132 106 106 109 117 127 113 122 104 108 110 109 121
-9999 29 32 31 30 30 32 32 32 32 32 32 35 37 39 36 37 38 37 34 34 35 36 34 30 31 30 30 31 31 39 26 30 30 29 30 29 37 28 29 30 30 29 28 32 77 93 100 111 113 99 104 105 97 89 103 117 120 130 127 118 133 142 126 131 128 118 121 107 104 113 117 118 118 123 126 128 117 118 128 122 125 122 112 106 98 113 137 159 154 138 119 105 111 128 103
-9999 39 30 31 32 32 31 30 30 33 33 32 33 35 38 36 35 37 38 35 34 32 33 34 43 32 31 31 31 30 30 29 29 29 29 29 28 28 30 29 28 28 29 25 56 80 121 127 121 114 104 107 116 113 104 110 121 124 134 133 116 120 133 129 123 120 121 115 96 95 105 110 114 116 115 121 131 137 115 127 117 131 123 114 104 114 126 125 131 140 129 118 102 118 127 122
-9999 57 28 30 31 31 32 32 30 32 33 32 32 33 34 34 34 33 34 34 32 33 32 32 32 31 31 30 30 30 30 28 29 29 29 29 29 29 29 29 30 29 25 39 51 69 102 119 115 112 106 103 111 122 112 115 128 122 119 118 116 113 120 124 124 121 122 115 93 92 108 111 117 116 111 127 140 138 93 97 111 115 123 116 106 109 104 107 114 137 133 107 95 110 125 132
-9999 83 51 30 27 30 32 32 31 31 32 33 32 32 33 32 34 31 32 32 32 34 31 30 32 38 32 31 28 28 28 28 29 28 29 29 30 38 29 42 29 24 53 68 81 87 100 119 114 108 120 108 101 104 102 112 129 120 115 111 116 114 104 113 128 131 126 102 97 112 112 101 119 120 108 115 132 114 93 93 94 100 99 107 107 105 104 104 105 111 106 98 102 98 108 135
-9999 98 88 72 48 49 36 32 28 31 30 41 31 32 38 31 31 31 31 44 32 32 32 31 32 32 34 31 30 29 29 27 30 29 29 28 30 31 29 28 25 48 75 99 90 83 106 112 106 110 110 104 102 89 95 102 110 108 107 119 128 113 108 110 116 111 106 99 108 113 103 109 120 114 108 115 118 123 116 96 87 102 103 114 126 115 101 97 113 111 107 123 121 113 115 117
