examples/data/proba_v_italy_sicily/probav_s10_toc_x19y03_20140821_333m_ndvi_v001.txt
ncols         1127
nrows         589
xllcorner     12.348214285714
yllcorner     36.598214285714
cellsize      0.0029761904761905
NODATA_value  -9999
[rows 459 to 509 of 589, columns 768 to 863 of 1127]
89 82 77 113 130 116 101 81 77 79 79 81 74 87 96 84 83 79 85 85 76 77 75 100 78 68 70 69 80 98 74 67 85 114 93 126 122 74 75 86 97 96 92 100 85 76 75 73 88 92 102 108 91 90 93 107 113 106 85 74 83 96 83 81 75 85 95 85 71 71 73 74 69 67 70 69 66 68 77 79 75 85 83 78 75 83 74 77 86 83 70 86 110 100 116 146
72 71 71 77 93 84 78 69 73 74 77 80 75 75 84 82 77 79 77 78 77 83 106 112 86 69 72 72 67 98 120 102 120 129 126 135 118 74 75 94 106 91 86 88 96 105 92 86 97 102 104 106 91 88 99 95 116 110 84 72 71 82 91 78 75 80 99 89 67 70 69 69 74 76 77 72 71 74 74 80 92 106 103 90 72 78 80 74 77 78 70 73 82 86 106 153
71 70 70 69 74 86 85 73 69 70 71 76 79 76 94 92 78 80 86 81 82 89 102 95 78 70 72 75 72 81 141 153 156 148 134 126 117 103 100 89 110 101 89 83 86 94 96 86 91 66 75 103 102 102 95 87 84 94 86 77 75 85 111 94 77 78 96 101 64 66 74 72 83 83 82 79 76 70 70 94 109 109 110 94 80 79 74 75 69 68 63 69 75 79 93 125
55 65 82 76 76 77 78 76 68 69 69 72 83 85 92 100 86 83 85 88 95 102 83 70 71 69 68 73 78 80 80 91 92 108 129 137 142 143 136 116 102 102 100 102 97 92 77 65 67 78 94 90 90 96 92 81 71 71 72 75 87 105 102 80 75 75 87 104 90 91 94 85 76 74 67 64 65 70 94 112 115 109 112 103 79 74 72 72 66 70 71 76 94 85 78 118
96 83 131 114 72 74 83 80 73 77 76 73 80 78 77 86 85 76 87 102 113 88 72 72 74 72 72 75 81 90 94 68 68 74 78 87 86 87 90 102 117 108 90 83 113 117 66 79 81 81 83 83 78 76 77 77 71 68 76 87 86 87 78 82 84 85 95 106 93 77 83 90 82 67 63 61 70 89 127 141 129 116 107 106 94 73 70 74 62 66 77 84 93 83 74 100
89 84 89 80 69 76 83 76 78 82 82 74 74 77 82 83 81 91 109 111 91 75 71 70 71 74 75 74 85 99 119 111 102 102 86 83 75 78 86 87 103 124 104 94 99 116 110 99 95 94 101 109 106 81 77 87 80 77 84 82 74 78 81 85 81 77 79 83 80 79 86 85 87 71 69 78 78 95 111 113 113 121 122 124 126 118 101 119 81 65 78 93 111 87 66 78
98 85 87 83 77 83 79 79 86 85 80 79 81 97 100 89 89 102 102 89 77 76 78 70 72 69 70 72 75 74 81 104 112 122 124 99 74 78 84 109 127 122 114 106 111 116 135 145 117 100 97 98 106 93 83 80 73 73 74 71 85 87 87 79 74 79 81 71 73 80 90 90 85 73 69 86 106 103 106 119 120 117 103 101 120 145 96 77 68 64 66 80 102 108 99 76
111 131 111 93 76 87 103 96 83 83 85 97 99 95 89 88 96 99 86 76 78 74 74 71 73 75 72 72 74 70 76 72 72 78 100 113 82 89 86 94 105 116 132 115 122 140 146 149 130 113 110 113 113 103 83 74 71 71 75 78 92 88 83 84 80 73 78 92 80 77 73 71 77 74 70 85 106 101 95 90 89 105 106 98 105 131 134 109 103 83 69 62 73 92 123 114
83 117 140 126 105 104 112 94 85 96 92 93 84 75 77 85 93 86 75 72 75 73 70 72 80 91 75 70 73 75 74 74 85 88 106 117 86 96 94 88 98 113 104 89 123 148 139 149 122 107 99 87 83 82 70 75 84 76 81 86 85 91 91 94 89 71 75 101 94 79 70 64 72 71 70 80 84 77 77 86 98 110 110 109 98 102 123 118 105 83 71 61 63 76 83 84
93 104 119 137 123 121 122 104 96 95 82 83 85 83 83 78 77 74 77 73 70 69 69 71 71 93 88 68 69 77 79 79 73 78 104 116 93 84 87 99 103 100 80 82 104 126 156 133 92 82 81 89 88 77 65 70 75 73 79 94 85 88 95 96 99 96 89 106 109 89 69 79 81 77 73 79 90 93 87 82 84 94 104 104 108 105 113 122 108 80 80 91 65 59 71 75
96 99 100 98 91 93 94 86 81 81 90 89 84 80 75 72 76 73 70 80 79 74 68 72 72 75 96 98 100 119 109 107 90 67 88 128 121 103 113 111 97 82 78 102 139 155 163 116 81 87 110 95 77 74 68 68 70 80 83 80 82 89 100 101 89 89 98 98 96 78 66 75 77 81 80 80 92 100 94 79 72 83 91 95 96 100 105 115 113 94 78 80 77 69 72 77
105 101 92 86 80 79 85 84 88 91 86 77 72 74 74 77 75 72 75 77 75 81 88 81 69 65 71 83 97 113 122 145 141 88 69 89 131 138 129 111 93 84 81 111 154 134 143 108 99 138 149 85 64 66 69 71 83 83 83 90 86 90 101 100 99 95 96 97 95 90 77 74 74 90 87 72 76 93 105 97 80 77 87 103 108 104 114 119 122 102 89 81 75 66 74 94
94 82 84 87 83 82 82 80 78 75 77 78 81 77 72 73 70 69 72 87 83 76 98 117 94 65 66 72 76 66 70 89 154 146 83 76 103 108 98 104 110 109 105 118 130 103 121 129 153 173 115 75 69 70 73 80 75 75 73 79 101 97 97 107 96 85 88 92 103 104 82 75 99 129 98 83 80 93 103 107 102 91 90 95 101 104 105 97 94 96 86 85 78 67 76 81
110 104 92 91 88 86 84 76 69 72 75 75 75 70 68 75 75 72 75 84 102 82 70 113 116 72 76 89 95 82 64 66 134 158 90 82 106 110 101 110 115 98 131 123 119 145 152 158 168 128 82 72 70 70 80 78 75 71 73 94 100 99 87 96 97 78 86 103 112 125 131 126 148 146 141 140 116 112 113 108 109 104 96 88 90 99 103 97 97 90 86 89 92 80 70 70
94 96 96 97 90 84 78 70 69 70 66 70 74 74 74 79 81 75 74 68 88 100 94 133 108 69 70 79 93 113 97 74 115 156 109 96 109 116 116 112 116 99 129 152 143 155 136 116 97 90 74 79 78 109 132 85 81 79 81 95 104 110 88 78 81 88 109 115 98 111 120 110 94 95 106 137 146 148 142 115 92 97 101 88 85 94 99 98 96 95 97 110 97 84 82 78
83 76 75 72 70 79 81 66 59 51 46 61 72 72 72 75 75 74 73 93 106 119 114 116 86 91 78 69 76 93 112 80 79 134 144 131 132 106 88 96 113 113 123 160 136 127 108 83 71 80 81 73 66 105 100 74 74 72 82 92 91 96 82 79 87 92 103 94 98 98 95 105 100 99 112 107 102 125 148 154 122 100 99 103 93 92 91 93 92 96 99 116 110 93 77 73
71 69 74 74 73 72 73 68 63 63 66 65 69 69 77 73 73 71 76 97 100 95 115 116 115 117 116 107 111 118 121 95 75 83 125 126 107 86 89 86 93 124 142 108 83 79 78 74 87 112 92 76 92 111 86 80 81 82 89 94 90 86 84 96 100 87 89 91 93 93 96 107 112 93 90 101 109 113 114 130 159 159 123 117 115 106 97 85 88 92 87 90 109 119 99 90
68 66 70 73 67 66 70 67 65 67 69 72 76 73 69 62 68 69 77 79 73 86 124 122 132 132 128 134 120 121 140 128 98 84 96 106 111 101 103 101 113 157 139 82 72 70 74 93 125 115 76 69 83 93 110 97 79 81 88 91 94 97 78 84 103 90 84 86 88 89 89 86 98 96 89 96 103 106 114 136 173 146 123 132 121 100 99 88 85 86 85 83 92 109 108 98
69 69 70 66 65 68 72 72 70 70 72 72 75 76 74 65 66 55 64 76 73 78 94 92 92 93 88 85 85 83 100 152 155 137 123 128 131 131 123 114 145 138 119 130 96 90 99 124 107 76 68 67 72 81 117 106 74 74 76 83 91 87 84 83 83 80 83 87 86 87 88 94 96 95 95 99 101 109 115 118 117 96 95 98 105 122 123 102 97 91 92 92 93 103 93 84
70 70 74 77 75 74 70 73 74 75 74 74 71 67 70 73 75 72 65 76 80 69 74 75 75 68 65 74 80 60 50 64 92 126 136 133 131 127 140 142 151 141 145 132 99 112 128 116 80 72 69 74 81 72 71 84 76 79 75 77 86 89 87 80 78 82 83 81 79 96 101 104 103 92 97 97 99 105 99 86 85 86 87 94 107 120 136 122 106 101 88 96 97 96 96 97
71 70 76 76 70 64 67 71 70 75 85 83 73 72 78 72 71 72 64 69 85 80 78 76 78 65 55 64 71 73 66 65 64 73 90 111 112 102 102 138 158 159 117 91 112 144 102 75 72 69 70 72 75 71 69 109 119 73 71 75 81 87 82 75 75 74 78 88 97 89 88 105 106 97 104 106 96 88 91 98 100 93 82 88 94 103 109 116 122 130 99 87 92 88 89 93
72 73 73 72 73 67 69 72 74 84 87 78 74 73 77 75 77 72 76 77 79 83 83 80 76 70 70 72 62 57 70 77 82 122 130 116 120 118 124 127 132 157 129 124 154 119 87 106 84 72 74 77 75 84 83 106 135 98 78 76 76 69 72 70 75 80 80 87 95 99 96 104 107 96 96 97 100 100 97 99 100 101 97 92 97 103 115 122 116 117 123 109 104 95 90 100
74 75 73 74 77 70 68 73 75 79 75 74 73 74 76 78 75 75 79 80 79 78 87 88 79 74 73 66 62 61 54 54 77 122 102 84 90 89 108 135 148 150 132 147 151 145 135 98 75 71 80 79 70 69 79 81 91 108 95 82 118 87 65 65 70 77 92 100 98 100 102 102 96 90 92 98 95 94 95 96 100 108 116 111 119 130 118 105 86 90 96 105 123 121 100 93
69 72 71 75 73 71 80 77 70 66 69 74 76 76 74 73 74 76 75 76 74 69 79 89 83 75 75 77 60 62 67 61 64 74 84 95 90 82 115 147 133 109 104 112 156 151 100 80 90 86 76 73 76 77 82 92 78 73 78 85 136 163 89 67 72 79 92 97 99 96 100 94 92 98 97 107 101 87 90 93 95 95 96 96 99 105 91 88 89 92 97 98 100 116 127 121
71 69 71 69 70 78 82 73 71 70 68 69 78 79 76 74 72 72 76 78 83 82 86 78 73 70 66 85 80 74 64 86 73 68 109 119 114 90 123 148 129 116 113 126 120 82 65 74 80 77 79 73 71 76 76 76 75 80 76 86 106 117 92 66 75 77 85 91 90 92 96 99 90 95 85 91 101 98 93 88 82 88 100 85 88 88 95 97 99 101 97 97 97 102 96 107
75 72 71 69 75 79 77 70 71 67 70 74 80 83 78 76 71 66 73 83 88 81 90 85 68 63 68 76 75 71 67 77 81 88 117 128 136 111 115 144 119 108 123 136 86 66 69 69 74 84 91 84 83 76 83 92 90 94 93 86 78 90 109 75 94 97 77 84 86 82 80 90 88 92 88 79 98 98 97 99 86 83 85 87 103 107 101 90 90 86 87 91 102 109 95 91
82 77 76 78 81 81 79 77 74 76 83 77 72 68 70 71 68 59 72 88 90 82 73 63 67 76 72 65 71 58 60 60 57 89 98 105 122 116 115 130 120 142 150 99 71 71 73 69 97 95 90 84 75 71 82 104 99 88 112 131 92 76 73 63 73 83 77 78 82 117 99 81 91 94 95 95 102 100 93 93 94 96 87 83 92 91 102 97 92 95 99 95 88 97 107 92
89 91 79 75 82 81 77 76 77 85 86 77 70 70 76 75 79 82 78 78 70 79 80 72 73 86 74 58 62 60 62 56 51 101 142 122 132 150 140 147 137 127 105 75 75 77 69 71 86 84 78 84 86 71 84 105 93 94 102 137 101 78 73 72 72 74 75 78 80 99 104 81 83 89 86 84 85 85 99 106 102 115 106 85 85 89 86 87 96 104 109 96 90 107 121 125
78 86 75 70 74 75 75 74 79 83 82 77 77 79 77 78 81 85 79 81 71 66 66 62 62 70 61 60 75 71 66 54 78 104 142 135 123 116 113 131 142 104 86 74 80 86 90 87 87 86 86 87 90 86 84 100 89 88 79 73 82 77 75 71 73 73 75 85 86 88 87 94 99 95 87 87 101 98 94 101 98 95 104 91 86 87 85 80 83 88 93 99 93 91 94 97
66 72 73 72 69 69 75 74 78 86 84 74 76 78 79 78 77 80 74 71 69 56 48 51 56 56 59 71 78 90 89 81 92 124 112 121 131 98 87 95 101 85 81 84 80 88 101 94 90 85 83 79 95 110 93 88 85 83 79 78 77 77 74 69 71 73 71 77 80 80 78 83 88 86 83 82 94 98 88 82 84 84 97 106 97 88 81 80 78 73 76 86 91 94 95 92
68 70 69 68 65 67 72 78 78 80 81 77 80 79 77 76 71 74 79 71 62 62 58 52 48 55 75 84 95 114 106 92 110 115 110 105 100 96 80 74 78 83 80 74 84 81 84 86 88 92 91 90 99 106 93 89 104 97 81 80 83 81 81 78 72 68 74 72 73 75 72 72 70 72 82 84 80 81 81 82 83 84 90 92 86 90 85 82 85 80 83 86 81 85 96 106
67 73 73 72 71 72 74 71 77 76 76 81 82 78 73 75 76 78 73 59 51 71 58 52 59 69 70 70 84 93 89 78 85 111 126 96 79 80 71 75 80 85 88 76 79 78 70 80 92 92 109 111 96 90 95 104 108 82 68 74 77 80 72 83 85 72 69 74 72 72 73 74 78 82 84 85 77 78 94 98 84 86 93 93 87 99 99 91 110 93 77 77 85 85 93 96
71 76 75 72 75 75 75 76 74 69 68 74 79 80 83 80 73 70 63 55 54 59 60 63 72 73 82 81 85 85 85 85 91 124 142 97 74 76 76 78 93 106 93 79 66 73 76 86 102 87 93 116 104 87 105 94 80 70 67 74 68 67 72 76 78 76 76 73 69 72 121 86 72 76 68 68 74 77 84 81 84 85 87 86 95 104 98 83 85 108 111 107 119 112 86 82
74 73 73 79 85 86 83 78 69 68 75 79 78 76 84 84 79 71 65 60 52 55 66 70 71 78 79 81 83 79 80 93 106 114 126 108 81 71 73 82 118 97 77 77 74 78 92 96 94 97 107 104 98 89 83 77 77 78 68 70 67 69 79 77 78 74 71 72 69 74 110 83 62 70 101 83 63 62 65 65 70 78 85 93 93 80 80 69 69 86 90 91 107 116 113 100
73 80 88 90 91 86 80 71 67 69 72 74 77 78 73 70 70 75 77 66 62 69 69 72 72 77 80 87 87 78 80 101 117 119 121 112 86 70 69 92 103 76 74 75 78 82 94 97 97 109 109 105 106 93 79 84 88 95 74 66 89 142 105 85 86 77 74 76 83 80 68 72 83 73 82 74 68 65 65 65 76 74 78 97 98 80 68 67 70 78 73 86 102 101 107 118
78 83 78 75 82 82 72 68 67 73 71 73 76 78 77 70 65 81 81 63 56 70 78 83 84 86 83 85 86 88 89 94 115 114 103 104 86 73 70 98 116 85 86 80 82 90 115 117 110 107 107 105 99 80 67 71 75 77 69 76 96 141 115 108 114 99 86 93 102 86 73 77 75 74 74 77 77 93 76 78 79 77 87 104 116 109 98 76 74 73 67 86 95 107 107 116
81 79 73 70 71 72 73 72 68 72 78 79 83 76 71 74 72 72 73 68 63 85 87 95 93 87 100 91 90 95 100 112 116 98 97 94 84 85 83 109 116 87 85 85 92 108 118 114 101 107 108 95 91 82 72 78 77 74 71 82 91 85 91 105 149 147 87 73 73 75 74 71 73 75 75 71 70 123 106 78 76 84 89 78 74 87 124 107 81 78 76 84 91 87 86 87
75 77 75 72 72 70 70 74 76 81 79 71 71 71 72 72 73 75 77 86 99 94 89 91 91 96 87 82 89 93 99 122 113 91 86 80 85 93 94 123 101 85 85 81 93 112 118 119 108 95 92 90 82 78 71 73 74 71 74 71 74 74 73 73 110 150 100 71 75 73 72 89 114 97 74 70 73 81 78 67 70 73 67 63 63 77 90 112 108 100 92 82 84 83 81 84
75 68 72 78 79 74 73 74 75 73 74 73 77 76 75 72 71 75 82 83 83 95 97 89 79 72 72 78 80 75 93 120 108 91 85 84 86 86 101 121 100 98 74 71 131 133 117 113 101 94 86 82 84 81 76 79 82 77 78 77 71 69 72 77 74 82 76 68 72 79 76 80 84 84 75 67 67 69 78 76 75 75 68 66 67 69 76 83 99 121 118 84 79 87 84 86
88 70 74 74 70 72 73 75 78 75 70 75 76 74 73 75 81 78 76 83 91 103 89 81 82 74 75 81 78 80 99 113 93 83 82 77 86 88 87 113 119 122 91 64 111 127 106 89 78 81 77 82 80 78 75 85 89 89 85 78 74 68 77 133 127 79 73 85 79 72 68 66 66 79 76 71 69 67 70 69 70 77 79 70 72 70 72 70 69 77 116 137 109 99 105 93
86 73 69 74 72 79 91 81 83 85 73 68 68 71 77 79 80 77 81 86 80 119 134 90 103 116 98 88 84 92 107 123 110 88 84 86 93 95 89 87 98 112 85 65 83 108 112 79 65 74 79 86 75 70 76 83 88 90 93 87 70 68 90 156 167 94 78 82 78 84 75 66 66 71 77 72 68 68 69 71 69 71 65 61 60 64 70 63 59 74 91 111 112 122 126 86
73 74 71 76 75 71 82 85 79 74 74 69 66 67 74 81 80 96 111 88 71 84 105 94 88 119 104 93 91 106 129 135 109 81 87 94 101 106 92 71 84 105 88 67 79 107 113 89 77 74 77 78 80 81 80 76 78 83 86 85 70 70 76 81 88 95 92 75 75 85 76 68 69 67 72 71 70 75 73 64 64 73 66 58 59 65 81 81 78 93 114 108 109 147 144 76
80 74 71 70 73 68 72 80 83 71 69 71 72 70 74 84 90 114 109 86 77 86 99 91 97 111 107 100 94 112 137 125 110 93 89 95 86 91 90 89 102 111 87 80 100 109 103 94 79 73 78 80 88 84 80 86 85 82 81 78 71 74 73 69 76 92 90 71 71 71 66 69 71 70 67 67 69 71 66 62 64 67 65 67 66 67 75 80 84 100 86 75 82 108 126 89
76 77 76 72 70 74 70 68 73 72 75 78 79 85 98 99 91 100 105 104 95 96 101 98 104 109 98 106 106 118 118 90 77 79 81 84 86 94 99 106 91 84 72 84 101 97 85 82 81 79 81 84 95 95 79 83 81 76 77 72 78 82 80 72 76 83 95 86 78 68 89 88 75 76 69 65 66 67 70 68 62 61 64 77 75 67 63 80 78 75 75 70 71 81 106 112
68 75 76 76 75 73 72 75 73 79 81 85 92 104 102 107 106 104 112 110 97 116 120 118 118 109 92 92 106 123 102 92 88 88 87 88 87 91 109 119 102 88 98 106 112 111 99 85 79 101 102 88 82 85 78 76 78 78 76 83 82 83 85 75 71 75 82 92 100 93 119 157 104 81 77 75 80 73 68 69 65 62 71 87 76 66 80 135 110 71 77 70 68 77 84 77
77 73 70 74 72 75 79 82 85 88 92 91 93 101 104 102 108 101 103 104 102 121 134 127 114 97 87 88 94 94 88 82 78 89 83 91 105 99 105 106 117 129 95 92 112 107 111 112 105 96 80 86 80 74 76 80 79 92 93 86 82 98 84 81 97 99 90 92 112 127 160 164 101 73 73 74 78 78 77 82 82 73 66 68 68 65 71 92 86 63 74 92 96 92 93 97
74 69 64 70 75 74 75 89 97 98 99 89 90 104 116 125 125 109 98 109 120 125 111 82 74 77 74 70 74 81 76 74 81 87 80 83 101 93 97 122 119 89 86 90 98 101 104 107 101 91 95 95 89 88 88 83 86 84 79 76 73 81 85 80 94 101 82 88 98 95 99 102 76 71 75 73 73 75 76 91 105 105 96 90 84 78 73 74 87 76 71 83 86 101 98 89
72 73 80 85 89 86 94 97 98 95 111 105 98 89 91 103 112 107 107 116 109 97 85 75 77 77 71 71 78 80 80 85 91 100 88 79 93 108 119 118 90 87 92 80 77 72 84 86 99 92 81 85 99 92 84 76 97 104 75 71 69 77 83 74 85 113 94 85 73 75 95 109 74 73 89 78 65 66 64 78 85 92 102 114 106 109 84 78 90 93 71 73 89 106 85 71
87 105 97 86 89 107 104 90 107 113 112 102 94 95 95 94 111 129 121 100 77 75 78 80 80 79 75 73 80 106 93 84 83 86 86 99 117 129 118 87 85 87 77 70 69 75 90 99 85 83 86 86 90 86 85 79 79 80 76 74 70 71 77 79 77 78 76 86 90 104 123 98 72 64 90 90 69 65 69 70 74 68 74 74 65 94 114 111 109 102 84 95 122 97 78 75
105 109 99 83 84 101 132 134 118 100 97 99 106 102 91 93 111 135 96 80 80 85 85 84 85 89 92 82 101 137 88 70 74 86 101 111 115 134 113 88 92 101 89 72 65 72 81 87 74 73 85 90 84 80 68 70 70 73 81 76 69 71 77 75 77 78 87 122 123 97 133 107 71 71 121 130 82 64 66 65 73 73 73 69 62 66 76 80 112 123 110 114 109 80 79 81
97 103 87 80 96 134 132 101 96 100 99 97 116 113 110 132 132 125 105 100 109 109 99 91 88 84 75 75 109 135 84 85 99 122 131 138 141 141 106 101 113 125 90 72 67 72 70 67 66 72 84 94 90 68 61 67 72 78 81 75 74 78 76 73 79 84 82 90 111 117 131 112 82 71 74 76 68 59 58 63 65 74 72 67 67 73 80 81 76 100 118 107 100 97 82 87
