examples/data/proba_v_italy_sicily/probav_s10_toc_x19y03_20141021_333m_ndvi_v001.txt
ncols         1127
nrows         589
xllcorner     12.348214285714
yllcorner     36.598214285714
cellsize      0.0029761904761905
NODATA_value  -9999
[rows 477 to 529 of 589, columns 384 to 479 of 1127]
0 0 0 23 24 29 26 23 8 30 29 26 23 25 33 23 10 11 0 0 0 0 0 0 1 2 0 0 0 29 55 44 31 32 31 24 22 18 26 60 45 37 37 37 37 17 37 37 26 37 37 37 37 50 34 28 49 13 18 19 24 23 23 27 28 28 36 37 38 35 30 26 24 21 37 37 44 30 28 28 26 28 27 25 25 25 24 24 25 25 26 27 26 28 28 28
0 0 20 29 0 27 26 22 22 25 27 28 29 25 19 22 0 0 0 0 0 0 0 2 1 2 0 1 0 31 30 30 57 46 43 41 41 24 20 60 46 37 28 31 31 33 37 37 37 40 37 37 37 37 23 25 21 17 14 37 37 37 37 37 37 37 37 32 32 35 31 28 26 25 37 37 36 31 27 31 26 25 26 26 24 26 27 25 25 27 27 26 26 28 28 27
29 28 5 6 6 35 29 27 27 23 22 25 27 29 22 0 1 0 1 32 0 0 12 9 3 0 0 5 27 29 29 28 26 29 29 29 30 57 46 64 46 31 29 26 23 24 29 37 37 37 37 37 37 37 37 23 21 20 17 15 16 37 37 37 37 37 37 37 30 38 32 26 28 24 37 38 32 26 26 34 30 27 28 27 25 25 27 27 26 28 27 26 24 26 27 25
0 0 11 6 10 9 37 32 28 24 24 28 24 24 20 0 1 0 0 0 0 7 13 15 16 17 3 0 32 28 25 26 28 29 27 27 30 31 72 59 44 24 30 30 24 25 30 30 37 37 37 37 37 37 37 37 37 37 37 37 18 18 18 16 14 37 37 37 37 37 36 31 37 37 37 37 29 30 25 33 38 32 30 29 27 28 27 26 27 30 30 28 27 27 26 26
1 31 27 0 0 30 26 43 33 29 25 28 28 28 20 0 0 0 0 1 0 0 0 0 4 36 18 0 27 25 25 25 24 26 28 35 29 27 27 59 24 23 24 31 28 25 30 32 29 32 37 37 37 37 37 37 37 37 37 37 37 37 23 23 20 16 37 37 27 37 37 37 37 37 37 24 32 32 30 31 36 39 35 31 27 25 25 25 28 28 31 0 0 0 0 0
37 0 28 25 0 27 23 47 33 34 28 27 26 29 24 0 0 0 0 24 0 0 0 0 0 37 26 26 28 29 28 28 26 24 24 37 40 26 26 27 72 48 47 50 36 24 23 27 28 26 32 37 37 37 37 37 37 42 37 37 37 37 37 37 23 22 18 13 37 37 26 22 21 37 26 31 31 25 23 15 32 35 36 33 30 27 23 20 19 0 0 0 0 0 0 0
29 27 0 0 25 28 26 36 38 26 28 29 43 27 28 20 0 0 0 24 0 1 10 0 0 26 25 25 25 27 28 28 26 25 25 27 46 41 41 24 26 24 20 20 25 26 24 24 27 37 37 37 37 37 37 37 37 33 37 37 37 37 37 37 37 22 23 21 17 37 26 25 25 24 27 33 19 32 31 13 21 18 31 31 31 0 0 0 0 0 0 0 0 0 0 0
30 25 4 0 34 33 36 35 35 34 30 31 25 25 28 23 21 0 0 0 24 23 15 8 0 25 26 26 25 25 27 29 27 25 26 27 30 27 50 42 28 37 37 37 37 37 37 37 37 37 37 37 37 37 37 37 37 22 38 37 37 37 28 37 37 37 20 23 22 19 21 24 26 28 26 24 23 37 33 29 21 24 29 30 0 0 0 0 0 0 0 0 0 0 0 0
47 37 29 0 2 0 0 0 0 0 33 33 27 23 25 25 28 0 0 7 28 25 18 0 0 25 26 26 28 28 26 26 28 27 27 29 28 29 47 40 37 37 37 37 37 37 37 37 37 37 37 37 37 37 37 37 37 37 37 37 37 37 22 26 26 23 19 19 23 21 21 22 23 26 25 23 21 23 37 27 30 35 37 0 0 0 0 0 0 0 0 0 0 0 0 0
50 46 44 38 30 0 0 0 0 4 13 33 31 28 26 8 0 0 0 0 39 28 23 0 26 25 26 26 26 27 27 28 26 29 30 29 13 18 35 38 46 37 37 37 37 37 37 37 37 37 37 37 37 37 37 37 37 37 37 37 37 37 22 21 25 25 21 19 20 22 24 25 29 35 30 28 26 28 24 37 37 37 37 2 0 0 0 0 0 0 0 0 0 25 23 22
38 34 39 42 41 36 0 0 0 0 0 11 7 0 0 8 25 23 0 0 47 28 25 37 0 26 28 28 25 26 26 28 24 29 30 9 9 11 18 26 32 46 34 37 37 37 37 37 37 37 37 37 37 37 37 37 37 37 37 37 37 25 25 20 19 22 23 21 23 23 25 27 32 31 30 25 25 25 25 23 37 37 37 6 0 0 0 0 0 0 0 24 23 24 0 0
34 37 22 39 28 0 0 0 0 0 6 13 2 0 0 0 0 28 4 7 0 50 44 22 25 24 25 27 27 24 25 28 27 25 11 11 8 10 26 28 31 41 37 37 37 37 37 37 37 37 37 37 37 37 27 28 27 30 28 27 28 26 24 21 19 47 22 20 37 37 37 37 27 29 29 28 27 24 21 26 37 37 37 37 0 0 0 26 21 23 24 24 0 0 0 0
30 30 27 15 14 0 0 0 0 0 5 2 0 0 0 0 1 10 15 11 6 0 0 27 25 23 25 26 24 23 25 25 0 15 24 27 29 1 14 26 44 40 37 37 37 37 37 37 37 37 37 37 37 21 21 24 23 24 28 28 26 25 24 23 20 49 22 23 21 37 23 24 25 28 30 30 30 30 37 25 37 37 37 37 37 24 28 29 0 0 0 0 0 0 0 0
39 38 34 16 43 0 0 3 2 13 15 16 6 0 0 0 0 0 29 20 2 0 0 39 23 26 26 26 24 24 41 28 40 19 23 25 27 0 28 33 35 45 37 37 37 37 37 37 37 37 37 37 37 20 17 18 20 21 22 24 25 25 24 24 21 21 24 32 28 22 46 35 22 25 25 37 37 37 37 37 37 37 37 37 23 25 23 0 0 0 0 0 0 0 0 0
37 43 35 26 38 43 43 0 22 33 21 30 35 0 0 0 0 0 0 28 13 4 4 48 15 22 24 25 25 23 39 25 24 25 23 23 26 26 26 27 31 35 34 32 40 37 37 37 37 37 37 24 39 18 17 19 16 18 19 22 20 37 23 24 26 22 22 39 25 23 38 23 23 26 37 37 37 37 37 37 37 37 37 25 22 9 0 0 0 0 0 0 0 0 0 0
32 39 33 28 37 33 38 0 42 40 39 40 44 39 0 6 0 0 0 3 10 7 11 20 31 34 41 23 23 22 47 26 37 24 27 46 21 21 24 26 26 31 32 25 48 37 37 37 23 25 30 33 29 28 19 20 19 19 36 20 37 23 22 22 22 23 23 22 26 26 25 25 37 33 27 38 37 37 37 37 37 37 30 30 22 13 0 0 0 0 0 0 0 0 0 0
33 29 29 32 32 32 21 19 37 33 34 39 39 43 38 39 39 0 0 14 28 13 6 2 27 26 28 30 27 26 26 28 27 42 30 27 24 20 20 19 22 27 29 28 29 29 29 27 26 24 22 29 30 35 18 20 21 20 35 21 20 22 23 37 23 22 21 24 37 37 37 23 14 1 40 37 37 37 37 37 16 0 25 6 16 12 2 0 0 0 0 0 0 0 0 0
38 32 36 33 33 33 33 33 33 38 25 21 39 39 39 39 39 13 0 38 44 39 1 2 24 24 40 25 27 26 26 28 29 24 22 36 21 20 19 21 23 23 53 28 27 27 28 25 25 25 24 33 26 25 36 23 24 21 37 37 24 22 23 20 21 22 17 37 36 24 13 31 27 37 32 37 37 37 37 15 26 26 26 0 0 11 5 0 0 0 0 0 0 0 0 0
36 12 24 42 33 32 33 42 32 29 25 23 20 39 39 22 15 23 0 36 38 15 23 22 22 23 44 24 23 22 20 22 23 24 23 43 30 20 18 27 22 23 24 43 25 27 24 22 22 20 20 24 29 27 28 37 37 37 37 37 37 24 21 21 21 24 24 21 0 26 35 37 37 37 37 37 37 23 21 26 23 0 0 0 0 0 0 0 0 0 0 0 0 0 0 0
44 42 42 42 43 33 28 32 36 24 23 24 23 24 24 23 15 22 21 21 44 22 23 22 22 23 24 46 30 21 20 19 19 21 23 22 20 21 30 40 21 24 37 37 37 37 23 22 20 19 19 20 18 32 30 37 37 37 37 37 37 37 23 37 37 37 17 20 13 28 44 37 37 37 37 37 32 30 34 37 37 37 0 0 0 0 0 0 0 0 0 0 0 0 0 0
39 39 44 48 45 39 34 38 26 27 26 24 22 23 22 22 22 22 22 19 34 20 18 21 23 23 23 19 18 19 18 19 18 18 21 21 33 22 21 20 58 56 37 37 37 37 37 23 22 21 23 14 31 18 48 48 37 37 37 37 37 37 37 37 37 37 37 0 26 22 10 26 25 38 37 23 24 29 37 37 37 37 0 0 0 0 0 0 0 0 0 0 0 0 0 0
37 37 37 37 37 33 38 25 25 27 39 27 24 24 22 22 22 23 28 21 21 22 21 21 22 22 20 19 19 18 18 28 19 18 19 21 21 37 18 21 28 59 52 40 40 37 30 42 23 13 37 21 35 21 20 46 39 48 37 37 37 37 37 37 37 37 37 37 0 39 21 24 23 22 24 25 23 24 42 37 37 37 0 0 0 0 0 0 0 0 0 0 0 0 0 0
36 39 39 39 35 29 39 39 39 39 32 26 25 22 22 22 22 30 34 22 21 22 21 22 22 22 21 22 21 22 20 18 20 20 20 19 19 19 16 4 0 0 41 45 26 13 18 31 33 18 25 32 49 37 37 37 37 37 37 37 37 37 37 37 37 37 37 37 37 0 20 20 28 32 31 37 37 0 36 38 37 37 37 0 0 0 0 0 0 0 0 0 0 0 0 0
34 32 32 31 33 28 37 43 39 35 32 25 23 21 21 24 13 29 32 22 21 22 23 23 19 20 19 19 21 23 21 18 18 19 19 18 19 19 16 9 0 0 0 0 4 0 1 8 18 18 15 10 57 37 37 17 37 37 37 37 37 37 37 37 37 23 37 37 37 23 22 0 19 12 48 38 37 37 0 41 54 44 37 37 0 0 0 0 0 0 0 0 0 0 0 0
29 24 39 32 28 30 44 44 43 33 27 25 23 21 19 22 22 39 34 20 22 37 41 56 42 43 50 21 19 18 16 18 17 19 21 18 8 13 17 39 38 46 56 0 0 10 23 0 0 5 10 9 39 44 18 19 18 17 37 37 37 37 42 46 23 23 24 26 25 26 0 0 6 0 8 42 25 17 4 0 6 54 41 37 37 0 8 14 0 0 0 0 0 0 0 0
31 24 27 43 37 37 31 37 40 36 27 25 25 24 22 21 21 17 28 21 32 35 24 27 27 20 20 21 21 21 21 19 17 20 31 21 21 21 20 19 39 40 39 38 0 22 29 11 0 0 20 28 18 18 58 18 19 18 37 37 37 2 21 19 35 35 25 13 12 0 0 0 0 2 10 9 11 16 10 0 0 33 38 28 26 27 0 9 2 0 0 0 0 0 0 0
36 23 39 43 28 34 5 31 42 42 32 27 25 24 24 24 24 24 32 31 32 24 23 26 27 21 21 21 21 21 22 21 18 27 27 22 21 22 23 22 29 19 18 20 2 27 23 23 22 0 18 18 19 19 18 50 37 47 44 20 21 22 22 25 23 6 15 17 13 11 0 4 5 3 9 13 0 10 0 20 0 0 18 32 32 21 18 0 11 3 0 0 0 0 0 0
25 29 26 17 27 24 14 17 30 38 40 25 22 23 25 25 26 26 24 40 22 24 23 26 25 22 21 21 23 24 22 30 22 17 20 22 28 38 21 22 22 13 21 19 20 18 4 1 28 19 18 15 19 18 17 18 18 47 38 21 21 23 23 24 25 25 37 32 37 12 18 12 8 0 0 2 4 16 13 31 28 0 0 0 0 26 8 0 18 9 0 0 0 0 0 0
22 19 27 16 31 26 8 6 2 11 46 39 19 19 22 25 25 25 26 23 22 23 24 23 23 22 19 22 23 22 33 24 26 25 19 18 21 22 22 21 22 22 22 19 20 21 30 23 20 12 18 16 18 21 19 24 20 20 22 21 22 21 33 28 48 37 37 20 27 38 40 37 37 6 0 0 0 0 32 20 23 37 0 0 0 0 16 0 0 0 0 0 0 0 0 0
13 29 20 30 36 30 19 0 22 33 29 38 29 24 24 23 22 26 23 21 22 21 26 26 23 22 22 21 22 21 32 24 30 27 24 18 20 21 22 23 21 22 23 22 21 21 20 19 33 18 18 18 18 19 19 24 24 21 21 20 23 22 39 46 46 48 31 23 6 31 49 31 27 37 37 37 37 37 37 37 17 22 14 0 0 0 0 0 0 0 0 0 0 0 0 0
22 23 22 8 35 41 37 25 0 21 22 20 28 26 23 23 26 27 26 26 24 23 24 28 24 19 21 21 21 23 23 22 20 21 18 17 20 20 19 20 22 22 21 19 16 14 16 19 21 20 22 22 21 21 22 24 27 25 26 25 26 26 34 33 31 19 56 40 37 7 22 37 37 37 37 37 37 37 37 37 0 24 21 4 10 22 2 0 0 0 0 0 0 0 26 0
24 20 14 0 0 34 33 35 21 0 29 17 19 27 31 27 26 28 26 24 24 22 21 26 27 22 20 21 22 24 25 24 24 25 23 21 31 22 21 21 22 22 22 26 26 21 14 15 18 20 19 22 24 23 25 28 28 25 24 24 26 30 34 51 28 10 9 16 18 40 48 37 37 37 37 37 37 37 37 0 5 2 0 0 0 4 1 0 0 0 0 0 0 0 0 30
30 31 22 39 31 25 26 30 25 17 28 18 0 0 23 23 28 26 22 22 26 23 24 20 18 19 21 21 21 21 21 22 20 20 21 19 24 18 21 21 21 22 21 23 24 28 24 18 16 18 19 21 24 23 20 23 26 24 25 28 27 30 30 48 38 45 48 64 64 46 39 46 46 48 19 19 37 37 37 37 37 37 37 37 0 0 0 0 0 0 0 1 0 0 0 0
29 35 35 30 31 27 29 26 21 24 40 35 21 15 23 22 23 27 27 23 24 21 28 27 18 10 10 18 21 21 19 19 20 24 23 22 21 19 20 22 21 21 21 21 19 18 21 24 21 18 18 19 22 24 21 21 23 23 24 26 0 3 8 20 44 39 46 54 54 46 48 64 48 46 30 37 37 18 37 12 37 37 37 37 24 21 22 14 0 0 0 0 0 0 0 0
27 27 31 30 31 35 26 30 27 25 15 24 23 17 18 23 25 22 23 26 28 25 27 35 37 32 20 16 22 23 21 22 17 19 23 23 24 20 17 20 21 19 18 16 18 19 17 18 19 17 18 17 18 23 24 23 23 23 23 25 0 0 0 6 16 39 46 48 46 45 48 37 37 25 24 48 48 37 37 37 37 37 37 37 37 25 27 21 0 0 0 0 0 1 1 47
34 37 22 23 30 28 31 29 27 32 35 23 18 16 20 21 29 28 27 26 25 21 25 27 24 27 26 23 20 23 22 20 19 14 19 19 21 21 18 17 18 18 20 20 18 17 19 18 20 22 21 19 19 21 25 23 23 23 24 0 0 0 4 2 5 0 0 46 39 46 46 48 64 31 24 37 35 38 21 24 39 29 19 48 20 2 0 0 0 0 0 0 0 0 1 1
18 41 31 38 27 24 38 38 31 21 27 25 22 17 17 20 23 26 27 22 23 25 29 27 25 21 22 23 21 21 21 23 26 15 18 20 22 23 19 17 17 19 20 21 20 19 19 17 12 0 14 18 17 17 0 21 21 23 0 0 0 0 0 0 1 2 0 0 37 0 37 56 52 48 54 0 7 19 11 0 25 38 41 18 0 0 0 0 0 0 0 0 0 0 0 0
30 31 40 32 28 25 28 17 23 31 25 22 17 19 18 20 22 26 27 24 23 24 28 29 38 34 20 21 22 20 18 16 33 40 38 14 17 22 24 23 19 19 19 22 22 19 20 22 0 0 0 0 0 0 0 0 0 0 1 0 2 2 0 0 0 0 1 4 4 0 1 0 0 37 17 7 20 9 3 0 0 0 0 16 0 0 0 0 33 0 0 0 0 1 1 1
25 30 24 31 31 31 26 27 12 22 24 25 21 19 21 22 27 25 25 25 25 24 27 26 27 23 23 22 21 22 21 25 28 0 0 15 20 22 23 25 24 21 20 21 23 0 0 0 0 0 0 0 0 0 0 0 0 0 0 0 0 0 0 2 2 0 0 4 4 1 4 20 23 26 0 21 15 15 10 16 6 0 0 0 19 17 0 0 0 30 26 0 0 1 1 23
25 14 31 35 34 35 33 29 23 19 25 24 22 20 25 24 26 27 26 29 27 27 28 23 22 22 23 23 23 22 26 25 0 0 0 0 13 18 22 25 24 21 19 0 0 0 0 0 0 0 0 0 0 0 0 0 0 0 0 0 0 1 0 0 2 0 0 3 27 22 18 0 0 0 32 0 1 0 5 15 7 0 0 27 0 0 22 0 0 0 0 1 1 0 0 28
28 24 29 21 27 27 32 31 32 25 0 0 0 14 17 21 23 26 23 25 27 25 27 23 22 26 25 24 26 25 25 0 0 0 0 0 0 18 17 22 24 23 14 2 0 0 2 18 9 0 0 0 0 0 0 0 0 0 7 9 0 2 2 0 0 2 0 0 0 0 3 3 3 3 17 17 6 1 0 7 6 2 0 43 36 0 18 0 0 0 0 1 1 0 0 0
31 28 27 28 26 26 38 29 30 8 0 0 0 17 21 26 29 28 25 24 27 30 27 22 18 22 25 22 23 24 25 0 0 0 0 0 18 23 21 19 22 0 2 1 0 3 20 33 44 49 0 0 0 0 0 0 0 0 18 14 5 1 0 0 1 2 0 2 0 2 2 2 8 14 17 14 8 0 0 0 4 22 9 0 0 31 29 28 23 16 0 5 1 0 0 0
24 30 28 32 29 24 38 24 23 26 24 24 22 23 24 25 28 26 23 25 26 29 26 26 22 22 23 22 19 21 0 0 0 0 0 0 23 24 26 23 1 0 0 0 0 2 5 37 49 50 49 0 0 0 0 4 0 4 18 12 2 2 0 0 0 0 2 2 2 0 30 2 8 14 8 2 2 2 0 0 37 53 41 37 0 9 1 0 34 26 0 2 0 0 7 0
20 29 26 27 30 28 26 29 30 32 32 31 28 28 24 25 29 27 23 25 26 27 26 26 24 25 25 26 24 0 0 0 0 0 0 0 33 23 26 0 0 0 0 0 4 5 4 13 19 16 13 11 7 6 0 0 0 0 0 0 0 0 0 4 4 0 0 0 1 0 18 31 24 8 5 2 1 0 0 40 24 28 40 32 0 0 0 0 0 0 0 0 14 15 1 0
29 25 26 29 29 29 31 30 28 28 24 23 25 25 24 24 26 23 21 21 23 23 26 28 27 23 21 25 0 0 0 0 0 0 0 0 30 22 24 0 0 0 0 0 0 6 17 13 2 0 4 4 4 0 0 0 0 0 0 0 0 0 0 0 0 0 0 0 3 33 27 0 1 2 2 1 1 1 28 36 30 37 18 32 14 20 0 0 0 0 0 0 28 27 11 0
26 25 24 29 30 26 27 31 27 25 23 19 27 22 26 19 17 18 18 19 20 20 18 19 25 28 28 0 0 0 0 0 0 0 0 0 0 0 17 0 0 0 0 0 0 0 2 6 0 0 0 0 3 0 0 0 0 0 0 0 0 0 0 0 0 0 0 0 0 5 0 0 4 1 2 5 8 5 15 27 30 25 4 34 31 32 0 0 0 0 0 0 0 8 10 0
29 26 24 24 26 29 26 29 29 26 25 24 21 19 24 22 17 19 20 0 0 0 0 0 0 0 0 0 0 0 0 0 0 0 0 0 0 0 15 0 0 0 33 27 26 21 15 0 0 0 1 0 0 0 0 0 0 0 0 0 0 0 0 0 0 2 2 0 0 0 0 0 0 1 2 5 5 5 1 0 15 26 7 0 0 0 36 0 0 0 0 0 0 0 1 1
22 22 27 25 22 27 28 26 27 27 25 24 24 22 20 21 0 0 0 0 0 0 0 0 0 0 0 0 0 0 0 0 0 0 0 0 0 13 0 0 0 0 26 22 18 16 19 0 0 0 0 0 0 0 0 0 0 0 27 0 0 0 0 0 0 0 0 0 0 0 0 0 4 0 1 5 8 8 5 0 0 0 6 31 22 5 0 0 0 0 0 1 1 0 1 1
23 18 22 26 26 28 28 27 27 31 32 28 24 0 0 0 0 0 0 0 0 0 0 0 0 0 0 0 0 0 0 0 0 0 0 0 0 0 13 18 17 12 25 26 0 0 0 18 13 0 0 0 0 0 14 0 38 18 0 0 0 0 0 0 0 0 0 0 0 0 0 0 12 11 26 5 8 32 31 1 1 0 6 29 21 6 0 0 0 0 0 1 1 0 0 1
27 24 24 25 27 29 32 35 31 23 19 2 0 0 0 0 0 0 0 0 0 0 0 0 0 1 0 0 0 0 0 0 0 0 0 0 0 0 15 17 16 12 14 0 0 0 0 21 23 0 0 0 0 0 0 0 37 0 25 27 17 0 0 0 0 6 0 0 0 0 0 0 0 0 1 2 0 32 30 29 0 11 24 35 29 13 0 0 0 4 0 0 0 1 0 0
28 28 27 29 31 33 28 19 21 33 27 13 0 0 18 2 0 0 0 0 3 0 0 0 0 0 0 0 4 4 0 0 0 0 0 0 0 0 0 0 0 18 0 0 0 0 0 0 19 21 0 0 0 0 0 0 0 0 0 0 0 0 0 0 0 6 6 0 0 0 0 1 11 5 0 0 0 34 31 29 29 11 33 30 23 11 0 1 4 3 0 1 0 1 0 0
25 26 28 27 27 24 33 30 28 29 35 33 4 0 26 14 5 0 0 1 3 0 0 0 0 14 7 0 0 0 0 0 0 0 0 0 2 0 0 0 0 0 0 0 0 0 0 0 0 0 0 0 0 0 0 0 0 0 0 0 0 0 0 0 0 0 2 0 4 7 0 8 27 13 6 0 0 37 33 30 29 9 28 18 9 0 2 2 2 6 5 4 0 4 5 5
27 24 23 25 28 14 12 43 36 26 26 21 15 24 25 24 20 21 3 0 0 0 0 0 0 0 1 0 0 0 0 0 0 0 0 2 0 2 0 0 1 0 0 0 0 0 0 1 18 18 13 0 0 0 0 0 0 0 0 0 0 0 0 0 0 0 0 0 11 24 7 10 38 17 0 7 2 0 39 34 30 10 15 6 5 10 4 7 0 0 4 4 0 1 1 1
