examples/data/proba_v_italy_sicily/probav_s10_toc_x19y03_20140621_333m_ndvi_v001.txt
ncols         1127
nrows         589
xllcorner     12.348214285714
yllcorner     36.598214285714
cellsize      0.0029761904761905
NODATA_value  -9999
[rows 408 to 458 of 589, columns 768 to 863 of 1127]
97 73 70 91 103 89 93 90 104 100 92 99 102 105 103 106 119 103 86 91 108 77 85 102 116 128 117 115 105 106 123 115 92 125 142 124 113 108 93 74 73 65 74 99 104 92 101 117 112 109 135 153 139 145 149 122 104 104 103 107 108 104 120 118 124 110 112 122 126 123 143 171 160 159 148 139 144 158 165 173 180 185 189 183 165 171 171 157 134 153 168 173 152 145 155 167
98 85 78 83 79 80 88 93 92 99 105 102 109 105 105 112 98 75 93 100 105 103 108 114 127 135 131 129 118 119 140 148 120 127 136 128 123 127 111 87 80 69 78 104 113 112 111 115 108 120 136 137 135 167 173 142 110 93 100 108 118 118 121 138 132 116 107 110 121 124 152 181 154 153 140 128 164 199 189 164 171 200 209 179 155 187 186 149 133 157 163 139 135 151 151 158
110 88 85 86 79 80 97 96 92 109 120 105 95 88 91 103 80 72 91 99 84 79 76 81 97 121 141 121 108 111 118 123 123 135 159 166 159 163 165 134 119 106 118 110 95 109 112 123 122 129 131 137 126 125 148 142 133 130 134 136 124 133 137 143 144 126 118 111 130 153 183 187 181 185 187 188 177 182 181 174 178 199 164 136 149 183 186 166 139 141 144 139 147 147 133 124
90 77 79 85 79 84 91 97 99 105 103 94 90 93 89 86 77 62 63 63 53 51 66 78 84 109 137 114 104 105 111 101 104 132 161 163 163 174 170 139 126 125 146 120 83 89 118 152 145 121 110 118 130 110 110 149 150 132 138 141 142 163 149 131 124 117 131 129 147 203 205 181 136 125 171 173 159 159 134 132 135 142 153 166 142 152 162 142 127 131 132 138 157 149 143 135
99 89 87 104 89 81 89 91 103 108 101 100 97 101 105 110 113 125 133 124 108 101 103 111 118 139 124 114 111 112 126 104 104 152 168 166 156 162 172 170 144 152 196 165 118 103 110 125 132 111 97 112 109 95 102 135 155 121 120 141 134 154 149 114 117 118 154 183 191 197 189 173 130 96 132 162 137 135 129 129 127 164 175 149 116 114 134 131 129 133 134 125 140 157 155 140
88 93 93 89 82 90 88 91 112 108 93 101 124 130 113 108 109 113 114 120 123 117 116 132 143 153 149 140 148 144 142 134 145 161 169 168 164 164 155 127 93 100 157 178 164 149 134 106 100 109 99 115 115 116 111 108 127 135 119 123 155 174 142 126 171 184 202 197 200 190 164 160 155 148 138 121 136 167 170 153 155 161 153 144 155 160 141 129 128 124 126 126 129 138 137 129
76 88 103 88 79 110 109 114 105 108 126 135 129 123 104 100 101 99 101 111 120 119 118 134 155 150 153 156 159 167 159 147 165 178 186 179 150 141 124 95 84 98 107 108 116 121 124 106 91 100 106 117 126 132 129 116 100 104 108 126 157 164 123 157 205 196 208 203 197 187 146 116 109 126 129 124 131 153 175 173 164 175 165 145 138 140 140 139 133 121 108 108 121 130 134 123
91 97 96 91 86 86 79 116 117 100 95 99 94 99 112 114 106 111 113 113 118 113 115 133 154 156 152 169 172 164 156 178 174 144 144 141 124 102 100 94 97 121 102 89 79 91 108 96 99 97 110 124 130 143 149 125 94 88 111 158 165 137 112 146 182 170 164 188 163 150 133 122 130 148 160 165 186 185 153 151 135 155 146 127 119 116 111 111 125 128 130 126 146 149 151 151
103 110 89 72 85 111 94 111 114 101 93 100 105 104 120 131 123 118 123 134 129 111 101 99 125 164 147 143 150 160 156 161 167 135 129 131 119 98 86 89 106 116 93 85 92 90 102 95 100 110 115 122 136 146 136 116 109 118 146 157 141 132 127 127 141 156 153 139 143 127 105 111 125 133 148 175 209 203 170 153 130 115 128 132 152 146 142 142 154 157 142 134 134 143 139 112
100 106 108 94 106 140 143 131 114 122 120 110 114 104 105 107 108 119 130 131 136 122 111 114 110 141 142 130 141 161 159 156 152 129 121 118 116 99 103 113 126 125 118 115 118 94 93 108 108 122 116 121 124 127 144 137 126 107 131 157 146 148 157 133 115 107 156 172 145 111 102 109 137 156 162 174 195 191 194 180 159 158 142 139 146 150 165 145 128 127 120 115 132 149 150 149
97 116 130 131 122 116 119 111 96 112 123 107 91 98 102 94 93 75 84 110 107 93 88 97 95 132 157 151 140 156 162 149 126 116 114 118 114 95 101 96 105 118 124 131 128 115 109 123 115 113 114 112 123 108 105 112 101 92 137 173 150 144 159 122 101 95 116 154 175 138 116 124 142 172 161 160 171 180 157 159 151 157 163 157 138 137 136 117 116 131 142 136 129 135 146 147
96 113 129 118 102 91 89 85 90 101 111 110 106 116 108 98 99 91 86 90 108 106 99 105 98 94 130 165 160 155 163 148 126 124 118 120 121 107 106 105 113 115 105 115 121 121 115 117 101 119 136 116 111 116 97 103 103 110 148 170 153 128 139 119 100 98 106 142 173 162 149 164 157 153 145 157 169 179 153 137 142 143 154 141 122 120 127 116 103 123 126 116 120 128 128 135
146 143 150 108 100 86 90 92 93 99 97 89 84 89 109 130 130 127 114 118 126 118 106 107 105 98 101 139 159 159 160 152 143 134 127 124 137 151 139 108 111 116 110 107 110 116 104 93 110 131 147 120 95 115 108 92 114 132 117 100 126 142 145 143 115 108 122 116 131 153 181 186 181 155 154 165 178 189 178 139 144 130 130 140 133 118 105 101 95 109 122 109 109 114 128 143
90 87 92 97 105 103 101 102 101 109 108 95 84 100 132 157 147 144 128 122 126 123 106 110 105 92 91 122 158 165 165 166 152 150 168 168 176 189 186 173 156 134 129 126 123 138 127 110 122 129 151 138 99 101 104 82 89 99 115 113 147 164 136 143 127 109 132 135 137 155 179 184 163 144 159 170 180 169 147 131 145 135 130 132 132 143 137 131 116 110 117 111 114 124 136 139
94 110 130 150 135 116 100 105 114 120 123 108 86 91 114 116 152 152 145 139 140 144 125 110 102 96 102 105 133 157 162 163 163 177 176 168 170 155 139 132 140 153 156 161 154 148 145 137 136 158 162 143 130 107 102 96 83 75 102 136 166 163 113 123 140 122 120 162 168 169 179 153 151 162 160 158 156 143 136 137 148 148 134 139 149 159 148 140 139 133 127 127 132 140 128 137
140 154 145 145 122 105 110 112 119 118 120 116 85 94 117 108 108 124 133 142 149 167 163 125 107 108 106 126 147 162 163 160 166 175 182 182 164 141 135 119 130 155 142 138 155 143 150 151 136 151 143 132 137 115 107 110 86 82 102 150 179 175 114 128 166 149 116 142 167 169 166 165 152 158 148 131 132 130 134 126 125 130 136 141 148 151 145 148 163 159 134 120 123 126 124 111
130 156 135 118 119 105 107 112 103 98 99 100 108 111 104 108 104 95 98 120 120 119 116 113 97 108 131 167 155 160 144 147 172 170 178 179 142 125 121 116 132 150 143 87 73 91 131 140 113 113 121 121 118 145 141 120 91 93 105 137 182 173 151 145 145 129 114 129 153 163 167 168 169 154 139 108 94 103 122 117 117 125 131 134 134 132 129 129 144 144 137 127 123 129 137 128
109 103 87 97 104 102 107 107 99 110 110 99 88 96 100 100 92 87 88 94 103 118 106 111 102 115 172 169 170 151 119 140 171 165 175 178 135 121 124 122 131 146 128 113 105 109 109 111 112 119 112 99 120 168 149 119 106 120 141 174 191 181 166 158 154 141 121 124 144 155 172 177 170 148 119 106 98 113 125 112 124 131 128 107 81 104 142 158 172 171 176 178 162 140 123 121
92 103 103 102 106 110 97 99 104 109 105 94 96 91 99 98 101 107 111 96 92 99 93 91 112 121 161 163 168 118 95 147 173 158 159 145 123 126 125 121 134 147 137 135 133 134 128 110 101 104 103 106 148 170 148 119 105 127 142 186 200 177 169 175 172 167 142 131 148 160 169 152 130 132 128 117 97 105 119 96 104 119 127 126 125 154 177 187 174 164 161 136 114 111 101 105
77 93 95 94 100 92 93 104 106 110 119 115 109 110 118 121 121 101 95 91 84 89 98 86 96 117 157 180 171 143 136 156 159 140 123 115 113 118 128 132 144 130 127 133 133 118 107 108 114 106 107 115 128 144 141 123 129 137 117 144 170 162 165 165 158 150 134 116 121 125 119 88 93 110 119 131 122 126 114 83 93 113 131 133 133 126 128 141 151 155 138 109 102 99 98 110
84 103 103 85 94 100 96 101 97 112 118 114 107 98 97 100 90 76 90 104 94 93 110 105 105 122 152 165 185 171 166 171 161 151 113 113 133 117 115 124 135 126 117 120 104 82 90 102 110 112 105 108 122 127 123 118 140 133 125 139 137 127 128 130 121 128 123 106 101 108 104 95 101 113 120 123 117 140 130 111 108 116 120 116 118 121 129 139 151 154 143 128 121 126 141 171
124 126 146 140 120 103 108 106 97 113 112 103 92 93 86 84 84 76 88 95 97 93 101 97 88 111 150 164 158 174 166 163 131 120 112 114 131 135 126 142 157 146 126 112 91 82 91 113 109 107 99 88 86 108 136 118 108 113 139 141 124 108 100 110 107 120 109 87 77 82 96 104 111 144 155 124 100 113 124 125 125 119 101 110 121 140 162 154 138 136 141 158 174 176 161 151
95 110 127 141 119 100 113 128 114 106 104 95 102 109 95 90 94 81 88 88 93 99 101 98 93 105 123 138 149 168 169 169 129 109 111 120 115 125 152 168 165 163 139 110 101 93 104 125 124 99 97 90 86 92 96 112 116 131 156 139 123 119 96 94 107 112 94 80 73 76 83 89 105 127 139 122 110 114 121 125 121 124 120 108 123 143 161 162 169 175 176 187 184 129 114 119
120 119 107 102 105 104 113 119 114 97 96 104 120 119 99 93 80 97 104 99 100 100 100 102 104 100 118 140 158 171 172 177 165 151 117 120 137 145 170 163 170 166 145 115 98 88 95 115 110 88 90 90 85 82 83 93 144 162 152 145 124 129 111 91 102 101 92 82 76 80 98 105 96 100 91 102 115 113 113 115 112 116 116 121 126 130 136 147 153 162 178 158 98 80 92 128
120 117 102 95 98 105 107 98 94 98 96 92 90 111 98 94 88 103 102 92 92 89 93 103 113 113 116 149 174 177 175 182 179 156 130 135 157 162 169 179 168 156 130 118 106 87 93 98 93 83 100 104 98 82 71 84 129 153 145 139 128 114 108 98 92 78 78 82 85 77 82 101 87 93 100 107 105 91 87 92 107 114 110 122 116 125 140 158 184 190 131 90 110 124 119 136
110 115 110 116 113 107 100 90 90 96 92 88 87 132 127 100 91 103 106 104 104 105 101 110 123 126 136 155 166 166 171 172 193 184 135 134 158 171 165 166 157 141 132 132 132 108 95 92 95 107 97 80 94 86 86 93 112 147 146 136 127 107 106 105 90 84 92 78 81 84 89 102 105 103 113 108 98 98 114 97 105 103 92 103 126 146 166 161 188 142 77 62 87 129 144 152
103 124 124 121 117 107 105 101 94 100 100 95 94 92 97 104 105 109 99 112 110 102 107 104 113 124 124 140 154 165 176 173 179 140 113 118 123 149 139 130 137 127 119 113 121 124 120 112 115 126 123 107 81 82 91 79 96 134 133 124 111 99 93 79 75 86 85 72 75 81 94 110 119 118 119 102 115 105 126 101 77 101 105 106 125 153 147 127 117 101 100 105 95 84 108 153
95 115 131 109 106 106 109 104 101 102 91 93 89 86 94 95 115 111 99 95 90 104 118 127 118 117 134 161 165 161 167 175 175 148 113 113 102 125 156 154 139 114 108 112 117 112 111 104 111 120 125 126 101 80 92 99 96 110 107 97 97 96 94 89 83 89 82 78 82 87 89 92 91 104 115 108 117 105 117 134 97 97 107 112 130 151 138 131 129 135 141 141 151 140 132 160
115 122 109 103 105 110 118 115 113 107 93 105 98 86 87 94 105 101 93 98 106 100 106 121 119 123 142 149 150 166 165 170 148 122 118 122 119 142 165 168 162 140 114 105 112 105 105 107 114 130 140 143 134 100 87 89 87 96 94 91 89 94 99 93 83 80 75 75 80 87 86 86 84 85 106 117 126 127 108 142 124 105 103 115 116 135 149 149 137 155 155 143 138 153 156 143
114 115 103 124 131 123 116 115 114 106 92 91 86 83 87 101 104 90 96 103 94 102 106 109 132 154 155 154 162 167 156 145 112 106 124 126 135 167 178 170 147 131 116 101 100 105 124 121 106 117 135 150 144 95 78 79 95 110 97 91 101 111 107 109 91 82 73 69 67 69 78 88 102 110 117 114 114 103 99 136 124 89 114 125 119 134 164 140 127 137 148 147 149 137 126 134
119 114 114 125 138 121 119 107 117 117 106 90 90 107 107 103 103 90 87 102 108 108 107 97 97 131 165 171 176 176 150 101 91 99 116 130 139 168 174 166 121 108 104 104 135 128 144 143 112 98 112 133 133 90 58 81 93 106 95 107 117 107 96 91 76 76 76 73 72 72 78 91 102 126 124 113 99 95 121 121 120 119 125 152 140 134 141 120 122 125 134 147 160 133 110 123
124 117 123 119 123 112 112 118 115 112 104 96 103 109 102 110 107 97 103 107 105 104 110 113 114 138 168 167 167 168 167 107 76 84 96 116 156 170 144 136 102 103 131 145 158 163 157 154 135 114 106 111 106 105 81 90 95 100 97 109 115 110 108 88 71 70 75 75 80 87 100 100 96 119 127 119 102 117 137 117 115 121 93 117 114 142 140 125 131 114 120 142 145 133 117 115
96 98 106 124 130 120 108 100 97 101 106 115 95 84 95 102 107 105 102 101 112 115 114 128 144 159 168 172 169 141 98 87 81 83 93 108 155 167 120 98 111 139 174 155 155 162 151 146 128 117 121 126 114 103 91 112 128 108 91 110 126 117 103 85 75 80 83 79 81 82 94 111 104 118 122 114 96 106 118 109 108 102 75 84 101 103 133 136 141 122 108 121 138 147 146 136
103 99 120 144 129 110 103 95 110 113 103 88 76 70 75 78 84 94 98 91 94 93 92 118 135 140 149 174 153 104 85 89 94 91 90 98 130 123 94 109 161 159 152 156 154 159 151 141 110 100 100 107 115 112 105 90 82 78 76 98 101 89 85 83 84 91 93 80 79 82 93 116 110 110 110 95 99 100 105 118 114 85 84 96 102 102 132 156 120 107 121 127 128 130 128 117
105 105 112 117 122 117 101 107 106 99 84 83 80 74 70 73 75 75 85 92 88 96 125 149 157 139 152 166 150 111 90 93 91 96 94 92 99 94 89 99 142 167 170 164 160 165 154 131 115 93 98 105 102 93 92 88 86 83 87 91 88 82 82 82 84 94 98 88 78 84 95 94 94 110 119 107 101 96 106 111 89 74 82 102 98 102 127 127 109 111 121 121 127 134 124 122
108 121 116 116 115 114 110 108 92 78 73 75 73 74 77 77 74 81 88 99 112 112 95 78 117 151 166 159 124 96 91 91 90 101 109 106 104 92 84 91 121 131 140 197 191 158 129 134 141 108 104 114 108 106 106 95 99 99 100 94 92 93 85 81 80 83 82 86 88 88 95 97 91 86 112 128 106 105 108 93 81 78 74 90 108 111 130 141 133 111 111 107 113 115 131 136
96 114 125 121 108 106 105 101 102 99 79 69 68 71 71 73 77 77 89 112 114 117 106 91 98 140 164 136 85 77 83 86 88 96 100 99 95 87 76 73 82 91 99 143 168 186 153 158 158 119 101 108 100 107 106 95 99 100 102 99 95 99 86 83 93 88 78 86 87 81 85 95 103 95 102 120 110 100 79 75 82 81 81 92 111 115 114 109 125 111 121 117 107 109 118 123
127 116 110 110 95 90 110 102 100 101 87 80 88 77 72 68 78 80 75 90 95 112 131 131 126 126 159 140 87 82 85 83 82 84 83 102 102 83 83 85 87 90 101 136 182 201 166 156 148 115 109 126 123 116 107 94 89 96 98 100 116 120 93 80 87 94 85 86 83 83 91 94 95 99 120 117 77 78 73 67 71 73 106 108 90 98 105 97 109 129 136 138 112 111 105 104
126 115 106 102 87 81 108 112 85 94 97 107 134 95 79 99 122 120 103 93 94 106 117 104 122 155 153 119 84 83 93 97 86 83 89 97 92 82 94 99 104 110 137 146 179 192 159 149 144 131 112 109 98 89 98 94 83 95 87 100 121 107 86 86 88 95 89 82 81 81 87 89 91 95 101 118 83 68 72 79 71 77 102 97 75 78 84 95 110 128 114 114 111 106 103 96
100 111 114 109 100 80 81 87 87 93 91 91 95 89 105 132 153 150 127 113 111 136 145 121 114 138 139 98 85 83 86 87 95 98 99 96 95 81 89 93 108 121 141 129 117 170 161 155 137 125 91 73 74 90 90 72 69 84 96 101 119 114 94 94 96 95 91 83 80 77 78 98 106 98 93 104 99 84 79 80 72 84 100 90 80 83 92 89 96 119 124 103 109 107 99 95
92 104 111 114 85 67 78 90 95 93 85 88 84 84 112 142 146 131 122 143 129 128 130 139 134 118 95 88 86 75 75 76 78 91 105 96 103 96 79 83 98 115 122 115 101 105 128 147 126 118 97 76 81 99 107 87 77 86 104 102 122 105 90 92 85 90 81 75 75 74 75 88 110 126 120 96 94 89 76 81 81 96 101 89 93 89 90 96 89 97 110 105 97 124 144 109
99 93 91 98 101 92 84 87 102 97 85 83 83 92 124 152 152 125 114 151 156 152 131 108 88 92 94 91 83 76 77 83 102 95 98 100 91 115 100 82 86 99 115 125 121 123 144 150 146 130 113 99 84 99 94 124 124 101 103 112 130 101 91 91 83 80 77 76 74 72 77 86 97 101 93 91 92 97 96 87 85 94 95 91 92 93 96 111 100 97 101 123 131 144 139 114
90 90 87 96 98 91 85 86 90 86 85 88 83 81 103 143 147 122 119 148 153 142 161 140 96 94 89 85 82 81 82 84 112 128 130 133 87 99 126 128 107 102 116 140 160 150 153 154 147 134 124 112 86 94 92 74 83 82 89 98 125 112 87 82 91 84 77 73 71 76 86 99 100 92 101 94 90 91 106 103 91 81 89 85 78 95 101 111 100 103 102 125 144 122 108 132
87 84 86 90 93 92 88 83 84 89 88 85 93 94 95 129 118 96 100 119 120 112 151 133 114 102 82 81 84 83 82 87 101 112 126 159 107 85 107 145 157 149 140 152 160 153 155 157 131 117 117 89 74 61 66 78 105 96 72 72 97 95 81 92 102 97 84 84 83 83 88 101 110 103 103 100 92 91 100 103 83 79 90 84 77 94 97 84 81 96 84 87 116 113 132 163
97 81 79 83 85 83 87 97 103 96 81 81 97 108 98 105 105 86 88 117 111 131 142 89 89 90 89 98 88 89 82 87 114 86 114 141 96 86 96 139 177 161 159 153 154 139 135 154 156 138 109 84 79 64 61 85 122 116 91 76 68 83 90 88 95 101 91 89 88 86 96 117 129 122 121 113 104 113 116 109 101 98 84 75 72 82 91 85 71 72 78 94 113 127 162 173
92 83 95 90 82 76 79 83 89 89 89 93 107 113 83 77 81 80 104 122 106 157 140 89 87 88 94 102 92 88 80 83 134 125 134 147 83 80 100 127 152 156 144 148 174 129 126 159 147 119 110 89 77 77 81 89 93 88 92 110 95 92 96 102 110 108 99 94 89 87 96 111 128 125 121 113 95 94 99 92 87 109 98 78 82 78 80 84 73 66 103 120 107 120 143 120
83 74 89 85 83 87 91 93 89 84 89 105 124 113 88 84 87 91 104 114 110 133 95 92 92 88 90 102 102 81 82 89 117 161 166 147 80 74 89 101 121 115 105 119 142 132 110 122 137 109 97 87 81 90 104 101 100 99 90 116 120 104 100 104 114 111 101 103 95 95 109 132 129 96 89 85 107 112 98 88 82 82 100 94 90 95 95 93 90 79 95 121 128 124 119 90
99 90 87 81 74 85 81 84 84 80 90 108 124 129 135 129 132 115 108 128 107 107 83 87 82 96 106 103 91 82 89 93 95 139 177 165 101 70 88 94 84 90 91 97 128 145 109 100 128 119 97 92 91 100 109 103 90 104 110 124 122 103 94 97 100 104 104 96 96 99 102 119 103 86 86 100 104 81 82 84 94 85 85 104 101 90 90 77 81 81 85 124 166 127 82 130
93 86 86 82 71 85 96 87 90 85 83 114 121 123 125 132 112 94 106 124 106 95 88 87 90 103 111 94 83 85 91 104 110 115 133 150 105 76 92 101 94 92 92 97 134 155 128 101 123 111 106 113 111 103 98 89 92 105 116 102 100 116 124 127 101 95 100 89 84 88 86 91 89 86 90 82 77 68 71 76 72 74 92 108 121 92 71 65 74 87 85 114 133 124 139 158
87 82 74 70 71 85 111 82 81 82 77 104 140 107 80 97 91 79 107 130 131 109 87 86 96 112 102 84 81 86 92 91 97 117 148 146 92 81 103 108 118 126 107 102 118 118 117 108 105 111 113 116 117 114 100 86 108 108 101 96 109 122 114 110 96 98 107 104 96 94 90 95 97 92 91 79 81 84 79 76 68 65 75 90 114 111 77 73 78 90 90 113 143 146 149 160
85 77 73 70 67 99 118 89 90 86 76 83 102 120 93 86 98 88 94 96 94 94 89 92 101 96 83 78 86 80 74 91 99 105 118 139 108 79 94 101 112 129 108 91 101 100 90 101 99 102 115 116 111 112 114 111 129 127 114 108 112 97 86 94 92 96 104 104 90 79 79 90 93 94 99 87 77 79 81 82 82 74 72 79 94 109 91 102 102 87 91 114 134 121 130 144
