examples/data/proba_v_italy_sicily/probav_s10_toc_x19y03_20140921_333m_ndvi_v001.txt
ncols         1127
nrows         589
xllcorner     12.348214285714
yllcorner     36.598214285714
cellsize      0.0029761904761905
NODATA_value  -9999
[rows 520 to 571 of 589, columns 480 to 575 of 1127]
12 12 14 12 13 13 13 13 13 13 13 13 13 12 12 12 12 14 12 12 13 12 12 12 12 13 13 13 12 13 13 13 14 37 37 37 37 37 37 37 37 37 37 37 37 37 37 37 37 37 37 37 37 37 37 37 37 37 37 21 25 37 37 36 37 37 14 28 37 37 37 24 24 24 24 25 24 22 21 37 5 22 23 31 37 37 37 37 18 37 19 37 19 18 24 37
12 12 12 12 14 13 13 14 14 13 13 13 12 12 12 13 13 14 14 13 13 13 14 12 12 13 12 14 12 14 13 14 14 16 37 37 37 37 37 37 37 37 37 37 37 15 37 37 37 37 37 37 37 37 37 37 37 37 37 25 27 37 37 18 21 40 37 37 30 29 37 24 26 24 33 39 23 37 37 37 37 37 37 12 26 36 37 37 37 37 15 16 21 21 34 37
13 14 13 12 13 13 13 14 14 13 12 12 12 12 11 11 13 12 13 14 12 13 14 13 13 12 27 14 14 14 15 14 13 16 37 37 37 37 37 37 37 37 37 37 37 37 37 37 37 37 37 37 37 37 37 37 37 13 18 20 37 37 37 37 37 37 37 24 28 23 23 23 23 24 23 37 28 31 37 37 37 37 37 37 14 16 34 37 37 37 11 16 19 37 37 37
13 13 14 15 13 13 13 13 12 12 11 12 12 12 11 11 13 12 12 12 12 12 12 12 12 13 14 13 13 14 15 15 15 15 37 37 37 37 20 19 19 19 16 16 17 37 37 37 37 37 37 37 37 37 16 13 16 19 37 14 37 25 23 22 22 22 23 23 23 31 24 23 22 24 25 37 37 37 37 37 37 37 37 37 37 37 37 37 37 37 37 22 37 24 30 37
14 13 14 14 13 12 12 15 15 13 13 13 14 12 12 13 12 12 12 12 12 11 13 13 13 13 14 15 15 13 14 14 15 14 37 37 37 37 27 37 37 37 37 37 10 13 37 37 37 37 37 18 37 37 24 37 37 25 37 15 22 25 22 19 17 22 21 23 22 26 22 24 24 37 37 37 37 37 37 28 37 37 37 37 37 24 21 37 37 37 37 37 37 37 37 37
14 13 13 14 15 13 20 13 14 14 15 14 14 13 13 13 14 12 13 14 12 13 14 14 12 14 14 15 16 28 15 14 14 15 37 37 37 37 37 27 37 37 37 37 37 13 16 37 37 37 37 37 20 24 33 37 37 37 37 8 19 20 20 19 25 23 21 22 25 22 21 23 37 37 37 37 37 37 37 26 37 37 37 37 37 37 37 37 37 25 36 31 37 37 37 37
13 12 12 13 15 15 18 18 15 13 13 14 13 14 12 14 14 11 13 13 13 13 13 13 14 14 15 14 22 26 27 13 14 17 24 37 37 37 37 31 37 37 25 37 37 37 14 20 23 37 37 37 26 37 37 37 37 37 37 14 18 21 22 22 24 24 23 22 44 24 37 37 37 37 37 37 37 37 37 37 37 37 37 37 37 37 27 37 37 37 18 25 23 27 37 37
12 12 13 13 13 14 24 24 23 20 15 12 12 13 13 14 13 14 13 12 13 12 13 14 15 14 14 14 14 18 15 15 13 14 24 37 37 37 27 30 24 23 37 37 37 37 14 37 14 19 37 37 28 37 37 37 37 37 37 14 18 21 22 22 23 23 23 23 37 37 37 37 37 37 37 37 37 37 37 37 37 37 37 37 26 25 27 26 24 37 32 21 37 37 37 37
13 12 12 12 12 11 12 22 24 21 23 17 10 12 11 14 14 13 13 13 13 13 14 14 15 14 14 16 16 17 16 16 16 13 15 26 25 21 27 24 37 23 24 22 20 25 29 37 37 6 19 25 33 37 37 25 25 23 15 11 19 22 23 22 29 22 23 28 24 37 37 37 37 37 37 37 37 37 37 37 37 37 27 29 26 21 21 37 11 16 29 37 25 37 37 22
12 12 12 12 12 12 13 13 13 14 14 18 13 10 13 14 15 15 14 14 14 14 13 14 14 14 15 15 16 17 19 17 20 20 16 19 22 22 27 23 24 25 25 26 25 27 30 37 37 37 37 37 37 37 37 24 25 25 20 13 17 21 23 23 23 24 37 29 37 37 37 37 37 37 37 37 37 37 37 37 37 26 26 29 29 26 37 37 37 20 37 20 37 26 37 20
13 12 12 12 13 14 14 13 14 13 13 11 13 13 14 15 14 14 14 13 13 14 14 14 14 12 13 14 15 15 17 18 18 19 19 19 22 27 26 29 24 27 28 28 26 26 37 37 37 37 37 37 24 37 37 37 21 24 23 17 17 21 21 22 23 37 34 28 37 37 37 37 37 37 37 37 37 37 37 37 27 25 24 26 28 29 31 37 37 37 37 37 37 37 22 37
12 13 13 13 13 12 12 13 13 13 14 13 13 13 13 14 12 13 14 12 13 15 14 14 15 16 13 13 15 14 15 17 18 16 23 24 23 21 26 27 32 22 24 25 27 27 37 37 37 37 25 25 27 25 24 37 37 22 23 33 19 23 23 18 24 28 21 37 25 24 26 37 37 37 37 37 37 37 37 27 26 26 23 24 25 37 37 37 37 37 37 37 37 37 37 37
12 12 12 12 12 12 12 12 12 13 13 14 12 13 13 13 12 14 15 15 14 16 15 14 15 17 16 15 16 15 19 15 12 21 22 22 24 23 22 23 30 23 24 23 24 37 37 37 37 37 26 24 24 24 26 19 37 18 18 16 26 26 20 18 26 25 26 26 26 25 25 37 37 37 37 37 37 37 25 25 21 21 22 37 37 37 37 37 37 18 19 22 37 37 37 37
13 13 13 12 12 12 12 12 12 12 14 12 13 13 13 12 12 13 13 15 14 14 14 14 14 16 15 13 14 15 26 27 20 21 21 22 22 23 23 22 22 23 23 25 24 37 37 25 37 23 24 23 23 24 37 37 37 21 37 37 24 25 25 24 24 25 26 26 25 26 37 37 37 37 37 37 37 24 23 21 22 24 26 37 37 37 37 37 37 37 37 17 19 37 37 37
12 12 12 12 12 12 11 12 12 14 14 13 12 13 14 13 13 14 14 14 13 14 14 16 16 14 13 13 14 15 21 26 21 21 23 22 21 21 22 26 22 21 22 24 26 26 27 27 21 21 23 24 24 37 20 37 37 26 37 24 24 25 26 25 24 24 25 25 25 37 37 37 37 37 37 37 37 25 25 27 27 26 37 37 37 37 37 37 37 30 30 37 16 37 37 37
11 12 12 12 12 12 11 12 12 13 14 14 13 12 13 13 13 12 13 14 14 13 14 14 14 13 13 14 14 15 17 23 23 20 21 22 20 21 23 30 36 23 23 25 29 28 26 27 26 24 24 24 24 24 17 16 19 28 25 25 25 25 25 25 26 25 24 24 37 37 37 37 37 37 37 37 37 28 23 21 24 24 37 37 37 37 37 37 37 22 37 37 37 37 37 37
12 12 12 11 12 12 12 12 14 13 15 14 12 13 13 12 13 12 13 14 13 14 14 13 13 13 14 14 14 15 17 22 23 20 20 22 21 21 22 22 29 23 27 27 29 24 25 24 25 23 24 25 25 25 26 25 25 25 24 24 25 25 25 24 25 25 25 23 37 37 37 37 37 37 37 37 23 27 30 28 28 27 37 37 37 37 37 37 37 37 37 22 37 37 37 37
12 12 13 13 12 12 12 12 14 14 12 12 15 15 14 14 13 12 12 13 13 13 13 14 13 13 14 15 15 15 17 21 21 22 21 21 20 21 22 22 28 23 23 23 32 23 23 23 23 23 24 26 26 25 25 25 25 23 23 24 24 25 25 25 37 37 37 37 37 37 37 37 37 37 37 37 26 28 29 28 26 27 37 37 37 37 37 37 37 37 37 18 20 18 17 19
12 13 13 13 13 12 12 12 14 14 14 12 14 12 12 14 13 13 13 12 13 13 13 13 11 13 15 15 12 14 22 19 21 22 21 21 22 21 21 21 22 22 23 23 23 29 22 22 23 23 23 25 27 27 27 25 23 23 23 23 30 23 24 24 37 37 37 37 37 37 37 37 37 37 37 37 26 28 29 28 28 37 37 37 37 37 37 37 37 37 37 37 19 24 37 37
12 12 12 13 13 13 13 13 13 14 14 14 14 13 13 12 13 13 13 12 13 13 13 13 13 13 14 13 13 13 15 19 20 21 22 22 22 21 22 22 21 21 21 22 23 26 23 23 23 23 24 25 25 25 26 25 23 23 23 24 23 23 23 24 37 37 37 37 37 37 37 37 37 37 37 37 23 25 29 28 26 37 37 37 37 37 37 37 37 37 37 37 37 23 37 37
14 14 13 13 13 13 14 13 15 13 13 13 15 14 14 13 13 13 13 13 13 14 13 13 13 13 15 14 13 13 13 20 20 20 20 22 22 22 21 22 22 21 21 23 27 26 27 29 24 22 23 23 24 26 24 28 25 24 24 25 24 23 24 22 37 37 37 37 37 37 37 37 37 37 37 37 25 27 27 28 37 37 37 37 37 37 37 37 37 37 37 37 37 20 17 19
12 13 13 12 13 13 13 13 13 13 13 13 13 13 13 13 14 13 13 13 13 13 14 12 13 13 14 14 14 14 21 20 21 20 21 20 22 23 22 23 23 23 22 22 23 26 25 24 28 22 24 24 24 25 24 25 35 24 24 24 25 24 23 23 37 37 37 37 37 37 37 37 37 37 37 23 24 27 26 37 37 37 37 37 37 37 23 26 37 37 37 37 37 37 16 37
13 13 13 13 12 12 13 13 13 13 13 13 13 13 13 13 14 12 14 14 14 13 13 12 13 13 15 15 22 22 23 21 22 22 22 22 22 23 22 22 23 23 23 22 22 23 22 21 25 25 23 23 24 24 25 25 27 23 23 23 23 24 37 37 23 30 31 35 35 37 37 37 37 37 37 23 24 26 26 37 37 37 37 37 37 17 19 23 37 37 37 37 37 25 37 37
13 12 13 12 12 12 13 13 14 13 12 12 12 13 13 13 13 12 13 13 14 14 13 13 13 13 27 13 18 19 20 21 21 22 20 22 21 22 22 22 21 22 22 22 22 35 37 21 23 23 22 27 25 23 23 23 38 40 24 24 24 37 22 21 22 22 23 24 27 37 37 37 37 37 37 23 24 26 37 37 37 37 37 37 37 37 37 37 23 25 23 37 37 37 37 37
13 13 12 12 12 13 13 13 13 13 13 12 13 13 14 13 13 12 12 13 14 13 13 14 13 13 26 27 21 19 20 21 21 22 22 22 22 22 22 23 22 21 22 22 22 21 21 29 21 22 22 23 23 25 23 22 22 27 23 24 37 19 19 20 20 21 22 25 30 37 37 37 37 37 37 24 26 37 37 37 37 37 37 37 37 37 23 37 37 21 37 31 37 37 37 37
13 13 13 12 12 13 13 13 13 13 13 13 13 13 12 13 14 12 12 13 13 14 13 17 17 19 23 26 25 21 20 22 22 22 22 22 22 22 21 22 22 21 21 23 24 24 23 22 21 21 21 22 23 28 31 23 22 23 27 26 24 20 29 40 22 23 23 25 36 37 37 37 37 37 37 26 37 37 37 37 37 37 37 37 37 37 20 24 37 37 37 37 37 30 37 37
13 13 12 12 12 14 13 13 13 13 13 13 13 13 12 13 13 13 13 13 13 14 30 22 15 20 22 24 24 22 20 20 21 22 22 22 22 21 21 21 23 23 22 21 23 23 23 23 23 23 23 22 22 21 22 23 23 23 22 17 16 21 25 23 22 22 23 25 31 35 37 22 23 24 26 28 37 37 37 16 27 37 37 37 37 37 37 19 19 15 16 16 37 37 37 37
12 12 12 14 12 12 12 14 13 13 13 13 13 13 13 13 13 13 13 26 27 29 34 33 18 17 22 20 23 22 22 22 22 22 22 22 22 22 21 21 22 22 21 21 23 23 23 23 22 22 23 21 22 23 22 23 23 34 31 16 16 18 20 32 17 17 17 22 25 31 37 24 37 37 37 37 37 37 37 21 24 37 37 37 37 37 37 37 37 37 37 12 13 15 37 37
12 12 12 12 13 12 12 12 12 12 12 14 13 12 13 13 12 13 19 21 22 22 25 30 24 19 22 22 24 23 23 22 22 23 23 23 23 23 22 22 22 22 23 23 22 23 23 22 22 23 24 23 23 23 22 21 22 23 30 14 16 16 14 35 17 18 16 18 27 32 34 24 37 37 37 37 37 37 37 37 37 37 37 37 37 37 37 37 37 37 37 37 37 37 37 37
12 13 11 11 12 12 12 13 14 12 14 14 14 13 13 12 24 26 24 21 21 22 23 26 25 22 22 23 24 23 31 25 21 21 22 23 22 22 22 22 22 23 22 22 21 22 23 23 23 23 24 25 25 24 24 23 22 22 23 22 12 14 15 14 17 19 20 18 22 32 30 27 37 37 37 37 37 37 37 37 37 37 37 37 37 37 37 37 37 37 37 37 37 37 37 37
11 12 12 13 13 13 30 34 13 13 13 13 13 13 13 22 22 25 25 23 23 22 23 23 23 22 21 20 22 22 23 30 22 21 21 23 22 21 21 21 21 22 23 23 22 22 22 23 23 24 24 24 24 24 24 23 22 23 23 22 13 12 15 14 16 33 16 14 15 28 32 26 37 37 37 37 37 37 37 37 37 37 37 37 37 37 37 37 27 30 20 28 27 37 37 37
12 12 13 13 13 13 13 13 13 13 12 13 13 12 12 21 21 22 22 21 23 25 23 23 23 22 21 20 20 20 21 23 33 22 21 22 22 22 23 22 22 21 20 21 23 24 23 22 23 23 22 23 24 24 23 22 21 21 25 14 14 10 39 13 14 18 45 15 16 26 28 26 31 38 37 37 37 37 37 37 37 37 37 37 37 37 37 21 19 23 20 37 27 37 37 37
12 12 13 13 25 12 12 12 12 12 13 12 13 12 21 20 20 21 23 22 20 22 21 22 22 22 22 20 20 20 20 20 20 29 33 21 21 23 23 22 23 24 23 21 22 23 22 22 22 23 23 22 23 23 24 21 22 20 20 13 16 15 18 26 31 26 27 16 24 23 28 27 26 33 35 34 37 37 37 37 20 34 37 37 37 37 22 17 16 22 34 37 37 37 37 37
13 14 20 23 13 27 12 12 12 12 12 12 12 23 23 22 20 20 20 20 19 19 20 20 20 22 23 23 21 21 21 20 20 22 22 26 27 22 23 22 22 23 23 22 22 21 22 23 23 23 23 22 20 22 23 22 22 24 23 13 27 17 15 14 12 23 15 24 23 19 26 23 20 26 30 27 37 37 29 30 23 19 37 37 37 37 21 20 16 15 21 37 37 37 37 37
13 12 12 17 18 12 12 29 12 30 12 12 12 19 22 21 21 20 19 20 21 20 21 21 21 21 21 24 30 22 21 22 21 22 24 23 22 21 31 23 22 22 22 23 22 22 22 22 22 23 23 21 21 21 23 23 23 24 24 12 20 14 12 13 13 14 25 25 18 18 18 18 17 21 28 31 30 27 26 26 37 37 37 37 37 37 19 16 13 15 32 38 37 37 37 26
12 12 11 11 12 12 13 13 17 22 28 34 38 16 18 18 20 21 21 20 21 21 21 21 20 21 21 22 22 28 28 22 21 20 21 22 28 22 21 21 21 23 24 22 22 26 30 21 27 21 22 22 22 22 22 22 22 23 22 24 16 13 13 13 13 13 26 15 15 16 15 17 21 30 25 27 26 24 25 27 37 37 37 37 37 28 26 22 37 37 13 22 29 37 37 28
13 12 12 23 25 20 11 18 20 12 12 13 20 33 32 31 31 20 21 21 21 22 21 21 20 19 21 21 20 22 28 21 20 21 22 21 21 21 38 44 22 22 23 22 23 21 21 21 21 35 22 22 24 25 25 24 13 14 11 12 12 13 12 13 13 13 25 13 13 16 16 17 19 20 18 17 16 18 26 32 37 37 37 37 23 19 37 30 28 37 37 37 19 37 26 23
13 12 12 12 12 14 20 16 12 12 12 12 16 14 16 23 17 26 19 20 21 22 22 23 23 21 19 21 20 21 21 27 30 28 31 24 21 21 21 28 37 38 22 21 21 23 23 23 23 23 28 22 22 24 23 30 15 13 12 12 12 12 14 13 13 12 12 26 14 15 14 14 15 17 15 17 15 17 22 37 34 28 29 37 37 37 37 24 37 37 37 37 27 24 30 29
13 13 13 13 11 13 20 12 12 13 13 13 15 18 24 12 18 19 29 19 19 20 22 23 24 22 20 19 20 20 24 20 19 19 20 19 20 21 18 19 19 28 21 21 20 20 21 21 22 23 23 23 34 25 24 13 14 13 13 14 12 11 12 12 12 12 12 27 13 14 15 16 19 24 23 23 21 19 18 37 37 37 37 37 37 37 37 27 37 37 37 37 23 21 37 34
13 10 10 11 11 19 24 14 13 12 13 13 12 21 19 13 23 22 25 19 20 19 21 20 21 21 19 19 21 19 19 19 20 21 22 21 20 20 20 21 22 20 21 22 22 21 22 22 22 23 23 24 24 25 13 13 13 13 11 12 13 13 13 12 13 13 12 25 13 14 14 14 19 26 25 24 23 19 13 37 37 37 37 37 37 37 23 28 37 37 37 37 37 37 37 22
24 12 14 12 12 12 12 14 14 12 14 14 12 19 19 13 14 24 24 18 20 19 20 20 19 18 19 19 19 21 21 19 19 18 18 21 19 19 21 20 22 22 22 23 22 23 23 22 23 22 21 21 23 12 12 13 13 12 11 12 12 12 12 13 14 13 27 26 12 13 14 14 17 21 24 26 24 22 18 37 37 37 37 37 37 37 23 37 37 37 37 37 37 37 37 37
27 12 12 12 12 12 14 26 26 13 13 12 12 12 19 13 13 15 31 36 19 18 18 19 19 20 19 19 19 19 21 21 19 19 19 20 21 21 22 22 21 21 22 22 29 23 23 22 23 24 23 23 23 12 31 37 13 13 13 14 12 12 13 13 13 13 25 13 13 14 15 15 21 24 26 27 28 26 24 22 37 37 37 25 37 37 27 37 37 37 37 37 37 37 37 37
30 13 13 13 12 12 12 13 13 13 13 13 12 12 22 14 13 12 13 19 19 18 18 19 18 18 18 18 17 30 25 32 36 20 20 19 21 21 20 22 21 20 22 24 24 23 23 23 23 23 24 22 25 24 11 11 12 12 13 13 13 13 12 11 12 12 24 26 13 13 15 16 17 19 23 26 26 26 26 24 22 21 23 37 37 37 37 37 37 37 37 37 37 37 37 37
13 12 12 12 12 13 13 13 13 12 12 12 12 12 22 21 17 17 15 19 18 18 18 18 19 19 18 19 19 19 21 22 32 33 20 19 21 20 20 21 22 22 21 22 23 23 22 23 23 23 24 25 23 23 24 24 12 12 12 13 13 13 12 12 13 11 26 12 12 13 13 13 14 15 17 22 26 26 26 22 20 19 18 37 37 37 37 37 37 37 37 37 37 37 37 37
12 13 12 12 13 12 12 12 12 13 13 13 24 18 21 22 18 16 16 19 20 18 19 18 19 19 18 18 19 18 21 21 21 22 21 20 21 20 20 20 21 22 30 23 22 22 22 23 30 22 23 24 24 23 21 23 11 12 12 12 13 13 13 13 12 12 28 28 12 12 13 13 13 15 15 19 24 25 26 26 22 18 19 37 37 37 37 37 37 37 37 37 37 37 37 37
13 13 13 13 13 12 12 12 13 13 13 13 13 13 17 21 19 15 13 17 20 21 18 17 17 19 19 22 19 18 19 21 22 22 21 21 23 21 20 21 20 21 22 23 22 23 23 23 29 23 23 32 24 25 24 23 39 13 12 12 12 13 13 23 24 27 25 12 12 12 12 13 14 13 13 13 17 22 22 24 24 23 20 23 37 37 37 37 37 37 37 37 37 37 37 37
13 13 13 14 13 12 13 12 13 13 23 20 20 13 13 12 13 13 14 15 18 21 20 18 16 17 18 28 19 21 19 19 20 21 21 21 22 22 22 22 21 21 22 22 22 23 23 23 23 23 24 23 23 22 23 23 32 44 24 23 23 12 13 20 12 12 11 12 13 12 12 12 12 11 11 12 12 16 19 24 24 23 23 22 26 24 23 37 37 37 37 37 37 37 37 37
12 13 13 14 12 14 12 15 13 14 30 36 18 13 13 13 12 13 19 16 17 18 21 22 19 17 17 28 41 19 20 19 21 21 21 22 23 22 22 23 23 22 22 21 21 30 24 24 25 24 24 24 24 23 21 22 22 23 25 25 21 12 26 24 13 11 11 11 12 12 12 11 12 11 12 12 13 17 18 21 24 23 21 22 23 24 23 37 37 37 37 18 20 25 22 18
13 13 13 12 13 10 13 14 13 13 23 13 13 13 13 14 13 13 20 19 16 17 19 21 21 19 18 18 25 39 20 20 20 21 20 21 21 21 22 24 24 24 23 23 24 24 24 24 22 33 24 24 30 28 25 26 27 26 26 28 12 23 25 12 13 13 13 13 12 11 13 13 12 12 14 12 13 16 18 17 19 25 26 25 26 24 22 34 25 26 21 21 37 37 37 25
12 13 13 13 13 12 13 12 13 13 13 29 28 46 38 13 13 15 18 21 19 19 19 19 21 19 18 18 19 18 20 20 22 23 22 22 21 21 22 22 22 23 24 24 22 20 22 23 22 31 22 24 23 23 23 23 22 24 25 27 28 26 12 11 12 12 11 13 12 11 13 13 12 12 13 13 12 12 14 12 11 18 24 23 22 21 23 22 22 37 37 37 37 37 34 37
13 12 14 12 14 14 14 13 13 14 13 16 21 12 13 13 13 13 14 19 21 20 20 19 20 20 19 19 19 18 20 21 35 23 23 23 22 22 21 22 22 21 21 23 24 23 22 22 22 21 29 25 24 24 24 24 24 21 13 13 23 13 11 12 12 12 12 12 13 11 13 12 12 12 13 13 14 14 17 17 13 16 21 24 23 37 37 24 37 37 37 37 37 37 37 37
14 15 13 13 12 13 14 15 15 13 13 13 12 16 13 12 13 13 14 14 11 19 19 38 20 20 20 19 19 19 20 22 22 22 23 22 21 22 22 21 21 20 20 21 22 23 24 23 25 24 28 26 27 24 23 24 25 22 11 12 12 13 12 28 12 12 12 13 12 12 12 11 11 12 14 13 13 14 19 20 18 19 25 29 33 28 37 37 31 31 30 37 37 37 37 37
