examples/data/proba_v_italy_sicily/probav_s10_toc_x19y03_20140721_333m_ndvi_v001.txt
ncols         1127
nrows         589
xllcorner     12.348214285714
yllcorner     36.598214285714
cellsize      0.0029761904761905
NODATA_value  -9999
[rows 408 to 458 of 589, columns 672 to 767 of 1127]
81 69 54 47 60 62 57 60 58 61 66 80 90 91 97 98 83 74 83 101 97 89 88 85 87 94 93 105 121 92 80 82 84 88 122 116 97 120 122 106 104 102 104 96 80 96 87 88 96 91 93 98 108 101 114 120 131 165 154 152 151 149 153 145 104 87 89 133 151 135 111 102 93 92 101 120 101 91 86 92 94 112 133 147 112 92 77 75 77 91 111 97 110 93 90 93
88 63 55 49 54 59 73 72 59 57 61 67 73 80 89 95 94 96 95 91 97 90 81 84 95 96 91 116 112 96 91 92 87 105 134 122 93 95 101 93 91 96 115 114 89 99 91 71 75 77 97 127 129 141 165 166 162 161 149 144 145 146 152 152 111 85 114 137 138 118 87 77 89 110 115 120 105 83 85 99 77 62 105 141 138 138 126 80 69 67 94 115 105 86 87 91
66 60 56 60 63 64 74 73 54 71 82 76 70 72 87 94 90 98 98 89 90 87 78 89 108 90 93 139 119 94 90 113 99 101 111 115 106 91 92 85 106 114 116 110 79 90 99 85 72 72 83 120 149 158 160 154 144 141 139 141 132 121 123 134 122 96 129 132 99 75 90 112 124 120 113 111 118 108 97 103 100 89 103 113 117 131 142 96 71 87 101 108 101 94 100 118
54 63 55 61 70 74 67 53 57 79 82 76 77 86 98 94 84 91 104 99 90 96 89 82 96 92 92 104 109 85 79 95 93 94 89 103 113 96 106 110 119 116 110 93 79 101 132 133 121 126 119 115 135 139 144 148 148 146 145 134 113 92 94 112 113 110 136 121 123 143 142 125 118 111 110 111 116 100 107 121 119 106 104 102 98 98 103 89 78 94 109 98 96 91 94 101
63 68 70 66 76 88 80 61 60 68 76 77 80 86 92 85 97 85 89 98 96 95 93 85 89 86 91 90 89 83 84 88 87 80 95 117 125 115 105 115 116 109 90 91 105 137 163 153 130 132 122 111 119 125 144 148 145 153 132 104 90 90 120 135 107 103 122 136 154 137 143 137 107 94 95 104 104 83 113 115 105 95 92 107 95 95 107 99 92 90 90 95 90 80 99 113
65 76 88 75 64 63 65 60 60 65 71 76 76 82 84 84 93 91 82 89 95 95 88 90 87 87 118 105 107 103 87 83 83 83 111 101 107 110 90 94 113 97 80 93 101 146 175 151 111 98 101 108 156 159 147 140 136 134 101 72 74 84 113 157 133 106 135 135 140 146 136 147 145 121 130 122 119 106 95 113 127 125 124 117 109 98 108 88 90 109 114 106 100 103 100 102
83 78 84 80 68 70 67 68 69 75 79 80 86 87 81 90 92 90 93 94 97 97 104 99 98 107 134 128 125 115 88 75 76 95 118 94 104 110 90 90 111 107 94 91 98 123 150 135 113 100 99 110 123 130 107 95 104 101 79 71 107 136 101 107 124 119 129 120 108 125 106 108 154 146 126 121 105 98 105 122 133 133 130 113 109 92 96 100 101 108 123 115 96 109 109 82
55 54 66 69 64 66 65 68 71 78 85 96 104 98 99 97 90 93 106 103 101 90 97 112 115 124 133 115 105 106 91 84 73 82 134 123 100 103 78 92 136 150 138 144 160 135 117 105 127 134 139 150 145 130 111 118 130 104 84 71 109 163 132 96 115 122 114 100 117 140 117 109 131 137 118 108 114 119 131 122 128 123 120 123 129 120 107 114 113 102 115 124 82 91 107 101
58 61 59 61 66 69 68 71 71 76 85 97 107 104 102 92 81 92 106 96 95 101 90 109 114 109 108 105 106 102 95 91 76 77 105 122 100 90 91 114 140 138 124 137 148 124 97 95 128 149 150 143 138 122 127 134 130 115 127 114 94 123 152 127 141 152 147 118 121 141 126 107 104 113 122 100 131 135 116 122 121 117 120 142 143 126 92 107 114 86 79 91 97 94 98 101
70 76 68 69 65 67 66 69 71 86 90 87 93 101 101 109 114 104 113 103 100 109 97 95 100 104 125 131 129 109 88 103 103 92 93 103 98 97 111 129 123 133 121 98 89 87 90 100 111 133 130 113 110 112 128 104 99 102 121 148 138 140 145 129 165 164 160 140 107 103 110 105 126 124 112 100 105 125 118 123 132 138 127 128 126 105 90 88 86 96 119 103 98 110 99 111
72 77 73 72 63 59 59 69 79 93 91 80 81 92 93 100 106 129 134 117 103 109 113 100 95 109 144 144 130 128 124 127 123 98 86 111 106 104 118 143 156 142 130 108 101 104 98 97 108 113 113 105 94 101 119 100 108 116 116 102 139 166 137 132 139 127 130 134 121 114 113 116 124 133 105 101 107 109 117 135 138 143 133 111 101 103 107 85 64 115 125 93 86 113 97 84
72 71 67 65 60 65 70 82 91 87 82 80 78 93 106 105 109 141 139 131 116 108 122 119 121 132 137 136 135 144 140 124 113 100 83 121 124 115 143 158 151 145 147 136 123 126 144 129 108 109 113 127 144 143 123 95 122 121 141 160 153 145 153 151 152 149 139 132 128 115 109 105 105 114 92 94 113 114 113 140 139 127 116 101 86 93 88 81 95 116 117 95 91 108 109 97
68 66 63 65 71 76 77 86 87 82 85 83 82 99 137 123 110 129 129 121 108 100 112 131 126 135 132 118 127 137 134 135 129 99 99 130 146 148 154 160 155 144 149 138 131 135 139 120 106 109 104 116 156 159 123 89 137 129 120 135 133 141 161 151 134 126 122 126 124 106 105 99 97 92 88 92 112 121 101 104 120 103 102 106 98 87 85 97 107 112 129 109 98 98 115 130
67 65 67 75 74 74 70 72 78 72 85 96 109 121 127 112 104 112 99 110 107 119 125 116 126 148 127 96 105 133 143 139 131 136 125 131 151 151 148 150 153 149 145 144 143 138 121 96 100 100 94 108 139 142 103 102 146 149 104 95 120 131 137 133 108 96 103 106 106 113 89 71 82 81 86 82 106 118 104 93 100 99 114 122 118 102 91 91 95 104 118 111 98 107 135 125
63 70 77 76 74 72 72 73 78 75 79 86 98 128 130 92 84 97 101 96 98 124 129 120 117 119 113 120 142 143 134 127 118 115 107 140 155 146 147 149 150 152 140 141 134 131 129 109 96 112 127 131 124 134 113 106 116 128 112 111 128 126 124 119 114 98 85 98 87 78 79 87 86 76 87 108 116 117 130 134 135 134 148 137 122 117 106 84 76 99 131 137 130 140 143 122
57 64 73 77 71 71 79 81 79 76 80 73 71 110 126 104 87 103 124 108 96 100 123 119 116 111 93 102 152 156 126 111 100 102 145 156 143 130 133 141 136 138 126 111 115 129 131 110 101 99 106 113 113 105 106 119 118 123 123 134 136 120 124 130 110 90 79 95 86 83 85 81 74 75 91 104 113 123 124 129 127 125 131 130 114 104 83 84 85 113 139 142 137 125 122 104
77 76 76 76 81 81 82 82 80 73 74 77 75 80 106 103 88 104 146 133 100 96 111 113 138 128 94 91 142 138 113 93 94 116 128 124 135 138 134 132 136 134 134 117 97 104 114 105 104 95 111 124 121 99 113 122 114 121 121 123 126 114 106 105 105 103 93 95 93 82 81 81 78 81 84 94 110 119 101 112 121 125 120 116 97 103 93 92 113 133 126 125 112 94 89 99
82 83 83 85 85 82 78 95 93 72 78 84 79 68 88 91 83 87 106 117 109 103 118 110 105 113 85 82 130 134 105 92 96 125 137 136 138 137 135 136 138 141 145 128 96 84 89 115 134 137 136 125 113 113 126 123 116 112 113 108 122 124 111 106 108 108 101 80 91 85 80 78 86 84 82 100 106 109 99 95 111 116 124 105 100 104 104 122 128 122 107 98 92 92 121 121
82 81 80 80 84 88 81 100 99 77 77 82 81 77 85 90 95 104 106 116 120 110 121 113 92 93 88 87 121 136 121 99 93 101 125 129 123 127 143 151 147 144 145 121 98 102 110 123 139 144 157 144 134 136 131 132 133 120 127 139 142 147 130 118 107 101 103 94 95 101 89 83 100 101 108 119 102 84 92 102 101 118 119 108 130 119 126 135 139 124 92 86 90 105 120 113
84 85 75 73 76 85 86 91 95 76 69 71 77 80 95 86 87 98 85 65 76 85 87 107 91 79 79 74 88 119 146 118 85 79 105 114 110 106 130 148 140 141 141 130 134 127 126 113 128 141 142 134 130 125 123 134 128 119 128 123 118 122 113 110 114 118 113 104 105 104 85 91 111 110 129 139 111 85 79 96 120 142 124 105 124 141 137 125 116 106 104 93 98 113 100 84
84 85 80 75 70 74 77 92 97 80 72 71 77 84 98 90 80 90 93 83 68 75 74 80 85 77 77 77 75 93 133 125 98 90 89 82 79 80 90 122 142 139 131 120 122 122 128 131 115 108 98 97 105 117 132 113 120 132 122 129 107 103 99 101 116 130 121 118 111 112 113 108 105 106 106 132 122 106 71 69 123 126 117 132 140 124 113 103 120 122 112 107 108 109 105 88
82 85 92 86 77 75 73 92 94 83 79 82 90 91 93 94 85 83 88 86 65 65 75 80 86 76 70 74 77 86 111 119 105 94 106 100 106 122 147 151 149 148 146 131 118 121 120 110 102 94 96 107 128 138 130 124 151 156 146 122 97 103 116 120 117 114 117 116 111 115 118 112 105 102 95 108 97 91 89 98 110 122 121 116 105 98 110 137 131 122 110 132 113 99 123 138
78 89 96 92 92 84 87 82 70 72 77 95 104 98 87 82 77 78 74 69 68 69 72 72 75 80 71 78 81 87 100 116 106 84 87 92 75 104 140 161 163 153 150 155 159 151 144 129 115 115 115 123 124 121 121 125 120 120 120 113 92 95 115 124 128 129 122 126 105 95 121 109 103 103 98 108 103 88 102 114 113 110 115 102 79 75 114 126 130 120 100 134 135 123 123 126
98 94 90 88 89 86 81 74 74 83 85 93 98 97 88 80 73 67 71 64 63 72 75 68 75 79 73 80 80 83 94 109 116 94 90 83 87 117 136 133 143 145 128 122 132 133 124 117 104 98 88 96 101 106 102 97 103 112 118 119 106 107 125 111 109 131 115 105 104 98 107 112 89 96 105 107 102 98 105 114 114 109 97 95 108 124 115 130 146 128 95 104 116 114 103 108
92 84 85 82 76 83 80 70 69 77 90 89 82 80 79 70 68 67 70 64 75 96 96 75 77 83 73 67 65 77 82 84 91 89 88 76 98 136 152 143 136 139 132 100 104 102 93 87 83 91 102 115 108 111 97 80 112 119 118 118 121 120 123 102 95 115 111 103 100 100 104 106 87 94 93 112 127 133 107 104 99 99 119 113 119 119 111 133 142 120 118 112 108 113 119 114
83 79 88 82 76 82 90 83 73 72 96 99 83 74 73 74 73 63 57 61 72 82 109 98 85 88 63 66 76 83 91 89 84 79 86 77 97 134 149 154 156 155 125 97 92 94 84 77 79 96 115 115 116 111 99 83 112 129 117 123 134 121 110 111 106 111 109 106 93 98 94 87 79 76 97 140 156 148 112 93 85 93 132 138 131 122 109 100 129 135 118 126 130 115 123 123
75 82 90 84 80 84 92 88 77 91 95 93 82 76 73 75 80 72 58 57 60 70 79 93 90 75 69 68 75 80 86 84 82 80 82 72 102 135 142 152 161 160 146 104 88 91 85 76 77 82 92 103 95 85 102 92 99 129 136 130 122 112 99 99 105 111 102 94 95 118 116 83 72 69 85 134 142 112 90 101 93 92 114 127 134 126 99 97 119 131 123 128 140 136 125 115
80 82 86 84 83 80 84 90 107 117 94 85 75 73 79 75 76 76 67 59 54 65 88 92 90 81 74 69 74 74 75 81 78 78 79 77 108 137 148 155 158 157 153 137 122 110 92 74 71 72 73 72 72 87 99 100 87 95 120 117 113 100 85 84 92 114 138 139 132 145 148 109 70 67 74 109 122 114 128 126 101 102 110 105 115 111 112 114 127 139 133 102 104 121 106 101
83 81 90 87 83 74 72 84 109 113 91 79 76 80 80 77 76 74 75 60 55 82 117 93 74 71 82 83 78 78 71 68 70 82 84 91 116 135 143 156 161 158 164 130 109 116 105 82 69 73 73 73 79 93 97 93 95 94 105 101 90 105 109 107 112 135 157 144 131 133 132 115 89 103 109 101 109 115 112 125 122 103 98 105 113 109 112 114 119 121 127 124 112 113 100 98
82 82 85 86 82 80 97 111 100 91 96 89 82 80 91 98 82 74 79 99 105 118 122 95 79 69 81 86 76 74 75 72 80 81 71 82 107 122 119 110 121 127 108 84 79 91 108 89 72 74 70 75 93 103 107 105 99 102 114 130 117 116 122 99 89 121 131 118 113 113 102 115 114 117 115 106 99 96 95 101 120 127 127 144 144 121 126 112 104 118 117 124 115 108 103 103
80 82 75 88 96 102 112 116 97 81 76 76 74 87 106 107 88 90 120 134 106 90 81 78 71 73 82 76 74 70 72 75 77 71 69 81 97 106 95 87 84 90 84 75 74 77 103 102 85 78 84 95 98 95 102 104 111 109 105 133 124 123 135 117 104 107 108 112 131 129 105 99 88 94 97 94 86 88 100 103 103 113 121 125 126 129 124 103 82 95 121 132 129 122 114 116
88 90 84 104 106 98 91 92 86 76 72 80 91 107 108 81 93 118 115 105 82 73 63 63 62 75 77 71 76 76 72 62 73 74 71 78 94 103 93 90 86 83 83 91 81 86 110 109 99 94 88 93 90 79 92 115 136 124 123 136 129 135 141 127 110 99 106 117 117 114 101 94 108 107 99 98 99 102 95 104 110 106 117 117 93 89 102 84 90 113 117 123 118 114 103 106
91 90 97 96 87 84 92 93 87 74 74 80 82 90 106 104 106 99 77 73 64 74 61 60 78 78 77 88 95 105 93 77 86 99 88 85 100 101 101 106 86 86 119 120 98 95 120 108 105 111 119 108 85 76 90 117 137 126 110 104 99 96 98 111 98 97 93 91 91 73 84 96 100 108 125 117 110 108 107 114 119 96 114 126 115 101 99 76 100 131 141 152 120 99 99 94
85 103 109 88 77 76 72 73 81 83 74 73 71 76 97 98 89 84 71 72 75 78 75 82 85 81 79 82 99 109 110 106 104 108 108 107 105 95 100 126 112 113 125 126 112 103 107 135 138 130 135 125 103 107 110 115 127 117 84 81 113 112 102 111 94 91 88 96 99 78 83 104 98 108 144 130 100 103 110 110 126 102 98 102 103 100 102 109 128 143 137 124 113 96 92 100
80 107 103 82 80 85 74 56 61 71 71 65 67 69 85 96 90 88 87 86 88 80 82 93 80 84 98 97 105 104 95 94 101 99 99 105 108 103 95 107 113 111 117 123 123 114 134 157 156 137 108 103 99 105 113 109 104 88 83 88 112 116 107 115 99 101 106 101 94 101 105 114 95 84 108 119 100 106 98 99 138 121 103 117 103 96 119 127 117 133 163 145 120 104 93 96
88 107 94 84 87 87 85 92 108 92 70 64 63 69 79 92 106 101 90 93 92 83 95 132 140 132 133 140 107 88 96 109 107 94 78 79 81 91 120 138 119 114 107 108 132 147 151 137 121 108 107 117 124 122 106 89 88 85 89 96 91 78 88 102 98 100 113 104 104 112 118 121 106 85 75 99 124 105 101 108 135 115 121 124 100 94 104 122 136 123 131 131 112 103 100 100
85 81 86 78 76 73 78 88 99 101 94 75 67 66 68 77 97 99 88 85 83 72 70 87 113 129 122 116 109 116 132 112 96 82 83 79 84 89 112 136 124 142 122 111 155 158 159 149 125 101 103 106 107 115 114 101 96 99 98 88 86 76 82 91 88 98 116 122 119 115 111 119 115 87 76 95 108 110 117 112 122 127 129 119 100 102 119 141 135 121 109 101 93 108 118 114
89 82 80 83 78 80 85 83 78 67 77 81 84 83 100 116 108 92 80 68 78 72 64 55 60 91 100 111 119 116 103 81 70 67 70 85 121 125 118 119 123 144 156 153 149 129 122 113 91 71 79 82 78 79 98 99 88 106 108 86 81 77 69 73 76 76 99 122 114 113 110 106 107 93 87 99 112 106 110 102 98 106 131 134 102 111 132 118 111 118 119 115 102 106 113 124
86 76 80 88 82 80 86 95 95 81 72 86 93 117 128 123 115 99 84 103 118 126 107 87 63 70 85 94 92 94 80 98 77 64 85 125 161 163 135 124 129 126 123 125 124 107 83 63 53 54 56 68 81 79 76 84 89 91 95 89 83 76 75 76 72 77 88 98 97 93 107 103 104 103 101 90 86 84 88 82 84 104 141 131 101 111 120 102 92 102 110 112 109 111 117 116
92 102 102 89 83 88 86 82 80 78 72 82 118 127 112 79 97 127 134 140 138 124 109 103 76 70 79 78 81 79 69 113 123 109 112 120 125 131 136 133 119 97 90 89 87 82 75 67 62 62 63 73 84 84 71 71 88 86 83 89 88 83 75 87 80 82 92 93 110 117 92 91 104 108 120 124 104 100 101 118 128 114 125 118 100 95 94 114 105 87 99 114 118 110 114 111
74 96 85 82 79 86 92 93 84 75 80 114 144 128 106 113 133 137 136 133 123 95 72 74 78 96 112 113 116 118 114 121 114 90 95 101 106 109 121 114 102 94 93 81 85 108 110 90 78 69 72 75 79 84 74 61 71 94 103 95 80 78 80 99 103 105 98 124 147 124 96 92 91 91 94 105 99 107 106 115 111 100 130 110 92 98 98 95 113 110 94 122 109 92 102 94
80 102 87 78 69 58 78 90 79 80 95 105 132 136 131 139 144 138 111 99 90 95 93 80 98 97 106 109 107 110 102 94 79 71 81 93 89 84 96 101 101 90 98 90 87 107 97 82 73 75 76 72 80 80 78 77 85 93 99 97 80 70 82 85 101 109 99 96 107 111 101 118 105 82 76 81 94 104 115 116 101 109 124 100 96 104 100 82 97 119 109 104 109 93 103 108
59 82 92 89 86 77 88 87 73 68 77 73 91 125 130 133 139 142 118 94 91 87 100 86 93 99 78 74 74 78 75 62 68 76 77 86 85 75 79 90 91 82 78 81 87 105 106 94 75 69 84 82 75 74 73 75 78 81 88 96 72 75 76 78 87 88 82 93 89 87 92 123 108 93 97 97 101 107 105 96 104 122 109 107 91 95 96 89 98 110 115 83 76 91 103 100
50 76 86 91 90 77 78 82 77 69 71 77 107 128 127 117 128 132 115 92 97 82 88 90 78 86 84 73 66 65 68 68 69 75 78 92 83 64 70 87 96 89 94 114 120 106 90 93 96 83 96 90 74 79 90 84 71 71 83 89 79 74 75 78 78 72 92 98 88 86 103 120 124 110 107 114 107 115 114 102 93 102 99 107 98 95 95 87 92 96 96 89 94 91 91 84
60 73 73 75 65 70 82 69 73 72 59 54 80 110 120 105 117 122 101 81 83 88 90 95 85 93 89 70 66 67 72 70 67 73 90 104 100 79 66 73 96 101 97 114 116 101 90 77 84 83 88 82 74 84 92 87 76 71 85 93 100 91 79 74 76 67 70 91 101 117 122 110 114 114 117 114 103 109 108 101 82 83 85 86 102 96 89 86 74 80 93 96 103 103 94 96
75 76 78 76 71 70 71 69 74 72 55 46 58 81 95 90 97 121 130 113 88 107 128 112 93 81 72 55 61 67 58 62 63 74 87 95 88 73 70 85 78 86 84 79 81 76 98 95 70 71 86 92 89 91 89 88 93 101 116 104 99 101 90 82 79 84 78 78 112 143 140 122 102 98 105 115 111 101 108 99 79 83 88 98 113 116 97 92 76 78 85 70 73 86 100 106
52 47 48 50 59 62 59 61 61 57 62 65 76 93 83 78 83 98 104 99 102 122 133 114 98 89 81 67 64 64 83 85 66 69 91 79 70 75 73 74 79 88 79 63 65 65 68 80 72 70 77 84 84 88 91 98 105 100 100 100 109 102 87 80 81 107 105 78 104 125 120 112 108 109 109 113 102 92 89 87 86 90 88 85 83 89 81 72 76 69 69 77 81 84 92 96
44 45 49 48 55 66 60 58 57 60 68 82 79 79 79 80 71 81 101 125 119 115 123 109 91 85 76 89 79 61 76 82 79 90 87 74 67 70 72 70 66 69 78 79 77 75 71 65 71 78 75 73 79 84 89 85 87 82 72 73 82 83 78 78 80 93 106 90 83 91 105 116 102 96 95 105 116 105 83 76 91 99 92 81 79 78 70 53 74 84 82 94 87 78 90 99
44 53 56 66 62 64 61 58 64 64 67 86 93 87 86 84 84 98 111 118 108 121 126 118 87 64 59 64 70 66 66 70 77 90 74 69 73 71 72 68 51 54 76 113 106 93 97 83 76 73 72 75 81 86 85 77 79 83 78 77 81 83 71 74 86 84 87 94 96 102 117 109 94 89 87 84 100 109 88 85 86 92 86 85 87 83 75 76 84 92 91 90 87 78 82 89
31 50 58 70 62 45 62 68 71 68 61 69 76 92 94 87 83 81 75 75 82 100 123 106 73 64 88 97 88 76 77 65 54 70 70 61 58 65 85 91 69 76 81 80 76 65 83 83 73 73 80 84 99 94 84 75 81 83 81 86 87 83 84 93 83 87 95 87 87 98 111 91 71 69 81 98 109 103 93 100 93 78 73 75 79 79 78 79 78 111 117 98 96 85 75 76
41 31 49 52 54 48 52 56 61 61 52 51 56 70 73 68 63 48 47 57 69 94 106 99 69 89 118 100 74 65 69 63 54 63 66 56 45 57 69 80 69 56 57 49 44 46 55 65 66 78 81 94 109 100 87 92 97 103 89 80 82 77 65 77 83 91 104 101 85 73 82 80 65 57 65 89 102 96 82 91 86 79 81 76 71 75 80 75 86 105 103 90 84 91 93 92
