examples/data/proba_v_italy_sicily/probav_s10_toc_x19y03_20141121_333m_ndvi_v001.txt
ncols         1127
nrows         589
xllcorner     12.348214285714
yllcorner     36.598214285714
cellsize      0.0029761904761905
NODATA_value  -9999
[rows 459 to 509 of 589, columns 864 to 959 of 1127]
140 139 139 155 162 151 120 133 148 145 133 111 109 127 131 136 120 113 104 115 135 142 143 157 159 162 164 164 160 139 140 161 155 135 152 159 155 164 164 158 145 223 161 165 167 170 172 148 129 127 121 134 131 138 167 176 170 162 191 190 179 170 160 163 188 167 163 159 155 150 147 147 141 139 132 136 146 147 154 174 171 160 175 172 168 162 155 152 143 174 191 176 167 168 179 174
130 138 151 167 171 141 130 136 145 158 146 113 112 122 133 130 113 114 116 125 126 138 162 154 144 147 133 140 167 140 133 152 142 150 156 151 142 140 165 162 160 161 154 145 143 147 144 144 141 137 179 180 144 142 161 170 176 173 158 161 168 189 179 177 189 183 156 155 153 155 145 142 140 139 148 151 150 151 143 161 177 175 181 181 166 166 156 178 180 194 198 161 165 175 143 98
123 147 153 159 137 140 141 132 156 171 147 134 136 134 146 143 132 128 135 156 154 167 169 164 170 146 134 145 174 162 166 179 148 138 144 149 148 145 145 145 145 150 150 148 141 134 130 143 150 139 143 143 140 145 158 165 180 171 158 139 186 169 187 196 183 183 163 154 141 152 149 126 126 138 151 151 147 149 131 142 154 161 172 166 156 146 152 160 181 186 183 164 156 121 93 125
135 152 148 144 119 120 146 156 168 185 150 143 139 151 149 135 135 127 118 131 156 153 180 187 188 161 146 169 182 182 177 166 150 150 145 147 157 172 140 150 156 151 250 145 250 250 241 151 140 134 132 138 141 141 145 139 163 134 154 165 175 158 170 155 166 159 159 146 134 148 147 122 115 132 139 140 151 155 148 150 154 154 159 162 156 157 158 137 146 178 171 141 108 74 73 126
140 146 145 141 128 148 164 175 171 176 147 151 143 141 136 127 132 125 110 129 165 158 170 196 191 162 168 188 158 149 165 163 169 178 147 146 149 147 157 142 147 153 152 156 157 157 158 155 153 156 143 140 151 153 142 139 149 146 147 148 157 141 147 151 147 156 155 148 144 144 149 147 136 137 140 143 152 152 155 158 157 152 168 163 156 201 171 136 165 215 201 151 144 114 128 170
118 131 136 141 149 149 147 170 167 147 151 158 153 142 122 125 142 164 169 157 150 161 158 160 170 160 165 177 171 166 164 162 139 153 160 154 153 158 127 122 140 151 153 160 173 166 163 148 168 177 168 150 152 154 145 147 149 151 151 148 156 148 136 137 139 146 138 139 137 128 132 149 146 139 141 146 155 156 158 160 155 167 165 144 146 203 159 143 127 166 185 196 203 183 172 175
120 138 138 138 146 150 156 162 162 139 133 156 150 145 141 117 132 164 162 147 158 180 165 154 154 152 163 165 161 153 169 148 145 145 164 163 163 165 154 142 148 125 129 131 148 159 164 151 156 154 183 203 169 168 162 158 159 175 168 163 155 149 135 131 126 140 131 122 121 125 123 125 124 126 122 129 140 148 155 156 156 157 155 161 194 152 131 128 139 171 161 187 213 209 199 175
115 142 140 135 143 140 149 133 140 160 162 167 165 164 168 129 121 131 135 129 142 167 174 165 156 140 140 139 142 157 184 177 157 151 160 163 192 164 173 158 143 129 127 133 112 146 183 170 144 154 162 151 158 167 147 143 186 200 180 172 160 148 157 152 149 119 118 124 125 124 120 109 111 123 122 121 142 135 146 158 159 156 151 190 168 170 163 138 159 191 179 191 210 218 217 187
109 122 136 144 140 160 147 150 164 174 183 195 184 171 169 128 116 125 134 145 165 152 164 169 161 153 159 138 155 176 178 179 183 180 166 178 205 216 164 151 159 168 165 184 164 168 175 165 157 167 165 162 165 166 149 152 159 170 146 151 174 164 152 153 137 146 145 149 148 139 133 130 128 126 127 133 145 148 143 144 147 150 158 149 128 153 176 138 146 180 178 192 210 214 206 169
96 102 169 163 128 146 171 185 189 203 203 185 184 192 155 140 148 138 140 140 157 174 167 181 181 165 160 174 185 188 194 186 190 196 182 174 173 174 158 156 160 166 171 173 162 156 164 171 163 174 157 135 164 162 140 139 152 160 138 132 159 166 153 156 151 151 149 148 153 152 153 146 141 148 149 147 143 147 139 145 127 142 133 166 168 168 191 188 180 189 197 206 214 214 205 181
118 106 143 144 125 162 180 181 151 205 209 160 155 155 155 148 141 144 149 150 162 180 187 180 185 180 176 176 190 187 182 189 192 194 195 191 184 181 157 151 160 160 163 175 168 157 171 181 172 176 182 177 173 156 143 136 135 138 134 124 148 156 164 172 163 157 155 149 150 156 159 147 144 149 147 143 146 142 125 133 140 161 168 172 176 159 158 178 153 160 194 205 212 204 170 182
128 120 142 142 134 148 164 159 138 160 157 160 159 158 150 143 151 147 157 154 154 158 156 154 173 183 184 180 186 192 187 202 207 184 191 177 171 170 178 181 182 169 152 164 175 169 167 167 171 174 177 186 172 161 150 135 140 152 156 152 153 156 163 166 169 160 166 142 152 154 153 147 146 149 142 137 136 130 129 136 150 178 187 179 169 185 221 206 190 202 209 208 206 174 118 61
139 144 133 125 133 139 121 128 168 148 127 130 142 148 150 151 149 144 151 160 149 120 123 138 173 199 196 183 179 187 200 210 205 187 167 169 161 169 179 184 180 169 206 164 163 161 155 150 154 136 182 162 155 148 141 185 188 157 161 150 153 151 152 159 166 158 159 165 138 152 150 144 138 137 145 137 128 125 115 146 166 171 183 159 206 240 236 222 217 206 192 179 145 45 37 37
132 162 157 167 158 167 178 142 149 136 97 111 120 138 150 151 152 156 154 149 148 153 173 160 146 172 190 188 185 187 208 171 196 165 158 156 160 165 171 250 217 195 179 174 160 153 148 149 142 144 151 155 157 143 146 161 152 137 152 138 135 147 152 156 151 145 158 162 148 133 134 128 138 137 127 113 125 139 146 178 217 183 171 169 177 195 221 190 162 154 114 46 33 37 37 37
125 141 148 164 155 130 140 156 152 132 114 103 110 134 143 147 156 157 152 152 139 173 166 162 164 180 187 184 175 166 177 211 203 200 209 229 160 157 162 172 173 168 159 172 164 150 141 153 156 154 148 146 139 128 151 168 154 137 139 115 141 159 156 150 143 139 139 147 136 132 125 121 131 128 108 124 145 135 153 197 231 220 183 208 213 218 211 154 125 115 46 37 37 37 37 37
135 133 141 169 151 121 118 124 129 151 126 105 119 139 154 163 168 167 145 146 155 166 162 154 167 184 191 176 168 159 164 188 189 197 170 157 155 155 157 168 165 167 180 171 156 146 134 149 175 173 163 154 146 142 137 130 124 135 143 120 122 140 149 141 135 140 135 127 127 126 130 137 142 143 134 154 155 139 146 204 228 225 222 242 250 224 191 163 150 53 34 37 37 37 37 37
138 134 133 146 167 162 134 136 158 146 129 114 123 136 144 154 163 170 147 146 154 156 137 150 166 175 170 172 176 180 167 152 168 148 161 162 164 154 150 164 167 165 175 176 172 151 162 144 138 150 127 133 156 158 152 127 123 119 132 153 136 125 139 150 129 120 134 152 168 136 141 154 191 201 188 172 175 164 137 160 221 240 250 248 214 189 167 127 56 33 37 37 37 37 37 33
157 143 125 144 147 108 116 129 142 142 138 135 127 115 134 143 137 135 162 158 126 138 164 165 186 165 114 117 142 143 154 157 159 159 164 161 160 156 152 166 156 152 171 165 169 191 147 120 124 134 142 138 149 153 144 138 136 132 139 173 166 167 158 161 136 123 123 112 119 133 170 192 205 215 208 193 197 201 189 201 235 237 250 242 209 183 146 50 34 33 37 37 37 37 34 33
136 164 180 183 104 96 100 98 122 141 142 142 126 106 110 120 119 133 143 129 144 142 132 163 178 161 147 144 146 167 158 148 200 176 151 153 156 155 151 159 163 166 154 151 155 158 145 143 145 149 150 148 143 145 142 129 121 125 143 162 178 155 163 157 164 152 124 104 101 130 149 184 208 211 211 202 188 182 203 214 210 191 193 235 238 203 166 34 33 37 29 37 41 40 36 31
141 137 136 132 98 106 121 106 133 148 130 138 135 104 98 106 127 160 170 165 141 157 147 153 171 167 181 194 189 176 164 180 179 154 150 208 151 137 138 146 162 160 141 150 159 151 145 147 137 138 148 146 146 154 148 131 125 134 139 151 162 171 178 174 175 178 155 138 133 154 158 176 209 184 206 207 194 203 212 180 170 178 192 239 243 197 194 42 35 34 52 55 25 28 37 37
156 135 135 153 130 99 117 109 127 156 119 106 128 115 108 112 121 146 162 173 159 158 146 156 155 162 171 178 168 140 140 154 193 189 177 162 156 137 132 138 147 235 159 151 149 146 146 150 151 143 139 143 142 139 137 131 132 137 139 138 149 174 172 169 178 168 165 172 166 153 148 150 201 168 162 189 202 213 211 171 158 154 199 241 224 196 43 48 35 35 53 52 44 30 37 37
161 148 153 165 155 111 100 110 129 141 128 105 116 130 146 141 125 136 160 156 151 149 146 33 33 127 147 176 175 140 143 182 180 183 148 151 165 157 139 139 137 155 160 156 141 141 132 128 146 139 132 134 135 131 131 131 132 139 144 145 148 159 173 179 183 169 165 184 165 139 157 162 168 209 162 150 193 200 207 194 163 169 188 193 97 36 38 48 51 31 48 45 38 37 37 37
164 165 167 170 164 145 108 100 110 128 97 95 113 139 144 134 124 123 145 155 148 143 143 154 33 106 124 152 155 143 147 155 151 146 143 145 156 168 145 130 132 151 162 153 173 193 166 130 150 139 128 126 184 127 126 130 136 148 155 160 161 168 180 183 180 168 170 186 159 141 158 166 174 200 156 148 129 175 194 186 116 144 81 67 36 23 43 45 45 27 26 36 34 37 37 37
164 164 169 191 204 194 128 113 118 118 114 97 104 115 131 142 149 144 148 156 150 146 150 148 113 135 132 149 155 142 154 153 144 146 142 141 154 175 159 138 145 156 158 148 153 160 157 150 148 153 156 125 137 142 136 136 136 146 158 166 158 193 193 181 179 176 183 189 179 151 150 159 162 135 104 113 130 177 154 114 51 23 37 19 17 21 38 44 23 23 24 27 21 21 24 23
161 164 170 179 142 127 150 147 128 108 116 112 93 97 119 154 161 151 150 149 146 138 108 110 147 133 135 175 180 149 146 154 150 160 155 145 155 178 175 140 142 156 158 150 158 179 164 149 147 146 143 146 150 152 147 142 137 133 163 178 187 181 173 167 174 177 182 175 158 133 129 102 92 70 70 77 99 143 119 56 21 26 22 13 37 19 20 42 37 24 25 25 22 20 20 24
158 164 155 180 164 156 163 179 125 117 145 147 123 128 142 157 161 149 141 139 137 139 33 33 141 125 124 158 199 198 156 161 166 164 158 141 151 163 175 156 159 159 152 157 163 174 159 146 146 150 145 142 145 144 143 144 132 143 171 185 181 181 181 172 157 152 177 172 152 130 98 66 66 63 63 69 107 122 80 35 28 22 37 37 37 23 20 19 37 37 21 23 21 37 37 37
155 162 159 167 166 161 149 162 144 135 149 162 151 144 150 141 142 136 134 143 142 145 149 130 142 137 125 138 158 184 212 205 180 163 148 144 155 162 164 170 180 181 139 170 179 182 162 150 157 157 145 147 146 139 147 164 164 173 178 179 163 162 176 175 138 124 158 174 167 130 76 64 63 69 82 87 104 93 49 27 37 26 17 50 44 37 38 37 37 37 37 24 37 21 22 37
156 162 168 168 165 162 161 161 144 126 132 153 161 152 137 127 135 131 125 128 137 142 133 141 147 150 161 159 143 149 180 171 183 159 150 151 167 163 162 161 170 180 144 190 187 181 168 152 145 155 140 152 157 152 155 163 170 175 159 176 170 168 145 187 181 172 157 176 173 139 91 65 58 87 112 100 97 61 29 25 37 37 52 55 21 37 37 37 29 37 37 37 37 37 19 37
154 157 161 165 170 168 169 172 150 117 119 149 151 133 117 123 139 134 138 143 142 140 132 146 152 163 164 151 146 150 166 168 155 149 119 108 152 174 174 183 155 169 177 172 165 195 193 174 158 136 110 147 161 156 162 169 183 174 161 172 193 162 158 180 195 193 146 130 147 132 109 103 99 115 131 115 85 46 30 27 23 23 19 44 42 37 37 37 37 37 37 37 37 15 17 25
154 160 159 164 169 164 151 150 155 161 159 140 110 102 112 130 141 145 144 155 76 154 163 150 156 174 170 151 140 130 122 107 95 124 151 142 158 175 165 164 151 157 163 163 163 183 172 162 150 123 100 118 162 172 174 167 158 146 127 150 183 179 170 189 195 184 164 150 151 144 159 170 172 186 175 125 51 37 43 32 27 21 17 16 17 16 37 37 37 37 37 14 37 37 19 23
150 150 157 163 161 161 168 164 157 162 143 134 119 107 119 125 133 137 146 151 120 150 169 156 158 153 186 124 136 150 148 134 131 144 157 174 174 171 141 130 126 151 164 168 161 166 176 157 123 119 113 88 120 161 160 163 160 159 156 150 165 184 183 190 181 166 175 186 181 181 187 181 160 165 159 100 45 44 36 33 30 23 22 22 20 16 37 37 37 37 17 18 16 37 37 37
132 139 152 167 182 179 166 158 152 156 155 163 159 136 143 127 137 149 147 154 141 138 164 174 149 159 181 164 166 163 166 160 157 165 170 168 169 166 169 169 162 163 164 166 162 165 174 148 113 91 80 73 94 147 155 153 147 160 169 156 154 155 162 180 176 174 181 193 189 193 194 184 174 174 140 86 45 44 35 25 30 28 23 21 19 20 17 16 37 37 37 18 18 37 16 13
122 129 127 132 167 195 169 158 153 156 163 163 166 163 144 121 118 121 127 142 156 33 162 173 171 164 150 168 172 161 156 151 144 155 162 148 156 166 171 183 185 176 157 153 157 152 199 157 106 73 70 72 91 147 157 149 149 143 156 169 191 167 167 168 173 184 190 179 193 198 194 191 162 136 139 68 39 42 38 30 19 26 22 22 22 19 17 18 19 18 37 19 15 11 37 21
140 158 144 215 208 171 167 159 153 157 155 151 167 179 178 161 142 123 120 142 128 145 166 157 163 172 148 159 153 149 156 154 161 160 155 166 171 168 165 172 170 177 186 187 176 172 183 204 184 89 74 83 90 130 161 155 157 159 186 185 166 178 174 161 172 181 187 185 182 216 225 222 220 184 143 62 51 46 38 30 29 27 24 22 21 19 37 37 37 37 37 21 29 37 37 37
132 151 165 168 151 138 148 144 138 145 157 149 168 185 185 189 164 152 150 79 114 165 135 125 156 190 224 158 158 153 160 176 186 181 175 168 164 169 166 168 174 177 175 176 169 160 133 130 156 163 143 116 91 94 141 166 179 189 238 190 183 193 194 177 187 188 178 181 182 183 209 215 208 140 88 47 51 36 30 31 30 28 23 18 18 37 37 37 37 37 19 16 17 30 37 37
166 145 145 166 140 122 132 156 158 158 181 192 181 177 141 147 156 169 177 174 150 173 147 177 182 157 155 169 176 154 153 159 175 177 175 164 181 154 153 155 171 181 178 184 193 186 204 171 144 140 180 192 159 152 152 163 187 195 228 201 203 198 189 190 200 195 181 184 160 195 213 210 161 103 28 45 37 28 24 28 27 37 37 26 26 37 37 37 37 37 37 18 16 24 32 31
143 141 115 121 129 133 143 155 144 139 175 190 187 180 147 176 183 180 121 99 107 154 175 176 170 150 138 158 167 147 151 157 166 166 171 170 166 175 157 178 172 172 174 171 189 197 186 160 148 122 148 175 179 192 191 172 180 171 158 181 189 190 183 185 182 181 185 187 193 190 179 189 133 64 29 39 18 17 36 31 27 37 37 20 26 26 26 37 26 26 26 20 37 37 18 21
138 144 127 120 128 136 157 173 148 153 180 193 192 189 170 169 177 177 124 106 154 179 145 117 136 141 146 154 161 162 156 152 161 170 172 167 170 163 166 184 174 171 175 144 177 198 203 170 159 145 157 169 169 169 185 174 165 166 167 170 170 179 174 173 173 160 163 176 186 181 182 214 140 82 42 53 52 43 38 28 37 37 37 20 14 14 9 9 9 26 20 14 37 37 37 37
152 166 151 142 127 138 162 159 166 176 156 194 179 166 169 142 159 150 151 128 185 166 137 145 168 161 162 144 150 162 154 144 148 161 164 159 167 164 152 165 168 163 170 160 154 215 196 169 147 163 180 173 175 174 163 151 149 166 165 157 166 209 200 190 182 168 160 175 201 221 203 229 197 127 69 46 37 37 39 33 37 37 37 14 14 9 9 15 10 3 0 0 37 37 3 14
174 169 136 142 159 136 146 157 174 175 170 168 147 138 184 159 127 85 107 136 171 182 212 191 174 152 154 127 128 150 152 158 150 143 153 164 152 155 163 161 164 169 170 170 173 182 190 181 172 162 176 179 174 171 159 172 167 163 161 164 169 205 170 190 183 176 166 178 218 213 200 203 153 100 35 37 37 37 37 37 37 37 37 20 3 3 3 3 3 0 0 0 18 19 19 16
158 159 126 117 140 147 155 142 141 133 142 165 151 125 130 159 147 113 97 134 119 167 198 180 163 152 138 116 136 142 156 164 162 153 144 141 141 169 178 158 159 175 189 187 169 154 173 210 192 152 183 186 174 166 171 188 184 162 172 169 138 145 184 171 176 160 163 182 221 197 180 168 143 113 37 37 37 37 37 37 37 37 37 3 9 4 4 10 0 0 0 0 0 0 0 23
129 127 107 113 127 138 156 149 132 129 150 163 143 137 176 180 150 123 122 157 134 162 191 164 140 140 127 131 139 145 174 185 174 160 162 156 150 163 171 159 173 165 155 134 117 158 179 181 183 171 186 181 184 173 193 229 231 207 207 200 160 137 175 189 175 147 163 174 162 60 38 37 37 37 37 37 37 37 37 37 37 37 37 3 4 0 0 5 0 0 0 0 3 37 37 37
137 118 109 129 137 150 154 156 160 161 169 174 169 153 153 158 155 134 142 141 123 148 182 171 144 160 172 166 159 169 185 163 159 152 146 142 138 160 142 168 164 165 150 149 159 143 146 178 180 220 219 210 216 194 195 215 208 188 182 210 182 152 197 194 165 167 151 116 39 29 30 37 37 37 37 37 37 37 37 37 37 37 37 3 0 0 0 0 0 0 0 37 37 37 37 37
138 124 128 136 132 160 155 146 131 124 148 150 142 153 169 162 128 136 139 149 147 168 192 193 182 185 187 172 163 165 176 121 129 179 149 127 164 170 163 164 164 175 175 156 155 154 143 132 149 159 166 179 210 183 168 181 172 170 173 174 166 176 223 213 164 128 96 35 37 37 37 37 37 37 64 35 37 37 37 37 37 37 37 9 4 0 0 0 0 37 37 37 37 37 37 37
110 145 159 156 136 140 125 113 109 105 107 123 155 152 158 163 121 85 166 168 164 164 173 186 184 183 180 160 161 173 207 176 140 162 168 174 177 175 166 158 160 161 167 135 167 174 157 149 144 157 172 190 178 176 161 172 168 142 136 136 176 182 173 187 146 83 42 31 37 35 29 21 37 37 46 39 37 37 37 37 37 37 37 0 0 3 37 0 3 14 37 37 37 37 37 37
118 159 157 143 147 134 122 125 127 145 139 143 151 133 228 159 190 194 171 163 168 171 222 179 168 203 168 162 137 167 200 218 202 200 154 133 159 169 177 160 156 140 152 164 171 166 157 147 128 137 168 199 179 163 143 154 146 120 105 93 114 111 106 122 112 50 41 42 35 29 37 12 25 37 37 37 37 37 37 37 37 37 15 6 0 3 6 1 0 5 0 37 37 37 37 37
148 150 149 141 149 147 143 141 131 155 169 142 140 144 142 120 152 157 159 157 164 179 173 160 157 159 190 164 138 133 172 199 217 201 175 161 165 164 170 161 154 178 173 164 168 189 162 159 161 157 170 185 163 118 94 107 115 109 137 161 124 134 174 159 123 48 44 34 23 37 37 37 24 28 37 37 37 37 37 37 26 4 0 0 0 5 9 4 1 0 5 0 37 37 37 37
139 140 135 120 130 122 113 121 124 132 148 143 138 138 139 90 32 140 132 129 136 150 158 158 152 157 162 170 156 153 196 194 192 186 202 200 206 183 157 171 189 196 176 174 193 187 153 155 186 181 162 117 116 104 88 107 143 151 153 144 128 137 156 138 123 42 47 41 37 37 37 37 37 25 37 37 37 37 37 33 20 5 6 0 0 7 3 4 0 0 1 0 3 0 0 37
109 136 155 150 139 118 109 106 118 151 161 159 122 113 145 32 32 144 141 151 158 142 149 154 147 152 162 177 180 173 187 217 192 185 198 207 185 196 185 196 234 197 182 203 224 183 179 179 188 195 156 111 103 113 115 148 226 206 160 138 161 142 141 167 147 37 46 37 37 37 37 40 37 24 24 0 0 0 0 0 19 5 5 0 0 0 0 0 0 0 0 0 0 0 0 0
121 126 125 148 158 142 135 130 134 144 150 158 134 129 150 117 123 147 174 143 128 150 154 146 158 168 158 157 144 159 190 224 196 201 235 172 165 216 222 232 242 217 216 224 237 207 203 209 223 241 150 110 169 213 217 201 198 152 135 148 182 192 162 117 40 39 43 37 37 37 37 37 37 37 19 17 18 0 0 0 0 18 0 0 0 0 0 0 0 0 5 0 0 0 0 0
137 136 134 126 145 145 139 121 131 132 136 136 135 136 32 102 99 118 133 113 123 171 168 150 155 143 126 126 137 157 197 223 241 239 249 240 202 213 226 227 248 249 241 221 207 178 172 190 213 205 189 194 198 207 217 198 159 142 119 144 131 164 149 84 33 51 47 49 45 40 34 31 28 25 20 18 16 0 0 0 0 0 0 0 0 0 0 0 0 1 5 0 0 37 37 0
