examples/data/proba_v_italy_sicily/probav_s10_toc_x19y03_20140721_333m_ndvi_v001.txt
ncols         1127
nrows         589
xllcorner     12.348214285714
yllcorner     36.598214285714
cellsize      0.0029761904761905
NODATA_value  -9999
[rows 204 to 254 of 589, columns 960 to 1055 of 1127]
82 45 29 30 30 29 29 28 27 27 28 27 27 27 26 26 25 26 27 29 30 32 31 29 29 28 25 26 27 27 30 31 33 30 28 27 29 35 38 34 30 28 27 27 26 27 30 36 48 50 44 38 33 32 31 29 30 28 26 25 26 26 26 26 24 24 25 25 26 25 26 26 26 26 26 25 25 25 26 24 24 25 23 24 25 24 24 24 23 23 24 24 25 25 26 26
72 45 31 30 28 28 27 27 26 26 27 27 26 27 27 25 25 25 24 25 27 29 35 35 32 30 29 28 27 26 27 28 32 35 32 28 26 27 29 30 31 30 29 29 28 27 27 27 30 32 34 40 42 39 40 35 34 31 30 28 27 27 27 27 26 24 25 25 25 24 26 25 25 24 24 26 25 25 26 25 25 25 22 22 24 24 25 24 24 25 24 24 24 25 25 25
64 28 31 31 29 29 27 27 27 26 26 26 27 27 26 25 26 26 25 32 24 25 30 37 35 31 30 30 29 27 27 28 28 33 39 33 29 27 27 27 28 28 29 29 29 29 29 28 28 28 27 27 30 32 39 43 44 38 33 31 30 28 27 26 27 26 26 27 26 26 25 25 26 26 25 25 24 24 24 24 24 25 26 25 24 24 24 24 24 25 25 25 23 24 23 24
59 31 31 31 30 29 28 26 26 27 26 26 26 25 26 26 27 26 26 26 26 26 25 27 32 37 36 32 30 29 26 26 27 28 36 38 32 30 28 28 28 27 27 26 27 28 29 29 29 28 27 27 26 26 27 29 32 33 32 32 31 29 27 26 26 26 26 26 26 26 26 25 25 26 25 26 24 24 24 25 25 24 24 24 23 24 24 25 24 24 25 24 24 25 25 24
54 39 31 30 30 29 27 26 27 27 26 26 26 26 27 26 27 26 26 26 26 27 25 27 26 30 34 36 33 31 29 28 26 26 28 37 37 33 31 30 29 27 26 26 27 27 27 28 32 32 33 32 31 29 26 25 26 27 27 26 26 26 26 27 27 27 27 27 26 25 25 25 25 26 25 25 25 24 24 24 24 24 23 23 23 25 24 25 25 25 24 23 24 25 24 25
64 47 32 29 29 28 28 27 27 27 26 27 26 25 27 27 27 25 25 25 25 25 25 26 26 25 27 30 35 35 31 30 28 27 26 27 32 36 34 32 30 29 28 28 27 25 26 28 32 36 38 34 33 32 31 29 28 29 28 28 27 27 26 25 26 26 26 26 25 26 26 26 26 26 26 26 25 24 25 25 25 25 25 24 25 25 24 24 22 25 24 25 25 25 25 25
91 89 77 27 30 28 27 27 26 27 27 27 27 27 26 27 25 25 25 25 25 26 26 25 26 25 26 26 30 35 34 31 29 28 27 26 27 29 32 35 35 32 31 30 29 27 26 27 27 28 31 34 40 44 38 33 31 31 29 28 28 28 28 27 27 27 27 26 25 25 26 26 26 26 26 26 26 25 25 26 25 25 25 23 24 24 23 24 25 24 24 24 24 24 25 25
115 131 118 44 28 30 27 27 27 27 27 27 26 26 27 27 25 26 45 33 29 34 36 26 26 26 26 28 27 28 32 32 31 29 28 27 27 27 26 29 34 36 33 31 30 29 29 27 27 27 26 27 29 34 39 40 37 36 35 35 32 29 29 30 29 29 28 27 26 26 26 26 26 25 25 25 26 26 26 25 25 25 25 25 24 25 25 25 24 24 25 25 24 26 25 24
126 141 144 119 36 28 28 28 28 27 28 27 27 26 26 27 27 26 50 52 41 27 26 26 26 26 26 27 27 26 27 32 34 30 28 28 28 27 25 26 27 29 33 36 39 31 29 29 29 29 28 27 27 27 29 30 33 33 35 39 40 35 33 34 32 31 29 29 28 28 26 25 25 24 25 25 24 25 25 25 25 25 24 25 24 24 24 24 24 25 25 25 24 23 23 23
145 157 171 148 99 27 29 28 27 27 26 27 26 25 25 26 27 25 26 26 26 26 27 28 27 26 25 26 26 25 25 28 34 34 31 29 29 28 27 26 26 26 27 29 33 33 30 31 29 29 30 30 30 30 28 27 27 27 27 29 33 39 42 43 42 34 31 29 27 27 26 26 28 26 26 26 26 26 26 25 25 24 25 25 25 24 25 24 25 24 25 25 25 24 24 24
164 159 161 141 94 31 28 28 28 27 27 26 26 26 26 27 26 25 25 25 27 27 26 27 27 26 26 26 26 27 25 26 31 35 34 32 30 29 28 27 27 26 26 27 27 28 28 30 29 30 30 30 31 31 29 35 27 27 25 28 26 27 30 34 43 40 37 34 29 27 27 27 28 27 25 26 26 25 25 25 26 25 25 25 24 25 24 24 24 24 24 25 24 24 24 23
175 153 135 121 85 35 26 28 28 27 27 26 26 25 25 26 27 27 27 25 27 27 27 26 26 28 27 26 27 26 25 26 27 31 33 33 32 29 28 29 28 27 26 27 26 26 26 27 27 29 31 31 30 31 30 29 30 29 27 25 25 26 26 26 29 31 35 39 36 31 29 28 28 28 28 27 26 24 24 24 26 26 24 24 25 24 25 25 24 23 24 24 25 25 26 26
165 154 136 112 90 31 26 29 28 26 26 26 26 26 26 27 26 28 27 28 27 27 27 26 25 27 26 26 26 26 26 26 26 28 31 34 34 32 30 29 28 28 27 26 26 27 26 26 26 26 28 29 30 29 30 29 31 32 29 28 28 27 26 26 25 25 26 29 34 32 31 30 30 29 28 27 27 25 24 25 25 24 24 24 25 25 26 26 25 25 25 24 25 25 25 25
150 156 139 120 122 26 27 27 27 27 26 27 26 25 25 28 27 26 27 26 27 28 26 27 26 26 27 27 27 26 26 27 26 26 27 31 33 33 34 32 29 29 28 27 26 27 27 25 26 26 26 26 27 28 29 30 30 31 30 30 29 29 28 26 27 26 25 26 26 28 29 31 33 30 27 27 26 26 26 26 26 25 25 26 25 26 26 26 26 26 27 26 25 24 25 25
142 146 141 151 110 26 28 28 28 28 26 26 27 26 27 28 28 27 28 28 27 28 27 26 27 27 27 27 27 26 26 26 26 26 26 27 31 35 35 34 30 29 28 28 29 27 25 26 26 26 25 26 26 26 27 28 28 30 30 32 34 31 31 28 28 26 26 26 25 25 25 25 25 26 26 27 27 27 26 25 25 26 27 27 26 25 26 26 26 25 26 25 24 24 25 25
140 131 129 119 27 29 30 29 28 29 28 27 27 26 26 26 27 28 27 27 27 27 27 27 28 26 25 27 27 26 25 27 26 27 26 25 27 34 38 36 34 30 28 31 30 28 27 27 27 26 25 26 27 26 26 26 26 28 33 37 39 34 32 30 28 29 29 27 26 25 25 26 26 25 26 25 25 26 26 25 24 25 26 26 27 24 25 25 25 25 25 25 25 25 25 25
141 142 122 28 29 29 30 29 28 28 27 27 27 27 27 26 26 28 28 27 26 27 26 26 27 26 26 28 27 26 26 26 27 26 27 26 25 30 38 40 35 31 31 31 30 28 29 28 27 26 26 26 25 26 26 25 25 27 32 33 36 39 36 33 31 30 30 28 28 34 26 27 26 25 25 25 25 25 25 25 24 25 25 25 26 25 25 24 24 24 25 25 24 25 25 25
132 147 118 29 30 29 29 30 29 28 27 26 27 26 26 27 28 28 27 26 26 26 26 27 27 27 27 27 27 27 27 28 28 28 27 26 25 26 30 38 40 35 34 34 32 31 32 29 27 27 26 26 26 26 26 26 26 26 26 26 31 41 39 34 33 32 31 31 30 28 26 26 26 27 26 24 26 25 25 26 26 24 24 26 25 25 25 25 25 25 25 25 25 26 25 25
175 146 28 29 30 29 30 30 29 29 27 27 28 26 26 27 28 27 27 27 26 27 27 26 27 28 27 28 28 27 26 27 27 26 26 27 28 27 26 30 36 40 39 39 35 34 32 28 27 26 27 27 26 25 26 25 26 25 26 25 26 29 32 35 40 39 34 33 30 28 28 28 28 26 27 26 26 26 26 26 26 25 25 25 25 25 24 25 25 26 25 24 25 25 26 25
174 28 29 29 29 30 31 30 30 29 28 28 27 27 27 27 27 28 28 27 27 27 28 27 27 27 28 28 28 27 26 26 27 26 26 26 26 24 25 25 30 36 41 43 40 39 34 30 30 30 28 26 27 26 26 26 25 26 26 26 26 26 27 28 33 38 41 38 33 31 30 30 30 29 28 27 27 25 26 26 27 27 26 26 26 26 25 25 26 26 25 25 25 25 25 25
107 29 31 30 29 29 30 30 30 29 28 27 28 27 27 28 28 28 27 27 27 28 27 27 27 26 26 27 28 27 26 26 27 27 26 26 26 26 27 27 27 30 36 43 40 35 31 33 36 33 29 29 28 26 27 27 27 25 25 25 25 26 26 25 25 27 31 30 29 30 32 32 31 30 29 29 28 27 27 28 27 27 27 26 26 26 26 25 26 25 25 25 25 25 25 25
28 30 29 29 29 29 30 29 30 30 29 28 28 27 26 28 29 28 27 27 27 26 27 28 28 28 27 27 27 26 27 26 26 26 26 27 27 26 26 26 27 27 31 39 36 32 33 32 31 33 31 30 29 29 30 28 26 26 26 27 26 27 27 26 25 25 24 25 25 26 25 27 27 29 30 30 29 29 27 28 29 27 27 26 26 26 26 26 26 25 24 26 26 26 25 25
29 29 29 29 29 29 29 29 31 30 28 29 28 28 28 29 29 28 28 28 27 27 28 28 28 27 27 29 28 26 27 28 27 26 26 26 27 26 26 26 25 25 26 29 32 32 31 30 30 32 34 30 29 29 29 29 29 32 29 27 25 25 26 26 25 26 28 29 25 25 25 25 24 25 25 26 27 27 28 28 27 27 27 28 27 26 26 26 25 26 25 25 25 26 25 26
29 29 29 29 28 29 29 30 30 30 30 28 27 27 28 29 29 28 27 28 28 27 29 29 28 27 27 28 28 28 27 28 28 27 27 26 26 25 26 27 26 27 27 27 27 31 30 29 29 30 32 31 30 29 29 28 28 30 27 33 27 28 27 26 25 26 27 28 29 29 29 29 25 25 25 25 25 25 25 25 24 25 27 26 26 25 25 25 25 25 26 25 25 25 26 25
29 29 29 29 29 29 29 29 30 30 28 28 28 28 28 29 29 28 28 27 28 28 28 29 28 28 28 27 28 29 28 27 27 28 28 28 27 26 26 26 26 43 38 24 26 28 30 30 29 29 29 29 29 29 29 29 28 30 28 27 27 27 29 27 25 25 27 27 28 29 29 28 25 40 26 26 25 25 25 25 24 26 26 25 25 26 24 25 26 25 25 24 25 25 25 24
30 28 28 29 29 29 29 28 29 30 29 28 28 29 28 29 28 29 29 28 28 28 27 29 29 29 29 28 28 28 28 27 28 27 27 28 27 27 27 27 26 27 26 26 26 26 27 29 31 32 30 29 28 28 28 27 27 29 28 27 27 26 26 27 26 26 25 26 26 27 28 26 26 25 26 27 26 25 25 24 24 25 25 25 24 24 25 25 26 25 26 25 25 25 25 23
28 29 29 28 29 30 31 30 30 31 29 29 29 28 29 29 28 29 29 28 27 29 29 28 28 29 29 29 28 28 28 28 28 28 26 27 27 27 27 26 26 25 26 25 26 26 27 27 29 38 38 28 30 32 28 27 28 28 28 28 27 26 26 26 26 26 25 26 26 26 27 26 26 26 25 26 25 25 25 25 26 26 26 25 25 24 25 25 25 26 26 26 25 25 26 25
30 28 29 29 29 29 29 30 30 30 30 28 29 29 29 31 29 29 30 28 27 29 29 29 27 29 29 29 28 27 28 28 29 28 27 27 26 26 27 27 27 27 26 25 26 27 26 25 25 28 32 32 33 40 39 29 28 28 27 27 26 25 26 25 26 26 26 26 26 26 26 25 25 26 26 25 24 26 25 25 26 25 25 25 25 25 25 24 25 25 26 26 26 25 26 25
28 27 28 28 29 29 29 30 30 29 29 29 29 30 30 31 30 29 29 30 29 28 28 29 28 29 27 27 28 28 28 28 28 28 28 27 26 27 27 27 27 26 25 26 26 27 26 26 26 26 27 32 32 35 47 40 31 27 28 27 28 26 25 25 25 26 26 27 27 27 27 27 25 25 25 26 25 26 25 24 38 25 27 26 26 25 24 24 23 24 26 26 26 25 26 26
29 28 28 28 30 30 31 30 30 30 28 29 30 29 30 31 31 29 29 30 30 29 29 29 30 30 28 27 29 29 29 28 29 28 28 27 27 26 26 25 26 26 26 26 27 27 27 27 27 27 27 26 28 30 35 39 42 35 28 28 27 26 26 26 26 26 27 27 28 27 28 28 27 26 27 27 25 26 26 26 26 45 35 26 25 24 25 25 24 26 26 26 25 25 25 25
56 28 28 29 30 30 30 30 30 30 29 29 29 28 29 29 30 30 29 29 30 30 29 29 30 29 29 28 28 28 29 28 28 29 28 29 28 27 27 27 27 27 28 27 27 27 28 27 27 26 27 26 27 27 29 29 29 32 27 27 27 26 26 25 25 26 27 27 27 25 26 27 28 28 27 28 27 27 28 28 27 25 26 26 25 25 37 25 26 26 26 26 26 25 25 25
59 40 28 28 28 29 39 30 31 30 30 29 29 29 28 29 30 31 31 31 31 31 30 30 29 29 28 29 28 28 29 29 28 29 28 29 28 28 28 27 27 26 27 27 27 27 27 27 27 27 26 27 27 26 26 27 28 28 27 26 27 26 25 26 25 27 27 27 27 27 27 27 27 27 26 26 27 27 27 28 28 26 27 27 27 27 27 25 27 26 25 26 25 25 25 26
62 46 28 29 51 33 30 29 30 30 31 31 31 31 30 29 30 30 30 30 30 31 31 31 31 30 30 30 29 28 29 30 29 28 28 28 29 28 28 27 28 27 26 27 28 29 27 27 27 29 27 39 32 26 25 25 26 26 25 25 26 25 28 30 28 26 26 28 27 27 28 28 28 29 27 28 27 26 25 27 27 28 27 28 27 28 27 31 27 27 26 27 26 26 26 26
28 28 28 29 29 43 28 29 29 30 30 29 30 31 31 30 30 30 31 30 30 32 32 32 31 30 30 30 30 28 28 29 31 30 30 29 29 29 29 27 28 29 28 27 27 29 28 28 28 28 28 28 26 25 26 27 27 25 25 25 26 25 25 25 29 26 26 27 27 26 27 27 28 29 28 27 26 26 27 29 28 28 27 29 29 27 27 36 27 27 27 27 26 27 27 27
36 29 35 30 29 29 55 28 28 30 30 31 30 32 31 31 30 30 30 30 29 31 30 30 31 32 31 29 29 30 30 30 31 31 30 30 30 30 31 30 28 29 29 29 28 28 27 28 29 27 27 26 27 27 27 26 25 26 26 26 26 27 26 25 25 30 29 29 31 28 25 26 26 27 27 27 26 26 27 28 27 29 29 28 28 27 27 27 27 27 28 28 27 28 26 25
28 29 29 29 29 29 28 42 29 29 31 32 31 31 31 31 30 31 31 32 31 29 31 31 31 32 32 31 29 29 29 30 31 31 32 31 30 30 30 29 28 29 29 30 29 28 30 30 29 28 28 37 28 28 27 27 27 26 26 26 26 26 26 26 27 26 30 32 36 33 25 25 25 25 26 25 25 25 25 25 25 26 26 26 26 27 27 25 26 26 27 26 26 27 26 26
27 28 29 28 27 28 38 29 30 30 31 32 31 33 32 31 31 44 31 31 32 30 29 30 32 31 31 31 30 30 30 30 29 30 31 31 31 29 29 30 29 29 29 28 28 28 30 30 30 29 28 28 39 33 27 27 27 27 26 26 26 25 26 25 26 26 26 25 25 25 24 25 26 26 25 24 24 24 24 24 25 25 25 25 27 26 25 25 25 25 25 26 25 25 25 26
28 28 28 28 28 28 28 29 29 29 30 30 42 40 32 31 31 31 55 42 31 31 31 29 30 31 31 32 31 29 30 30 30 29 30 30 30 29 29 30 30 30 29 29 29 29 29 29 30 29 29 28 28 28 39 32 26 27 26 25 26 25 26 26 26 26 27 26 25 26 27 26 25 24 25 25 25 24 25 26 24 24 24 25 25 25 24 24 24 24 25 25 25 25 25 24
29 29 28 28 28 28 27 38 29 28 29 29 29 36 33 31 32 32 32 30 30 32 33 31 30 30 30 31 32 32 31 31 31 30 30 31 30 30 29 31 31 31 31 30 29 28 28 29 29 30 31 30 29 27 26 37 26 26 26 25 25 26 26 26 26 25 26 26 25 26 25 25 25 26 25 25 24 24 24 25 25 25 25 25 24 26 25 24 25 25 25 24 25 24 25 25
28 28 28 28 27 28 29 29 29 29 29 29 30 44 31 31 31 32 31 31 32 33 34 33 32 31 32 32 31 32 30 30 30 30 30 29 30 31 30 29 30 30 30 29 29 28 29 30 29 29 30 29 28 26 26 27 26 26 26 26 26 26 26 26 26 26 25 26 26 26 25 25 25 25 25 25 25 25 26 24 24 24 26 25 25 26 25 25 25 24 25 25 25 25 24 23
29 29 30 29 28 28 28 29 29 30 30 29 30 29 30 32 32 34 32 34 35 33 35 33 33 33 32 33 32 30 30 31 30 30 29 30 29 29 31 32 31 30 31 30 31 29 31 31 30 30 29 28 28 27 27 26 27 26 25 26 26 25 25 26 27 25 26 27 26 25 25 24 26 27 27 26 25 25 25 25 25 25 26 25 24 24 24 23 24 25 24 24 25 25 25 24
30 30 29 28 59 27 28 29 28 28 29 29 31 32 31 32 31 32 34 47 34 32 34 33 33 34 32 31 33 31 31 32 32 31 32 31 30 30 30 30 31 30 31 32 31 31 32 31 30 30 30 28 27 27 27 27 27 26 27 26 26 26 28 27 27 26 27 27 26 25 25 26 26 25 26 26 27 26 27 26 25 25 25 24 24 24 25 24 25 25 25 25 24 25 25 26
31 30 29 28 28 56 42 34 28 28 28 29 31 44 34 32 31 31 32 33 33 32 31 33 33 32 34 33 33 33 32 31 32 33 30 32 33 30 30 30 30 30 30 30 32 33 33 32 31 31 30 29 28 32 28 27 30 26 26 26 27 26 26 26 25 25 26 27 26 26 26 26 25 25 26 25 26 25 25 26 26 27 26 25 25 26 25 25 26 26 24 25 25 25 24 25
47 31 29 28 29 29 29 29 30 31 30 30 31 33 33 30 30 30 29 30 33 34 34 34 36 35 38 37 33 34 32 31 32 33 32 32 33 32 31 32 31 31 32 31 32 34 33 33 31 31 31 30 29 29 28 28 26 26 26 27 26 25 26 27 26 26 26 26 27 27 26 26 25 25 25 25 25 26 25 25 25 25 25 24 25 24 25 25 25 24 25 26 25 24 25 26
36 30 29 29 29 28 29 28 29 28 29 30 29 31 31 29 28 35 31 33 36 32 32 33 33 33 36 35 33 32 32 34 34 33 34 34 34 35 35 35 32 32 33 32 35 36 35 33 32 32 31 31 30 29 28 28 28 28 26 27 26 26 27 26 26 26 25 25 26 26 25 25 25 26 26 25 26 26 25 26 26 25 25 25 26 26 27 26 25 25 26 25 25 25 24 25
49 31 31 30 28 28 29 28 28 28 29 29 29 29 30 30 30 30 30 30 34 32 31 33 33 33 34 34 35 36 36 36 34 34 36 34 33 34 34 34 32 32 36 36 35 34 34 33 33 34 33 33 31 29 31 31 27 27 27 27 26 27 26 26 27 26 26 25 26 26 25 26 26 26 26 26 26 25 26 26 26 25 25 25 26 25 25 27 25 25 25 25 25 25 25 26
30 30 31 30 30 29 29 28 28 28 29 29 28 28 28 31 31 30 29 30 32 34 31 31 31 31 31 32 35 36 33 33 33 32 33 32 34 33 33 34 33 35 37 35 34 34 33 33 34 34 33 32 32 29 29 30 29 28 28 28 26 27 28 26 26 28 28 28 27 26 26 25 26 26 26 26 25 26 27 27 27 25 25 26 26 27 26 25 25 25 25 26 26 26 26 25
29 29 29 29 30 29 28 28 29 30 29 29 29 29 29 30 31 30 29 29 34 32 32 33 33 34 32 32 35 35 32 33 33 32 33 35 33 34 33 36 35 35 36 32 32 32 33 34 34 35 34 34 31 29 28 28 28 28 27 28 27 26 26 27 27 27 27 27 27 26 26 25 26 26 25 25 25 26 26 26 25 25 25 26 26 26 25 25 26 26 25 25 25 25 26 24
31 30 30 30 29 29 29 29 29 29 28 29 28 29 29 30 30 30 31 32 32 32 33 34 34 35 34 34 33 33 34 35 34 35 36 35 33 34 34 35 35 34 34 32 33 34 34 34 35 34 31 30 28 28 28 28 28 27 27 29 28 27 27 28 28 26 26 26 24 25 26 26 25 26 25 26 26 26 25 24 26 26 27 26 26 25 25 24 24 25 26 25 25 26 26 24
31 32 31 31 30 29 29 29 29 29 29 30 29 29 29 29 27 28 30 31 30 31 32 34 35 33 33 33 32 32 34 37 36 34 32 32 33 32 33 33 30 32 33 33 33 35 34 33 33 33 31 28 28 28 29 29 28 28 29 29 28 27 28 28 28 26 26 25 25 25 25 26 26 25 25 26 26 26 26 25 26 25 26 26 26 26 25 25 24 26 25 25 25 26 25 25
30 32 31 31 31 30 30 29 29 30 30 30 30 30 29 28 28 28 29 30 31 30 29 32 31 30 33 33 35 34 33 33 34 32 31 34 33 32 32 35 34 32 33 33 33 33 35 35 34 31 29 28 29 30 29 28 27 28 28 28 27 28 28 28 27 25 26 26 26 27 25 25 26 26 27 26 25 25 25 25 25 25 26 26 25 26 25 24 24 25 25 25 25 25 25 26
