examples/data/proba_v_italy_sicily/probav_s10_toc_x19y03_20150121_333m_ndvi_v001.txt
ncols         1127
nrows         589
xllcorner     12.348214285714
yllcorner     36.598214285714
cellsize      0.0029761904761905
NODATA_value  -9999
[rows 0 to 46 of 589, columns 288 to 383 of 1127]
17 20 23 17 12 17 11 12 20 18 11 14 11 36 29 28 23 28 34 26 20 34 16 14 12 12 12 15 17 11 11 17 20 18 19 15 20 20 49 41 36 39 36 36 31 31 34 17 17 17 17 17 14 14 17 20 17 17 14 28 29 26 13 17 17 20 14 17 17 20 24 28 7 11 10 10 10 10 14 14 11 14 20 20 38 35 27 26 17 29 36 32 26 23 31 22
14 14 17 17 14 20 20 17 26 20 20 20 17 30 28 26 24 24 20 24 22 13 37 30 17 12 10 15 32 38 14 22 25 23 19 11 17 17 34 17 26 36 32 31 28 24 17 17 36 14 20 14 14 14 14 17 42 35 32 29 26 34 42 42 33 26 13 17 17 13 31 7 10 17 17 14 34 32 13 13 20 29 17 31 31 21 22 14 14 34 37 28 20 8 14 17
14 17 17 20 14 17 20 20 14 16 17 14 17 20 23 26 27 28 18 22 18 19 16 15 16 16 13 12 32 30 30 26 27 28 16 14 17 33 27 19 20 36 25 24 30 11 11 11 11 14 17 14 14 36 27 31 34 28 26 8 11 38 27 24 29 30 31 10 6 17 31 33 30 22 27 15 29 30 36 30 36 27 23 27 14 23 20 20 17 26 21 14 17 7 8 5
20 20 23 26 20 33 11 24 19 11 31 31 28 28 23 30 37 22 18 21 31 37 18 16 27 17 11 11 34 28 28 20 18 30 15 14 20 36 30 11 11 28 14 14 39 33 34 14 11 14 14 13 14 26 24 36 38 20 17 11 8 48 36 29 30 33 30 31 17 13 27 26 24 14 13 9 31 23 24 29 23 11 11 17 15 7 8 12 14 15 7 8 6 1 5 3
17 14 20 15 32 32 30 33 29 37 14 14 17 14 20 35 38 34 37 28 32 29 16 11 19 22 11 32 9 34 17 20 15 12 17 20 17 17 14 14 14 11 14 36 31 29 33 14 14 11 11 32 14 33 39 33 17 20 17 8 8 38 11 23 32 14 17 17 11 11 17 17 11 17 17 13 23 20 27 16 17 8 9 17 28 12 8 8 12 29 28 26 23 23 27 29
17 17 25 19 17 34 30 25 29 28 18 7 8 11 12 23 43 43 36 36 33 29 29 33 29 18 12 31 7 11 11 17 17 17 9 11 11 14 31 31 33 29 11 8 11 17 17 17 11 11 11 28 25 32 31 26 13 13 31 34 32 32 20 20 14 14 11 11 11 11 11 14 17 14 25 31 31 35 34 10 5 5 8 11 14 8 5 11 17 15 20 26 25 47 27 12
17 20 22 20 13 10 6 6 10 14 12 11 11 11 11 12 17 14 16 23 40 34 34 15 42 18 28 31 0 10 12 11 11 14 9 11 11 8 29 29 36 32 28 8 8 14 20 20 11 11 14 11 32 39 39 42 31 20 12 31 36 31 26 11 29 14 11 17 20 15 15 10 12 17 26 29 29 30 15 13 14 23 27 27 5 13 6 17 17 26 29 10 17 20 17 23
39 40 32 31 30 13 10 35 36 14 11 17 17 14 14 35 30 17 9 6 33 30 28 31 26 31 27 29 0 7 14 14 17 14 8 14 17 29 17 14 11 35 37 36 8 11 11 17 35 30 34 11 14 14 41 37 26 24 21 45 30 14 26 26 29 14 11 11 20 17 18 18 18 30 35 26 30 29 20 17 10 9 12 23 11 41 34 29 27 43 23 15 12 23 31 31
15 39 34 32 37 34 16 20 23 20 14 11 14 17 11 36 28 34 14 15 27 25 23 20 12 6 6 32 11 11 11 17 17 17 17 33 32 33 32 14 14 14 20 14 11 8 35 27 33 28 27 11 20 17 34 7 28 27 33 38 31 14 26 29 11 11 31 31 31 32 18 16 16 29 26 32 29 24 21 20 29 28 22 17 11 28 22 20 38 33 20 19 24 20 12 10
19 33 40 34 40 20 20 17 14 14 17 14 11 17 31 29 33 32 20 15 18 20 16 20 31 33 13 37 31 20 17 11 11 11 11 29 29 35 34 14 14 17 11 35 28 26 31 35 36 32 35 37 47 42 33 30 27 32 28 22 31 11 14 34 31 14 35 17 17 14 15 18 20 30 30 34 27 27 26 26 27 21 17 14 15 3 18 33 30 23 20 24 30 32 10 10
33 30 32 35 39 37 20 26 17 10 11 11 12 14 36 29 14 17 24 21 14 12 12 12 32 35 31 17 35 34 33 31 43 39 31 31 14 17 20 28 29 33 36 32 27 27 34 14 16 32 30 30 36 23 38 29 17 32 14 20 30 38 39 34 11 14 33 29 24 22 29 33 18 18 29 28 31 24 30 34 31 23 25 22 20 10 16 31 28 35 24 27 30 30 31 28
42 33 33 33 31 30 33 22 15 4 9 14 12 14 20 20 14 20 26 23 16 15 17 17 32 29 29 15 15 34 31 15 12 34 32 32 17 23 25 29 27 30 34 34 17 17 42 34 33 34 27 38 37 31 26 24 26 32 28 33 31 32 17 12 12 11 37 28 7 24 29 31 22 21 19 29 32 23 36 30 24 29 34 28 8 4 9 24 24 18 12 41 54 53 24 14
25 30 31 31 29 30 30 25 15 8 20 20 11 14 17 20 23 30 30 30 22 16 27 23 20 20 22 23 16 16 8 17 18 20 12 11 39 17 22 29 22 32 33 28 14 14 38 33 31 29 32 47 37 24 20 25 34 17 15 15 32 30 12 12 14 17 35 29 31 6 32 31 26 24 29 31 26 20 28 46 18 32 37 13 9 10 13 26 30 27 20 52 72 74 15 14
42 31 24 33 33 26 18 16 21 16 17 5 11 12 17 23 26 25 27 33 25 14 24 34 20 32 29 24 19 20 14 9 18 18 22 18 10 18 20 13 38 30 29 29 27 17 17 31 28 24 22 17 40 24 20 26 36 29 29 27 21 17 15 13 15 11 37 29 28 20 23 31 27 26 17 17 14 15 21 20 5 33 13 20 18 29 12 25 23 36 43 13 27 28 12 11
38 28 22 27 26 33 46 42 21 22 20 17 33 32 37 30 22 11 14 20 17 20 20 20 41 24 22 32 29 27 17 11 9 12 15 13 12 20 21 16 6 28 29 27 25 15 46 34 17 17 20 38 30 29 30 36 20 36 31 32 26 24 24 19 15 11 11 17 17 18 15 20 14 44 30 28 27 23 19 42 36 13 7 17 18 14 23 34 37 29 15 20 26 22 9 19
38 26 22 36 41 38 32 39 17 21 16 13 43 30 27 35 24 18 17 15 34 12 14 23 17 13 20 27 29 20 15 14 17 9 42 11 20 17 8 37 11 35 33 27 25 15 20 23 28 38 27 35 17 17 29 29 17 15 24 30 27 21 22 13 11 8 6 17 17 17 15 9 11 14 29 39 32 30 37 41 47 44 44 44 43 38 33 38 29 35 23 20 24 25 30 15
17 5 25 34 34 32 22 26 20 14 15 12 7 27 22 32 42 32 21 10 7 10 17 23 23 11 13 16 33 15 20 14 14 8 9 14 17 39 35 35 36 30 29 15 27 28 27 35 38 45 32 21 32 27 29 32 31 18 25 24 16 8 8 17 6 6 9 12 22 19 15 10 11 13 20 36 26 22 26 17 43 53 49 48 41 46 33 40 25 20 10 15 10 19 29 20
11 11 15 38 32 25 17 29 23 8 10 11 5 15 17 32 32 37 19 13 14 12 8 15 20 15 30 20 11 17 23 20 14 17 15 15 12 32 28 30 32 26 29 15 15 18 25 28 30 26 28 29 31 33 38 34 11 26 38 36 10 40 9 11 6 15 15 10 20 18 11 12 11 13 20 31 31 31 37 29 23 48 47 47 38 30 33 26 25 10 5 15 10 28 51 15
17 14 15 28 29 20 20 30 30 20 13 12 8 43 41 17 27 27 24 24 32 29 17 18 23 19 13 17 34 9 17 20 17 17 17 38 34 31 23 20 20 15 15 12 22 22 24 16 16 16 25 35 35 36 25 24 13 28 40 36 0 2 12 11 11 26 15 12 14 20 15 9 8 43 34 34 33 26 31 30 37 40 38 46 39 7 14 18 20 10 10 15 15 15 15 10
12 11 43 39 37 20 15 14 38 31 23 19 14 36 33 39 36 35 26 40 37 34 35 34 12 38 36 13 13 15 12 9 12 15 20 33 29 28 20 22 18 15 15 33 29 20 15 15 18 25 28 28 27 31 29 26 17 6 8 38 38 34 12 17 17 15 17 14 17 17 14 11 45 38 34 37 38 32 26 39 41 48 38 33 32 34 16 22 16 5 10 10 38 36 23 15
40 37 28 27 30 39 26 23 20 35 23 15 18 26 27 34 23 17 20 16 20 17 40 45 32 35 32 31 18 13 6 41 33 35 40 31 30 29 23 17 36 38 35 30 27 17 8 10 29 30 30 28 20 31 33 32 27 19 31 29 32 37 12 15 17 11 11 17 17 14 11 34 41 36 26 36 36 27 34 35 35 47 51 10 15 22 19 21 22 17 37 53 27 15 26 10
25 16 15 9 12 12 20 24 32 20 23 18 23 39 37 17 15 12 17 20 16 20 31 34 60 44 39 31 22 12 34 38 27 25 31 21 17 31 23 20 29 23 29 26 27 12 12 12 20 26 27 24 14 9 10 13 21 19 28 28 34 30 34 36 35 17 17 20 20 24 22 29 23 45 36 28 22 30 29 35 15 10 6 6 23 26 10 10 16 20 20 48 45 20 21 10
22 21 19 22 15 15 14 35 35 20 20 13 30 31 30 31 17 15 15 15 20 36 20 16 28 24 23 39 34 24 25 25 4 12 12 15 10 20 22 15 27 22 14 10 17 23 17 20 28 26 18 13 13 18 14 20 17 14 33 34 32 27 26 30 11 39 38 25 27 38 40 31 14 32 29 37 38 30 27 10 15 10 1 24 27 5 34 29 23 29 32 24 24 10 20 16
22 19 19 15 17 35 32 42 41 40 20 13 13 16 30 38 41 42 50 15 16 14 37 27 40 42 43 36 36 31 23 13 36 29 31 14 12 25 31 13 23 37 31 26 23 23 15 11 18 20 11 8 33 32 19 11 37 31 17 14 11 30 26 31 25 34 46 38 33 35 24 18 33 27 32 32 42 36 34 23 18 15 27 28 15 25 10 10 6 46 10 27 10 10 27 25
24 25 22 32 31 28 22 37 20 49 48 49 13 9 16 31 32 38 60 61 28 28 6 3 36 31 27 31 31 41 39 34 18 20 23 20 17 13 18 20 30 29 11 17 20 7 43 37 31 30 15 15 20 32 26 18 24 17 20 17 17 17 25 30 32 22 31 46 17 36 37 27 51 35 36 42 40 22 29 28 10 10 26 30 15 15 13 23 27 59 11 11 11 11 43 26
20 22 16 17 29 35 31 35 49 44 43 48 20 10 47 39 33 16 37 49 35 27 15 15 32 15 9 11 43 38 43 32 15 30 30 20 23 11 21 16 18 24 13 10 15 13 32 9 14 30 15 15 36 34 15 18 34 28 20 33 32 20 31 35 41 30 25 38 33 27 35 34 35 45 39 52 48 32 15 10 10 10 10 10 10 11 30 15 23 7 7 11 11 33 35 35
43 35 24 23 24 27 15 24 31 36 36 16 24 17 30 25 24 16 26 34 33 40 37 37 21 15 20 25 3 24 37 15 15 31 26 35 19 23 32 20 15 19 13 20 22 22 20 12 15 32 17 17 28 20 8 11 24 30 27 32 29 27 36 38 31 25 22 30 28 25 28 32 41 44 36 35 34 33 10 1 15 6 10 33 21 36 46 2 7 7 15 11 35 39 28 11
20 22 30 37 20 22 25 26 30 35 27 22 20 14 10 13 16 16 20 27 39 46 38 20 15 20 31 35 37 15 15 15 11 13 15 15 14 20 38 15 15 15 22 23 26 26 23 6 15 17 11 17 31 25 13 6 10 18 14 23 26 26 25 36 34 34 26 31 42 41 31 31 53 16 9 35 28 33 10 1 38 21 28 29 11 11 21 51 38 2 52 32 21 27 11 11
0 8 23 26 19 30 29 29 33 36 48 49 24 23 43 39 14 9 11 13 16 45 42 44 15 62 20 20 20 20 15 15 10 12 20 15 16 14 20 37 29 17 31 25 20 15 20 39 36 36 14 20 23 28 18 11 8 16 36 16 34 27 35 22 22 36 37 37 33 28 43 33 29 15 10 17 20 15 10 28 40 10 10 11 11 11 21 34 21 22 28 21 35 30 11 11
41 46 16 37 26 18 23 42 37 42 39 44 41 40 30 22 24 34 12 5 7 12 16 34 38 48 44 15 15 15 21 7 3 4 7 28 29 23 19 9 20 8 35 15 20 15 15 23 11 11 11 12 15 23 22 16 13 16 24 26 27 24 31 24 29 28 10 15 15 20 15 15 38 10 39 24 46 15 6 37 10 15 15 11 11 11 22 43 30 11 11 24 29 11 11 33
25 15 6 49 51 53 53 34 27 27 39 34 33 23 17 13 23 23 17 11 20 20 12 15 15 20 20 15 34 20 24 15 0 20 20 20 20 15 16 17 8 16 26 15 20 15 15 15 11 11 14 17 25 20 20 18 26 31 30 32 26 19 29 51 39 28 10 15 15 15 15 36 20 14 35 6 1 11 11 65 11 11 11 11 11 28 30 30 41 2 11 11 2 11 11 11
28 32 15 13 45 34 36 18 16 30 20 42 30 32 12 24 23 20 36 15 14 3 10 20 15 15 15 15 31 15 15 15 20 20 15 15 15 15 20 7 17 22 13 4 8 15 15 20 20 11 6 20 11 20 12 11 27 31 33 31 28 41 30 26 31 24 10 6 23 26 25 23 6 29 15 11 11 11 42 29 44 11 11 11 29 11 20 34 41 15 15 26 11 2 2 11
35 20 32 27 23 24 24 16 20 31 16 21 25 25 22 31 33 29 27 12 9 13 13 20 15 20 15 15 20 15 15 15 29 15 20 15 15 15 20 15 23 30 20 20 24 27 23 16 17 9 20 20 20 20 29 32 37 44 33 27 27 34 39 33 15 6 6 6 32 15 33 15 15 11 11 11 11 11 36 15 15 41 31 11 15 15 11 15 15 37 7 7 15 2 11 11
36 35 40 36 22 12 20 20 20 16 16 16 31 33 31 32 13 23 23 23 17 13 14 17 20 20 15 15 15 42 15 20 15 20 20 20 15 15 15 15 10 29 20 20 20 27 33 36 39 32 18 41 20 37 29 12 14 20 30 23 31 37 24 24 15 6 34 26 15 28 30 11 11 33 25 46 11 11 25 40 16 15 21 20 20 7 11 15 15 11 15 7 11 15 15 15
37 26 17 19 28 16 20 16 13 13 13 13 36 27 27 17 17 20 23 20 17 7 13 24 24 19 12 11 7 0 51 42 9 10 20 20 15 15 15 37 36 38 15 15 44 36 27 20 20 20 30 35 26 32 11 15 34 29 26 16 22 34 15 15 15 15 32 15 15 32 11 7 11 28 11 29 28 22 33 7 7 7 7 7 22 7 7 7 7 7 15 7 2 2 15 11
23 27 30 29 9 7 14 14 33 29 23 27 28 20 17 8 17 17 17 31 49 20 20 13 27 25 15 15 15 11 17 20 20 14 25 18 5 25 32 32 20 20 36 41 38 15 20 37 20 20 20 20 20 37 20 15 19 24 31 28 36 39 20 11 11 11 35 28 31 31 32 21 17 15 29 11 11 16 16 44 15 36 24 16 24 16 16 7 16 23 22 30 31 34 7 7
25 17 23 31 10 13 13 34 32 23 17 17 14 17 17 32 40 17 20 18 45 16 20 24 27 24 20 15 15 15 15 15 15 25 32 15 25 32 10 17 15 30 31 25 20 15 15 35 15 13 18 29 24 43 19 15 15 20 36 20 20 20 20 11 11 32 30 24 24 48 16 16 11 11 16 11 16 16 16 25 24 16 16 16 20 16 12 31 37 26 7 7 7 30 32 7
22 35 29 27 26 14 18 33 17 17 32 14 17 14 14 16 16 21 13 16 22 34 37 39 20 20 20 15 15 15 15 20 20 22 35 15 20 20 20 34 35 40 20 25 15 15 33 35 38 34 12 33 47 33 20 15 31 20 20 20 20 11 11 11 23 29 11 11 11 45 11 11 16 16 16 16 11 7 16 16 16 16 16 16 21 30 34 25 16 16 16 16 16 7 31 31
28 28 22 19 14 14 13 15 15 17 12 38 34 14 20 15 20 23 17 16 12 16 28 42 16 20 20 20 20 38 26 24 20 21 39 37 29 27 36 32 21 14 20 20 20 23 30 33 29 26 20 20 15 20 20 20 22 20 11 20 11 20 16 16 27 54 40 30 11 39 41 16 16 16 16 16 16 16 16 7 16 16 16 12 33 16 16 16 16 16 16 30 39 42 37 21
26 13 18 16 14 13 20 11 6 39 17 17 7 20 17 12 20 17 16 20 16 12 20 46 20 20 26 28 27 30 15 20 20 31 10 15 12 24 35 20 20 18 28 16 22 24 20 20 15 20 20 15 20 18 5 14 9 0 11 12 24 20 16 33 28 11 39 40 11 27 45 16 40 16 16 16 12 12 16 16 16 16 16 49 40 12 16 16 16 16 16 12 16 29 38 16
20 10 11 10 8 9 9 10 7 20 15 12 14 15 15 15 17 17 20 16 12 28 30 20 22 37 38 16 20 16 33 33 39 40 20 20 20 15 25 15 20 23 20 15 15 15 15 15 20 20 25 20 15 20 25 27 15 20 20 20 16 32 33 36 37 11 31 43 11 20 16 51 39 16 12 16 12 12 12 16 27 16 16 38 16 12 16 16 16 20 20 16 18 27 16 16
17 34 26 30 27 23 22 19 26 10 14 11 6 14 15 17 20 20 20 16 12 28 16 29 28 20 20 37 20 33 24 36 25 25 20 20 20 20 20 26 25 25 25 15 15 15 29 15 31 25 24 20 20 20 20 19 20 15 25 20 20 19 39 17 9 11 16 7 16 11 20 38 16 16 16 16 16 12 16 16 16 35 37 40 16 16 16 16 16 16 16 16 12 16 16 16
35 20 27 26 24 27 27 24 21 14 12 10 4 8 16 15 10 16 20 39 34 37 12 18 14 20 20 44 35 44 34 33 20 25 29 25 25 29 20 15 25 25 25 28 41 25 20 15 11 11 40 20 20 20 11 20 20 20 20 29 20 25 47 20 11 11 12 11 16 16 20 43 40 16 16 16 16 16 16 32 28 42 12 16 16 16 16 16 16 29 30 31 39 16 16 16
15 20 24 20 29 24 20 23 27 19 18 18 11 9 9 11 8 40 30 41 13 12 16 16 22 22 15 21 44 36 36 33 29 34 39 39 39 83 81 42 20 29 25 20 21 20 20 20 15 20 20 20 20 20 29 20 20 32 37 32 11 22 32 20 11 16 36 36 30 20 27 36 30 20 16 16 16 16 20 16 16 16 16 16 24 16 16 16 16 16 7 16 20 34 25 16
21 35 15 13 22 13 16 21 21 22 23 22 21 19 43 21 31 26 14 14 17 20 16 16 20 31 35 35 43 43 44 47 44 46 93 77 79 122 115 90 24 25 29 29 29 40 29 25 25 25 25 15 20 20 35 29 25 27 20 20 15 15 26 25 16 11 11 38 36 31 37 20 20 20 16 16 42 35 16 16 20 23 38 12 16 16 12 16 7 16 16 16 16 37 16 16
16 37 12 13 24 36 40 13 20 26 37 46 37 31 18 22 20 23 20 23 14 17 24 27 33 36 33 40 38 48 55 80 99 138 158 154 169 163 158 123 64 16 29 29 34 29 25 25 25 29 15 29 29 29 25 25 25 25 25 32 41 25 15 17 28 16 12 16 30 36 34 20 20 16 16 16 24 36 36 16 16 20 16 16 16 16 16 16 16 16 16 16 27 16 16 16
14 26 0 9 23 18 30 31 24 29 32 42 3 0 0 22 25 25 27 32 20 41 14 23 29 36 35 36 46 61 86 96 126 146 161 168 165 165 168 134 66 0 15 29 29 34 29 25 25 25 29 29 25 25 25 25 16 25 25 29 29 25 25 25 27 34 11 6 32 16 20 20 20 20 16 16 9 24 34 38 16 20 20 16 34 16 12 16 16 16 7 16 27 36 16 16
