examples/data/proba_v_italy_sicily/probav_s10_toc_x19y03_20141221_333m_ndvi_v001.txt
ncols         1127
nrows         589
xllcorner     12.348214285714
yllcorner     36.598214285714
cellsize      0.0029761904761905
NODATA_value  -9999
[rows 450 to 499 of 589, columns 0 to 95 of 1127]
-9999 27 24 10 15 2 19 16 24 30 47 14 5 4 5 5 26 17 30 32 31 25 26 24 27 21 19 20 33 25 26 34 4 4 30 26 23 49 30 8 20 21 25 28 20 21 20 26 31 34 28 36 20 13 0 15 24 27 28 25 11 0 0 23 18 25 28 15 2 41 0 35 25 19 19 18 21 17 19 26 0 9 29 29 0 24 16 0 0 0 0 0 0 0 0 0
-9999 13 17 17 28 10 7 32 1 13 15 28 56 5 3 7 4 32 23 33 32 36 27 24 29 30 22 18 31 24 37 4 16 13 28 27 23 48 24 30 25 34 32 21 32 20 17 17 29 33 30 26 29 16 12 23 24 27 11 19 30 29 18 16 23 10 31 31 28 0 0 3 33 0 16 16 14 14 38 22 24 15 31 34 0 0 2 12 0 0 0 2 0 0 0 2
-9999 38 37 34 31 31 0 21 31 15 31 35 32 81 24 10 38 26 28 30 23 19 24 24 30 28 23 31 32 35 20 26 30 31 29 27 25 16 18 23 29 24 5 10 30 22 20 20 32 36 29 22 27 14 19 17 22 26 35 27 24 24 33 29 26 27 27 27 0 13 13 11 20 12 13 0 41 26 28 22 24 16 24 34 0 22 0 0 30 26 0 2 0 0 0 0
-9999 34 24 34 32 28 16 34 22 26 22 31 53 36 27 12 34 24 27 27 18 25 34 29 27 28 26 24 30 25 19 37 34 33 26 20 27 22 27 42 21 14 13 17 16 29 31 28 23 22 29 28 15 34 24 30 18 28 33 28 23 41 30 31 35 1 1 0 0 12 16 19 21 13 13 19 23 28 19 17 22 31 0 40 0 0 0 0 18 28 0 0 0 0 0 0
-9999 31 28 18 37 51 41 13 26 27 39 28 17 53 24 39 32 28 32 31 53 34 31 30 30 29 15 29 4 19 25 28 25 27 25 19 32 0 26 28 24 14 12 12 13 24 31 26 31 33 26 31 14 9 24 24 23 23 33 31 25 28 29 29 1 1 0 0 32 12 0 23 25 24 22 23 18 16 0 0 16 35 0 43 16 0 15 22 0 18 0 22 0 0 0 0
-9999 29 20 24 34 38 28 38 34 28 28 45 26 9 34 32 33 9 21 18 27 21 26 34 27 17 15 9 16 18 38 31 21 26 19 18 0 24 8 25 20 36 19 26 31 26 25 27 26 24 22 23 24 27 25 18 17 33 23 34 32 27 30 26 24 1 0 11 17 19 12 0 31 21 22 23 17 15 16 0 0 28 0 42 21 0 0 0 0 0 0 0 15 25 27 21
-9999 19 14 16 32 41 24 35 27 15 24 29 67 0 31 34 31 28 26 24 24 28 31 28 31 32 18 16 22 25 26 24 31 28 19 20 0 32 27 28 25 18 25 23 25 30 27 24 19 21 28 23 26 27 27 23 23 31 26 27 35 2 21 19 13 8 7 24 30 19 19 13 26 22 18 23 23 20 22 19 15 0 0 44 22 21 19 20 34 33 0 0 29 20 0 18
-9999 30 25 17 32 32 34 24 29 28 22 30 57 52 40 26 39 22 20 26 21 33 33 32 23 18 18 30 24 35 28 21 27 32 31 31 28 31 22 20 33 24 19 27 22 29 29 26 30 27 25 24 15 30 25 23 15 24 26 27 30 24 24 30 16 13 0 25 0 28 21 31 14 26 20 19 21 38 36 27 33 0 0 34 24 29 20 18 8 26 0 0 0 30 33 40
-9999 24 15 57 10 15 30 29 24 28 23 29 50 32 22 32 20 20 21 22 31 25 31 30 32 16 26 16 14 37 26 27 25 0 23 32 28 25 21 19 32 24 29 30 25 27 29 24 26 29 26 26 23 20 26 29 26 28 26 25 25 32 28 25 24 30 10 2 0 0 26 31 0 18 15 30 25 30 26 30 30 33 0 29 21 39 13 0 10 0 29 0 0 25 30 40
-9999 28 33 27 29 28 31 34 28 22 14 26 66 42 0 30 30 27 26 26 26 24 36 8 5 4 33 30 22 29 34 5 15 5 37 32 27 20 23 24 20 27 30 26 31 25 23 23 23 23 22 21 24 28 32 24 29 26 31 29 27 33 27 21 26 29 14 13 0 0 0 24 20 25 32 0 19 30 0 32 25 29 27 34 31 38 0 41 27 11 0 5 35 37 0 2
-9999 6 29 35 31 28 41 33 33 38 41 20 48 9 21 25 36 27 14 19 10 15 21 22 29 32 27 26 25 28 30 29 19 18 30 33 34 26 22 25 28 19 40 24 19 23 27 21 18 25 19 23 23 17 18 29 19 25 36 23 22 36 32 16 15 17 21 21 16 0 23 18 0 21 27 26 20 13 0 2 38 26 26 21 35 31 42 21 0 0 0 33 45 0 0 0
-9999 27 13 41 35 9 40 28 21 21 6 6 32 53 5 38 28 30 23 26 34 22 9 23 31 24 26 37 23 21 20 21 25 21 28 33 5 23 27 28 30 28 24 21 18 29 26 15 31 27 17 1 30 24 27 25 2 29 28 23 29 25 33 29 13 24 0 0 6 0 18 0 30 30 0 22 29 22 0 2 0 0 32 34 43 0 0 0 0 0 0 0 28 24 11 0
-9999 35 22 6 17 44 38 23 44 39 38 9 9 67 31 35 25 30 22 34 32 25 13 27 42 21 25 31 20 9 12 40 29 28 27 33 30 27 22 32 28 20 21 24 14 1 3 22 25 24 29 26 33 29 24 24 19 23 25 21 26 15 21 30 23 24 30 0 0 6 10 0 23 13 0 17 31 27 2 14 0 0 0 35 41 39 39 0 22 0 0 0 23 16 0 0
-9999 21 11 13 27 30 30 19 26 47 3 3 37 28 26 41 28 32 27 25 21 38 35 39 33 22 28 22 24 17 18 37 9 23 27 22 35 33 20 27 23 26 32 31 25 20 32 30 28 23 24 31 29 26 29 25 18 32 36 30 21 36 33 32 19 20 2 2 0 1 7 16 18 0 0 20 19 0 0 0 11 8 4 0 0 33 45 41 0 21 0 0 37 0 2 2
-9999 21 15 41 23 31 24 9 30 25 6 44 9 33 26 19 33 9 26 18 31 26 30 48 28 23 29 23 25 13 13 25 29 33 30 24 24 32 20 29 25 22 29 25 20 24 30 29 26 27 22 22 22 37 31 21 20 33 31 25 22 26 32 30 25 14 3 0 21 20 23 0 7 10 39 14 27 0 0 19 0 2 5 46 29 0 0 0 23 25 0 23 30 41 52 2
-9999 9 13 44 33 23 26 30 40 25 9 9 46 9 9 35 9 14 13 5 28 24 29 27 55 40 28 22 24 30 27 20 30 31 21 16 31 25 15 20 35 28 27 23 24 25 47 30 26 24 21 26 29 27 22 23 22 28 24 25 3 25 37 13 17 15 3 4 2 19 21 24 26 13 44 24 29 18 0 2 0 0 6 47 44 0 0 0 19 33 19 31 0 0 43 42
-9999 28 8 9 45 29 9 23 29 19 15 5 49 32 35 32 8 9 5 47 21 20 34 27 36 63 31 31 32 30 27 27 28 32 24 22 28 30 30 19 37 15 17 13 23 22 19 34 19 17 24 28 26 43 27 28 26 21 21 6 17 25 21 25 23 27 0 0 1 24 22 28 23 16 24 27 19 28 19 0 14 9 11 36 9 0 26 29 24 19 11 0 0 0 0 0
-9999 9 5 26 39 32 6 9 23 34 22 20 16 10 29 32 38 28 25 20 29 28 29 23 34 27 28 18 26 28 27 28 24 31 36 27 28 43 5 15 14 25 14 34 18 48 24 32 23 11 5 31 43 51 30 27 22 25 23 31 28 24 23 29 26 23 24 21 36 28 2 16 20 23 12 26 3 29 25 0 15 28 13 40 29 22 25 17 28 4 2 0 27 0 0 0
-9999 5 5 5 21 5 41 30 35 26 6 18 19 9 9 9 5 5 17 25 32 29 43 28 34 5 28 24 33 15 15 24 31 42 11 9 20 14 14 12 16 28 31 29 25 41 27 26 24 29 26 27 23 56 34 36 29 32 27 30 24 37 27 28 20 21 25 30 23 17 0 0 3 12 28 19 14 17 24 0 17 35 21 6 6 7 29 24 23 19 24 22 21 0 0 0
-9999 32 28 32 28 23 26 27 26 23 14 8 19 9 5 9 9 14 12 18 27 33 25 29 49 26 19 30 32 5 5 27 32 55 19 26 33 38 21 19 26 32 33 22 21 23 11 18 26 21 31 28 27 26 27 30 31 27 30 30 27 13 31 22 19 26 31 25 28 0 3 3 0 13 27 22 23 21 26 28 23 15 0 0 2 32 5 27 26 17 18 0 0 0 33 37
-9999 28 29 26 28 26 23 23 23 27 23 14 3 16 9 18 20 34 23 36 29 27 23 38 16 30 16 21 38 21 27 28 30 29 26 24 26 26 25 30 27 20 37 17 15 24 41 35 22 31 24 18 27 30 25 25 31 28 24 30 23 27 21 23 21 31 21 16 0 19 14 7 1 4 7 29 36 32 30 30 27 24 0 0 0 23 23 29 26 0 0 0 19 0 38 0
-9999 28 32 29 28 26 20 23 18 24 26 21 14 9 17 21 22 28 26 19 17 20 18 36 48 34 24 29 32 30 26 17 24 28 31 55 29 18 26 31 25 25 14 16 19 21 44 32 6 15 31 24 37 34 26 32 27 27 31 11 11 14 16 36 28 23 22 17 19 31 18 17 19 22 3 15 13 37 27 32 24 26 0 0 0 27 25 23 2 0 0 29 0 0 0 36
-9999 25 31 33 29 33 21 20 14 15 23 18 13 13 17 23 19 34 44 13 17 17 13 31 30 29 31 30 40 11 13 16 18 25 28 24 25 47 32 28 27 26 27 24 28 27 27 2 13 25 31 27 49 26 26 26 26 19 27 21 13 12 13 31 23 28 14 27 19 16 24 21 27 28 5 22 15 23 16 27 25 2 2 0 19 17 14 30 0 0 0 20 31 0 33 35
-9999 22 31 23 24 24 34 24 26 26 20 28 16 32 30 38 25 45 38 27 5 49 32 26 26 27 28 28 19 17 12 15 18 15 16 14 26 26 29 18 33 30 61 25 28 31 6 2 24 20 29 28 22 21 30 29 18 14 22 23 22 30 17 15 16 22 22 23 11 19 30 21 25 37 28 33 35 25 24 32 24 22 2 0 36 0 0 30 2 2 0 2 0 25 0 19
-9999 25 19 22 18 23 28 20 22 27 26 28 9 9 6 6 6 6 45 3 3 54 30 31 27 30 28 17 24 27 24 5 19 17 13 17 19 16 19 29 16 10 25 61 10 2 3 4 19 28 40 22 21 17 31 29 37 15 22 20 25 25 22 17 17 17 30 23 18 27 17 25 25 27 22 25 25 24 19 25 25 25 53 0 32 0 0 35 0 0 2 0 2 2 0 0
-9999 21 23 30 24 19 9 29 27 28 13 11 6 9 6 9 9 9 3 9 3 42 36 5 5 30 29 27 28 24 25 24 25 16 19 19 16 24 27 15 19 28 28 16 54 18 30 37 20 28 29 31 27 22 31 29 14 14 18 23 18 7 18 26 22 19 25 18 17 17 20 5 22 27 31 22 33 22 19 13 33 20 8 61 34 0 0 39 0 0 0 0 0 0 0 1
-9999 22 29 21 0 37 23 13 30 8 14 10 3 9 6 9 6 5 6 6 42 30 41 31 9 26 35 29 25 27 29 26 27 21 19 25 17 12 30 13 14 9 27 37 36 23 20 13 3 24 24 25 25 29 32 17 20 16 24 20 25 14 22 21 19 14 18 15 33 20 22 16 2 24 35 36 37 22 6 10 3 1 6 35 34 23 16 9 41 38 49 30 0 0 0 1
-9999 30 20 19 37 37 23 37 14 5 0 3 3 6 6 3 9 5 3 28 19 29 25 21 8 1 34 28 21 29 22 16 25 23 25 27 30 18 18 21 26 3 14 23 21 29 44 19 17 5 19 21 19 28 28 33 11 24 17 15 19 20 15 17 19 24 28 23 41 26 23 19 13 31 27 32 27 27 18 32 21 3 30 33 21 25 17 11 0 6 2 0 0 0 1 1
-9999 24 5 0 32 29 19 15 10 5 0 0 0 3 6 3 3 5 5 38 34 29 36 22 29 30 30 5 5 5 47 33 17 25 29 14 19 21 21 35 29 13 27 34 17 10 12 43 18 26 22 32 24 22 23 39 33 6 13 15 14 21 17 28 6 33 24 33 3 3 0 4 35 24 40 28 28 30 26 28 27 25 33 0 14 25 21 10 31 29 28 24 30 0 0 1
-9999 10 14 25 28 25 11 18 15 6 9 32 0 27 3 3 3 9 8 5 30 7 26 30 28 27 7 26 5 6 5 9 9 15 18 16 16 25 20 13 9 20 26 20 11 7 10 14 51 22 33 25 34 3 7 27 30 6 6 12 2 0 6 0 5 39 37 37 29 29 22 39 26 26 28 29 30 29 28 0 0 3 15 30 0 0 18 21 31 3 3 16 20 20 19 1
-9999 11 17 39 41 33 34 24 21 19 19 8 32 36 6 10 10 10 9 9 47 11 10 40 33 30 30 6 6 6 27 6 10 10 10 10 10 12 20 20 7 9 10 10 3 20 23 26 29 39 51 25 30 26 6 20 28 16 9 3 11 9 9 20 25 10 39 6 5 28 25 26 24 23 25 31 26 24 29 2 0 15 23 3 6 2 28 6 5 32 33 25 2 32 28 21
-9999 13 36 25 22 24 27 24 27 25 20 19 27 40 3 7 23 19 11 15 31 43 8 33 26 23 23 25 3 20 6 6 23 10 6 10 0 17 23 21 16 6 10 3 24 4 50 21 24 21 25 37 29 21 21 22 20 21 18 14 14 16 31 22 29 28 28 26 32 35 22 44 24 24 27 29 25 26 27 21 35 23 21 26 30 19 32 36 0 0 3 26 40 33 1 23
-9999 15 20 24 25 28 31 29 23 22 20 18 17 33 19 10 0 11 18 31 34 21 25 25 28 28 27 29 3 5 9 6 28 31 28 20 7 11 13 18 27 22 12 3 10 6 21 21 28 25 15 22 34 48 24 25 23 31 20 24 22 39 27 23 20 21 11 21 29 35 29 28 37 34 30 28 27 9 3 21 25 0 18 4 5 2 2 2 2 2 2 2 32 18 23 21
-9999 15 25 23 27 23 24 26 22 21 9 36 35 19 20 3 0 25 15 43 29 45 25 31 28 25 29 31 29 15 6 2 10 20 29 17 5 11 3 30 30 20 22 8 5 13 14 41 22 13 21 2 27 28 22 29 53 23 16 20 27 41 3 4 0 0 22 16 25 30 30 27 26 39 10 10 4 9 12 14 7 21 14 0 5 6 2 0 0 2 2 2 0 19 19 26
-9999 5 18 22 22 23 23 23 31 7 3 28 32 18 18 20 36 16 35 27 26 45 27 34 27 30 30 28 17 15 10 4 3 11 8 8 8 7 37 36 41 31 23 34 5 7 47 11 17 8 25 14 20 30 16 13 23 48 29 26 18 37 0 17 0 2 2 0 16 5 25 33 43 28 31 6 6 3 12 19 25 16 22 5 2 2 2 30 24 0 2 0 0 23 23 2
-9999 16 24 24 28 25 20 6 20 33 39 36 5 6 20 19 43 22 23 28 26 40 29 29 26 28 30 27 16 9 9 7 6 5 3 9 8 12 15 28 22 37 23 18 18 10 54 28 16 14 18 17 18 22 35 28 24 19 26 65 23 34 3 16 2 11 6 4 11 7 23 31 36 40 28 2 2 6 6 17 28 21 18 14 0 2 0 26 24 22 23 26 0 1 30 4
-9999 24 24 41 41 32 8 5 14 21 24 19 19 21 20 18 20 38 21 25 33 29 30 21 20 25 32 18 15 6 6 9 17 17 38 31 28 22 20 24 19 30 13 48 7 11 39 36 17 12 7 15 18 3 30 26 33 15 3 0 56 30 38 7 4 4 6 4 6 30 32 36 0 0 28 28 0 4 9 6 5 18 23 15 48 0 0 22 25 23 6 6 3 0 0 34
-9999 27 24 23 33 47 38 1 13 27 21 17 15 26 3 23 20 39 22 22 25 24 27 26 24 24 22 24 10 14 9 7 21 25 22 21 18 31 16 17 17 27 17 10 0 7 58 3 4 3 0 31 28 28 28 18 44 25 20 17 14 42 18 6 6 4 0 0 2 21 2 0 0 2 0 22 21 25 0 0 5 2 17 23 18 16 7 18 22 2 0 2 2 24 23 29
-9999 27 24 24 25 2 9 30 28 24 19 16 11 38 25 24 28 27 35 23 23 40 24 26 26 25 29 26 27 25 21 21 29 22 8 12 15 31 31 31 23 29 26 21 14 0 7 70 7 1 19 25 39 18 0 23 12 43 21 20 13 11 20 46 10 31 39 23 0 6 25 27 25 0 0 0 0 19 24 0 5 14 2 14 23 18 28 25 24 24 3 3 6 28 19 6
-9999 26 33 57 0 5 7 0 2 0 3 11 38 39 37 37 33 29 27 31 23 25 21 24 25 23 23 25 23 24 20 24 26 37 24 19 22 15 29 21 29 23 23 23 17 5 19 5 45 27 32 5 15 33 25 22 21 24 25 1 6 6 21 15 11 46 39 37 18 23 7 29 18 0 36 27 0 25 29 19 19 22 2 6 18 29 24 0 0 22 22 25 25 30 6 23
-9999 38 40 37 5 0 0 0 0 6 2 3 29 48 24 22 52 50 13 50 20 20 19 10 18 23 24 32 23 24 20 24 26 41 19 33 22 21 12 17 23 27 20 15 17 32 12 24 24 22 27 6 12 32 30 21 21 22 24 0 6 16 18 25 3 36 32 20 20 15 0 6 0 6 0 0 0 0 0 0 0 24 17 10 23 22 27 0 6 15 12 22 2 3 3 2
-9999 40 31 31 18 14 0 0 3 3 0 30 0 54 10 7 25 25 30 13 28 5 0 6 8 5 25 25 24 23 25 25 23 24 46 26 20 20 18 8 32 46 27 28 25 17 28 25 17 17 25 36 37 23 23 25 34 31 37 43 23 16 15 20 22 31 0 38 24 33 25 32 7 0 3 0 0 0 0 0 0 0 5 6 3 26 20 2 26 23 25 28 2 0 3 3
-9999 27 36 40 25 18 160 60 42 1 0 0 57 38 3 25 25 41 23 22 23 24 14 10 11 4 6 4 3 20 21 21 24 16 49 26 30 22 21 22 21 24 23 23 24 24 26 9 29 26 26 27 22 17 23 22 19 22 26 0 25 22 38 0 5 3 6 29 37 54 30 39 6 10 24 18 11 0 0 0 2 3 2 5 2 1 3 9 23 37 17 8 3 0 2 25
-9999 25 56 26 21 16 17 0 20 43 39 35 49 2 0 19 44 21 26 29 24 27 22 18 21 6 3 5 6 43 21 22 28 21 15 20 31 37 31 22 36 25 30 37 19 22 23 30 27 29 24 37 13 23 20 13 26 27 25 24 19 17 3 0 7 6 12 24 18 48 11 6 3 12 24 19 15 22 5 0 2 0 6 10 3 22 0 21 24 31 33 25 10 30 25 27
-9999 27 40 26 17 26 55 42 31 26 4 12 13 9 7 29 58 5 8 0 88 30 25 22 17 7 5 5 26 42 24 27 31 27 24 29 40 43 50 35 28 26 37 37 37 21 20 39 32 24 18 15 33 23 21 24 23 23 22 19 0 5 2 0 7 6 7 9 17 18 42 45 0 0 0 4 30 30 6 7 6 0 2 2 0 21 3 2 24 28 0 27 2 28 0 0
-9999 17 31 27 24 26 26 21 22 15 35 26 23 5 7 58 10 0 5 3 2 55 17 23 28 31 0 31 42 37 22 15 32 3 6 16 33 32 35 25 25 29 37 34 28 37 25 34 29 27 23 0 4 6 16 26 20 17 0 0 0 3 8 13 14 8 3 3 7 19 21 20 34 15 20 17 12 14 17 15 10 0 37 23 21 21 2 6 25 27 3 25 27 31 2 4
-9999 23 12 10 18 37 27 24 25 24 49 0 7 5 5 57 2 5 0 4 3 2 15 33 27 14 0 49 22 21 37 18 25 1 14 24 24 8 12 18 25 34 37 36 37 37 37 29 28 37 13 3 0 11 20 15 38 2 2 6 6 0 2 6 43 41 3 10 15 20 18 15 12 10 16 27 2 3 11 16 21 22 20 15 9 2 6 25 34 29 0 26 27 29 29 22
-9999 28 15 15 12 32 33 37 20 22 44 14 13 42 48 5 13 12 11 1 5 6 18 27 12 19 66 17 23 28 22 20 10 6 0 30 28 26 29 23 27 25 31 37 24 37 24 30 27 37 37 0 0 16 13 9 14 11 5 4 23 18 18 8 29 1 5 20 33 35 24 19 14 17 12 16 56 24 2 12 28 24 25 18 12 0 3 6 34 2 0 6 27 31 28 24
-9999 28 35 32 23 41 33 29 28 19 38 24 33 28 10 4 7 11 17 17 8 8 13 14 8 1 86 0 0 23 12 15 10 4 2 41 32 9 11 10 7 11 29 18 28 27 20 26 37 37 37 37 11 21 19 22 22 20 16 33 23 37 22 10 23 10 20 21 16 29 22 26 32 24 25 19 15 50 18 12 10 20 22 28 23 6 3 3 50 34 6 10 13 6 1 23
-9999 35 26 13 12 33 37 35 32 30 52 26 45 35 25 14 7 27 28 37 37 13 32 22 14 7 0 3 58 9 15 22 9 0 4 25 22 23 18 15 8 14 7 20 11 24 21 31 37 37 37 20 23 22 18 23 22 23 19 29 37 37 20 18 16 27 11 19 17 9 12 15 24 24 37 37 18 17 35 43 11 12 17 18 22 26 23 0 26 29 2 6 11 6 4 1
