examples/data/proba_v_italy_sicily/probav_s10_toc_x19y03_20140911_333m_ndvi_v001.txt
ncols         1127
nrows         589
xllcorner     12.348214285714
yllcorner     36.598214285714
cellsize      0.0029761904761905
NODATA_value  -9999
[rows 106 to 158 of 589, columns 0 to 95 of 1127]
-9999 9 9 8 9 11 13 13 10 12 13 14 12 11 11 10 7 14 9 6 10 14 13 11 7 9 13 11 13 11 13 13 9 11 9 11 11 10 13 12 8 10 9 11 13 13 13 23 23 25 25 24 24 26 27 26 26 28 31 15 23 19 42 49 45 47 60 76 78 81 88 94 103 113 118 82 118 64 123 108 68 117 134 69 45 121 94 82 76 76 82 86 92 103 114 110
-9999 11 9 11 10 12 13 8 14 15 13 12 9 6 8 12 13 22 19 13 14 12 13 13 13 9 9 11 15 15 13 9 11 9 11 13 11 13 13 12 10 12 12 12 13 13 26 24 23 23 24 24 24 24 26 26 26 27 29 12 60 55 54 58 47 49 64 91 80 69 78 93 102 108 113 107 96 107 91 123 91 83 96 96 107 111 90 87 91 102 97 94 103 97 100 106
-9999 11 12 14 6 8 10 0 3 10 11 11 12 9 10 13 18 21 21 16 10 12 11 13 13 13 13 13 15 15 15 11 15 11 13 11 11 12 12 14 14 12 10 12 13 25 25 26 26 24 22 23 24 25 26 26 27 28 28 1 30 46 59 54 47 44 52 59 66 76 94 114 110 103 101 107 104 86 92 91 83 88 83 93 102 86 83 82 82 92 120 112 119 99 76 83
-9999 10 16 20 20 9 12 7 0 1 20 7 9 18 19 15 12 14 15 13 30 13 15 15 33 33 11 30 11 11 11 11 11 9 13 13 12 11 10 12 12 8 12 12 11 19 20 21 24 25 23 24 26 26 26 27 29 29 28 30 34 42 51 48 42 46 54 60 66 88 117 116 104 105 113 110 87 65 50 46 80 91 75 66 84 61 82 87 79 74 96 91 102 86 70 71
-9999 11 16 22 22 18 16 8 20 18 7 0 12 15 16 19 11 12 12 11 13 27 26 29 13 9 13 32 11 11 13 15 11 11 11 12 12 30 31 28 25 30 32 12 11 13 19 18 18 22 23 22 23 39 25 27 27 27 29 40 43 39 39 44 57 56 57 62 70 90 94 90 98 99 103 103 86 80 65 55 74 76 77 86 73 51 84 95 97 100 105 70 74 82 82 76
-9999 12 12 12 14 13 9 8 25 25 37 37 37 12 7 14 12 10 12 25 11 23 13 13 13 11 13 28 11 11 13 13 29 11 10 12 12 10 28 30 27 23 29 31 27 23 20 19 19 21 22 20 21 35 24 26 29 30 36 42 45 47 39 40 51 55 49 55 71 75 73 78 84 86 69 73 52 74 91 99 91 87 93 96 82 69 75 92 74 76 96 82 82 100 106 61
-9999 15 15 12 12 10 11 10 22 25 37 26 37 19 14 12 6 8 10 12 13 13 15 11 9 9 25 28 14 14 13 11 9 13 12 12 12 12 8 30 31 26 27 32 30 27 25 21 20 21 28 35 39 25 26 30 55 52 41 48 63 72 53 42 49 53 47 48 52 57 60 65 54 61 80 88 98 73 79 91 91 94 93 89 88 87 88 84 68 86 99 87 85 92 67 60
-9999 11 9 12 10 12 12 13 16 24 27 30 22 20 14 29 6 36 6 9 9 11 13 26 26 25 25 13 14 13 18 27 11 13 11 11 10 10 8 28 30 25 23 29 28 25 26 24 22 26 23 34 45 38 35 32 41 39 36 43 54 68 68 48 44 50 58 50 44 59 68 81 64 72 83 92 89 74 76 73 83 104 103 86 88 89 92 77 78 90 102 104 87 101 88 99
-9999 10 10 12 12 9 11 15 17 27 26 26 14 11 12 8 6 36 24 22 23 23 24 23 13 15 11 13 13 21 25 28 26 22 18 12 12 6 10 22 27 27 19 22 26 24 24 25 44 27 20 17 27 21 21 22 24 21 29 35 47 55 60 59 66 70 72 73 77 78 80 77 82 82 87 111 79 67 71 79 78 76 91 86 85 83 78 88 95 103 91 84 96 106 102 105
-9999 9 13 13 45 36 29 12 25 22 13 23 25 26 12 10 37 26 8 23 25 12 13 13 13 13 13 14 12 14 12 14 12 21 22 12 12 10 19 20 22 25 20 18 21 22 23 23 39 24 24 19 21 20 11 14 23 32 38 40 41 53 55 69 83 75 73 78 77 81 75 68 76 73 74 87 73 74 76 80 90 84 95 98 90 90 99 87 53 94 101 97 103 91 75 75
-9999 14 12 25 23 15 14 28 25 15 9 13 14 23 25 21 34 27 14 10 8 10 12 10 9 11 14 8 6 12 12 11 10 8 22 12 10 17 16 16 18 23 24 20 19 19 20 21 21 23 31 21 23 23 0 0 0 0 31 31 15 40 51 58 70 83 75 74 83 100 90 74 69 76 88 101 81 78 79 70 82 95 80 77 63 74 79 99 75 74 72 102 98 89 81 81
-9999 30 25 12 16 14 12 26 15 15 13 13 14 13 12 8 10 10 9 12 12 10 29 12 8 12 10 10 7 8 12 8 12 10 21 22 12 21 18 18 18 21 21 22 22 20 20 37 20 21 21 22 23 31 34 0 0 0 0 4 34 35 43 52 55 65 67 70 87 112 109 99 96 91 91 83 72 69 69 77 94 99 87 86 78 83 100 103 109 76 123 107 96 100 90 90
-9999 30 14 10 28 33 30 30 16 13 13 12 13 13 13 12 10 9 9 10 10 12 44 12 10 12 10 9 12 12 12 9 18 12 10 18 22 25 22 21 20 20 21 19 19 20 19 40 20 21 21 21 21 27 35 16 0 0 0 0 33 15 46 59 55 63 70 75 85 81 81 91 92 84 101 103 78 68 81 95 113 109 110 127 101 97 108 109 123 120 121 114 126 80 69 74
-9999 30 26 22 19 16 14 16 14 12 12 16 14 12 10 10 19 7 12 12 10 10 12 50 10 12 12 14 14 9 5 49 9 5 9 7 17 21 22 21 21 21 21 20 19 21 20 19 37 22 23 24 27 33 42 39 32 0 0 0 32 25 26 41 47 50 56 61 74 79 73 80 90 85 76 87 73 89 118 110 105 85 94 104 103 111 121 101 98 86 104 81 79 79 85 85
-9999 89 43 13 10 14 12 14 14 54 32 17 8 8 8 8 23 19 10 11 30 9 42 8 12 9 6 40 10 12 62 6 4 6 7 11 20 20 22 29 22 21 19 20 20 21 22 43 23 23 24 26 17 38 42 47 41 34 31 0 0 10 31 18 42 64 67 68 73 82 81 89 104 109 54 72 58 116 121 94 92 82 92 102 93 91 84 93 99 89 89 72 72 92 94 91
-9999 92 30 12 58 18 14 12 14 43 12 12 12 17 10 10 61 12 7 10 10 45 35 29 9 36 44 14 22 11 56 10 7 11 28 24 23 22 20 22 21 22 22 22 22 22 22 23 23 23 34 36 21 0 0 35 34 18 39 46 0 15 52 46 61 71 65 69 71 64 76 91 90 70 95 82 83 95 101 88 80 101 99 90 81 84 95 105 112 91 73 71 76 85 87 80
-9999 59 24 18 50 28 14 12 12 14 12 21 14 12 8 12 10 39 9 10 10 14 25 27 9 25 36 16 2 16 24 32 33 24 24 24 34 17 23 24 22 22 23 24 23 22 21 19 20 23 50 50 27 1 26 43 0 0 0 41 59 59 66 70 67 70 73 75 74 63 50 63 63 54 76 62 126 65 85 76 74 99 80 80 83 86 94 101 105 87 57 79 79 82 77 80
-9999 16 25 12 26 12 14 23 15 9 8 36 5 9 9 10 14 12 38 16 12 12 10 12 12 6 10 6 29 30 42 27 9 11 21 23 24 23 18 22 21 20 21 20 22 23 22 19 20 3 7 0 0 49 73 60 35 25 34 52 58 64 63 69 78 77 70 65 65 77 68 69 86 88 56 61 97 71 83 90 75 86 63 59 78 79 96 92 90 85 83 83 74 68 67 69
-9999 15 14 14 33 12 14 16 12 9 11 41 6 5 9 6 5 17 9 9 11 9 12 14 12 10 8 12 25 27 12 12 12 10 25 21 22 23 22 22 19 35 30 22 24 24 27 31 22 0 24 28 64 81 77 75 75 74 69 66 71 68 62 66 63 77 77 74 79 80 54 46 61 55 62 61 64 84 102 64 65 61 58 85 83 78 87 83 75 70 56 60 63 62 58 54
-9999 16 15 13 12 10 11 16 14 10 10 22 16 46 9 19 13 7 6 9 12 12 8 10 12 10 12 12 14 23 24 25 13 13 24 36 12 12 22 22 22 19 21 23 18 25 24 25 0 63 70 77 92 93 79 70 77 82 82 85 90 80 81 91 83 91 96 93 83 72 54 47 54 70 66 84 67 59 66 66 62 80 90 84 94 80 65 82 96 69 59 58 57 57 54 53
-9999 15 15 13 14 18 14 12 15 12 11 19 16 13 12 12 24 18 10 6 16 10 11 30 24 8 8 13 15 13 11 20 23 13 10 4 33 30 20 32 29 21 18 22 26 27 12 9 0 64 76 80 82 74 78 75 77 80 77 72 68 79 99 108 94 95 101 98 90 84 73 70 71 85 89 67 62 44 48 64 63 84 64 74 69 80 85 102 109 93 58 54 52 55 60 59
-9999 17 15 11 10 8 12 13 11 9 12 21 16 17 14 14 19 25 3 12 11 13 13 11 10 8 13 11 13 13 11 9 11 9 10 10 8 11 14 18 21 24 23 22 22 28 24 24 10 19 43 67 84 80 80 81 71 69 70 75 86 101 115 113 99 107 111 111 90 90 101 100 109 102 112 85 58 36 34 43 76 62 55 60 67 79 87 89 86 77 61 54 52 55 61 61
-9999 13 13 12 14 14 7 8 17 16 12 21 19 25 26 23 19 28 0 18 15 45 11 11 9 7 9 14 12 13 13 15 11 13 10 12 13 13 23 21 22 24 25 27 29 31 17 25 18 33 41 53 80 82 82 85 77 78 72 83 87 94 107 106 105 108 109 102 96 100 87 118 108 63 65 61 50 33 35 87 86 63 64 67 81 100 88 77 75 68 91 70 58 76 80 76
-9999 13 15 15 14 21 17 15 12 7 8 14 17 8 9 16 14 20 22 17 6 6 6 9 9 6 9 10 14 27 27 11 13 13 13 15 22 22 21 21 24 23 26 29 31 33 17 12 37 40 45 36 19 45 52 60 68 73 72 75 88 100 107 112 104 85 90 114 119 114 106 105 62 79 66 52 93 45 48 64 78 83 94 85 94 101 86 81 74 90 98 67 57 57 62 62
-9999 13 15 15 13 18 23 20 14 13 11 12 17 17 16 10 12 16 18 16 11 8 5 7 11 9 9 10 12 13 24 25 11 13 13 22 21 21 22 22 15 13 13 16 18 20 19 13 35 0 64 73 44 57 66 68 73 80 91 100 109 106 102 102 75 78 91 105 126 134 69 133 64 57 53 66 83 52 66 67 61 66 78 71 80 85 89 81 90 90 84 73 66 61 59 57
-9999 10 13 11 10 6 11 12 18 18 15 14 13 18 16 10 9 16 19 14 11 19 17 12 6 11 11 12 10 12 13 21 19 19 19 16 17 20 20 20 13 15 13 16 16 18 16 37 40 43 91 88 54 36 76 88 100 95 91 91 92 111 107 89 74 90 103 64 86 95 123 128 104 86 73 56 57 77 72 59 66 60 60 60 77 73 74 83 75 54 54 57 56 55 76 66
-9999 8 8 10 11 10 11 13 15 14 15 14 11 13 9 12 8 6 6 8 9 16 18 11 9 6 4 6 6 6 9 6 22 12 13 19 18 21 20 22 13 15 15 14 14 30 28 37 0 55 81 66 24 32 87 91 93 102 109 100 90 100 107 105 101 97 102 82 97 53 67 113 57 61 66 60 59 63 57 57 57 62 54 70 56 62 62 75 81 60 55 55 57 56 60 61
-9999 11 7 9 11 10 12 11 16 17 12 9 15 9 11 9 9 9 9 11 13 18 18 13 10 32 5 2 0 14 14 9 29 33 12 12 26 27 24 25 15 17 18 18 16 38 17 8 0 44 61 74 77 82 90 97 92 108 108 96 90 94 106 114 94 63 51 105 95 122 119 73 84 57 68 58 63 81 74 67 60 67 54 56 57 60 58 74 80 75 59 58 60 61 64 54
-9999 15 10 11 12 9 14 15 17 15 10 13 11 11 11 14 15 15 16 15 10 14 18 14 27 27 11 10 7 9 9 15 13 29 31 25 24 30 28 27 16 18 22 24 18 43 15 1 33 50 60 78 87 84 83 89 82 89 97 97 85 88 102 125 71 64 97 78 80 76 68 74 81 79 68 59 61 61 55 53 60 60 60 56 54 57 71 69 68 59 59 64 61 54 53 54
-9999 14 15 10 14 13 10 11 10 12 13 10 12 11 13 15 18 12 12 11 26 7 9 11 29 12 13 24 31 4 38 18 11 25 7 11 17 15 11 13 16 17 18 18 18 37 44 24 75 80 79 76 83 94 92 91 88 86 82 80 92 103 98 85 106 63 83 143 81 73 73 66 89 83 84 78 63 63 59 56 54 64 73 63 53 58 71 71 67 63 55 55 57 60 61 57
-9999 27 10 13 14 11 18 18 14 12 14 15 16 14 17 17 16 18 25 25 23 14 11 10 33 20 17 20 27 26 33 38 31 9 7 7 5 9 11 26 35 39 34 36 38 38 3 74 94 101 85 85 91 92 88 90 96 97 88 84 93 80 90 56 58 104 81 80 82 64 105 89 72 71 63 65 66 65 60 58 64 67 62 64 66 67 71 58 58 56 54 52 55 57 60 60
-9999 23 38 12 14 13 17 17 21 20 17 15 17 16 15 20 18 18 22 21 23 21 24 0 29 32 20 12 14 23 13 11 8 9 11 9 9 10 12 30 22 18 17 18 18 6 51 82 91 97 93 87 84 88 86 89 98 104 93 93 101 71 64 75 82 85 77 72 75 72 83 77 79 74 73 70 64 70 66 60 57 65 64 69 72 65 62 56 56 56 55 56 55 53 56 73
-9999 19 12 26 42 34 4 9 15 17 17 12 13 17 16 13 11 21 23 21 19 22 22 23 24 17 21 17 11 6 11 11 7 9 10 10 10 12 16 38 22 17 17 14 10 39 75 86 94 99 94 85 80 86 83 85 100 118 115 109 110 126 137 105 82 78 71 68 78 74 71 105 90 86 70 68 86 85 77 64 63 71 70 68 63 55 53 54 56 55 65 53 54 53 59 63
-9999 10 14 14 24 11 11 14 16 10 15 13 9 9 13 14 11 20 22 25 19 25 27 37 24 13 28 26 24 5 6 12 8 8 8 8 24 14 18 20 36 17 13 10 6 59 82 85 90 89 88 96 95 89 80 98 109 116 122 108 100 118 119 78 73 77 78 64 64 71 74 94 81 68 67 67 89 87 77 64 61 58 58 59 58 68 55 53 55 55 58 58 55 59 94 75
-9999 33 17 68 16 19 18 14 17 14 13 11 30 13 11 28 25 20 22 24 24 24 26 21 4 29 9 6 6 24 4 4 30 6 10 10 19 9 10 37 18 17 10 0 45 60 77 87 89 95 91 97 103 96 89 101 109 111 121 124 82 89 78 73 102 84 76 94 89 78 85 77 71 68 65 62 69 71 70 64 59 64 68 68 67 73 55 54 56 55 58 57 58 67 82 66
-9999 37 22 20 46 16 17 17 13 13 13 11 8 11 22 20 19 20 21 24 30 8 9 9 11 39 10 28 92 2 4 8 12 36 28 16 21 29 20 38 19 12 0 25 53 58 68 81 80 69 76 72 57 106 92 107 111 103 111 120 91 83 78 80 100 73 76 86 82 90 74 83 67 75 76 76 88 81 73 68 67 70 72 66 61 56 61 54 56 55 54 54 55 59 72 63
-9999 59 37 19 12 14 11 8 11 11 11 8 30 31 26 23 21 21 23 26 27 18 7 11 11 33 8 19 63 46 8 12 29 35 12 16 22 27 34 39 29 15 44 63 73 77 82 83 80 73 72 70 66 90 87 72 76 101 110 100 82 80 95 92 91 86 72 70 84 83 62 60 77 77 83 74 77 82 73 73 59 63 61 64 59 55 62 52 56 59 54 53 65 65 62 65
-9999 72 61 51 35 6 27 26 36 11 11 26 23 24 26 21 19 20 21 29 33 31 29 9 9 6 10 7 29 26 40 29 41 12 14 16 20 20 30 40 44 43 59 83 74 70 81 81 70 64 59 61 66 62 89 70 74 92 98 108 77 77 79 79 78 75 74 72 72 70 92 98 67 44 61 72 72 76 67 68 67 73 66 77 82 77 59 59 58 61 61 65 70 63 64 80
-9999 88 78 68 64 57 67 62 29 33 43 23 21 36 27 21 32 20 21 24 28 30 32 30 31 31 9 9 24 20 21 12 31 45 14 41 40 20 31 11 2 58 76 75 68 65 67 81 79 49 63 66 68 100 105 104 90 69 74 79 99 78 79 77 77 72 70 72 88 72 75 70 62 61 68 73 70 90 70 59 63 71 74 85 70 67 66 72 75 66 62 69 68 70 77 84
-9999 82 92 82 70 77 82 70 40 24 24 22 29 58 19 20 20 21 25 21 25 26 29 32 30 31 31 30 30 27 30 12 36 40 34 16 18 14 41 2 9 61 71 67 72 82 72 73 76 73 61 68 68 84 93 79 74 75 76 98 95 75 74 76 75 72 73 70 81 71 72 65 65 71 68 64 59 64 62 61 68 71 81 77 72 69 78 81 78 74 72 69 72 63 67 70
-9999 84 90 87 74 76 80 65 27 24 23 24 23 24 21 20 53 45 21 20 21 23 28 30 28 25 28 27 31 7 7 17 30 30 14 16 12 10 37 39 36 67 80 78 73 74 71 65 66 73 75 82 75 53 29 105 104 108 81 86 93 96 68 71 75 67 72 72 68 70 67 75 74 78 63 61 69 67 61 67 61 70 71 72 81 81 81 78 67 67 71 69 72 61 64 77
-9999 77 81 86 80 80 77 62 25 24 22 21 19 19 19 20 20 20 40 38 36 22 31 24 26 26 27 30 42 11 5 33 31 32 33 34 35 28 38 54 64 77 89 91 72 68 72 71 68 70 65 77 75 56 105 71 73 73 69 124 114 68 92 78 65 88 92 92 87 92 83 81 78 65 63 65 70 70 59 57 56 66 70 74 66 63 78 70 74 77 80 85 68 66 65 71
-9999 75 80 84 86 87 72 46 23 24 22 21 19 20 19 19 20 20 22 21 21 21 23 64 52 28 35 40 39 40 35 30 30 20 20 14 38 41 43 48 55 75 100 102 82 83 93 72 66 69 63 64 54 58 72 93 65 63 84 67 95 107 99 102 93 88 79 76 68 72 74 78 89 68 64 62 61 61 69 70 61 69 74 65 60 60 67 78 75 84 85 90 84 86 74 87
-9999 78 73 67 67 62 60 27 24 23 22 21 20 20 21 20 20 20 20 21 21 21 21 21 21 45 26 47 31 22 33 36 37 38 27 30 0 0 10 0 66 89 93 105 121 106 103 93 83 58 59 59 52 51 87 103 102 96 91 79 78 83 83 95 111 101 87 79 90 69 72 77 76 67 65 71 61 61 63 67 64 61 62 68 73 66 69 88 81 84 85 87 96 99 106 120
-9999 58 61 50 23 23 23 22 23 23 21 21 19 20 20 19 19 20 19 21 22 21 20 21 20 18 20 24 29 56 45 23 32 33 34 34 30 31 31 32 67 92 98 99 109 120 116 104 91 66 63 67 77 98 109 106 105 104 95 89 88 90 53 53 62 57 57 59 95 98 79 78 70 65 66 64 62 64 65 65 64 60 62 65 70 65 71 70 69 75 94 88 102 92 103 106
-9999 5 17 20 17 18 18 19 21 21 19 20 20 20 19 19 19 21 20 19 21 21 19 19 19 0 0 17 21 24 2 26 34 34 69 61 31 30 21 26 61 78 86 99 97 96 107 108 92 65 59 78 93 110 105 104 115 113 107 91 88 50 48 47 48 51 72 118 117 101 78 75 65 90 72 76 60 64 68 65 64 69 64 73 73 66 75 76 82 92 89 113 114 117 121 117
-9999 12 13 21 24 21 17 13 16 20 20 20 20 21 21 21 21 21 21 22 21 20 21 19 0 15 13 18 24 4 9 24 22 27 38 25 1 0 0 0 74 101 102 97 87 79 92 110 108 99 87 88 91 93 91 101 105 106 103 90 45 48 52 55 49 64 92 110 74 32 44 67 63 69 69 63 66 62 66 70 72 75 73 86 94 86 71 74 80 85 97 118 118 109 92 91
-9999 29 27 21 21 30 26 23 22 21 23 21 21 20 22 21 20 20 22 20 22 23 21 20 0 0 14 18 24 1 14 0 0 23 34 0 0 0 0 48 93 107 112 108 98 100 99 114 112 108 113 108 95 93 104 109 109 109 103 91 98 48 51 54 57 67 122 131 114 121 104 53 83 66 63 60 61 69 68 74 77 82 87 105 109 90 102 113 98 91 106 91 96 97 95 89
-9999 18 21 25 25 31 33 24 20 19 20 18 20 20 8 8 10 21 22 23 21 22 22 19 0 0 17 22 20 22 15 0 18 32 37 1 4 2 36 39 85 100 103 102 94 104 103 105 112 106 107 118 113 102 95 92 106 112 116 98 99 94 77 67 60 66 94 98 82 109 66 65 85 68 69 65 65 75 81 76 79 84 89 84 83 89 100 117 112 96 92 79 74 83 95 120
-9999 26 18 17 18 19 19 20 19 19 20 8 8 8 8 21 21 10 10 22 21 20 19 20 20 0 16 24 15 0 0 21 25 29 40 41 0 35 32 34 39 78 93 98 101 112 100 88 96 102 103 121 117 111 104 94 102 108 124 118 107 48 92 83 85 75 54 64 67 63 60 68 57 67 65 63 62 70 74 92 91 106 96 79 86 98 120 124 134 129 101 92 80 85 101 107
-9999 21 19 17 19 21 20 19 18 8 10 10 10 8 6 8 8 6 12 21 21 22 21 21 21 19 16 17 23 25 23 60 85 95 38 36 38 36 33 30 30 70 90 92 108 112 101 92 93 96 96 105 119 116 111 100 92 86 112 124 114 48 51 74 71 84 73 106 103 64 63 54 71 91 75 69 71 73 79 92 100 117 112 102 102 129 139 104 104 91 95 106 92 90 99 90
-9999 17 19 16 10 8 8 6 6 10 12 21 19 8 12 14 10 8 12 22 21 21 20 21 23 23 19 16 21 51 29 82 111 105 70 32 35 57 33 29 27 29 38 74 97 108 99 98 111 106 96 111 108 108 111 115 109 96 74 79 82 80 81 95 87 79 86 75 66 71 71 84 79 83 78 76 75 75 98 121 126 108 108 106 128 145 123 98 98 100 113 128 106 90 112 137
-9999 7 21 25 19 18 17 10 10 10 6 6 26 16 12 12 10 20 20 21 23 22 21 19 21 21 20 20 23 28 29 65 106 106 74 31 28 30 66 37 27 29 29 30 36 97 116 109 106 99 99 104 113 116 112 110 107 113 83 75 78 109 115 113 104 95 103 108 84 77 83 96 85 84 76 82 99 103 125 133 127 126 128 123 131 124 115 125 139 137 128 116 101 70 68 81
