examples/data/proba_v_italy_sicily/probav_s10_toc_x19y03_20150301_333m_ndvi_v001.txt
ncols         1127
nrows         589
xllcorner     12.348214285714
yllcorner     36.598214285714
cellsize      0.0029761904761905
NODATA_value  -9999
[rows 188 to 234 of 589, columns 576 to 671 of 1127]
148 158 153 136 126 141 161 165 166 156 156 167 169 164 138 117 98 91 149 150 114 147 79 119 154 113 143 155 147 152 193 196 169 170 164 174 182 169 161 177 171 166 165 174 176 162 170 166 144 158 173 186 193 193 189 189 200 204 194 177 175 162 136 153 178 162 136 191 160 180 171 164 156 112 108 173 154 152 143 107 108 146 181 172 179 179 174 180 191 157 183 197 190 188 188 179
148 159 160 120 140 149 160 167 167 159 164 128 89 130 106 92 94 123 167 156 152 159 162 155 163 160 155 152 145 136 104 168 126 163 160 171 180 180 169 187 193 177 166 164 162 163 167 164 166 179 178 174 175 177 177 175 186 196 201 187 177 173 171 171 183 186 139 92 124 198 212 197 178 169 166 173 165 169 179 174 157 156 171 171 180 191 182 182 196 198 184 180 176 194 184 160
150 164 183 114 148 148 159 148 151 107 114 112 133 129 116 104 103 87 105 132 141 160 160 139 159 170 146 132 147 155 112 190 151 175 162 174 175 173 168 170 177 171 174 172 163 172 172 172 174 157 175 216 209 189 179 183 183 172 175 174 178 185 179 173 198 188 138 119 174 193 206 202 72 172 172 172 158 173 181 187 188 152 154 141 145 196 180 174 189 168 152 182 188 196 180 172
149 142 127 111 122 143 163 114 107 112 117 102 99 134 139 50 207 140 141 113 154 179 170 155 156 167 165 142 135 157 170 173 184 194 161 167 175 165 171 166 167 166 167 175 172 188 188 193 200 174 180 217 200 187 180 170 171 177 179 164 171 176 174 179 184 202 161 196 187 76 190 183 160 167 200 183 158 163 190 195 179 119 128 116 119 160 181 190 200 196 199 182 180 183 188 189
126 126 113 107 111 112 124 122 115 106 97 93 95 80 61 87 102 90 143 122 148 166 168 173 169 176 187 175 155 164 163 157 169 168 154 154 157 155 144 149 167 163 162 171 170 175 178 179 167 183 180 190 190 179 167 160 164 165 169 171 176 172 174 187 194 196 198 141 166 80 191 166 104 168 161 138 190 195 197 188 170 154 168 167 139 128 161 189 192 192 198 198 188 189 192 192
129 129 116 111 156 116 115 112 105 97 227 100 89 136 134 137 57 98 115 126 160 165 157 175 193 193 186 188 173 155 161 165 158 150 148 145 155 169 159 168 165 159 175 183 196 194 189 176 185 180 179 178 179 167 159 172 162 163 178 180 179 170 154 162 192 192 186 183 90 100 174 196 142 178 175 127 192 192 181 178 178 187 190 185 169 159 163 176 190 186 189 205 199 190 184 188
133 156 130 125 125 128 123 112 101 102 90 110 111 126 123 87 94 67 105 99 154 148 145 154 157 70 61 65 172 161 177 177 140 167 172 166 157 178 184 187 171 158 154 163 180 191 180 164 171 188 199 181 186 183 182 191 180 170 160 162 154 124 135 168 185 190 192 130 128 118 191 169 161 175 187 187 196 200 186 179 191 193 188 189 180 176 166 154 171 178 180 182 182 187 182 181
139 124 118 111 119 135 127 106 90 88 85 81 90 88 99 146 149 103 75 74 60 149 138 101 146 59 166 70 68 107 104 190 130 175 184 168 159 169 175 184 193 185 166 171 183 193 193 177 177 198 204 202 208 202 183 186 186 182 164 136 154 150 131 156 160 162 174 103 99 142 194 170 137 178 200 198 201 198 186 187 205 193 180 182 181 169 178 186 183 175 177 188 184 173 183 172
119 113 110 116 136 145 124 101 98 88 76 76 90 97 97 99 96 140 193 155 126 156 152 114 99 57 71 162 176 182 176 158 151 167 182 166 144 133 164 198 196 198 188 168 186 192 193 191 199 213 200 189 176 178 183 180 191 205 206 165 134 169 178 174 178 152 112 109 122 153 189 195 229 250 196 194 189 178 182 189 193 195 175 163 182 198 192 192 188 187 187 189 184 181 189 184
120 120 160 127 129 125 113 100 93 88 100 135 131 101 82 102 103 85 58 140 140 144 144 152 161 168 124 125 177 168 161 161 150 163 177 147 128 130 144 175 174 178 183 177 197 194 189 201 202 197 185 171 182 194 196 198 198 193 190 180 164 170 162 163 164 135 78 160 114 174 200 190 172 250 234 200 191 176 181 158 162 190 182 186 194 191 198 198 186 192 201 199 193 183 190 189
109 122 139 145 127 118 113 108 105 92 112 180 112 116 105 99 105 85 137 171 164 152 155 162 127 92 151 60 160 188 172 159 152 176 182 154 125 133 142 151 181 151 164 176 171 175 179 187 181 175 188 193 203 212 201 198 199 194 202 200 203 207 184 161 148 132 102 144 136 128 162 165 73 168 158 221 193 174 180 176 181 190 183 183 181 177 187 185 173 197 214 188 167 185 186 185
127 135 139 141 129 124 120 115 126 180 131 110 112 116 121 116 124 111 81 145 168 171 143 134 105 65 135 50 63 196 170 151 163 190 193 172 157 177 170 154 154 140 166 168 169 184 190 190 183 175 178 180 182 180 180 187 199 201 200 185 187 201 202 187 175 163 147 107 76 151 103 147 123 98 93 203 199 180 176 173 186 188 199 186 214 197 193 202 215 199 198 183 171 195 194 178
145 152 148 137 125 124 122 124 120 123 109 103 149 123 128 124 107 108 104 106 112 175 159 158 139 116 120 102 124 156 166 171 185 197 195 198 176 169 164 140 151 167 174 176 183 185 186 186 190 190 180 177 181 176 170 176 176 186 179 174 193 203 195 188 181 173 166 153 120 152 84 123 113 127 128 190 194 184 173 177 199 204 179 162 160 181 196 199 198 174 174 184 189 198 198 183
139 142 145 130 105 114 132 122 109 119 107 124 150 111 130 127 108 103 97 94 117 153 136 120 108 102 164 161 148 124 124 145 174 192 193 197 183 178 187 176 179 176 164 160 178 176 181 189 185 181 178 179 186 187 190 181 175 189 193 194 197 192 185 177 178 176 171 167 152 97 154 101 130 170 180 191 183 177 167 180 207 205 137 92 90 156 180 161 154 157 163 169 175 182 179 178
143 140 133 131 123 122 129 115 104 110 112 127 135 110 118 120 115 111 104 105 119 126 101 77 74 68 95 138 108 131 129 129 137 181 192 177 176 193 190 180 181 171 165 171 171 182 200 194 190 179 167 180 189 192 191 181 182 195 202 195 190 188 186 186 187 184 181 178 165 139 118 144 181 172 167 172 189 194 177 176 181 185 148 88 98 167 175 157 139 137 151 162 163 172 184 189
153 142 139 141 141 138 158 167 157 135 125 141 126 125 127 125 123 124 120 110 123 131 113 137 72 134 119 121 139 123 127 134 140 141 125 140 169 167 179 191 191 171 154 162 178 183 204 195 188 190 188 188 184 193 183 178 193 201 196 186 186 190 186 180 176 169 174 177 156 120 119 162 198 193 190 192 187 189 186 174 158 155 148 144 149 160 156 149 144 150 156 168 173 186 200 194
157 124 162 153 151 142 153 146 123 137 152 120 116 132 134 121 130 138 116 121 145 140 124 104 132 75 119 76 99 125 111 110 119 121 131 151 164 173 192 190 179 168 185 197 176 167 182 193 187 186 191 195 190 182 182 189 195 203 201 191 174 181 187 180 176 171 176 179 150 102 104 152 198 77 170 170 168 167 164 173 172 176 167 145 152 151 140 137 153 160 171 190 207 189 196 196
164 161 163 147 158 150 140 135 122 129 158 143 136 138 135 114 121 132 118 142 174 179 148 131 102 87 81 55 135 138 97 116 167 155 129 141 185 201 195 172 182 186 185 184 181 190 196 199 187 176 195 203 191 196 201 201 197 198 193 181 185 193 185 170 163 180 190 184 159 138 154 196 199 164 166 175 178 174 172 182 177 176 172 167 154 86 152 166 161 168 119 170 181 183 169 174
146 149 142 133 162 184 147 132 124 125 141 144 143 132 119 113 124 148 120 145 111 131 181 166 143 125 119 120 122 120 105 116 147 138 91 91 105 138 218 149 175 187 169 177 195 202 197 197 205 208 216 215 204 190 189 199 192 187 193 197 195 190 183 171 173 186 195 189 173 161 172 182 175 172 166 104 115 168 169 172 131 179 189 182 166 99 102 117 127 151 170 157 160 162 162 154
133 160 139 130 124 131 128 112 110 129 126 137 133 124 127 123 114 110 141 121 102 113 170 168 134 119 159 168 164 167 140 114 109 117 126 128 146 164 197 168 160 192 188 187 203 208 203 203 208 208 206 208 209 204 194 187 187 200 201 201 196 198 208 209 199 193 193 187 180 163 139 151 176 111 115 136 134 250 173 179 135 171 195 175 179 161 175 178 176 175 172 160 171 168 161 164
142 135 129 117 104 113 131 119 104 107 117 115 177 127 127 115 103 107 143 178 123 123 166 156 183 175 155 153 153 170 170 167 164 152 148 164 154 128 146 165 174 190 198 191 199 196 193 198 205 201 189 190 197 194 181 172 192 210 205 196 194 192 198 200 194 198 178 177 183 92 106 117 132 137 128 131 132 96 177 81 77 89 186 192 190 191 177 152 167 160 171 179 169 162 152 164
140 132 133 119 111 114 105 113 116 114 110 115 119 144 126 109 79 114 125 139 155 150 141 141 153 172 167 171 161 173 189 181 158 150 147 154 158 168 187 193 189 184 186 204 201 193 186 187 197 196 188 185 186 186 182 185 198 212 208 198 192 181 177 182 183 184 172 173 182 94 191 250 112 131 125 121 112 112 171 192 131 130 198 217 196 173 182 172 169 171 159 164 147 163 161 148
146 138 131 129 122 114 111 123 119 117 131 143 137 152 127 119 118 105 94 124 160 176 158 154 149 144 156 164 170 175 167 159 153 168 176 164 183 196 183 173 173 179 185 194 194 188 188 187 195 195 194 193 200 196 171 172 189 202 205 196 190 190 181 178 191 166 161 161 163 80 203 91 187 175 117 106 91 155 163 104 152 77 189 209 211 186 157 142 154 158 151 129 169 171 160 145
132 142 135 129 135 140 132 137 141 135 128 137 109 156 154 136 107 109 126 135 140 160 147 101 107 149 164 174 180 187 182 185 152 158 164 170 188 195 174 184 212 222 213 192 196 204 207 199 187 185 190 200 189 194 177 159 171 191 199 185 187 182 178 178 178 163 161 135 87 63 70 89 107 165 112 153 154 154 154 169 134 210 213 198 193 152 132 116 144 152 179 202 181 166 173 158
129 124 117 131 146 148 134 142 148 139 141 135 148 118 134 112 138 145 160 143 145 156 157 82 122 155 178 172 192 186 180 195 160 151 174 183 171 200 220 205 203 219 216 182 199 204 188 184 192 205 207 206 203 197 198 187 178 182 183 175 177 175 172 176 168 160 165 163 166 172 166 160 95 162 95 63 157 161 180 201 120 169 188 174 159 187 200 149 145 159 169 173 166 178 180 166
140 108 87 108 126 136 140 148 149 137 132 157 143 163 137 102 112 166 113 155 150 147 137 74 128 170 183 167 179 192 189 198 173 160 151 164 166 190 221 212 164 189 184 209 218 204 186 185 185 185 201 205 196 185 190 175 162 171 168 148 119 117 153 177 157 140 114 161 170 174 177 174 107 121 153 133 78 84 91 110 138 142 157 159 157 181 180 171 177 178 177 174 177 194 198 173
127 126 109 120 127 121 126 134 125 119 131 125 159 160 156 108 144 87 94 145 83 82 250 88 82 171 103 180 166 163 111 183 169 156 157 126 153 182 199 179 168 143 170 198 208 211 208 193 187 177 178 196 198 177 182 185 165 157 155 87 153 158 100 142 107 157 146 156 166 167 171 81 169 120 137 115 101 172 70 86 89 121 168 190 186 187 185 206 177 160 172 179 178 176 170 149
133 162 180 144 148 146 138 157 158 169 155 158 142 158 168 144 103 126 164 123 120 105 127 137 105 94 177 178 103 164 155 135 152 154 141 129 143 155 175 177 175 171 167 194 204 192 190 187 189 193 184 181 183 179 183 190 181 161 152 149 67 107 178 171 175 80 155 161 169 168 159 165 171 170 179 90 160 160 159 163 75 150 177 171 184 189 202 196 167 153 169 186 163 153 168 160
130 131 123 175 144 140 133 51 49 75 89 98 132 169 170 89 156 94 146 103 86 164 83 210 92 154 129 174 147 166 154 132 123 134 153 158 160 163 148 159 172 158 165 184 183 187 177 175 184 193 177 170 169 178 179 184 166 163 170 170 185 191 195 192 187 77 71 159 169 179 178 167 171 178 152 99 168 152 250 132 114 193 146 143 159 169 171 162 160 163 187 193 122 122 154 155
144 140 142 164 142 131 119 61 146 145 116 148 135 130 130 100 149 98 134 164 93 159 167 145 176 157 154 168 135 107 108 159 142 112 141 161 155 145 156 166 163 158 174 174 168 170 172 192 212 189 163 156 157 171 172 172 179 168 147 149 131 91 171 183 173 173 175 163 156 155 157 159 168 128 162 182 134 74 79 161 154 114 149 172 180 183 171 163 162 161 93 98 98 93 142 147
186 182 179 179 143 127 120 116 136 123 129 171 154 142 132 112 108 143 160 143 112 113 117 155 144 107 131 114 133 149 160 162 98 153 115 157 152 162 171 170 170 171 173 171 170 178 179 185 188 181 181 160 160 163 152 142 186 191 213 205 110 139 162 163 167 174 185 176 102 145 132 132 145 147 163 140 179 179 174 170 175 108 124 188 168 184 179 167 163 167 160 93 87 89 85 89
188 168 177 131 119 139 137 131 128 131 154 191 188 146 145 157 169 79 66 159 89 84 159 160 148 71 154 136 136 111 107 126 132 140 164 153 137 162 189 182 156 164 174 170 164 167 188 189 183 176 177 167 168 159 134 140 140 140 216 217 220 146 184 166 104 166 191 196 127 143 159 173 162 132 165 198 195 180 177 178 188 130 164 118 177 191 179 176 162 152 169 191 188 193 158 147
162 147 127 94 102 110 114 145 154 155 150 163 174 145 145 80 79 70 147 159 86 167 167 137 155 128 151 135 145 150 141 137 157 167 180 179 142 140 178 185 167 166 166 171 168 159 142 151 170 180 169 172 173 165 156 176 188 162 186 118 117 136 193 190 119 178 177 151 180 176 159 171 190 114 168 172 170 73 79 103 190 75 176 176 133 132 134 189 168 125 162 143 208 189 135 185
113 148 146 84 93 103 165 185 173 155 148 148 159 162 90 85 75 113 150 193 162 165 164 164 99 157 154 143 142 159 166 134 122 137 153 167 158 148 165 174 177 181 178 181 178 167 138 138 157 150 145 170 176 175 171 174 196 144 80 183 102 107 104 124 112 166 102 135 162 165 179 183 187 153 106 193 63 191 94 112 182 60 195 159 137 112 143 112 120 150 141 184 176 149 157 120
142 158 122 136 127 157 172 182 174 160 162 166 170 155 147 72 83 75 136 63 99 161 161 82 89 110 168 154 139 156 143 116 149 151 160 161 164 174 171 168 171 167 163 170 179 189 150 147 148 146 152 174 181 179 184 180 170 120 122 145 164 168 167 173 155 143 144 158 162 157 166 176 191 198 181 185 96 195 189 172 135 180 101 172 149 133 111 103 180 124 130 79 179 101 104 135
152 154 159 187 187 172 156 172 179 165 162 88 99 147 146 161 77 81 66 71 91 92 129 162 153 154 169 151 139 150 153 144 163 168 155 163 189 193 183 161 174 176 156 158 157 152 152 150 143 144 155 160 161 176 175 182 125 197 157 170 158 145 175 176 161 142 165 168 161 181 176 184 195 189 114 193 113 189 190 184 180 170 193 191 178 189 195 189 193 71 127 131 109 105 162 201
139 98 97 170 167 172 177 178 177 169 150 95 105 213 157 87 85 83 146 150 71 85 126 173 173 159 154 138 145 165 155 161 166 171 154 145 159 170 181 163 163 172 173 170 153 157 155 157 151 136 157 155 160 165 156 173 158 152 172 176 168 159 167 176 158 156 175 171 160 168 174 176 185 188 189 192 152 184 170 171 176 145 183 186 187 132 132 209 185 156 94 152 181 76 178 171
129 100 114 173 105 104 94 128 133 152 153 145 120 100 101 134 124 135 98 150 93 127 147 162 181 169 153 147 145 161 143 137 151 148 146 142 143 119 125 149 156 176 167 132 135 152 163 157 149 140 156 141 163 188 188 174 176 175 193 195 184 142 165 178 179 181 185 188 174 174 157 154 189 189 150 103 63 110 129 111 173 139 181 177 171 182 72 99 171 177 171 185 152 163 160 141
106 91 107 110 82 88 108 124 129 130 115 104 94 99 102 97 85 133 94 154 147 151 164 170 163 166 172 174 164 158 132 105 121 127 134 142 138 141 142 157 157 182 165 143 171 167 154 137 146 167 171 168 156 169 179 177 176 182 155 202 138 165 159 159 162 161 181 195 154 158 162 146 184 189 156 63 113 140 137 154 175 191 194 189 180 186 167 122 114 170 204 150 199 151 174 162
154 88 135 131 130 123 126 118 140 135 125 116 123 139 98 107 102 107 95 158 155 155 181 180 132 133 174 177 171 160 144 127 136 147 156 144 159 170 152 168 176 201 197 169 175 182 161 134 135 147 160 149 145 155 165 180 173 146 173 158 174 185 173 161 151 157 174 187 168 152 176 191 196 191 184 175 153 175 170 190 212 208 203 191 195 163 99 180 169 203 192 157 202 173 206 156
151 118 115 123 154 162 152 147 136 127 115 119 123 68 153 95 92 105 79 81 134 170 169 150 132 138 156 150 156 161 170 174 142 155 167 174 191 175 138 169 187 201 190 193 183 163 148 162 144 108 113 153 168 172 172 172 187 186 180 169 168 178 168 170 181 190 187 163 160 180 204 214 208 191 178 193 189 163 158 170 215 201 208 202 204 171 183 188 203 199 194 163 143 179 194 152
144 138 150 163 172 152 212 144 124 139 151 164 178 104 135 139 160 171 90 156 197 206 143 138 142 145 147 143 146 167 171 167 156 166 166 167 150 154 149 156 179 178 198 197 164 159 183 155 124 107 141 172 165 167 178 177 198 201 198 200 182 171 157 168 197 191 167 171 168 164 188 194 198 196 179 183 187 146 144 161 186 212 191 195 210 216 205 213 211 205 193 197 203 194 191 196
151 162 174 179 166 156 172 149 138 160 110 157 109 148 70 137 70 173 75 171 76 120 187 194 149 136 146 146 148 171 198 182 132 143 181 173 150 150 169 170 169 180 185 182 196 188 176 170 146 120 113 145 155 158 171 198 202 194 185 188 174 162 160 161 167 165 184 174 163 164 173 182 182 191 193 188 183 166 152 156 167 188 185 198 225 223 206 208 214 213 218 215 215 208 211 216
169 167 174 149 155 146 139 148 158 161 99 161 104 154 112 116 136 137 136 137 138 130 139 156 134 108 135 152 153 170 195 198 122 130 175 177 157 164 201 191 171 177 188 185 197 207 182 171 155 149 119 136 153 154 150 178 192 207 164 107 134 163 174 151 151 168 188 210 215 194 183 178 175 174 177 176 162 157 159 165 158 166 171 192 199 194 183 174 203 202 197 208 210 210 214 210
190 186 175 178 131 161 158 100 145 166 146 88 76 62 59 129 151 161 155 135 150 156 153 146 131 133 171 215 193 177 164 172 143 153 204 180 145 185 192 182 156 167 176 171 185 201 187 176 187 199 131 181 184 162 162 165 155 186 142 103 110 170 178 176 173 187 190 203 209 204 207 188 178 182 180 165 145 150 163 172 165 163 166 187 199 189 178 169 215 214 198 183 211 216 221 210
180 195 186 186 207 159 124 124 157 179 166 117 97 109 116 128 140 153 166 133 137 147 153 168 148 153 174 195 167 155 170 161 157 144 157 166 177 177 168 177 176 171 158 163 170 175 166 150 160 180 191 168 155 153 171 156 144 179 197 166 154 155 161 174 179 191 197 189 182 197 208 193 175 175 173 161 150 153 170 174 171 169 169 192 203 195 191 203 219 222 217 192 213 218 218 207
177 196 189 180 195 192 187 181 166 167 169 167 185 178 147 133 121 121 147 148 122 138 151 164 160 162 171 177 185 177 161 151 155 165 169 174 176 164 155 170 183 173 162 174 182 181 158 163 168 148 130 151 174 160 157 165 159 159 178 193 198 190 167 156 164 167 181 190 190 195 191 192 185 178 189 184 179 183 182 181 178 181 185 212 211 184 187 206 221 217 212 209 211 211 203 196
