examples/data/proba_v_italy_sicily/probav_s10_toc_x19y03_20141101_333m_ndvi_v001.txt
ncols         1127
nrows         589
xllcorner     12.348214285714
yllcorner     36.598214285714
cellsize      0.0029761904761905
NODATA_value  -9999
[rows 312 to 363 of 589, columns 768 to 863 of 1127]
120 180 170 160 175 132 90 93 134 119 110 119 80 72 136 185 169 166 143 141 124 123 122 142 151 149 189 200 201 196 189 169 112 110 128 116 113 121 121 132 124 83 62 76 91 89 72 100 141 129 80 98 95 86 79 90 94 85 75 100 119 93 73 109 142 148 158 149 141 148 154 134 117 135 161 141 102 78 79 118 125 104 125 121 93 111 110 112 96 123 125 129 119 91 104 135
146 174 193 177 165 188 199 201 150 96 78 72 68 66 76 150 185 175 168 129 111 145 163 142 146 152 185 191 182 185 171 169 124 120 170 192 188 169 143 154 145 122 89 74 72 67 67 80 103 92 81 118 128 93 95 129 126 84 72 82 108 95 67 95 120 128 137 103 105 163 175 149 147 136 121 128 113 92 102 156 136 85 71 71 80 124 109 117 126 105 129 99 106 112 103 120
93 125 190 167 165 188 201 187 141 116 112 102 101 90 76 111 163 166 182 185 190 197 195 158 139 160 190 176 138 140 160 161 139 167 188 167 187 198 165 177 162 121 109 106 102 94 87 70 71 92 95 105 143 141 133 159 161 136 113 103 158 166 168 126 66 106 141 99 94 166 171 176 187 151 93 87 120 149 141 141 110 66 63 83 71 107 139 136 161 131 96 86 99 153 124 98
71 110 159 166 168 154 138 137 139 86 104 104 87 106 116 111 156 179 182 197 199 189 195 194 203 192 174 179 176 147 130 186 202 201 190 186 204 189 175 168 171 168 173 159 128 140 146 107 109 100 68 110 168 170 131 133 165 192 171 142 175 170 153 105 69 106 138 114 83 120 131 164 167 121 89 93 133 133 119 124 131 154 158 160 121 123 141 115 127 134 98 97 111 117 86 72
75 98 101 86 127 155 147 128 129 101 77 73 103 153 160 140 119 131 157 176 205 184 153 193 195 196 196 196 194 150 159 170 174 188 188 189 210 192 192 151 164 169 147 130 147 179 164 133 167 143 90 151 179 161 191 190 143 111 92 117 136 90 61 63 77 116 145 119 129 141 148 165 140 110 139 163 145 139 144 141 143 144 145 152 151 150 144 138 134 110 99 90 75 61 56 58
66 70 86 77 75 85 104 115 107 83 78 77 86 142 139 132 139 142 193 221 196 141 108 135 122 118 144 161 187 160 156 137 99 110 115 115 162 196 203 170 170 103 60 106 143 177 167 164 187 179 157 171 174 125 148 142 83 68 98 134 155 140 96 96 148 172 171 128 125 141 148 131 128 113 112 132 115 122 118 136 157 138 103 92 94 100 87 76 66 57 57 58 46 41 41 42
77 94 120 98 73 72 80 93 81 82 83 92 89 114 118 113 126 135 166 195 166 136 123 96 106 104 127 145 114 83 86 125 93 68 103 109 83 121 186 208 200 142 92 122 144 147 167 174 182 172 143 136 165 143 87 73 79 117 147 157 167 126 83 91 132 142 167 149 146 173 140 123 120 130 141 136 87 70 78 98 99 88 77 69 58 80 121 141 135 79 58 67 65 57 58 57
74 106 151 127 86 75 72 62 86 109 94 88 90 95 88 84 107 129 130 179 190 161 131 107 104 105 124 138 114 85 73 109 97 93 104 134 125 127 178 206 191 181 186 190 175 168 196 173 176 179 129 145 171 196 172 148 113 109 103 120 156 143 104 104 144 150 135 155 164 167 155 118 81 78 132 148 85 85 73 56 59 68 72 67 65 119 166 155 155 89 60 72 70 66 70 70
124 123 120 110 107 104 105 95 99 101 85 90 72 79 87 89 109 121 119 128 145 120 116 98 86 79 91 108 96 99 104 107 94 87 87 102 104 145 158 186 178 146 193 215 211 204 201 189 160 187 172 114 116 155 169 144 125 146 121 78 93 105 96 122 172 171 125 120 127 141 161 139 75 70 120 132 88 83 67 68 59 62 69 69 64 69 73 80 93 75 67 75 70 61 63 62
86 71 81 91 112 115 93 81 75 98 111 107 93 78 85 100 110 118 125 128 133 137 104 89 87 83 75 76 74 81 69 71 69 82 90 101 144 146 98 113 150 157 167 180 190 194 166 121 128 154 148 101 97 138 175 190 178 167 140 143 130 139 176 180 167 131 102 81 113 118 98 116 106 111 118 108 71 69 73 116 107 62 65 76 79 90 100 93 104 84 77 72 84 83 78 75
65 67 67 71 90 101 91 100 105 119 116 99 98 79 83 108 119 122 125 106 109 132 101 98 111 100 92 78 86 96 82 62 74 117 118 108 158 172 163 109 121 142 167 191 195 185 145 121 159 144 102 93 79 119 176 187 202 182 138 151 149 159 193 183 167 105 81 77 79 86 76 79 115 130 113 105 82 73 77 112 104 93 98 77 66 70 100 119 144 114 132 110 87 87 110 129
70 65 67 67 64 69 78 107 111 110 99 93 121 121 96 106 121 123 103 95 95 112 101 102 115 116 89 76 69 82 97 91 132 158 158 157 134 122 168 166 153 179 186 167 178 182 160 161 203 179 128 131 117 176 200 178 186 191 160 112 97 117 154 179 168 119 67 82 69 65 71 66 75 96 117 111 77 103 106 80 69 104 118 71 61 70 99 149 161 143 127 110 86 80 108 143
65 59 60 63 61 68 79 90 94 106 104 110 129 117 106 102 111 103 96 82 67 77 111 113 105 96 78 69 67 83 115 101 110 130 169 178 179 153 180 223 205 201 191 155 179 202 194 208 228 200 159 189 144 171 201 200 196 177 158 146 125 110 126 139 89 72 73 120 92 64 64 61 60 68 91 79 76 121 101 77 113 137 122 96 93 87 86 155 198 163 125 127 110 99 75 127
60 58 62 65 65 63 75 87 92 113 104 99 107 109 108 98 96 96 90 76 61 78 116 104 80 76 77 69 67 70 78 82 103 151 200 200 197 202 203 206 181 188 189 157 160 186 182 210 203 174 150 157 172 118 128 165 165 167 170 166 137 113 127 127 71 56 78 132 93 66 67 59 55 56 57 68 67 77 79 73 89 96 75 65 64 62 80 136 158 160 147 139 134 132 139 147
69 73 79 82 90 79 75 87 94 91 89 95 89 97 97 98 101 95 98 105 99 96 89 86 84 86 92 90 78 72 72 96 157 194 197 187 179 198 202 185 168 176 179 174 166 163 163 128 118 166 162 109 157 154 121 107 113 144 166 167 117 111 131 125 105 113 87 113 83 64 66 82 77 63 61 66 68 65 64 63 60 60 60 61 60 58 64 94 130 131 107 102 119 159 181 182
69 69 85 110 118 114 103 90 87 84 84 89 90 78 88 108 114 100 87 111 114 112 93 82 83 75 74 88 81 92 94 122 179 192 170 140 144 186 200 199 194 194 195 160 177 198 149 120 103 127 112 97 120 127 169 181 170 186 181 119 107 121 129 156 178 175 118 80 91 72 113 181 165 105 79 68 77 90 69 58 59 59 62 64 62 64 62 62 95 141 141 72 125 159 157 165
75 95 92 94 93 78 70 70 68 70 76 86 78 86 95 99 112 107 87 85 91 94 90 88 95 89 77 76 74 75 107 152 197 188 178 166 160 184 210 214 195 201 197 186 182 182 165 183 133 85 71 74 72 81 155 136 139 183 164 102 146 159 173 203 219 194 136 154 134 79 125 155 166 145 134 109 106 171 175 117 66 57 60 61 58 59 61 59 79 94 79 58 102 153 131 95
88 109 87 76 90 82 69 66 64 68 77 89 90 91 90 80 80 98 97 89 93 101 98 84 81 94 88 76 84 106 161 185 196 195 211 209 205 200 188 214 195 181 186 192 202 197 192 193 136 93 89 104 88 79 103 108 113 157 184 168 173 186 190 197 166 121 102 114 123 137 133 138 119 105 117 139 161 174 196 160 99 72 60 59 58 59 67 60 57 86 86 76 102 102 85 107
84 107 90 68 84 75 67 66 73 70 69 76 84 75 74 84 77 97 96 85 91 106 105 85 68 70 89 121 135 129 162 200 210 197 198 208 207 199 174 178 139 147 165 202 217 214 205 202 185 166 122 128 126 130 150 177 187 172 199 202 152 164 211 215 167 82 75 98 140 137 122 100 89 91 102 151 209 208 202 196 170 148 94 70 81 90 121 129 76 107 135 135 135 88 104 162
123 94 88 97 87 71 65 66 75 82 86 79 87 79 72 68 81 80 93 87 99 94 94 85 85 103 109 86 85 132 184 197 197 191 195 161 157 175 169 201 194 164 180 206 207 212 205 196 204 214 191 167 171 196 222 206 199 187 196 226 217 175 162 161 146 90 70 70 76 93 103 87 80 99 135 184 207 202 189 195 157 110 104 131 168 155 132 130 91 125 155 138 95 75 160 209
94 91 124 143 111 75 72 70 76 85 74 80 100 87 76 71 81 94 92 82 84 75 75 93 124 136 127 130 164 210 230 225 214 209 195 132 98 113 134 169 199 204 184 165 162 165 151 151 167 157 175 197 204 204 208 212 218 208 195 199 196 138 98 112 107 111 85 68 64 65 84 121 146 141 175 190 176 180 125 103 94 74 66 104 139 137 127 112 80 70 81 98 88 99 177 215
113 98 96 113 119 109 97 105 91 91 82 94 129 115 86 81 83 97 94 95 86 74 67 80 102 128 137 164 191 223 227 217 216 211 193 151 108 97 110 122 155 165 143 109 105 109 100 82 80 88 119 174 204 199 203 194 175 169 176 184 188 121 99 102 100 108 81 62 67 80 122 158 185 175 189 185 170 161 117 98 119 128 123 136 147 151 141 179 152 86 72 73 91 86 131 201
150 145 160 138 81 69 73 89 79 82 101 132 130 147 132 89 79 104 115 130 142 96 78 100 150 186 194 191 211 224 218 217 226 228 199 155 112 90 110 118 115 105 106 96 105 99 89 76 80 85 101 114 149 182 165 131 149 189 209 214 205 135 103 109 105 96 79 66 75 101 137 160 173 176 147 140 141 150 132 93 95 95 90 104 148 193 198 153 104 80 78 72 74 120 122 130
112 124 126 107 68 64 76 84 91 77 98 126 113 125 139 157 161 130 124 134 183 157 106 114 178 185 213 227 232 229 223 213 184 197 184 167 148 122 160 182 143 112 105 127 152 145 127 114 126 104 83 80 108 156 186 185 169 192 206 203 172 153 128 102 108 147 126 94 85 130 188 177 152 158 128 143 125 95 99 78 86 124 135 144 193 191 137 89 95 95 94 74 88 184 201 105
67 60 72 73 67 73 81 82 88 89 117 136 122 108 106 146 177 146 131 187 217 198 160 137 159 184 212 233 233 229 210 183 198 194 191 188 188 153 168 182 119 98 143 174 201 206 186 152 118 91 104 127 125 171 157 157 185 200 189 208 202 194 196 151 143 164 193 194 198 201 218 209 185 174 164 164 167 139 146 147 118 110 110 129 118 85 104 168 177 122 93 69 95 178 172 138
68 69 82 83 68 71 81 76 79 102 122 104 78 97 102 107 144 203 194 188 213 211 218 206 171 180 198 224 223 232 223 157 144 129 138 162 188 163 139 180 167 148 182 194 190 201 214 191 133 91 108 134 138 196 203 162 199 213 183 177 203 214 213 204 208 201 201 190 186 205 197 220 221 205 167 197 213 172 142 115 104 106 89 90 92 125 165 204 209 125 78 97 128 175 182 202
66 68 68 69 62 61 66 67 78 102 99 78 79 109 114 105 90 123 140 168 164 168 176 192 215 214 210 221 213 210 229 180 122 128 124 129 180 191 162 147 153 151 172 184 163 159 201 210 186 171 175 190 192 213 196 165 188 187 185 215 226 240 233 235 240 235 225 190 156 193 209 210 202 202 186 161 173 144 98 103 96 84 78 74 78 82 97 145 184 194 194 194 167 141 176 196
68 62 61 57 63 70 70 80 83 94 95 82 96 106 113 137 115 78 133 199 145 124 195 210 200 207 203 216 196 205 228 237 230 189 124 102 120 175 221 199 180 194 202 190 204 200 205 215 194 188 192 230 245 237 194 214 223 196 187 224 225 212 212 232 240 231 223 196 213 203 186 170 169 178 164 116 102 99 87 81 74 70 73 73 78 98 86 132 208 236 237 159 156 162 181 202
68 58 64 65 68 82 75 69 69 74 91 86 87 112 123 136 118 80 117 177 183 166 194 214 216 218 213 218 181 174 186 222 237 222 138 84 94 146 220 235 221 218 186 147 172 191 189 216 234 227 216 232 236 228 188 201 216 223 233 226 227 222 215 224 204 190 187 150 159 155 139 158 205 192 145 121 97 88 119 148 145 125 124 168 171 168 156 168 208 211 186 137 149 191 219 231
58 59 68 86 96 84 77 72 87 92 87 84 94 124 135 100 77 104 132 176 184 165 144 145 180 206 207 194 140 151 137 144 210 228 168 100 92 103 138 194 196 191 193 177 179 205 212 233 232 228 231 235 196 185 207 204 209 206 197 173 192 217 211 210 198 189 163 164 213 214 196 179 207 199 151 128 107 97 140 216 223 219 203 211 229 228 213 198 202 197 154 160 208 218 209 211
75 78 74 102 102 83 69 68 89 103 88 92 97 98 123 100 103 142 159 170 140 120 139 163 163 179 181 164 94 119 133 133 185 201 159 134 87 70 111 150 173 194 179 190 187 219 222 228 211 188 204 214 225 215 188 203 220 170 169 191 187 208 208 198 167 159 130 160 224 199 199 227 202 133 154 180 139 117 154 211 193 138 104 107 132 169 211 223 207 201 197 159 170 176 202 202
67 70 70 77 75 69 63 67 81 94 93 91 84 97 98 81 95 169 191 121 97 119 127 167 203 197 160 165 139 123 122 151 204 231 201 140 94 73 73 121 139 159 143 140 166 215 239 235 205 146 139 153 184 186 162 206 225 172 188 209 162 164 160 190 162 161 188 187 173 154 157 180 172 165 199 216 206 202 199 153 162 140 80 81 73 89 134 148 144 147 191 205 187 184 206 156
63 67 66 65 63 61 60 67 71 82 90 78 89 135 162 112 100 178 132 76 108 119 140 193 206 161 137 139 135 135 151 141 148 213 224 166 85 66 79 130 155 154 148 145 162 187 214 240 222 166 149 150 154 162 162 189 191 153 191 223 192 164 138 145 158 174 225 218 194 185 160 152 145 154 173 186 183 161 178 162 165 156 77 78 103 113 127 140 150 169 193 185 172 179 154 85
66 64 66 70 65 61 57 61 73 74 80 74 84 123 123 101 119 135 93 75 113 145 166 174 175 125 112 114 100 139 168 146 137 185 220 215 121 68 75 120 125 124 156 154 135 136 162 207 200 154 130 117 122 154 161 133 127 121 160 189 224 208 143 160 209 179 200 246 227 169 139 120 116 136 145 155 136 122 181 186 175 169 85 81 99 112 136 139 129 112 114 125 138 172 127 69
65 74 74 66 61 59 58 59 75 84 85 94 99 105 89 127 127 116 99 115 170 195 181 143 168 154 112 102 100 129 145 156 176 172 177 213 169 122 125 134 125 96 110 124 126 129 126 123 118 111 106 111 117 163 160 118 126 120 98 134 141 159 126 97 108 137 178 227 175 100 107 101 106 104 112 112 111 146 171 142 141 128 92 111 128 112 119 123 100 88 114 147 112 103 87 65
84 98 92 74 61 70 90 78 77 120 139 123 120 101 82 153 150 162 176 158 163 172 171 162 136 124 150 128 100 105 139 151 149 137 154 197 193 146 163 167 130 123 128 133 114 117 120 134 127 127 141 140 136 141 154 135 141 137 118 98 106 118 145 136 126 155 161 183 189 147 116 125 128 103 77 82 114 154 151 114 157 161 158 150 134 105 107 142 114 95 112 163 147 92 108 134
91 100 104 94 84 88 132 137 137 152 140 144 157 163 157 175 198 217 205 150 102 131 153 173 157 108 134 146 130 146 175 175 141 118 140 182 200 156 168 211 191 138 133 129 112 110 128 143 138 129 178 181 161 145 140 129 126 127 130 161 159 133 138 159 168 183 147 121 151 140 114 144 147 121 97 98 116 129 161 131 137 168 178 192 159 131 149 202 210 197 172 165 181 177 140 139
78 74 85 101 105 111 117 143 172 177 169 211 196 173 145 203 215 205 196 190 182 167 187 206 207 165 152 183 182 185 185 162 130 125 129 175 205 204 178 203 217 129 131 123 110 133 146 129 133 122 140 142 134 141 138 131 110 108 98 126 132 122 131 159 171 158 142 163 177 146 116 129 172 151 105 124 138 98 140 158 140 177 154 172 163 142 185 211 224 226 214 214 204 190 142 124
80 73 80 85 118 167 173 175 172 158 127 192 224 209 178 172 204 227 205 206 220 210 202 203 173 114 95 108 119 141 149 189 194 164 137 170 187 184 165 151 122 132 147 145 136 138 158 151 145 140 136 145 147 142 149 157 136 128 113 101 107 130 152 168 183 189 178 197 181 123 115 167 177 137 129 161 155 134 165 188 170 163 177 202 205 153 169 183 190 190 198 224 223 209 179 153
77 82 107 119 134 190 196 175 172 207 191 169 211 223 204 211 195 185 189 200 205 204 188 160 166 165 155 153 163 181 161 166 164 144 177 193 198 181 146 137 134 129 116 96 135 127 144 140 137 145 135 139 151 145 156 177 178 139 99 83 95 142 152 135 138 152 161 157 122 110 107 154 181 178 177 171 164 174 166 157 171 170 177 201 194 129 109 102 123 108 110 155 181 176 152 159
79 84 85 99 105 126 165 174 166 174 181 184 193 198 224 238 235 213 219 222 197 189 200 177 154 170 184 210 202 168 179 149 98 128 171 195 191 163 139 135 134 123 123 109 120 144 147 151 141 133 126 121 120 125 127 158 157 125 108 116 140 144 148 143 138 143 160 193 174 158 123 136 152 176 187 150 141 146 164 194 205 141 121 177 183 151 105 104 85 80 104 144 184 181 137 158
75 98 98 76 96 127 158 157 132 156 201 236 227 201 194 197 237 236 232 229 219 221 231 217 174 166 134 128 125 133 130 125 106 98 87 128 178 133 129 131 136 125 128 138 138 146 150 133 126 135 150 125 119 131 123 133 140 138 135 151 174 174 179 142 142 140 122 131 136 131 149 178 188 182 157 110 140 169 189 193 172 156 183 188 151 91 72 122 124 90 100 133 153 154 124 130
111 94 95 135 155 149 150 183 205 216 230 248 232 182 157 174 207 209 230 228 233 236 242 225 217 217 149 118 107 84 76 95 106 90 79 105 151 143 131 147 170 181 181 144 104 87 113 115 121 138 143 139 133 125 128 148 156 134 130 134 137 152 147 125 116 105 100 123 114 82 66 109 164 151 145 147 175 187 183 168 120 148 199 158 142 114 64 67 110 128 103 98 128 130 144 141
148 118 101 130 153 175 174 196 231 229 220 222 177 152 157 199 210 193 207 236 235 241 225 212 214 232 181 139 118 107 97 95 110 85 80 105 149 157 151 154 149 122 100 106 105 92 114 130 109 97 108 140 137 126 134 154 156 149 142 141 153 160 156 154 127 128 114 110 106 69 57 60 73 108 142 144 141 135 155 179 150 155 179 152 156 129 82 77 147 164 126 161 167 186 211 159
71 75 98 139 175 218 224 219 226 227 195 143 154 156 166 203 226 225 218 224 212 219 206 218 231 235 200 160 108 96 105 111 88 94 141 181 177 166 139 120 117 118 109 108 130 121 99 93 95 90 88 118 131 118 112 133 152 173 158 151 158 153 141 156 187 186 141 90 79 76 82 89 90 93 93 93 118 115 142 158 138 111 124 121 110 112 139 173 204 218 192 187 185 177 195 186
73 92 137 202 223 232 215 186 199 206 208 193 184 185 194 201 226 231 221 205 219 212 181 202 212 212 149 106 105 106 84 77 86 127 184 133 105 109 108 114 111 115 102 84 110 111 112 81 94 73 74 78 131 116 110 127 140 132 124 129 152 153 152 153 184 187 136 120 121 122 111 116 112 118 128 95 121 144 158 126 99 96 82 99 129 158 177 188 211 231 235 229 222 201 170 142
175 177 145 172 208 217 208 205 209 204 217 228 227 236 203 185 215 222 228 184 182 178 168 160 179 189 163 131 129 125 113 107 111 132 184 171 136 123 122 133 128 112 104 88 93 97 98 105 96 111 116 149 106 104 111 136 161 138 117 104 115 138 161 172 183 175 133 142 175 148 108 106 119 120 115 124 171 157 137 121 100 100 102 128 163 196 203 196 214 234 228 211 195 180 156 96
200 215 177 136 208 227 191 195 216 208 215 204 185 223 233 173 168 173 190 181 127 106 116 121 135 144 118 119 181 151 129 121 105 119 148 178 149 102 99 101 107 104 101 91 96 97 91 97 106 74 125 111 90 100 112 129 159 135 103 109 124 115 117 147 165 161 137 121 172 171 150 154 173 170 180 175 159 131 162 192 182 190 206 187 164 179 205 211 222 219 182 169 145 150 145 122
212 192 134 82 140 187 161 157 207 230 231 216 216 238 211 164 148 145 108 127 91 83 92 116 132 137 108 109 118 105 115 128 103 117 106 83 98 98 100 112 127 105 93 87 97 97 81 95 103 129 120 112 114 127 151 150 150 122 123 119 145 168 165 186 171 165 159 175 192 192 183 173 152 139 151 171 193 207 220 212 205 171 157 170 173 196 207 179 173 165 125 96 146 156 167 199
223 202 186 177 124 130 116 123 161 169 192 225 223 190 159 159 141 125 110 108 114 106 98 114 133 131 106 95 107 115 123 130 140 119 101 114 142 134 133 131 135 124 108 97 93 95 88 92 93 86 105 125 94 78 96 102 109 117 125 143 156 189 193 175 182 185 187 189 202 191 161 145 129 99 107 153 197 182 189 200 173 107 92 128 191 213 178 166 187 198 150 89 100 103 145 187
228 228 221 219 163 129 99 100 151 178 205 205 182 162 170 170 122 89 108 123 121 130 128 106 102 99 93 106 132 154 132 102 74 100 131 160 173 152 152 155 146 141 124 110 107 100 88 66 64 59 72 100 92 63 58 97 144 154 159 140 134 162 170 162 186 210 204 201 199 165 148 139 135 142 188 212 181 117 122 158 138 133 101 91 149 153 161 190 184 179 143 91 95 84 121 186
212 235 240 227 152 112 121 122 170 182 180 164 187 181 170 163 153 160 128 113 109 124 121 92 85 88 108 132 129 105 110 101 72 84 123 160 171 143 116 110 116 125 131 132 131 109 76 62 60 128 125 73 105 113 90 126 173 141 112 117 132 141 172 202 213 207 192 193 184 182 208 207 187 213 229 228 205 148 104 134 160 152 131 110 111 95 149 193 151 114 97 103 135 95 113 193
