examples/data/proba_v_italy_sicily/probav_s10_toc_x19y03_20150121_333m_ndvi_v001.txt
ncols         1127
nrows         589
xllcorner     12.348214285714
yllcorner     36.598214285714
cellsize      0.0029761904761905
NODATA_value  -9999
[rows 329 to 375 of 589, columns 768 to 863 of 1127]
165 180 182 157 160 140 127 145 148 127 113 166 183 177 160 151 153 156 144 152 166 144 147 162 176 181 171 165 161 163 197 218 224 223 243 245 245 240 237 223 224 225 226 218 225 226 224 229 193 160 154 193 195 183 197 203 199 223 230 227 225 231 223 232 223 196 189 178 202 212 216 214 207 212 206 208 223 222 224 225 206 150 135 128 136 120 128 119 122 180 186 169 186 205 205 232
129 145 177 171 165 142 129 140 154 152 144 174 170 121 133 155 171 180 168 150 156 153 158 156 144 154 169 191 186 170 197 225 237 239 220 222 226 214 223 211 192 195 209 223 232 231 227 225 212 206 180 166 210 202 207 224 233 227 228 233 212 213 232 235 228 192 168 192 211 202 197 202 197 186 190 209 231 235 232 230 223 211 186 153 149 160 173 181 173 185 206 217 212 200 204 213
162 151 180 205 190 153 147 155 163 178 169 166 165 136 143 151 159 161 165 166 163 186 179 167 162 178 184 169 158 192 213 220 233 237 232 217 213 216 210 220 215 216 209 230 233 233 234 227 224 231 222 199 208 228 229 232 231 225 228 241 242 214 192 207 219 195 177 176 179 164 191 194 186 172 198 218 231 228 219 210 184 140 157 195 214 216 213 192 171 189 212 210 216 227 221 217
144 145 182 202 169 130 166 174 157 164 165 164 145 159 163 167 171 177 179 180 164 127 169 179 163 181 194 203 209 219 236 234 233 226 217 176 161 177 186 198 223 225 215 209 210 212 206 207 209 190 203 225 227 230 236 238 234 227 226 228 231 185 156 192 201 203 193 187 171 151 163 197 209 212 224 226 224 229 211 194 179 96 94 180 205 209 203 175 174 184 185 197 211 228 222 219
184 170 166 171 170 153 142 170 171 172 165 150 179 179 172 167 160 169 176 167 147 127 149 162 177 198 192 202 210 230 241 225 235 234 220 193 164 162 181 184 204 205 184 170 164 142 141 191 205 177 176 211 226 225 229 234 234 228 215 206 216 182 178 193 201 213 192 163 155 163 187 211 223 217 221 221 213 224 218 201 202 184 182 185 208 205 190 197 189 181 176 175 178 180 196 224
206 201 208 196 155 116 99 161 184 171 171 186 190 195 194 175 160 152 157 202 202 160 132 151 210 218 216 208 221 235 237 235 237 233 214 196 181 167 179 186 189 178 169 165 137 137 153 165 161 178 186 177 202 230 222 213 206 220 221 230 224 197 168 163 191 210 203 169 151 177 202 223 230 217 201 214 201 190 189 147 130 140 146 161 220 234 208 199 179 169 161 159 175 187 182 202
183 200 185 187 181 141 108 120 150 141 162 193 198 197 197 199 192 171 169 205 232 224 190 178 224 222 235 242 239 234 225 234 218 213 208 207 198 188 206 219 193 161 173 195 209 203 175 169 186 188 177 134 158 194 210 212 207 219 230 225 214 202 174 173 197 222 216 205 178 176 218 224 231 222 193 195 192 176 168 156 158 191 205 205 224 207 200 185 179 191 179 157 187 213 222 191
177 190 177 190 195 153 127 128 127 126 169 191 184 182 173 202 220 184 156 210 242 236 213 187 199 220 235 247 245 240 216 208 226 225 213 218 220 201 213 223 188 152 190 219 233 235 215 187 194 190 194 177 180 195 188 199 209 218 227 224 218 220 216 193 202 208 225 230 229 221 231 235 232 228 207 199 197 201 199 179 190 208 212 209 198 187 191 200 208 198 198 202 202 216 205 186
182 194 205 203 214 195 162 134 135 159 189 180 154 151 152 165 185 221 212 225 240 241 250 229 206 228 241 248 246 238 232 172 177 197 205 203 223 208 201 221 206 183 201 211 219 228 233 220 200 184 189 186 188 215 216 213 225 224 214 210 228 235 235 216 213 219 228 230 233 233 231 232 235 229 203 212 224 195 154 175 201 212 205 194 165 195 210 217 214 193 183 202 220 228 214 219
180 190 209 207 209 213 197 138 136 168 169 155 144 159 161 147 144 166 171 200 210 208 220 231 250 237 250 237 228 235 237 194 153 176 202 201 217 219 208 201 202 191 198 213 122 170 213 226 212 206 211 214 212 219 214 215 217 205 195 217 219 231 233 230 247 241 233 232 232 234 233 226 227 222 198 198 219 208 180 181 203 194 173 162 154 158 168 193 198 204 213 216 218 212 213 225
179 190 151 128 176 201 159 153 146 146 155 145 142 163 169 185 164 116 137 207 239 229 236 240 244 222 236 227 227 234 244 245 234 202 180 185 189 209 235 221 210 201 211 215 217 101 178 219 209 210 214 229 236 232 216 224 232 216 197 222 226 219 225 229 232 230 231 212 220 235 212 217 215 206 195 195 201 209 208 208 200 182 166 149 147 165 166 191 214 224 231 206 203 214 225 240
154 156 142 123 124 169 155 146 134 116 134 136 139 157 189 198 155 116 124 183 224 224 237 250 245 245 236 233 225 227 205 238 245 229 168 160 184 198 231 234 226 229 219 177 193 198 201 222 231 224 223 232 226 226 216 220 230 233 231 226 225 220 218 225 213 211 214 204 200 206 199 200 232 224 200 197 189 202 209 213 206 186 177 197 197 203 202 230 228 226 221 199 204 225 234 237
117 122 119 168 177 161 138 154 166 147 155 156 159 180 219 205 141 115 147 200 217 203 190 228 228 238 250 227 202 206 210 173 232 241 180 129 131 158 194 211 200 206 204 191 159 187 215 225 221 219 226 229 201 194 217 222 228 225 212 201 207 246 214 211 217 220 206 205 222 222 217 211 232 227 203 202 195 191 197 216 222 224 215 216 224 226 227 220 224 225 217 207 222 230 231 232
163 145 131 151 156 129 110 140 162 157 162 168 163 140 156 179 167 194 206 208 199 199 227 235 250 250 230 220 178 246 185 171 211 224 175 138 94 91 138 149 173 196 205 211 206 215 221 222 210 192 197 203 218 215 197 209 222 208 226 240 207 214 209 210 222 210 187 203 225 220 216 228 226 192 192 208 206 207 205 218 216 195 189 196 195 198 220 226 223 222 224 207 215 226 231 228
143 131 125 129 133 132 115 121 151 154 155 146 133 141 175 185 197 210 211 159 171 193 210 224 244 238 220 221 247 224 189 197 233 244 223 172 115 88 75 120 124 205 188 186 176 206 225 226 209 177 182 200 206 193 176 210 225 211 216 222 201 202 211 215 209 206 228 204 198 204 211 210 215 203 223 229 226 224 218 198 204 206 191 192 169 163 206 215 214 214 225 234 229 226 232 196
126 130 131 135 145 143 123 127 140 152 166 156 151 170 201 208 230 219 139 107 174 210 221 240 233 215 238 239 229 205 220 221 219 239 225 183 105 75 84 95 111 198 182 187 120 177 215 227 215 186 185 196 196 196 197 207 216 205 214 225 214 201 198 201 202 205 222 215 228 207 211 194 201 209 200 217 213 204 211 203 201 216 207 202 194 214 206 211 223 226 225 228 222 188 190 149
132 140 139 154 155 125 110 117 146 146 156 176 162 151 183 214 209 162 130 138 166 189 205 214 214 198 193 213 207 195 215 218 217 226 228 215 138 87 92 118 125 165 184 167 120 101 189 216 208 183 170 169 173 202 198 187 197 186 205 220 229 226 202 196 213 206 216 233 228 204 197 182 193 213 212 205 182 200 220 209 201 218 234 200 215 205 216 217 206 198 204 215 225 216 194 139
140 155 138 156 182 153 125 114 163 161 143 160 163 165 156 145 173 199 175 164 205 223 223 201 204 195 205 212 208 218 218 224 218 215 213 226 188 152 162 141 164 130 167 175 128 103 177 179 180 172 163 161 172 204 197 188 200 187 159 141 169 193 188 162 156 196 215 224 210 191 194 173 182 189 194 190 184 210 222 199 198 205 190 209 216 204 206 208 186 180 215 229 215 187 191 185
162 162 140 134 141 138 157 155 178 203 205 191 187 180 172 189 191 203 208 201 199 205 208 194 182 207 219 215 207 214 216 199 193 195 178 218 208 179 197 191 164 148 168 186 188 190 173 172 176 174 180 181 182 191 197 197 203 202 166 155 158 171 185 197 193 204 209 213 218 206 180 159 200 188 180 200 202 206 219 199 214 214 207 216 217 210 196 200 189 201 223 234 217 198 208 217
155 158 159 149 126 157 183 189 206 223 223 213 215 216 202 207 224 222 228 215 165 171 187 207 218 216 212 222 196 213 216 214 203 184 197 216 220 190 198 221 208 193 182 163 172 176 179 184 178 175 206 201 250 193 191 187 198 199 200 211 195 152 177 196 206 213 209 201 208 206 192 192 206 201 212 217 215 188 202 203 201 209 213 243 235 231 227 232 232 231 239 239 231 234 215 200
150 151 154 157 152 182 188 197 215 220 215 238 242 231 209 197 223 211 221 221 209 198 216 228 228 213 213 215 204 227 226 205 203 194 197 218 224 218 212 225 225 195 190 187 169 180 197 188 180 180 189 195 198 197 190 183 167 176 175 178 179 164 199 197 205 204 202 208 221 213 194 191 215 228 218 220 215 190 207 224 213 214 185 196 236 240 242 236 236 236 247 243 237 237 211 179
160 153 159 168 175 216 222 217 215 215 188 221 242 205 220 212 221 228 214 217 226 222 229 235 226 191 180 179 158 203 210 219 223 214 211 208 222 217 210 199 186 193 206 207 196 193 196 210 188 188 189 199 203 197 203 203 192 194 184 172 172 183 202 211 211 213 210 216 222 203 197 217 223 222 223 237 228 218 229 215 202 202 197 208 223 204 216 221 231 233 247 242 242 238 226 208
155 174 180 184 191 219 225 216 203 238 232 213 208 222 225 216 189 203 208 217 227 211 217 221 227 205 193 187 188 211 213 207 210 197 218 221 224 217 208 196 187 190 199 210 209 195 194 195 184 189 188 185 188 185 205 217 220 192 172 161 161 188 202 191 186 200 208 203 178 172 182 219 231 230 238 247 240 232 226 211 212 217 216 216 221 201 189 178 190 191 173 193 236 233 210 211
149 162 160 169 175 191 219 222 213 211 222 206 211 208 226 227 221 210 220 221 213 205 218 224 211 211 206 219 219 215 221 204 194 188 207 220 215 195 196 203 201 196 195 200 201 203 203 197 187 170 167 159 165 175 182 205 209 194 186 195 194 191 191 183 169 174 196 220 206 205 191 199 216 231 242 230 223 213 214 231 237 224 221 240 222 206 156 190 191 167 177 210 239 231 201 196
158 168 182 180 176 184 210 219 209 216 224 236 232 218 222 218 226 232 236 228 227 233 228 231 206 202 206 196 192 198 208 192 186 165 148 189 215 193 188 204 201 199 208 213 210 217 208 183 188 186 189 174 170 179 169 178 189 197 198 210 210 225 224 201 188 180 154 161 162 172 196 227 242 234 223 175 182 227 236 233 225 213 245 240 226 203 188 200 211 196 193 199 201 221 198 186
175 177 187 213 206 189 203 216 221 230 216 237 227 198 196 204 214 225 223 229 234 237 239 234 225 227 203 191 185 179 164 171 193 170 158 183 199 206 212 213 218 242 247 228 216 219 229 212 219 187 191 188 182 181 189 197 201 194 197 202 212 225 219 205 195 189 158 173 163 104 75 133 212 214 214 224 228 239 230 214 200 206 241 229 222 234 237 193 174 176 194 218 202 219 213 201
192 154 134 200 217 210 214 227 233 230 226 224 182 202 164 220 227 219 199 219 223 235 225 194 205 226 216 197 195 193 167 164 188 167 151 177 193 210 213 213 219 216 216 211 220 228 212 195 194 202 202 193 180 174 190 227 205 206 197 211 229 230 225 222 208 209 191 172 154 89 66 73 101 160 203 199 193 180 208 224 212 205 229 219 224 204 198 215 219 228 224 238 206 209 247 219
127 113 123 189 215 221 226 229 230 231 224 196 179 206 200 223 232 230 220 218 226 230 223 229 223 220 220 210 196 195 180 187 181 185 191 225 227 224 218 206 197 192 202 212 208 213 227 217 200 209 227 210 192 189 189 191 204 213 201 237 235 228 221 227 243 241 222 177 116 101 125 125 118 135 139 148 191 196 214 220 205 188 214 199 194 213 206 227 248 250 250 250 239 183 232 228
100 119 162 209 229 227 224 223 222 218 222 185 223 219 222 222 231 223 231 221 221 214 177 194 217 225 223 200 182 170 149 147 171 200 210 201 190 192 195 199 200 203 201 209 211 207 207 206 206 209 212 204 201 191 193 197 200 190 194 228 245 240 236 234 240 239 211 198 185 185 188 187 174 171 188 181 211 222 216 215 202 195 198 194 189 216 223 235 250 250 250 250 250 250 225 203
199 202 166 196 224 219 217 217 232 218 221 226 226 233 225 211 221 225 227 180 202 207 228 224 224 227 217 192 180 195 183 171 168 174 203 202 201 200 197 205 202 201 201 197 202 207 202 201 197 203 193 183 166 179 188 200 208 193 192 219 223 237 250 250 245 239 224 221 225 215 180 177 196 185 191 200 220 225 211 196 180 211 224 189 203 228 236 235 243 250 250 250 250 228 219 201
220 233 210 160 209 221 214 221 220 223 225 225 222 229 228 193 178 201 213 211 188 172 170 175 173 170 178 176 203 211 209 202 178 168 171 202 218 208 202 198 193 201 207 199 204 207 196 192 188 189 183 173 156 163 188 206 211 193 188 233 204 227 239 237 232 233 229 220 228 231 215 210 224 212 224 226 218 217 220 217 196 242 246 222 208 230 239 235 250 250 213 250 245 207 245 229
217 226 214 168 189 214 205 188 216 225 225 223 223 226 212 186 182 185 185 190 190 177 147 147 163 169 167 180 172 177 190 201 200 194 174 153 167 169 153 173 194 201 201 196 200 203 194 192 187 170 165 164 159 175 214 212 221 189 195 221 218 231 245 227 218 233 231 233 236 236 233 226 212 201 196 213 228 235 245 242 235 226 209 204 224 237 232 223 217 213 195 214 250 245 217 235
226 226 218 214 202 201 197 174 183 198 213 225 220 209 192 177 178 169 169 192 188 182 173 157 172 191 170 168 181 181 188 197 204 185 170 170 183 176 170 174 185 198 196 188 179 184 200 203 184 169 171 164 123 96 120 140 164 173 197 223 244 246 245 232 227 237 233 225 232 231 225 224 220 202 194 216 234 228 231 228 216 199 191 184 227 238 223 222 239 240 203 188 248 180 209 227
233 225 228 223 197 198 205 186 187 201 222 215 205 197 196 189 175 156 150 158 170 189 196 180 174 180 180 179 187 194 186 151 108 169 177 191 207 202 188 184 183 189 185 182 183 179 178 189 180 170 172 166 130 79 69 134 196 203 229 202 207 219 226 223 236 246 241 225 224 223 223 220 229 229 234 242 238 238 213 201 188 213 211 186 192 197 219 232 232 227 200 245 202 181 203 224
218 229 228 222 201 187 178 154 193 212 211 209 212 209 202 193 175 170 166 136 154 184 187 167 161 179 193 196 192 172 174 159 139 152 178 185 186 180 194 183 180 180 182 180 187 177 160 176 194 187 178 160 186 161 122 176 218 213 206 204 199 204 219 234 241 236 228 222 213 225 236 240 237 235 238 238 225 220 196 202 207 209 204 188 190 171 208 231 214 187 241 246 250 196 234 246
209 228 226 233 223 171 150 149 197 223 205 191 202 218 211 192 175 169 151 111 157 187 186 164 153 175 191 164 146 189 195 189 159 167 175 182 176 176 182 199 194 178 162 167 186 190 185 190 203 184 179 204 195 201 180 177 187 193 200 210 196 207 217 208 206 209 197 218 220 225 195 203 225 231 209 209 222 221 227 224 214 203 201 183 185 185 211 246 250 250 250 250 250 232 230 240
208 213 221 225 245 230 225 223 229 221 195 171 185 210 200 184 176 164 118 103 155 186 185 194 170 150 148 132 139 157 179 193 175 163 175 170 179 183 193 209 201 173 163 163 181 211 209 193 184 175 187 179 190 182 166 176 189 194 190 186 177 172 174 184 177 168 168 204 223 220 160 172 219 219 201 184 203 218 214 198 217 214 199 208 219 222 234 250 250 250 250 250 250 239 244 248
202 192 216 220 225 250 229 223 222 199 186 172 176 176 172 170 177 177 157 175 178 161 168 166 163 154 148 145 158 149 156 163 146 149 168 170 175 183 189 206 176 170 166 174 216 219 194 181 183 191 197 179 179 179 204 185 189 191 168 161 162 174 158 154 161 167 182 200 223 230 221 199 214 234 232 206 194 200 197 193 201 214 218 232 240 242 242 249 250 250 250 250 250 250 248 244
215 199 225 220 202 214 217 214 190 178 174 176 165 149 138 133 141 153 187 207 203 159 153 172 178 170 149 159 172 161 153 152 172 178 178 165 171 185 199 192 178 174 169 184 237 202 162 174 192 187 164 176 175 178 185 190 187 188 180 177 180 171 161 160 179 180 198 209 215 212 210 214 225 228 227 223 224 225 216 193 187 208 214 218 222 222 237 246 246 250 250 242 250 250 246 238
202 189 214 209 185 175 187 199 181 158 161 160 152 142 135 127 132 170 187 184 169 160 151 158 179 170 180 173 161 151 147 170 180 171 174 163 165 180 189 192 193 174 165 155 179 180 160 174 193 184 166 162 170 179 198 202 193 206 200 187 181 181 188 193 192 192 193 193 205 206 202 219 227 214 215 206 208 213 194 197 211 209 203 191 194 199 223 225 218 250 250 204 231 234 213 212
205 195 192 191 197 205 201 165 154 136 164 167 158 150 153 144 124 125 159 169 184 192 177 169 174 167 182 183 149 161 172 171 162 159 160 157 163 175 180 194 201 189 181 181 178 179 171 177 184 185 188 174 179 195 202 209 195 200 207 200 194 185 181 183 184 177 175 182 194 184 185 188 187 192 192 185 197 201 183 188 204 196 178 157 177 194 190 210 204 228 240 201 197 211 219 215
217 210 198 192 193 194 196 179 201 203 178 161 153 143 144 150 139 111 119 139 173 188 188 183 167 158 166 198 181 172 177 174 144 130 159 156 157 160 164 173 167 176 181 179 179 179 143 125 154 191 201 193 182 188 183 189 194 203 211 175 172 181 183 187 178 167 174 179 196 211 221 202 188 214 216 208 202 198 186 179 186 202 200 202 203 219 217 214 220 223 223 182 192 221 220 214
206 189 175 186 195 193 199 178 200 190 171 166 152 134 132 144 144 122 101 108 166 178 172 172 169 165 169 193 167 144 157 171 159 160 164 156 163 166 171 159 157 168 180 192 183 174 170 136 157 184 188 187 180 180 181 178 190 191 189 190 195 194 196 191 188 190 191 195 193 221 226 208 203 202 189 179 180 177 178 198 218 217 195 200 208 204 190 180 224 242 222 214 223 222 218 239
190 193 190 182 189 188 219 177 175 177 151 179 150 127 109 124 150 139 120 115 129 140 152 163 165 155 170 162 148 139 164 177 149 148 158 173 166 161 156 141 142 146 148 154 149 163 176 174 177 190 189 185 190 189 203 196 216 212 204 193 172 176 197 193 193 186 184 190 192 213 230 221 190 175 166 171 173 183 185 189 208 217 213 219 220 223 195 180 207 229 226 216 226 223 223 215
186 188 191 174 176 225 186 190 172 158 171 126 155 147 128 146 172 154 144 136 125 135 146 151 161 180 192 159 159 151 192 189 179 160 165 167 161 158 153 144 138 128 140 150 153 166 185 196 199 198 187 188 189 189 205 203 237 240 228 214 166 190 212 216 215 178 190 192 189 205 205 196 190 187 182 172 168 182 193 198 212 238 241 226 230 231 226 219 219 231 250 250 243 232 245 247
182 194 195 180 172 183 179 172 160 166 179 139 153 169 168 157 141 143 149 138 128 133 145 163 169 164 209 154 142 175 166 156 183 162 149 151 156 158 153 146 152 143 143 147 159 179 179 195 195 194 199 193 208 202 228 240 243 238 216 227 240 230 204 223 214 185 214 193 175 186 194 194 192 174 191 186 207 214 185 216 222 234 248 250 242 235 250 230 210 210 250 248 246 243 239 227
178 208 204 189 177 183 180 170 147 135 151 137 151 159 175 152 137 114 116 127 147 165 149 148 143 129 154 250 211 158 147 161 182 149 140 153 165 152 149 146 150 153 152 138 125 129 150 164 184 196 180 190 201 210 238 232 219 193 199 233 228 214 195 205 204 196 200 191 169 190 201 174 171 159 194 193 205 217 219 220 226 234 240 244 243 248 250 218 202 203 224 241 214 245 246 226
