examples/data/proba_v_italy_sicily/probav_s10_toc_x19y03_20141211_333m_ndvi_v001.txt
ncols         1127
nrows         589
xllcorner     12.348214285714
yllcorner     36.598214285714
cellsize      0.0029761904761905
NODATA_value  -9999
[rows 368 to 413 of 589, columns 288 to 383 of 1127]
25 25 38 22 23 22 19 13 18 26 23 18 19 20 18 22 17 13 29 32 255 255 255 255 255 255 255 255 255 255 255 255 255 255 26 26 20 255 255 40 255 255 14 255 255 255 31 255 255 255 255 255 255 255 255 255 255 255 255 255 255 255 255 255 255 255 255 255 255 255 255 255 255 255 255 255 255 255 255 255 45 42 39 38 34 33 34 37 37 37 35 34 33 33 255 255
43 24 23 19 21 20 20 15 255 19 58 17 18 16 18 18 17 28 26 255 255 32 255 255 255 255 255 255 255 255 255 255 255 255 255 255 255 255 255 255 255 255 255 255 255 255 36 255 255 255 255 20 255 255 255 255 255 255 255 255 255 255 255 255 255 255 255 255 255 255 255 255 255 255 255 255 255 255 255 49 41 41 41 40 40 35 32 31 33 34 34 33 32 255 255 255
39 24 16 38 31 19 21 25 17 16 28 21 17 20 19 23 26 27 16 54 255 255 255 255 255 255 255 255 255 255 255 255 255 255 255 255 255 255 255 255 255 255 255 255 255 255 255 14 255 255 48 255 255 255 255 255 255 255 255 255 255 255 255 255 255 255 255 255 255 255 255 255 255 255 255 255 255 255 255 50 43 40 39 41 41 39 36 34 30 30 31 32 31 255 255 255
35 28 38 21 25 22 17 16 20 18 21 23 21 21 19 19 24 20 17 17 25 37 17 255 255 255 255 255 255 255 255 255 255 255 255 255 255 255 255 255 255 255 255 255 255 255 255 255 255 255 255 47 31 255 255 255 255 255 255 255 255 35 255 255 255 255 255 255 255 255 255 255 255 255 255 255 255 255 255 55 45 40 38 38 41 39 39 38 36 34 33 33 31 31 255 255
34 26 37 21 24 25 23 23 21 16 14 15 16 20 24 26 26 27 19 15 42 26 11 16 255 21 255 255 255 255 255 255 255 255 255 255 255 255 255 255 255 255 255 255 255 255 255 255 255 255 255 255 255 255 255 255 255 255 20 255 255 25 255 255 255 255 255 255 255 255 255 255 255 255 255 255 255 255 255 255 52 46 43 40 37 41 39 39 37 36 36 34 33 32 32 255
33 29 25 22 22 24 23 26 25 22 20 23 23 29 25 32 29 39 26 15 12 12 8 22 26 33 255 255 255 255 255 255 255 255 255 255 255 255 255 255 255 255 42 42 255 255 255 255 255 255 255 255 255 255 255 255 255 255 27 255 255 255 255 255 255 255 255 255 255 255 255 255 255 255 255 255 255 255 255 255 255 255 50 45 42 40 38 36 35 35 34 34 34 33 31 255
39 37 28 22 23 24 22 19 24 29 24 22 14 34 32 37 27 22 28 27 22 20 15 13 255 18 19 255 255 255 255 255 255 255 255 255 255 255 255 255 255 255 37 39 42 44 39 33 34 255 255 19 23 61 40 255 255 255 255 255 15 255 255 255 255 255 255 255 255 255 255 255 255 255 255 255 255 255 255 255 255 255 255 51 44 41 39 37 35 33 33 33 32 32 31 30
23 35 33 28 29 28 20 20 24 16 25 27 23 34 33 28 12 35 19 24 25 25 26 29 255 26 23 255 255 255 255 255 255 255 255 255 255 255 255 255 255 255 255 255 255 255 32 34 32 33 35 255 255 255 255 49 37 255 255 255 31 26 255 255 255 255 255 255 255 255 255 255 255 255 255 255 255 255 255 255 255 255 255 255 52 47 47 44 42 40 37 35 34 32 32 32
34 30 30 29 29 29 28 30 28 20 20 19 18 26 17 20 14 10 27 44 50 39 19 21 26 28 255 25 255 255 255 255 255 255 255 255 255 255 255 255 255 255 255 255 255 255 255 36 34 33 32 255 255 255 255 255 56 47 32 255 39 255 255 255 255 255 255 255 255 255 255 255 255 255 255 255 255 255 255 255 255 255 255 255 255 255 255 54 52 49 47 42 40 38 37 35
30 31 29 28 29 30 29 22 26 23 17 16 16 19 255 255 34 255 255 17 17 29 30 33 21 26 26 18 21 255 255 255 255 255 24 255 255 255 255 255 255 14 21 21 255 255 255 255 18 23 21 9 255 255 255 255 25 255 255 255 255 255 255 255 255 255 255 255 255 255 255 255 255 255 255 255 255 255 255 255 255 255 255 255 255 255 255 255 255 56 49 255 39 38 34 33
30 30 30 29 28 27 29 29 17 18 19 19 18 21 32 30 255 255 255 16 16 11 23 27 33 37 36 33 27 19 20 20 19 20 255 255 255 255 255 27 30 23 29 34 26 13 13 12 11 21 22 22 16 11 8 255 255 17 255 255 255 255 255 255 255 255 255 255 255 255 255 255 255 255 255 255 255 255 255 255 255 255 255 255 255 255 255 255 255 255 255 255 37 37 35 39
29 29 29 28 28 27 28 27 26 19 19 21 20 20 255 20 24 20 16 17 17 13 15 21 255 255 38 45 37 25 22 19 19 19 255 255 255 255 255 23 31 30 26 255 19 22 22 26 18 18 31 34 34 24 16 11 2 12 16 255 255 255 255 255 255 255 255 255 255 255 255 255 255 255 255 255 255 255 255 255 255 255 255 255 255 255 255 255 255 255 255 255 255 30 255 255
28 28 28 27 27 48 26 28 29 26 25 25 23 20 20 20 22 21 23 22 21 17 12 255 33 18 22 26 33 30 25 23 23 20 17 255 255 255 32 23 27 28 255 14 21 31 32 28 32 32 26 34 46 44 36 29 18 255 11 18 255 255 255 255 255 255 255 255 255 255 255 255 255 255 255 255 255 255 255 255 255 255 255 255 255 255 255 255 255 255 255 255 255 255 30 255
33 27 27 27 27 28 26 24 29 28 27 26 25 21 23 25 27 38 38 22 26 27 17 23 24 28 28 22 21 21 22 23 23 21 19 17 18 22 36 23 26 33 23 21 18 13 23 28 31 37 27 9 9 23 31 40 36 22 12 26 17 12 255 255 255 255 255 255 255 255 255 255 255 255 255 255 255 255 255 255 255 255 255 255 255 255 255 255 255 255 255 255 255 255 32 255
27 27 28 44 27 27 27 26 24 23 23 28 24 27 25 27 28 28 23 43 35 24 23 18 17 14 19 24 21 21 22 24 26 24 20 20 21 21 19 26 22 22 19 21 20 17 20 33 22 22 39 36 25 29 29 26 25 16 255 12 19 255 255 255 255 255 255 255 255 255 255 255 255 255 255 255 255 255 255 255 255 255 255 255 255 255 255 255 255 255 255 255 255 255 255 255
27 27 27 26 25 25 27 27 25 24 21 22 22 22 23 22 24 36 25 17 17 28 27 25 25 20 21 22 24 24 27 26 25 255 27 25 23 19 21 21 17 28 15 13 21 26 13 255 9 255 18 32 30 23 19 19 23 28 31 30 34 255 255 255 255 255 255 255 255 255 255 255 255 255 255 255 255 255 255 255 255 255 255 255 255 255 255 255 255 255 255 255 255 255 255 255
27 26 27 26 26 26 26 26 25 25 20 19 18 19 20 21 29 25 35 26 21 16 255 26 24 26 24 27 28 27 28 255 255 30 30 27 28 27 25 23 22 32 30 25 23 28 30 16 21 23 26 28 25 31 30 31 26 28 41 37 26 255 255 255 255 255 255 255 255 255 255 255 255 255 255 255 255 255 255 255 255 255 255 255 255 255 255 255 255 255 255 255 255 255 255 255
28 27 28 26 26 26 26 26 26 26 19 18 17 32 14 19 27 27 26 33 25 255 255 255 255 255 255 21 30 30 32 31 27 27 255 28 29 255 255 255 25 34 34 27 19 19 28 26 24 20 17 26 26 30 37 49 34 18 255 255 255 255 255 255 255 255 255 255 255 255 255 255 255 255 255 255 255 255 255 255 255 255 255 255 255 255 255 255 255 255 255 255 255 255 255 255
27 28 29 27 26 26 27 26 26 25 20 19 19 18 15 255 255 25 29 27 23 255 255 18 10 255 20 20 26 26 19 19 21 23 27 29 255 255 255 255 34 29 30 24 17 20 28 30 29 26 16 255 255 30 255 255 37 23 16 255 255 255 255 255 255 32 25 18 255 255 255 255 255 255 255 255 255 255 255 255 255 255 255 255 255 255 255 255 255 255 255 255 255 255 255 255
28 28 27 27 26 26 27 27 27 26 22 19 20 20 21 23 14 255 24 30 23 255 255 17 13 255 255 255 255 255 23 255 255 255 255 255 33 255 255 21 25 29 50 41 27 26 24 29 25 36 28 255 255 18 255 255 49 36 32 42 30 255 255 255 255 255 255 255 255 255 255 255 255 255 255 255 255 255 255 255 255 255 255 255 255 255 255 27 255 255 255 255 255 255 255 255
255 23 27 27 26 26 26 42 34 25 21 22 20 18 14 34 16 21 22 29 24 255 255 18 12 255 255 255 255 255 255 255 255 255 255 255 255 255 255 21 20 25 27 28 27 23 26 21 25 28 28 22 16 15 16 255 255 255 255 255 255 255 255 255 255 255 255 255 255 255 255 255 255 255 255 255 255 255 255 255 255 255 255 255 255 255 255 255 255 255 255 255 255 255 255 255
31 50 31 26 26 23 25 25 21 25 21 21 21 21 22 18 17 255 23 24 255 255 19 20 20 20 255 255 255 255 255 255 255 255 255 255 255 255 255 255 23 29 29 27 24 25 24 21 19 21 26 28 29 25 21 20 255 255 255 255 255 255 255 255 255 255 255 255 255 255 255 255 255 255 255 255 255 255 255 255 255 255 255 255 255 255 255 255 255 255 255 255 255 255 255 255
255 255 26 25 26 27 26 40 24 25 25 25 22 16 14 17 14 13 255 21 255 255 16 16 255 255 255 255 255 255 255 255 255 255 32 27 255 255 255 255 255 24 29 32 30 25 25 24 22 24 26 28 27 26 22 22 20 255 255 255 255 255 255 255 255 255 255 255 255 255 255 255 255 255 255 255 255 255 255 255 255 255 255 255 255 255 255 255 255 255 255 255 255 255 255 255
255 18 255 255 27 28 27 50 39 26 26 19 25 25 20 19 54 38 255 16 255 255 13 17 14 255 255 255 255 255 255 255 255 255 255 255 255 255 255 24 17 19 19 37 255 255 255 255 21 21 15 21 50 23 22 23 25 21 21 255 255 255 255 255 255 255 255 38 37 255 255 255 255 255 255 255 255 255 255 255 255 255 255 255 255 255 255 255 255 255 255 255 255 255 255 255
255 255 255 255 27 28 26 27 27 26 45 17 18 23 22 42 18 17 17 255 42 255 20 21 16 255 255 255 255 255 33 255 255 255 255 255 255 255 25 29 21 17 255 30 255 255 255 255 255 21 18 15 20 24 27 27 28 30 27 24 25 255 255 255 255 255 28 27 24 21 255 255 255 255 255 255 255 255 255 255 255 255 255 255 255 255 255 255 255 255 255 255 255 255 255 255
255 29 27 23 26 26 26 27 27 26 24 21 17 14 13 16 20 18 25 255 22 16 17 23 18 255 255 255 255 255 255 255 255 255 255 255 255 255 255 255 255 255 255 39 26 255 255 255 255 21 19 19 23 23 255 255 255 32 31 27 28 28 27 25 21 255 255 255 255 255 255 255 255 255 255 255 255 255 255 255 255 255 255 255 255 255 255 255 255 255 255 255 23 255 255 255
255 255 255 255 26 26 26 26 26 50 22 19 15 14 14 13 39 21 21 255 255 19 12 255 19 21 19 22 255 255 255 255 255 255 255 255 255 255 255 255 255 255 255 32 29 33 40 26 255 255 255 255 255 255 255 255 255 255 255 255 255 255 30 31 27 23 39 31 255 255 255 255 255 255 255 255 255 255 255 37 35 255 255 255 255 255 255 255 255 255 23 25 255 255 255 255
255 255 255 32 26 26 27 26 26 41 23 25 23 21 17 15 42 24 255 255 255 24 25 18 18 29 23 255 255 255 255 255 255 255 255 255 255 255 255 255 255 255 28 33 255 33 22 255 255 255 255 255 255 255 255 17 255 255 255 255 255 255 255 37 30 24 24 17 255 255 255 46 255 255 35 36 37 33 32 36 37 34 32 255 255 255 255 255 255 21 22 255 255 255 255 255
21 40 255 20 26 25 22 26 25 25 23 22 19 21 16 9 29 255 255 255 21 11 27 29 255 255 255 255 255 255 255 255 255 255 255 255 255 255 255 255 255 255 34 31 255 27 36 255 255 29 255 255 255 255 255 255 255 255 255 255 255 255 255 255 24 28 22 23 255 255 255 255 42 36 33 32 29 30 29 28 29 30 29 28 255 255 255 255 25 255 255 255 255 255 255 255
39 48 25 26 24 22 23 25 25 25 25 25 24 36 22 16 9 255 255 255 31 255 255 255 255 255 255 255 255 255 255 255 255 255 255 255 255 255 255 255 255 255 255 31 33 42 29 255 255 32 255 255 255 255 255 255 255 255 255 255 255 15 18 19 255 255 42 255 255 34 31 29 30 30 26 23 23 23 24 24 24 24 24 25 24 255 255 255 24 255 255 255 255 255 40 26
38 39 25 37 33 24 23 35 255 29 27 27 26 20 29 30 10 255 19 255 30 255 255 255 255 255 255 255 255 255 255 255 255 255 255 255 255 255 255 255 255 255 255 255 28 255 255 255 255 35 255 255 255 255 255 255 255 255 255 255 255 53 29 22 20 255 47 40 34 36 33 28 24 23 23 255 255 255 255 255 255 17 19 21 19 255 255 255 24 20 16 255 255 255 22 21
36 26 25 25 27 26 24 40 255 32 30 30 31 28 29 29 28 255 255 255 27 18 255 255 255 255 255 255 255 255 255 255 255 255 255 255 255 255 255 255 255 255 255 255 29 255 255 255 255 28 35 255 255 255 255 255 255 255 255 255 29 27 24 255 24 21 42 40 37 34 34 32 28 26 24 255 255 255 255 255 255 255 17 19 23 21 18 255 20 255 255 255 255 255 35 255
33 33 24 25 25 25 24 255 255 255 255 27 27 28 30 30 32 27 255 255 25 24 255 255 255 255 255 255 255 255 255 255 255 255 255 255 255 255 255 36 255 255 255 255 27 255 45 39 255 19 255 255 255 255 255 255 255 255 255 255 29 18 15 255 255 255 37 36 34 34 31 30 30 29 28 28 28 255 255 255 23 21 25 24 24 23 22 20 19 21 21 20 255 255 29 255
26 23 27 255 26 24 23 39 255 255 255 27 27 30 35 40 32 34 29 34 255 33 255 255 255 25 255 255 255 255 255 255 255 255 255 255 255 255 255 30 29 30 255 255 24 41 255 22 38 32 30 29 255 255 255 255 255 255 255 255 255 255 255 255 255 47 40 36 31 29 28 28 28 28 29 29 28 29 29 26 26 26 27 27 26 25 24 21 19 20 21 21 20 18 30 255
26 31 255 255 255 24 23 34 45 43 41 35 28 32 29 23 30 31 29 29 33 34 38 255 255 26 26 255 255 255 255 255 255 255 255 255 255 255 255 255 255 255 255 255 24 42 255 255 255 19 30 255 255 255 255 255 35 255 255 255 255 255 255 255 255 255 35 27 32 32 30 29 29 28 29 29 29 29 29 29 28 27 27 26 24 23 22 21 22 23 25 26 26 27 25 34
255 255 255 255 255 25 25 33 28 255 255 28 29 30 24 26 29 31 26 25 39 38 39 38 30 30 27 255 255 255 255 255 255 255 255 255 255 32 27 255 255 255 255 255 29 23 19 32 28 30 255 255 255 255 255 255 255 255 255 255 255 29 24 23 22 23 25 28 29 28 28 26 27 27 28 30 29 29 27 26 26 25 26 26 26 26 24 255 255 255 20 21 19 22 31 29
18 255 255 25 255 255 255 14 255 29 19 36 27 28 28 22 29 28 31 31 29 28 28 35 37 29 26 255 255 255 255 255 255 255 255 255 255 20 15 255 255 255 34 29 30 25 25 255 26 33 30 27 27 24 24 22 20 18 16 16 18 18 18 21 21 23 25 29 25 25 25 24 24 24 24 26 26 28 29 30 27 26 25 22 21 23 22 255 255 255 28 26 19 19 19 18
27 22 27 255 255 255 255 255 255 19 29 27 27 27 23 30 32 29 33 32 29 29 30 26 34 39 26 255 255 255 255 255 255 255 255 255 255 255 255 255 255 255 32 28 28 29 29 28 28 27 27 26 25 26 25 26 25 24 24 22 22 22 22 20 21 20 20 21 22 23 19 255 255 25 26 24 24 26 28 29 30 30 30 29 28 27 26 24 23 21 21 255 255 18 19 18
21 24 31 255 255 255 255 255 255 255 22 24 255 30 23 30 30 26 34 32 30 30 23 255 255 31 42 255 255 255 255 255 255 34 255 255 255 255 255 255 32 28 27 26 26 25 24 23 24 23 23 24 24 25 27 29 28 26 255 255 255 255 255 255 255 255 255 255 255 29 20 255 255 255 255 255 25 24 24 25 27 27 29 28 27 28 28 29 28 27 26 25 35 32 22 21
14 255 17 255 255 42 27 40 37 255 19 21 13 38 29 29 22 21 20 31 29 27 19 255 255 25 28 44 43 255 255 255 27 37 255 255 255 255 34 32 29 27 27 28 28 25 24 22 22 23 23 21 23 23 255 255 255 255 255 255 255 255 255 255 255 255 255 255 23 28 35 32 255 255 255 255 255 255 255 255 21 24 26 25 27 29 29 29 30 29 28 28 27 26 25 24
255 255 255 255 255 51 33 28 21 29 21 21 255 40 26 16 255 24 15 24 25 31 29 20 255 255 28 32 39 255 255 255 255 31 43 27 255 31 29 28 27 29 28 26 26 26 25 255 255 255 255 255 255 255 255 255 255 255 255 255 255 255 255 255 255 255 255 255 255 23 28 255 26 255 255 255 37 32 30 27 19 17 15 255 255 19 20 22 24 24 25 255 255 255 24 24
255 255 255 255 255 255 65 44 255 28 25 24 255 41 30 38 29 24 21 22 27 32 32 27 25 26 28 19 26 255 255 255 23 24 26 37 29 29 29 29 29 28 28 26 25 255 255 255 255 255 255 255 255 255 255 255 255 255 255 255 255 255 255 255 255 255 255 255 38 39 255 255 18 255 255 255 255 255 20 255 25 24 19 19 255 30 28 33 255 255 255 255 255 255 255 255
31 255 255 255 255 255 255 255 255 51 255 25 31 47 27 30 29 32 38 27 28 28 28 26 23 27 25 20 255 255 31 28 27 27 29 30 33 31 29 27 26 25 26 255 255 20 255 255 255 255 255 255 255 255 255 255 34 27 255 255 255 255 255 255 255 255 255 255 25 255 25 255 24 46 40 255 255 29 255 255 255 255 26 27 255 255 22 35 255 255 255 255 255 255 255 255
255 255 30 255 255 255 255 255 255 255 21 32 24 24 31 52 42 30 28 41 30 23 26 29 30 31 27 255 27 26 25 29 30 30 29 25 24 26 25 22 37 49 255 255 24 26 30 255 255 255 255 255 255 255 255 255 24 255 255 255 255 255 255 255 255 255 255 255 255 30 18 30 255 255 19 255 255 255 38 27 255 255 255 28 24 255 28 21 26 26 255 26 24 25 25 25
255 66 30 37 255 255 255 255 255 255 29 255 255 24 23 23 24 27 36 37 43 29 27 31 40 28 255 37 27 31 30 29 29 31 29 26 23 35 28 28 27 38 45 46 23 255 20 19 255 255 255 255 255 255 255 255 255 255 255 255 255 255 255 255 255 255 255 255 255 34 32 26 255 29 35 255 255 26 255 31 29 34 30 255 20 28 27 255 255 255 25 29 28 28 30 32
29 255 38 25 255 32 38 255 255 49 31 25 255 20 255 26 22 26 51 46 36 36 30 36 34 35 32 26 26 28 28 28 31 32 30 30 30 30 38 40 27 35 35 35 41 18 16 21 6 255 255 255 255 255 255 255 255 255 255 255 255 255 255 255 255 255 255 30 33 27 21 255 255 31 255 255 255 255 255 36 255 255 37 19 255 255 255 255 23 27 35 27 28 27 25 26
