examples/data/proba_v_italy_sicily/probav_s10_toc_x19y03_20150111_333m_ndvi_v001.txt
ncols         1127
nrows         589
xllcorner     12.348214285714
yllcorner     36.598214285714
cellsize      0.0029761904761905
NODATA_value  -9999
[rows 51 to 101 of 589, columns 96 to 191 of 1127]
0 0 0 0 0 0 0 0 0 0 0 0 30 0 1 29 0 0 0 0 0 0 0 2 2 3 3 2 6 5 5 6 6 6 15 5 0 6 2 0 0 0 0 0 0 2 2 0 0 0 6 6 6 0 3 0 7 4 5 10 14 20 17 10 6 39 11 17 17 12 9 11 17 0 0 0 0 0 0 0 2 1 0 0 0 0 0 0 0 0 0 0 0 0 0 2
28 0 0 0 0 0 0 0 0 0 0 0 1 32 0 0 0 2 0 0 0 0 0 0 7 16 11 7 2 15 6 7 11 15 5 5 5 0 0 0 5 6 6 6 6 6 0 0 0 0 6 2 0 3 0 0 0 4 4 16 20 17 9 7 10 18 34 29 25 31 8 17 16 0 0 0 0 0 0 0 0 0 0 0 0 0 0 0 0 0 0 0 0 0 0 0
24 31 0 0 0 0 0 0 0 0 0 0 5 9 0 31 2 0 0 0 0 0 4 8 28 28 20 11 11 20 16 16 10 37 37 10 5 5 5 5 5 6 7 7 6 6 6 6 2 2 7 3 3 3 0 0 0 4 0 5 10 10 2 0 6 6 18 32 29 17 23 24 13 0 0 0 0 0 1 0 0 0 0 0 0 0 2 2 0 0 0 0 0 0 0 0
0 22 26 28 32 0 0 0 0 0 0 0 0 0 0 0 0 0 32 0 4 4 16 24 24 28 16 16 11 11 5 32 79 83 59 25 15 10 5 5 5 15 11 7 11 6 6 11 3 7 0 0 1 7 0 0 4 0 0 0 4 1 0 4 8 0 25 29 27 23 21 21 12 1 0 0 0 0 5 10 3 6 1 0 0 0 2 1 0 0 0 0 2 1 0 1
0 0 0 0 25 0 2 2 0 2 0 0 0 0 0 0 0 35 36 36 34 32 20 24 20 24 16 12 11 0 71 111 135 133 109 14 20 25 10 15 10 15 15 15 15 15 11 11 6 2 1 5 5 0 0 4 0 0 0 3 8 1 1 3 7 8 26 34 27 21 20 13 4 0 0 0 0 0 4 8 7 3 1 0 0 0 0 0 1 0 1 0 0 1 0 0
0 0 0 0 0 0 0 0 0 2 0 0 0 5 2 34 31 25 0 0 4 16 24 27 32 32 32 11 20 88 116 146 153 132 94 37 50 49 40 30 20 25 25 30 15 0 20 15 6 6 6 10 10 1 3 3 3 3 7 3 7 0 4 5 9 3 8 5 22 11 0 22 20 7 0 0 0 0 0 0 0 3 0 0 0 0 2 2 3 3 14 5 8 6 0 0
0 0 0 0 0 0 0 0 0 0 0 2 0 28 30 30 2 5 1 1 12 24 27 31 27 27 32 28 96 129 139 149 125 67 16 76 80 76 59 37 37 37 37 37 71 40 0 20 16 7 6 10 10 5 1 0 0 3 0 2 2 0 0 3 1 9 8 10 0 0 10 19 21 11 0 0 0 0 0 2 2 3 3 0 3 3 3 3 0 3 5 5 7 11 5 1
0 4 5 6 0 0 0 0 0 0 0 2 32 27 0 2 2 2 0 6 9 24 27 31 31 31 24 67 121 157 167 158 129 66 21 5 6 20 129 148 147 135 129 143 156 138 84 20 16 12 8 5 20 10 10 6 0 7 2 6 1 1 2 7 4 5 5 6 2 4 10 11 10 4 0 0 0 0 0 0 3 1 1 4 4 0 4 3 3 1 8 8 4 8 6 7
0 32 0 0 0 29 30 28 24 21 21 25 32 0 0 0 0 2 2 6 13 12 27 31 31 34 16 85 133 163 170 158 157 95 44 41 51 91 155 180 179 171 170 181 187 147 92 16 24 12 15 10 15 5 10 10 2 0 1 5 0 5 6 0 3 8 5 2 2 2 0 0 0 0 0 0 3 0 0 0 4 5 6 3 3 0 0 5 4 13 12 12 16 17 13 13
0 0 0 0 31 26 0 5 5 0 5 0 2 2 0 0 0 0 0 2 7 7 20 35 31 31 24 73 131 171 181 173 163 103 63 81 115 147 165 172 164 171 179 175 173 120 76 42 29 20 11 7 11 15 6 6 6 2 6 5 5 0 6 11 0 12 8 8 1 1 2 0 2 0 0 0 0 0 3 3 4 8 7 10 8 5 10 5 5 14 23 23 27 23 26 20
34 35 32 30 30 0 0 2 0 0 0 0 2 2 2 2 0 2 2 0 0 5 16 24 31 34 24 16 109 160 188 184 174 118 71 98 141 164 170 166 157 144 155 160 173 172 140 80 20 20 16 12 12 7 11 8 8 4 8 2 5 5 5 6 6 2 7 8 4 8 1 0 2 3 0 0 0 0 3 3 4 5 7 12 10 11 13 11 15 13 36 38 33 36 34 25
35 29 25 0 0 0 0 0 2 0 0 2 2 2 2 2 2 6 3 2 5 1 12 28 38 37 30 16 62 126 162 175 173 152 135 156 187 195 192 185 159 130 146 165 178 167 126 15 20 27 24 16 5 5 12 16 8 5 1 3 6 5 5 10 10 11 2 7 7 3 4 1 2 0 0 0 0 0 3 0 4 7 9 4 10 6 12 16 33 20 22 32 25 38 25 18
0 2 0 0 0 0 0 2 2 0 2 0 0 0 0 2 1 2 8 5 6 9 0 4 20 27 30 23 7 91 140 165 176 187 160 167 194 193 192 177 142 112 122 151 174 156 38 29 35 34 36 23 10 7 5 16 12 12 5 11 8 11 2 6 6 2 2 0 7 3 4 0 1 0 0 0 0 0 0 2 2 7 4 6 9 15 14 20 39 35 29 28 57 22 47 15
2 0 0 0 0 0 5 5 2 0 2 2 0 0 0 0 9 2 3 4 6 9 9 4 5 16 13 23 24 20 112 155 174 182 181 168 183 194 180 162 139 118 125 173 178 155 9 33 40 38 34 23 20 14 10 16 18 9 0 0 13 8 7 2 2 0 0 0 3 8 4 4 0 0 0 1 0 0 0 1 0 2 3 4 12 22 26 30 27 25 30 36 28 32 48 34
2 5 0 0 0 0 0 0 0 0 0 0 0 0 2 0 2 2 2 3 6 9 1 1 6 10 13 20 27 24 153 159 174 173 168 180 195 205 179 170 152 123 102 129 151 143 37 35 29 32 31 27 26 17 4 39 29 51 56 8 16 7 4 2 6 6 6 2 7 8 8 8 8 4 1 1 1 1 1 0 0 0 2 3 7 17 27 37 32 25 29 29 20 18 40 40
0 0 0 5 5 0 0 0 0 0 0 0 0 0 0 2 2 6 3 3 6 6 2 2 6 10 23 20 23 23 91 150 162 170 167 176 184 167 129 119 109 123 107 123 154 160 80 9 25 5 20 12 16 13 13 42 36 9 20 16 8 7 12 11 6 6 10 6 2 2 2 7 7 3 4 4 4 4 4 0 4 4 1 1 5 3 14 5 13 15 5 35 55 49 34 0
0 0 5 2 0 0 0 8 0 5 0 2 2 9 1 9 2 2 6 2 9 2 3 3 7 10 20 23 20 23 44 171 147 169 95 89 173 132 108 118 116 109 102 105 156 174 141 39 94 69 0 16 16 9 13 27 44 25 16 30 24 25 8 7 0 0 1 1 6 6 11 2 0 7 0 0 7 3 3 3 7 12 8 8 1 1 2 6 0 5 0 20 42 37 0 0
5 5 5 0 0 0 2 2 2 9 0 5 0 0 4 0 0 0 3 8 0 48 52 53 50 7 14 23 29 33 152 91 71 101 120 107 168 138 129 127 126 135 120 126 158 174 161 155 170 160 96 0 20 16 16 8 38 52 37 45 32 17 13 11 2 0 1 5 1 6 6 6 11 2 2 0 0 2 0 6 0 6 6 7 8 8 1 1 2 2 10 3 35 39 39 39
0 0 0 0 5 5 2 2 2 0 5 5 0 0 0 4 0 4 4 23 49 54 56 56 55 52 11 23 31 59 63 65 74 104 122 111 169 154 141 137 134 143 148 156 173 168 171 178 176 170 154 67 16 16 12 12 8 0 16 4 12 8 12 11 0 0 1 1 1 6 6 6 11 2 2 0 1 6 6 6 1 1 6 6 3 8 8 8 4 8 8 1 0 37 37 37
5 2 2 0 0 2 2 2 0 0 5 5 0 3 3 0 4 4 46 50 49 43 40 43 50 59 63 63 60 62 67 66 69 82 97 128 156 155 104 52 88 139 161 167 174 172 165 170 170 172 163 102 37 20 16 12 12 12 16 7 5 8 7 11 10 5 5 5 5 5 5 6 11 6 1 6 6 6 1 6 5 10 11 6 7 6 11 7 16 0 8 8 1 6 13 13
5 34 39 42 3 0 0 2 2 9 5 2 0 3 7 0 40 45 43 40 36 37 46 49 51 56 61 63 60 59 67 73 66 50 106 135 160 124 52 169 170 59 110 134 180 169 165 161 164 165 155 109 46 15 24 16 4 12 20 17 13 12 12 2 6 6 5 10 10 10 5 10 6 6 6 6 6 6 1 5 6 6 11 6 6 6 11 7 6 6 0 12 12 12 12 9
37 35 30 2 3 0 6 6 2 5 5 5 4 7 7 7 38 41 44 37 39 44 43 46 51 53 55 61 63 68 68 66 57 96 109 156 184 125 155 150 158 154 155 70 87 127 147 147 160 169 167 140 107 31 16 24 13 13 5 9 9 5 8 6 6 6 5 10 10 5 1 1 0 5 1 6 6 6 6 6 1 6 6 1 6 1 2 6 6 11 12 12 12 12 16 16
45 43 40 36 40 45 3 2 2 5 8 0 46 50 52 44 35 26 28 26 26 40 50 44 47 53 56 64 67 62 64 85 122 140 139 155 163 143 110 90 141 140 143 160 190 127 98 142 155 157 143 146 135 103 24 24 20 17 10 13 5 10 7 1 6 6 1 6 5 5 5 5 5 5 5 6 6 11 1 6 11 11 6 6 6 1 11 6 6 11 11 12 8 12 20 20
37 40 43 44 44 46 49 50 52 52 50 48 40 33 37 43 43 43 47 48 41 41 50 49 39 41 48 60 72 73 62 97 130 140 131 135 142 145 126 122 120 112 99 144 54 70 70 93 132 132 142 152 149 115 0 20 16 20 9 13 13 17 16 9 0 7 0 6 6 5 6 5 5 5 5 0 0 6 6 6 11 6 11 6 0 1 0 0 0 11 11 16 16 12 28 28
21 27 37 42 41 39 40 47 43 44 39 36 0 6 11 7 43 50 53 64 62 59 57 56 57 61 62 57 53 54 48 65 114 149 137 133 142 151 135 130 145 133 118 103 130 117 114 137 68 134 146 150 147 104 0 20 20 16 12 9 9 20 24 23 18 6 3 6 10 10 0 0 10 0 4 4 4 10 0 1 0 6 2 6 5 5 0 5 1 11 11 12 16 20 12 16
41 40 40 43 50 51 43 37 35 37 7 11 7 6 1 10 11 45 40 36 40 45 42 33 34 37 43 43 51 48 67 80 105 153 182 155 149 141 136 123 124 117 115 113 104 140 134 132 116 142 147 149 143 59 0 20 20 16 9 12 16 12 12 13 12 6 4 11 11 15 15 15 14 9 4 10 0 10 10 0 1 1 11 1 1 1 1 10 11 11 16 16 16 16 16 4
57 52 47 43 43 49 51 47 50 51 49 48 52 59 61 58 47 40 48 42 39 27 37 40 43 51 54 46 44 69 100 124 150 177 194 160 165 141 132 133 113 93 98 107 110 116 110 153 101 141 143 142 126 0 17 13 16 16 8 12 16 20 9 16 13 5 8 3 11 20 20 10 15 15 10 10 1 0 9 0 1 6 6 1 10 10 1 11 7 7 11 16 20 16 8 4
33 0 5 38 44 47 52 59 61 61 59 61 58 58 59 66 61 49 50 59 40 40 37 37 46 49 49 52 27 103 140 144 146 166 181 164 155 158 154 155 149 142 124 120 115 113 123 121 116 142 142 143 127 32 4 4 6 16 20 16 12 12 16 16 9 5 8 4 11 15 15 11 15 15 11 11 6 0 9 10 1 6 1 1 10 10 1 1 11 16 11 11 12 12 12 8
8 8 8 8 12 13 10 13 47 59 63 61 59 54 44 7 49 68 28 39 42 43 42 36 50 55 36 74 114 137 163 173 164 186 193 181 167 164 157 160 154 144 130 127 130 129 147 156 144 138 144 144 139 104 6 10 9 16 16 16 20 16 13 13 13 9 12 5 5 8 8 12 12 12 16 11 11 6 11 1 6 7 7 0 11 1 1 7 7 11 7 11 11 12 4 8
16 24 20 20 16 16 16 17 20 17 60 62 64 108 133 129 96 34 42 42 38 47 42 46 49 20 109 143 170 171 152 167 185 196 193 189 171 166 161 155 157 156 147 146 146 146 148 151 143 140 152 163 157 115 0 13 9 20 16 16 8 12 13 13 17 17 10 17 11 11 20 23 23 17 13 16 12 8 4 2 6 0 7 7 7 7 7 7 7 11 7 11 11 7 12 4
8 24 32 27 31 24 28 48 68 69 73 77 98 115 131 153 143 39 24 20 28 32 46 33 51 83 133 170 180 185 176 181 191 194 184 187 179 167 164 155 163 169 166 155 140 128 146 144 135 136 149 167 165 123 0 20 24 24 20 16 16 20 16 20 20 23 25 22 18 18 20 17 11 14 11 17 11 0 13 0 0 0 1 1 4 4 4 0 7 11 7 7 7 11 12 12
8 20 32 35 42 44 24 47 94 100 97 95 86 98 106 138 160 144 100 79 69 68 71 101 121 134 151 161 160 172 181 182 180 177 174 180 181 182 174 156 163 168 163 155 142 127 151 159 157 156 156 158 160 158 122 32 32 24 20 16 16 16 13 13 23 33 34 35 38 34 26 20 4 3 11 24 22 20 24 17 20 16 14 6 3 9 5 4 4 4 4 4 11 11 7 12
12 12 28 28 49 55 20 55 109 114 96 97 107 113 120 151 176 177 176 156 143 135 146 162 172 160 155 152 157 163 170 179 173 153 139 156 181 192 187 173 180 164 160 167 105 142 81 158 163 153 157 161 163 166 160 83 10 24 20 20 20 24 20 17 20 14 11 15 25 27 30 38 21 12 16 13 10 13 37 20 40 26 20 15 8 6 6 9 5 4 0 4 12 12 12 12
15 7 11 33 32 39 38 56 129 140 127 109 96 103 124 163 194 184 191 204 200 185 188 194 187 148 119 123 151 170 173 190 182 165 154 168 206 187 189 183 164 162 155 154 158 145 141 133 149 150 152 158 161 165 167 149 61 25 25 20 28 24 24 20 20 13 17 11 14 15 12 45 20 26 37 36 37 37 37 16 15 29 16 13 13 11 6 3 0 1 1 4 8 8 4 8
10 15 25 39 38 42 43 42 107 147 151 147 132 89 85 137 177 164 158 161 166 164 160 155 160 163 147 145 147 135 162 191 206 202 166 141 189 189 194 182 173 156 150 156 148 144 125 147 158 155 160 161 162 168 176 175 137 53 30 29 20 20 20 20 20 9 10 11 8 20 23 25 44 39 54 37 42 37 37 21 20 35 25 12 9 6 1 7 3 2 1 1 8 8 1 8
20 20 36 35 39 39 46 49 30 74 122 148 127 80 89 155 176 173 187 154 165 174 179 179 174 173 165 141 133 130 148 163 182 183 187 186 175 178 175 174 185 160 156 157 154 151 149 154 161 157 155 157 156 160 156 161 155 128 39 29 24 46 20 20 20 16 9 10 7 11 14 8 1 3 15 32 30 41 30 12 30 20 20 23 9 1 1 0 6 2 1 1 9 13 13 9
24 33 34 41 47 40 43 45 61 65 96 131 154 108 90 143 151 140 137 160 180 196 184 181 174 167 157 145 132 124 109 135 160 196 221 205 195 163 153 181 178 177 160 149 148 156 155 156 161 156 150 154 155 153 157 163 164 158 113 30 45 44 52 20 58 59 51 54 60 10 10 10 11 11 12 22 15 14 26 20 39 30 13 0 1 0 6 7 4 6 6 3 6 6 16 6
24 33 45 31 23 25 63 80 83 106 121 153 166 145 128 101 113 153 175 197 175 172 179 184 183 169 157 143 143 127 108 107 148 184 204 213 203 195 184 180 127 91 100 135 141 150 163 166 167 171 157 154 153 155 160 165 167 163 134 41 42 44 47 46 41 39 45 49 64 78 82 85 6 10 11 4 15 15 26 21 12 36 19 4 13 13 0 0 9 4 3 3 6 6 6 9
40 53 57 38 42 80 95 106 106 111 129 166 163 159 141 96 103 164 199 191 160 156 187 177 183 186 180 165 155 153 140 116 96 110 150 166 162 166 177 172 137 100 118 142 146 145 157 170 173 171 163 162 166 168 175 176 171 171 166 50 48 53 54 54 47 35 32 41 44 48 56 49 6 6 6 10 10 11 20 20 9 20 27 13 30 33 37 5 6 4 10 6 10 16 13 13
46 65 81 47 77 110 119 128 148 169 170 181 177 158 110 110 125 144 93 141 170 168 183 171 155 168 172 170 175 183 176 156 147 136 157 155 140 140 156 164 172 174 181 161 145 147 154 166 172 174 171 160 157 156 167 175 173 177 177 162 59 45 43 41 34 33 34 40 47 48 52 62 9 9 9 9 9 3 6 10 10 7 14 15 20 47 25 37 17 4 9 10 10 13 13 13
57 56 61 49 82 124 93 92 124 140 127 141 163 150 113 120 139 132 135 122 130 164 171 159 153 157 144 131 151 181 181 157 158 165 152 146 139 131 145 163 181 186 196 183 161 157 163 102 167 169 172 171 173 176 175 170 167 177 191 182 150 126 94 34 45 49 50 48 52 59 60 44 16 16 12 16 13 13 13 13 6 6 6 1 7 34 33 24 12 4 9 13 10 6 13 16
37 65 32 52 112 162 153 141 159 169 159 167 168 141 106 132 135 129 151 142 120 148 164 148 176 175 135 116 156 169 160 157 169 168 158 148 142 128 127 154 191 203 206 195 176 154 172 175 172 169 169 176 83 90 169 168 164 171 193 196 174 162 140 43 45 51 56 54 53 53 46 12 16 16 16 12 12 8 8 13 13 9 6 10 7 0 31 29 10 5 13 13 13 6 6 13
51 75 85 105 143 163 136 126 163 196 201 186 174 167 158 166 157 126 132 157 164 166 155 152 163 177 188 187 174 170 168 174 171 156 151 149 143 138 139 158 179 185 184 183 176 165 156 186 187 183 143 134 150 155 170 169 168 169 182 184 182 183 165 131 41 52 55 52 46 41 16 16 20 16 16 16 12 8 12 12 12 8 13 13 10 6 6 13 13 10 6 16 13 13 16 13
117 142 138 129 139 138 129 153 173 178 177 175 177 194 196 185 157 116 107 170 187 151 126 125 95 116 159 132 191 167 155 159 170 163 149 150 157 145 144 147 149 161 173 158 141 141 132 142 164 167 160 150 145 148 164 171 178 178 183 162 158 148 140 118 68 55 58 39 26 24 20 20 16 16 16 16 8 16 8 4 8 4 5 9 6 10 6 6 13 10 10 16 13 13 13 13
153 172 133 112 118 153 161 175 188 179 175 187 187 184 167 158 165 146 146 193 195 167 154 143 125 124 181 189 181 160 155 153 157 143 134 131 132 144 155 164 172 194 228 180 147 147 118 111 130 144 136 139 139 144 158 165 177 185 183 171 170 151 152 160 146 81 49 37 93 93 24 20 16 20 16 8 12 16 16 8 8 8 5 9 6 6 6 6 6 6 6 13 5 16 16 13
143 98 94 118 159 173 171 163 169 184 186 183 188 174 170 181 182 159 146 188 200 174 159 155 133 134 127 113 104 120 135 132 136 139 132 146 157 158 159 169 188 197 230 248 225 187 146 127 125 127 131 141 142 141 137 164 179 182 184 184 170 169 165 166 174 151 82 71 37 79 13 20 24 24 20 8 12 16 16 16 8 8 5 9 6 10 13 2 2 6 6 13 13 16 13 13
155 76 65 125 171 175 158 148 167 166 165 169 170 158 140 165 155 130 153 181 159 136 163 163 135 137 133 104 105 127 139 151 158 153 89 170 178 175 171 167 185 205 188 204 186 169 158 140 153 149 148 154 156 149 142 162 196 194 175 179 175 169 181 181 186 186 176 157 125 92 66 23 20 20 16 12 16 20 20 16 16 12 8 9 6 10 6 2 6 3 3 6 6 13 13 13
184 140 116 165 193 206 187 173 190 173 161 163 125 118 125 165 187 176 169 115 64 51 86 136 139 125 144 130 134 146 154 160 152 143 102 99 170 73 179 168 166 161 161 161 153 166 168 147 157 154 144 142 150 157 150 170 202 196 171 163 161 157 188 202 199 164 176 192 168 144 102 125 9 0 24 32 28 20 24 20 20 20 16 13 10 10 13 13 10 3 1 3 3 10 6 6
184 188 190 162 132 177 161 166 168 142 158 170 159 159 170 179 188 199 183 134 80 59 65 94 112 134 158 157 144 144 152 159 145 132 137 88 84 203 203 181 179 170 154 152 150 160 175 156 155 151 149 139 148 156 153 164 185 170 152 155 180 177 177 182 190 170 179 188 179 141 99 113 135 105 31 27 32 20 16 24 24 20 20 16 10 10 10 6 7 4 5 1 1 5 8 8
177 176 165 154 146 175 170 176 173 150 157 159 145 160 161 172 179 183 194 190 158 114 77 71 73 85 90 119 122 114 130 135 122 121 137 160 179 176 172 155 151 161 168 152 151 157 179 155 152 167 165 151 143 146 160 177 177 169 157 165 178 187 193 190 200 195 183 176 189 172 165 156 161 150 84 0 49 40 7 0 16 20 24 20 13 11 11 4 10 11 9 7 3 8 8 11
179 175 171 153 124 145 136 126 158 164 158 141 137 149 148 151 158 165 184 187 176 179 154 120 120 82 57 58 106 116 126 111 87 98 131 116 141 148 147 151 161 170 163 147 146 162 166 153 141 174 197 162 161 156 170 199 188 180 178 170 170 186 196 208 194 190 205 195 160 169 164 174 170 171 144 91 89 143 140 120 44 24 20 20 10 11 11 10 4 11 9 7 3 5 5 7
