examples/data/proba_v_italy_sicily/probav_s10_toc_x19y03_20141001_333m_ndvi_v001.txt
ncols         1127
nrows         589
xllcorner     12.348214285714
yllcorner     36.598214285714
cellsize      0.0029761904761905
NODATA_value  -9999
[rows 104 to 155 of 589, columns 288 to 383 of 1127]
101 83 76 89 113 141 145 123 95 97 112 140 135 132 129 129 132 133 141 143 141 151 161 156 170 179 171 165 156 132 99 100 116 133 134 131 145 159 170 156 134 129 123 118 134 123 110 85 89 110 91 91 126 115 108 107 94 71 71 74 83 121 137 113 113 118 125 137 140 135 123 134 151 160 139 126 121 116 117 120 122 121 129 138 133 129 136 146 118 121 145 160 152 129 131 145
98 88 89 100 128 132 120 98 98 110 112 130 121 121 120 128 127 122 138 145 135 142 151 153 159 166 171 163 147 145 168 172 181 172 160 171 158 132 147 155 169 162 122 104 123 124 114 119 109 102 79 94 120 112 104 102 103 94 81 75 83 88 89 96 124 123 133 140 144 139 127 106 99 126 139 130 122 122 119 117 125 120 131 128 113 102 130 157 150 138 136 136 132 125 125 131
147 135 118 102 115 132 132 127 121 124 117 130 129 125 117 122 124 130 134 151 140 129 144 140 136 148 162 181 202 201 217 209 184 187 179 203 187 155 152 160 158 142 143 126 124 131 128 123 99 81 74 85 101 102 121 121 124 117 93 79 77 84 85 86 105 147 144 132 135 138 136 132 102 116 143 148 123 119 123 116 118 106 97 80 76 90 138 165 153 137 134 131 119 117 116 127
188 181 142 99 110 141 127 122 118 126 114 107 130 129 117 118 119 127 142 134 127 142 152 146 147 157 164 182 206 212 217 220 168 173 184 172 199 176 169 175 162 111 107 142 161 150 135 121 121 120 112 106 108 113 129 117 103 109 120 101 83 105 101 81 108 130 124 148 137 135 135 132 127 116 118 126 140 135 127 104 81 75 67 77 107 143 163 170 155 143 130 116 114 118 113 113
189 147 112 101 100 133 133 117 106 118 122 122 116 121 127 137 159 156 127 95 99 125 139 141 155 160 163 178 200 211 201 192 163 184 203 190 186 167 147 154 145 99 89 91 102 153 168 167 171 152 109 94 98 121 137 111 100 106 121 121 124 140 119 106 88 87 117 117 146 131 103 90 95 101 91 105 127 126 105 79 64 58 75 122 145 148 162 159 151 146 147 127 115 107 102 101
198 179 162 156 122 121 164 127 108 117 126 121 113 116 145 161 158 124 95 85 85 103 125 143 159 154 151 170 192 191 190 197 186 165 172 178 195 154 117 120 116 115 117 103 85 74 64 79 138 160 156 129 134 132 137 128 125 119 130 136 130 97 108 105 83 70 68 90 139 161 145 123 98 97 112 122 122 130 123 106 97 70 63 81 108 133 161 162 138 132 137 147 141 125 117 115
181 203 222 200 146 140 144 131 130 122 117 117 130 128 130 135 125 89 94 99 80 104 135 147 154 165 172 160 150 183 186 183 191 151 120 136 170 141 113 136 130 117 109 115 109 80 59 61 88 108 126 118 132 132 137 140 142 134 141 135 125 111 89 83 72 69 79 103 119 140 131 151 154 147 138 117 118 130 114 117 103 81 95 112 122 150 166 155 143 144 136 131 118 110 123 122
196 196 181 159 152 152 141 147 168 146 143 137 142 164 121 100 108 104 94 75 70 91 130 144 160 186 191 173 146 161 176 161 163 155 140 135 137 151 124 132 130 122 115 114 113 109 104 90 84 81 79 71 84 103 135 132 131 129 135 148 152 133 112 119 104 78 77 87 125 156 130 121 134 157 143 119 127 149 148 148 128 111 129 133 140 176 174 125 119 126 118 117 115 116 120 120
143 134 130 132 145 140 119 125 145 141 144 154 148 158 124 104 118 134 116 85 95 121 116 141 166 188 176 179 158 138 143 138 118 116 124 133 153 174 133 123 133 131 115 111 104 97 100 94 92 88 75 69 89 123 139 113 119 126 131 129 139 151 135 131 128 101 79 91 140 162 132 102 101 95 86 78 117 133 132 111 97 95 105 119 143 179 166 128 119 120 129 140 136 132 134 136
125 133 127 121 124 134 143 125 114 137 133 134 130 132 116 119 120 122 118 116 145 185 186 170 174 182 186 189 175 160 145 146 134 109 111 139 167 171 143 118 108 109 113 111 88 90 106 94 97 84 77 73 77 112 133 76 78 86 95 101 98 122 130 108 104 125 102 98 120 143 104 68 82 109 118 113 115 111 115 101 93 102 110 117 146 164 140 120 120 125 135 141 138 132 127 139
133 144 148 145 140 134 137 142 144 150 137 119 113 112 122 127 115 121 134 136 149 167 172 151 163 192 194 190 175 182 141 140 153 168 139 131 128 138 156 133 118 114 101 94 99 106 109 107 97 76 75 96 108 110 160 104 73 73 79 88 92 98 91 79 97 105 117 127 110 88 83 79 85 85 119 138 125 132 138 127 117 109 115 149 170 158 141 119 103 113 133 136 133 128 119 124
147 153 162 154 134 128 132 138 150 184 151 128 116 116 113 123 132 121 123 137 141 127 129 142 142 159 183 189 168 165 152 145 139 132 136 139 135 145 161 165 144 122 107 100 119 120 117 116 95 80 90 103 111 157 171 151 135 118 90 77 83 112 116 79 76 78 86 114 136 126 90 78 80 70 93 140 140 141 137 140 132 136 141 156 155 134 128 118 108 115 115 117 122 123 125 122
136 123 124 130 141 139 126 117 132 140 141 172 173 162 134 125 130 126 127 128 133 162 183 174 166 151 152 160 149 143 151 156 177 173 157 164 151 149 162 164 163 121 98 113 134 145 154 155 108 94 114 96 100 113 111 122 133 131 109 82 78 78 83 81 90 107 103 89 98 103 112 96 92 78 87 139 137 129 134 133 131 142 150 168 145 113 118 121 107 101 102 113 119 126 126 135
150 118 113 115 121 126 127 129 133 110 95 131 140 139 162 162 130 114 113 120 137 171 161 155 152 133 126 140 131 133 139 131 150 163 167 146 133 145 153 154 147 137 131 132 140 158 171 158 115 103 115 106 95 85 80 106 78 81 86 79 74 75 75 103 163 183 164 131 98 98 95 92 107 103 118 140 121 112 105 110 127 128 146 165 155 142 119 101 101 99 94 111 123 128 125 131
102 108 110 116 123 116 115 125 123 113 86 85 110 128 175 172 146 117 110 117 129 135 121 118 141 149 136 146 131 112 140 154 146 126 124 129 136 166 150 109 97 141 166 169 170 160 151 129 105 102 121 120 102 82 77 81 86 85 85 80 77 77 77 84 162 188 185 165 132 102 91 98 92 94 129 144 124 121 114 114 115 138 154 139 137 142 142 120 111 118 113 102 125 129 130 125
93 111 100 107 120 117 112 136 119 104 96 103 128 144 168 154 136 120 112 115 125 171 130 106 110 98 89 89 124 119 114 144 150 140 137 136 141 163 146 105 84 91 122 152 171 148 115 97 91 104 109 122 111 90 80 83 80 82 81 88 85 74 77 80 123 178 188 186 175 148 132 97 77 78 126 139 124 118 108 115 145 160 137 115 123 132 149 155 135 120 101 100 133 132 139 149
87 104 112 125 121 101 108 130 128 128 128 125 128 135 148 148 133 118 108 109 106 128 123 116 92 79 76 83 92 85 93 102 120 130 128 134 139 128 136 117 98 112 121 125 156 157 131 123 109 106 118 110 94 81 82 77 78 80 93 116 103 77 72 88 145 161 172 176 186 186 151 98 77 83 123 117 123 109 107 135 167 153 124 119 124 125 117 107 96 101 120 138 141 142 148 138
68 101 136 135 108 103 110 117 134 119 114 107 128 168 187 158 138 119 98 86 88 100 101 121 99 84 90 103 92 67 69 82 99 116 124 126 123 118 123 109 98 98 106 116 134 169 143 123 117 110 117 104 84 85 93 114 80 104 132 131 96 80 84 105 163 160 174 181 188 188 158 112 91 90 95 101 115 111 145 170 158 137 123 119 108 97 96 104 97 87 100 120 138 145 139 133
73 112 136 115 105 102 104 109 102 94 106 111 120 158 174 160 141 121 107 97 93 89 106 123 102 88 86 89 88 83 81 84 107 113 124 123 111 107 95 94 96 88 94 109 109 128 111 121 118 115 132 126 105 88 93 86 90 123 119 91 84 108 144 143 159 174 185 224 185 180 163 142 110 95 88 105 124 126 166 171 144 117 99 109 102 79 92 108 106 98 107 126 134 129 131 136
100 115 108 102 100 94 102 117 106 89 85 84 81 110 150 154 142 134 124 124 122 117 104 96 85 81 82 97 90 95 116 151 168 142 110 94 90 90 78 73 73 73 83 97 111 120 117 115 107 110 132 130 122 110 99 92 104 127 130 112 110 163 183 165 174 175 182 207 185 182 159 144 128 92 86 128 137 146 176 158 136 138 131 102 80 83 105 117 99 100 109 106 114 136 130 122
104 103 105 111 113 101 106 99 86 83 86 93 101 105 125 138 129 117 112 124 121 102 96 97 91 91 78 79 85 105 106 112 133 119 92 91 90 88 81 80 77 72 77 94 98 103 118 122 130 131 133 140 141 132 138 126 131 133 126 117 120 154 166 142 160 170 187 214 181 175 140 126 103 90 119 154 166 175 171 142 144 142 116 91 99 103 111 101 101 133 134 114 120 137 129 115
110 110 94 91 82 78 81 79 83 92 98 113 144 125 109 108 100 104 117 99 89 94 110 110 108 103 95 94 104 125 119 121 134 87 0 84 94 86 90 85 79 82 84 85 82 80 78 99 125 122 123 129 131 132 136 136 138 138 123 105 90 98 122 121 130 138 170 187 163 151 136 118 99 117 156 167 174 173 157 135 119 113 106 102 112 114 106 95 107 115 112 128 136 128 122 120
93 97 90 86 84 82 71 85 85 95 118 127 124 120 106 98 92 99 92 90 87 92 94 88 100 87 84 108 143 127 64 123 110 26 28 87 96 96 119 112 81 79 86 82 77 72 78 81 81 81 98 116 124 141 141 140 146 129 123 127 144 146 145 137 131 139 158 154 143 133 125 112 139 155 143 116 94 97 95 85 84 97 101 102 102 101 99 99 90 97 110 122 136 128 121 122
89 93 90 84 86 96 95 93 83 87 99 101 98 100 103 97 92 83 86 81 76 77 80 81 81 77 81 101 111 125 80 31 53 38 37 73 54 77 123 102 77 78 77 76 78 76 78 74 75 79 79 100 106 98 92 96 111 115 115 131 160 160 158 149 139 144 147 166 114 111 125 155 172 155 109 85 77 78 83 100 86 82 109 105 88 93 122 127 104 101 111 116 125 131 123 116
118 101 93 93 80 70 71 75 81 76 84 87 80 86 79 80 99 97 101 102 89 88 79 69 67 85 106 94 51 12 36 40 58 62 58 55 63 60 70 72 80 79 71 72 73 76 75 69 71 75 76 77 79 80 80 82 84 77 87 117 150 141 124 148 148 142 137 177 122 124 127 143 134 113 98 83 86 89 95 101 110 97 87 88 77 77 116 127 105 100 111 125 137 141 144 137
73 67 90 90 73 64 69 88 96 93 88 93 110 128 119 90 75 77 81 83 96 131 95 72 69 68 76 59 36 61 70 65 69 62 60 70 70 67 68 76 74 85 79 80 73 69 85 77 74 75 74 84 86 87 83 91 94 85 88 91 109 111 126 144 161 149 125 108 111 131 105 98 108 87 84 85 96 104 115 121 106 101 106 97 74 77 116 120 103 101 102 107 120 114 106 121
65 67 68 73 74 69 88 109 94 95 106 130 142 144 125 101 87 86 83 84 83 89 95 109 84 73 77 73 76 68 65 69 72 65 65 69 59 60 71 72 64 74 81 85 93 103 99 90 77 75 72 77 81 79 91 102 122 116 80 79 117 131 134 120 139 151 135 105 123 146 131 118 99 73 68 87 97 96 102 111 101 98 105 95 66 63 91 116 111 111 108 103 97 84 81 89
77 82 70 73 70 71 84 83 79 100 111 133 133 127 106 84 89 103 107 102 95 98 94 95 93 88 96 104 123 134 110 91 91 110 120 114 87 78 95 84 81 91 104 115 134 162 188 179 151 123 129 98 106 122 125 126 153 172 144 141 181 171 153 138 146 141 146 133 117 127 142 130 105 90 75 83 94 95 90 92 105 115 112 104 95 86 104 122 121 119 111 87 78 79 87 86
88 83 85 89 75 77 90 74 73 107 113 113 112 114 102 90 87 110 135 124 113 115 112 114 116 110 111 102 99 121 133 139 144 153 116 89 77 75 69 70 76 91 100 105 106 105 129 143 164 168 152 146 154 161 143 102 94 127 172 196 196 181 152 160 153 142 144 151 141 125 132 141 115 91 76 63 71 100 109 95 106 115 107 113 112 96 101 120 123 113 108 91 89 97 97 87
90 97 86 92 90 86 84 76 76 99 107 103 99 86 83 93 89 103 93 88 100 117 130 137 150 122 97 69 66 84 100 111 110 98 76 59 57 62 66 67 76 79 70 66 68 68 70 75 79 77 77 85 97 97 101 91 91 136 152 130 138 136 124 145 130 126 110 98 113 127 126 122 92 83 92 98 84 82 82 73 71 84 96 108 87 87 102 113 126 123 124 131 125 119 94 82
81 82 91 99 111 82 70 67 78 104 121 126 98 79 83 92 97 94 93 87 74 80 77 93 127 129 92 71 69 82 87 80 75 67 64 66 61 60 64 66 68 88 85 71 72 72 71 73 73 64 54 53 70 94 93 82 90 126 145 145 136 145 134 120 131 150 136 107 84 76 65 79 81 87 89 89 84 84 82 79 78 77 92 108 92 98 116 108 95 84 88 91 91 113 106 84
76 74 75 87 109 97 74 63 71 101 106 95 84 75 77 78 97 95 101 117 103 86 89 116 138 107 79 66 62 60 70 64 65 63 62 65 59 59 64 74 72 68 81 75 73 72 64 60 62 74 68 58 68 92 91 85 106 125 130 143 144 133 128 145 148 155 143 121 90 69 64 64 76 82 85 92 87 79 74 76 77 71 81 93 81 97 92 84 83 92 89 82 79 78 94 116
91 89 77 80 104 96 79 69 77 78 90 72 60 56 69 72 67 72 88 111 109 81 77 96 109 85 69 73 77 79 84 76 62 58 61 69 69 67 68 71 68 73 69 68 75 68 60 65 73 101 92 79 86 79 77 80 83 97 115 140 142 142 143 138 143 136 112 104 95 84 76 76 84 100 104 101 81 76 79 75 78 80 75 78 78 77 88 102 102 98 94 99 79 69 77 104
89 79 74 74 85 78 74 72 70 68 69 79 69 63 70 67 65 69 64 70 92 77 67 71 65 70 73 64 69 78 79 76 77 78 77 76 75 70 66 67 76 72 69 69 76 67 66 77 83 79 76 72 72 70 75 77 75 79 100 113 96 110 126 133 145 134 106 103 96 82 80 76 73 75 76 71 70 72 74 70 70 75 72 72 77 75 78 81 92 95 89 93 85 71 73 87
73 73 75 82 85 77 66 68 77 82 65 65 67 68 58 61 69 73 61 56 83 82 64 58 55 60 67 66 70 73 71 63 63 73 87 77 61 70 74 67 66 63 67 80 77 67 70 72 69 59 63 71 69 62 72 72 73 71 81 103 80 76 97 115 132 110 84 83 87 83 84 94 87 74 65 63 70 76 72 73 73 74 74 73 77 78 81 79 76 79 98 85 88 82 82 92
85 71 71 69 72 73 68 78 91 93 71 66 62 64 57 58 84 113 92 59 58 73 72 55 51 62 67 69 64 65 65 61 63 67 78 87 78 81 91 76 69 65 67 69 70 58 58 63 68 75 82 75 62 62 63 66 67 70 76 74 72 73 86 91 89 83 87 78 73 80 94 103 99 78 75 72 75 81 76 74 77 76 76 77 99 98 91 87 85 87 99 80 75 77 82 91
104 72 59 65 73 79 80 93 99 105 82 71 69 62 64 68 75 80 74 64 60 66 72 79 64 59 68 80 76 55 68 83 79 79 80 84 83 79 98 84 76 72 69 66 79 73 60 59 74 75 80 73 67 67 69 68 88 110 105 78 69 75 77 73 63 67 72 78 80 80 74 74 74 64 70 73 73 72 65 71 76 75 72 89 100 106 115 128 129 102 89 83 83 85 84 116
72 61 59 64 58 69 79 86 87 81 62 73 86 86 76 67 62 58 59 66 71 64 62 64 64 53 65 72 65 61 68 70 79 99 93 79 83 79 78 79 73 67 66 69 81 79 63 61 59 71 84 79 76 79 84 95 126 139 116 83 79 87 79 78 78 79 67 85 90 83 80 67 68 66 66 74 77 70 68 70 81 96 88 106 89 99 117 128 120 108 101 95 86 83 101 106
76 69 58 56 64 75 74 75 88 84 80 79 75 66 61 62 65 65 59 59 61 64 64 54 62 67 66 65 68 71 68 64 65 62 69 73 76 88 90 85 75 67 65 69 77 74 65 65 65 70 101 132 123 115 89 100 122 111 121 128 145 145 126 120 114 130 141 160 159 114 89 77 73 70 66 71 79 74 71 68 70 79 80 84 89 94 99 98 96 93 92 89 85 80 85 82
72 66 61 55 45 67 84 81 88 87 74 65 53 59 56 67 69 72 66 66 72 80 76 66 65 61 60 62 65 71 74 73 71 71 72 68 65 64 72 67 65 67 66 65 76 68 70 74 79 107 128 145 145 111 74 74 143 170 176 196 208 210 205 198 197 200 200 202 207 194 136 89 79 71 74 79 87 84 90 82 65 69 80 101 90 69 72 67 65 79 92 94 88 87 90 83
66 60 57 55 59 68 107 95 70 58 63 55 58 61 59 59 69 68 69 63 62 74 71 64 64 60 55 59 56 54 60 68 75 78 73 66 67 61 60 65 71 70 70 71 68 70 68 78 107 130 143 146 151 139 95 58 111 176 202 208 212 217 222 220 217 210 200 200 205 213 207 154 100 88 106 111 95 97 88 70 60 69 70 68 73 77 78 63 61 76 101 113 99 84 91 87
77 72 60 62 72 79 78 76 67 65 69 67 68 62 59 60 67 65 60 65 70 68 67 57 55 58 59 61 69 72 68 64 66 70 70 67 67 68 70 69 75 74 72 76 72 70 76 80 97 115 109 105 118 146 129 69 121 172 197 208 215 219 224 219 217 216 208 204 202 204 210 204 126 103 107 98 95 109 105 78 71 65 67 75 80 99 110 89 77 75 82 100 94 87 83 77
79 73 72 88 93 68 61 66 62 68 73 65 68 83 94 87 75 72 68 71 70 68 67 62 56 59 69 64 63 68 61 60 63 71 85 79 67 66 71 69 78 88 87 83 83 74 91 97 75 94 120 127 113 116 115 68 145 186 196 200 208 215 222 216 213 212 211 210 209 207 206 200 147 127 133 147 135 121 106 93 74 67 71 77 91 111 104 94 84 70 74 84 81 79 81 89
87 83 70 71 88 82 72 69 67 62 60 64 66 74 84 85 80 85 85 73 69 67 68 64 61 54 66 67 60 66 64 70 75 67 67 71 65 65 64 70 90 93 83 84 79 73 74 81 82 114 131 118 97 102 127 74 136 182 200 202 207 212 217 219 218 216 214 215 217 216 213 212 176 141 124 154 152 118 86 72 75 73 81 108 104 108 96 97 85 73 78 79 68 85 103 90
87 77 69 68 88 92 75 74 72 70 56 63 76 73 77 74 73 70 76 73 76 68 62 60 59 57 55 54 59 62 64 63 62 64 64 67 65 66 67 76 81 77 68 64 71 68 69 74 72 95 116 92 87 98 124 105 115 163 190 206 206 207 208 218 219 214 211 213 217 219 210 187 184 140 135 151 150 130 96 76 77 91 107 119 120 121 122 132 99 83 81 77 77 92 103 123
86 85 91 85 82 92 103 83 71 76 62 60 68 75 85 84 81 74 79 89 88 73 65 58 60 57 59 58 55 69 73 65 64 69 69 63 62 62 80 75 68 69 68 65 66 70 71 72 69 87 97 78 83 88 90 120 130 157 185 196 201 203 207 218 217 209 208 213 219 218 187 142 140 115 112 120 109 98 88 86 89 103 121 138 131 123 114 109 106 89 90 98 108 89 73 89
72 72 86 80 83 84 84 88 87 101 89 68 65 79 74 62 64 64 69 71 65 66 64 67 63 55 55 60 57 64 70 78 70 69 67 59 59 61 77 73 63 60 71 78 86 106 100 77 67 61 69 73 83 90 97 115 131 161 190 201 208 207 206 215 218 217 219 223 221 209 191 142 107 94 94 87 96 101 90 99 82 93 108 106 92 91 94 77 79 89 82 76 85 77 82 97
85 91 80 80 76 61 59 57 67 85 84 75 71 77 67 62 67 66 66 69 64 67 67 66 68 70 64 64 58 57 64 77 70 66 70 67 62 72 77 76 78 83 95 107 122 115 84 73 73 66 70 85 89 86 90 105 122 138 168 196 208 214 211 210 212 219 224 223 217 215 201 166 122 104 87 77 87 93 96 99 85 85 91 98 89 82 76 65 69 87 72 77 92 96 99 96
89 85 75 72 72 59 59 61 58 60 69 66 63 86 102 82 66 68 67 67 65 63 62 68 70 71 72 63 58 63 67 75 85 78 98 96 72 87 85 77 92 99 108 119 108 87 71 56 66 73 74 67 79 79 89 101 95 110 159 188 186 197 205 210 214 217 222 217 211 209 187 153 142 126 92 100 92 87 99 99 93 86 82 73 71 71 70 68 67 78 104 115 113 111 105 94
71 77 68 64 80 67 76 92 68 62 63 59 66 69 74 72 70 74 68 63 60 62 63 62 69 70 65 58 60 64 65 83 95 100 100 76 66 93 78 67 73 77 90 102 81 77 72 63 67 81 83 72 69 70 81 84 85 102 147 181 180 182 189 195 201 203 209 211 201 180 173 162 144 105 89 92 95 89 96 103 90 83 73 69 66 67 71 82 77 87 120 138 134 111 91 80
65 82 78 69 71 74 97 103 71 59 61 57 63 67 66 73 62 58 61 59 57 59 55 61 61 60 59 63 73 62 70 91 89 91 85 72 64 81 83 78 76 70 71 75 77 80 79 68 71 80 87 85 79 79 90 73 87 118 160 182 196 201 194 189 198 200 201 196 182 169 177 174 155 121 104 96 98 92 103 120 98 85 80 75 68 67 72 90 97 100 118 129 114 101 100 80
72 77 82 81 76 99 97 71 65 67 62 63 64 64 66 67 62 56 61 60 60 71 76 61 51 59 59 71 88 69 66 89 92 75 70 65 70 79 86 80 72 60 65 70 79 85 86 78 83 81 83 85 87 112 105 110 153 190 171 177 187 191 201 213 216 208 203 188 187 198 180 163 165 148 111 95 128 146 143 113 81 68 70 74 75 71 70 91 107 121 134 127 113 97 91 75
