examples/data/proba_v_italy_sicily/probav_s10_toc_x19y03_20140821_333m_ndvi_v001.txt
ncols         1127
nrows         589
xllcorner     12.348214285714
yllcorner     36.598214285714
cellsize      0.0029761904761905
NODATA_value  -9999
[rows 357 to 407 of 589, columns 480 to 575 of 1127]
104 110 102 120 120 114 102 87 92 81 70 85 105 92 92 94 90 79 104 122 115 100 100 95 95 101 95 95 71 82 132 127 118 116 110 109 85 86 111 87 82 82 76 77 85 105 93 88 87 98 104 83 78 89 92 88 89 89 75 88 102 91 90 78 73 76 72 61 52 48 52 54 66 69 73 72 66 70 63 64 64 65 68 65 85 98 72 67 74 76 71 74 67 85 101 96
103 92 88 98 100 105 112 100 111 92 66 74 84 82 81 92 108 102 121 137 135 112 111 97 80 69 90 131 100 68 116 130 110 90 86 91 93 86 121 112 102 94 71 70 83 85 93 107 104 109 96 84 95 96 81 88 93 95 91 92 104 93 85 87 83 75 72 63 62 59 59 66 68 67 82 91 74 65 54 52 51 57 65 56 59 81 74 77 78 70 66 70 68 69 77 83
83 71 86 79 92 108 109 103 103 108 89 88 77 80 95 102 120 115 110 122 129 105 112 120 93 96 83 67 64 63 85 143 132 91 90 88 79 76 101 97 101 102 78 76 104 112 93 104 110 122 103 75 91 104 87 92 107 102 95 93 93 97 96 96 86 75 67 68 69 66 64 63 66 70 82 87 65 62 56 50 57 58 69 61 56 64 77 72 65 65 66 72 78 81 79 77
109 105 77 76 98 131 109 109 107 114 102 81 73 73 90 107 102 102 102 104 115 117 127 129 118 115 92 67 65 91 114 132 138 134 113 86 63 79 121 115 101 88 70 101 128 122 111 103 82 88 99 93 84 94 81 72 99 103 88 93 97 84 85 97 83 87 85 66 61 62 60 66 74 67 65 66 63 65 73 70 68 77 74 66 67 69 70 64 66 75 70 81 96 96 91 78
103 96 93 100 82 95 114 107 101 100 114 92 76 78 94 94 75 93 111 114 111 103 117 107 109 104 87 65 69 113 140 134 100 89 85 63 65 75 117 137 112 95 100 126 126 108 108 95 75 87 99 103 113 108 85 87 108 108 90 95 115 99 74 90 85 86 78 63 61 69 74 73 72 65 76 72 63 63 70 73 76 92 76 63 75 78 69 77 81 76 70 71 88 79 83 95
91 87 84 101 95 117 117 112 103 98 100 96 81 86 87 81 69 96 103 100 101 102 103 89 99 102 100 74 65 63 68 79 74 76 77 82 70 76 104 113 103 103 107 127 114 99 110 86 70 88 103 98 114 104 92 81 82 94 100 91 94 99 78 74 83 82 75 71 70 76 86 77 85 82 76 74 67 61 72 85 69 64 72 78 77 83 89 90 86 80 78 77 71 75 77 84
83 78 72 84 93 102 95 92 99 112 109 89 77 77 82 68 64 77 85 75 74 79 107 122 142 96 81 82 68 64 64 71 65 59 56 92 128 127 111 101 112 108 97 101 104 82 74 71 79 93 110 105 104 110 106 92 82 80 86 86 88 83 72 72 67 60 55 68 92 100 108 102 88 92 87 83 79 70 58 61 61 69 98 108 82 68 72 76 79 79 77 78 89 97 104 91
79 90 90 98 134 109 86 91 108 119 96 77 67 67 78 79 83 98 92 81 72 70 77 99 112 75 74 95 93 75 84 88 82 74 64 55 98 107 86 96 105 103 101 101 93 80 77 80 89 94 110 114 106 109 105 108 99 85 90 85 82 81 61 56 54 52 53 56 75 88 92 91 70 73 95 93 82 77 58 56 80 95 109 89 69 71 68 70 77 78 75 73 86 103 120 107
83 99 105 93 95 92 96 96 92 119 86 65 73 69 66 71 73 67 72 82 81 77 81 85 75 67 78 103 90 83 108 124 104 100 87 75 72 80 80 105 126 110 92 84 81 80 82 77 71 78 86 83 89 99 92 95 97 91 89 99 99 80 57 58 55 53 55 61 74 83 84 76 72 81 103 104 85 61 65 86 93 84 77 78 71 64 66 77 80 81 79 68 74 86 88 86
87 91 93 86 87 91 99 101 95 100 91 74 84 79 73 78 104 119 117 105 102 94 81 90 101 79 83 112 89 107 127 129 121 119 100 108 106 93 87 83 102 100 78 90 96 94 90 66 60 76 95 88 82 84 82 88 94 88 83 82 90 83 81 75 67 65 70 67 68 70 76 74 82 92 102 101 93 89 96 101 88 80 77 76 69 72 63 67 79 83 85 82 79 83 74 76
102 102 86 76 88 94 89 87 88 92 95 89 78 74 86 93 113 104 92 108 100 91 88 94 90 89 101 105 80 89 95 74 93 127 129 118 133 116 104 92 89 94 82 86 98 79 60 56 59 72 89 105 99 80 89 88 96 84 76 80 88 87 90 83 82 79 75 69 72 79 81 73 73 89 97 101 86 72 77 77 75 94 94 81 75 76 67 64 69 76 91 105 108 111 99 84
92 95 91 76 71 81 92 96 91 99 97 83 81 77 71 73 76 72 91 116 106 119 117 86 70 75 65 64 75 92 96 94 113 119 107 121 140 130 113 93 92 95 96 101 92 73 59 52 61 82 93 96 108 86 82 93 95 78 70 97 100 83 72 70 82 86 85 79 66 73 85 88 75 69 75 85 76 68 80 71 70 100 92 79 75 63 58 64 78 98 118 131 131 131 113 90
85 81 85 88 83 75 86 115 111 103 88 75 69 68 60 87 116 86 96 117 102 107 98 70 79 102 81 69 67 67 97 129 127 131 116 115 116 108 105 102 93 98 88 93 97 95 74 68 66 78 96 101 110 86 58 65 70 75 76 80 80 69 66 66 75 77 82 77 76 76 78 80 76 67 70 74 68 65 68 75 84 91 80 79 74 68 60 62 76 86 80 85 119 151 155 129
87 94 82 92 100 82 89 101 95 82 71 69 72 85 89 83 88 78 87 91 77 65 67 67 75 100 99 78 69 72 87 94 114 116 99 92 82 79 79 89 84 86 81 93 111 122 88 70 83 93 94 95 107 108 87 65 68 78 76 75 65 65 72 73 86 96 91 82 77 77 66 68 76 76 66 63 63 63 69 92 82 62 66 74 72 73 73 68 63 68 66 66 108 142 149 137
113 89 98 96 101 92 97 93 87 76 72 78 70 72 92 70 60 63 83 75 79 100 90 78 75 73 83 84 73 71 80 90 89 77 77 69 68 76 85 99 98 97 93 96 102 97 77 84 101 117 112 101 91 91 93 71 64 71 78 108 85 66 81 84 76 95 85 91 90 82 70 76 83 73 63 56 90 101 91 94 71 65 68 61 62 71 81 84 69 68 78 88 97 104 129 109
111 105 121 119 102 95 109 94 84 75 62 63 62 64 79 66 55 57 64 74 90 96 82 74 65 57 63 75 73 72 78 80 81 67 78 72 73 88 87 94 88 96 88 97 94 75 84 116 114 116 113 108 100 79 84 77 66 82 109 122 102 79 87 91 85 92 85 81 84 85 77 83 101 90 88 87 93 114 108 81 67 64 66 59 66 74 77 76 69 83 98 97 116 87 89 111
113 110 118 110 98 95 116 120 108 74 65 61 60 70 85 77 64 65 73 83 75 73 68 60 57 62 64 74 69 72 88 83 82 97 95 68 67 86 86 91 86 81 76 86 93 79 92 118 99 97 103 104 105 88 77 85 91 96 106 105 84 71 71 66 72 83 80 80 83 98 83 77 85 82 94 109 83 101 117 114 106 73 69 65 65 72 68 72 86 79 73 70 80 85 89 121
88 93 106 87 80 80 93 108 113 90 75 76 68 74 87 72 88 100 97 116 85 81 67 56 60 70 79 100 100 116 104 80 68 82 75 67 81 80 77 73 78 85 83 79 85 80 100 125 106 82 79 95 102 92 87 80 84 90 77 73 69 64 64 72 88 92 78 92 89 82 70 63 63 63 76 80 69 71 105 106 92 71 75 59 59 66 66 61 82 102 81 68 70 91 80 91
84 69 83 79 68 74 97 110 100 100 79 69 66 73 72 66 82 94 70 81 79 86 73 57 60 71 76 91 124 133 111 76 66 57 60 69 78 93 92 86 93 95 94 109 92 81 90 119 109 91 99 98 97 83 87 84 74 72 70 63 81 82 72 93 109 97 66 71 73 71 70 69 70 66 67 73 67 68 98 91 75 72 84 67 63 64 63 59 65 86 91 74 69 102 103 90
73 66 73 85 72 76 86 81 77 88 87 78 91 85 76 67 74 81 88 68 64 68 75 108 102 76 79 77 99 93 68 74 84 76 60 70 85 111 109 86 86 89 83 98 93 92 93 99 97 98 101 80 90 102 92 93 77 64 65 65 85 83 75 109 121 81 71 69 65 74 84 76 71 71 71 75 71 72 100 99 89 88 105 101 98 85 81 81 66 64 67 55 55 82 93 75
81 82 72 79 86 79 76 76 96 124 136 116 127 123 112 73 73 107 114 82 73 63 77 116 142 114 93 91 79 87 67 66 71 77 66 68 78 88 94 79 68 73 81 81 75 83 108 101 100 107 117 102 95 103 95 89 73 63 65 66 63 59 63 76 78 75 73 77 78 77 83 77 71 72 74 71 72 79 82 89 97 104 111 109 105 93 89 94 64 58 63 73 76 77 84 74
83 81 72 74 86 90 80 73 104 119 133 134 106 81 87 88 62 67 66 67 66 68 79 72 84 93 89 104 93 71 85 94 81 88 93 102 105 96 89 89 89 91 95 96 81 86 93 107 110 94 87 103 101 94 81 77 71 71 69 64 64 65 68 71 67 90 82 69 75 70 73 67 62 64 68 74 83 102 110 112 113 116 114 108 100 98 91 74 72 77 88 93 79 82 84 74
76 72 76 75 65 64 68 74 77 75 82 102 84 75 77 71 61 81 76 66 62 83 82 51 67 76 98 113 108 85 102 109 91 97 111 116 108 102 100 108 105 119 113 96 80 82 75 84 96 98 89 100 110 101 85 88 74 79 87 69 65 61 72 92 83 78 80 72 69 61 66 66 59 64 82 84 73 84 121 123 104 107 114 117 120 116 89 81 86 88 89 84 103 107 92 84
86 79 90 83 71 65 71 87 94 78 69 70 67 67 64 69 71 65 62 72 99 110 106 83 83 96 117 133 104 111 144 128 79 72 75 87 99 93 77 94 85 80 84 77 72 71 70 74 94 98 92 117 126 105 85 98 103 96 72 60 65 62 82 98 97 85 85 82 73 64 75 89 82 79 93 76 100 121 123 131 112 101 114 117 122 123 94 75 79 89 81 94 110 114 98 80
82 87 97 100 107 79 65 78 82 75 80 89 79 64 59 75 87 79 66 64 88 112 121 109 97 122 106 93 113 118 132 120 88 94 88 90 86 72 75 92 83 72 86 90 88 77 77 92 96 93 87 101 112 84 66 93 102 89 75 71 85 87 73 79 85 72 72 74 72 67 76 88 99 93 75 96 121 123 120 111 93 86 99 103 115 129 122 96 90 113 101 77 76 97 109 111
98 111 112 91 84 71 85 90 81 66 62 83 83 67 76 78 81 79 72 88 109 124 146 130 109 114 109 100 103 102 86 81 81 89 94 101 91 70 65 71 80 78 88 91 94 94 78 81 92 95 98 90 86 87 84 86 81 76 78 79 85 94 70 64 92 89 80 77 72 70 78 84 92 97 83 84 92 88 82 84 85 79 85 88 106 116 110 110 104 94 72 77 95 116 126 123
101 103 101 90 78 84 94 86 103 114 89 89 87 82 109 99 70 58 77 109 133 127 118 105 110 112 84 63 58 72 75 73 86 101 99 85 79 74 81 109 107 96 85 92 91 95 91 89 89 88 81 94 89 85 81 76 74 82 98 95 72 77 68 64 93 92 72 67 68 71 75 82 92 101 98 78 66 66 76 87 101 93 85 86 98 98 81 92 101 92 81 96 109 122 115 106
125 119 103 111 128 117 114 88 96 137 127 116 114 85 87 87 74 72 85 117 146 114 103 89 110 112 81 67 61 73 89 83 92 104 110 93 67 77 84 101 110 108 107 90 83 88 98 83 73 98 88 69 70 80 90 96 84 88 106 91 87 88 70 64 82 81 55 65 73 71 72 70 71 84 81 65 58 67 81 85 108 133 89 76 84 87 85 87 101 100 113 126 114 114 132 132
114 108 114 132 137 130 127 111 81 84 89 76 87 90 83 90 101 107 114 112 115 127 117 94 90 93 112 111 82 78 76 90 87 75 77 94 93 94 108 96 81 83 100 93 96 92 81 85 71 64 67 62 72 81 88 97 73 68 82 85 90 107 86 67 51 54 49 62 66 64 66 65 62 74 74 62 61 64 71 97 138 143 96 88 73 83 104 101 122 120 127 130 109 113 138 133
100 100 109 110 97 108 106 99 87 88 87 85 93 93 88 91 93 88 97 88 83 84 93 100 103 89 124 103 84 86 63 82 94 63 68 103 121 100 116 127 92 71 78 78 94 100 95 91 85 72 78 69 70 85 75 73 62 66 72 89 100 114 115 101 77 71 64 59 63 71 62 63 75 77 82 64 58 58 75 131 157 128 84 71 67 84 115 105 106 124 101 112 124 116 117 152
101 91 87 89 84 95 92 96 100 96 89 94 91 77 79 78 81 78 82 77 83 97 98 109 112 111 104 98 84 84 71 58 73 64 67 88 114 118 114 121 97 72 85 93 95 89 77 81 88 81 71 68 68 62 68 67 59 69 81 107 124 131 131 125 117 90 75 70 69 82 75 66 85 86 78 73 73 61 83 129 160 137 86 76 91 97 88 83 92 103 94 95 100 90 96 127
87 84 87 87 80 84 94 91 87 83 85 90 83 70 96 110 97 78 95 103 99 135 113 70 92 127 130 107 115 96 77 78 88 111 114 107 96 110 112 98 94 74 80 101 104 81 71 76 82 92 93 77 77 70 78 72 75 92 101 100 106 98 92 93 104 86 78 81 68 66 69 71 88 84 72 68 80 81 73 84 82 101 83 77 102 124 102 80 67 78 82 78 96 112 102 87
77 84 81 80 82 86 88 95 94 101 107 100 99 82 71 83 95 99 112 119 115 124 125 97 109 126 157 125 96 87 77 81 83 97 100 87 71 70 70 75 82 73 75 88 90 89 81 120 120 91 87 77 74 85 101 81 87 97 116 121 109 91 76 72 85 75 73 68 81 87 85 89 86 83 92 98 99 97 73 84 86 105 115 98 83 86 79 95 87 70 87 84 89 108 132 88
59 75 102 109 113 97 80 87 96 103 98 94 103 94 98 112 101 94 127 115 123 112 103 85 58 68 108 98 104 100 82 70 75 87 108 123 79 63 69 87 85 75 90 118 95 95 96 98 98 88 84 72 72 92 106 75 59 71 118 135 108 78 70 69 74 72 82 89 97 84 68 67 64 78 120 131 135 138 101 81 87 97 115 92 75 69 81 96 108 93 77 79 91 101 123 99
59 73 94 98 96 89 81 87 95 92 112 129 118 109 113 119 104 82 104 79 66 82 104 88 76 80 104 108 105 116 102 79 82 92 97 128 106 83 78 84 101 83 69 83 73 76 85 78 73 84 88 81 93 114 117 78 51 64 103 121 78 66 69 64 76 100 97 90 79 67 56 56 63 83 106 117 121 138 118 88 88 88 107 90 71 76 95 112 86 75 79 79 86 98 108 93
63 70 72 82 89 75 79 86 86 93 122 145 148 128 114 124 128 88 101 108 77 72 104 127 116 82 84 99 98 106 109 96 88 110 102 107 114 100 90 76 92 79 65 72 82 84 94 96 77 70 74 82 93 105 110 92 53 58 68 85 83 71 67 62 68 92 95 88 77 70 68 70 68 66 70 82 90 86 79 74 105 127 113 83 85 88 95 76 69 76 76 68 89 111 96 72
68 70 70 78 92 105 103 100 88 81 94 124 134 99 114 106 79 78 71 79 77 71 105 117 90 80 85 95 109 101 107 101 77 69 67 68 80 96 90 82 84 81 77 70 67 77 87 81 72 71 71 75 77 94 114 115 84 68 65 76 91 82 71 64 70 74 78 93 73 69 70 73 94 100 90 98 92 68 70 67 74 94 88 83 81 91 113 110 107 101 79 60 68 91 116 113
84 73 75 80 89 106 102 90 91 90 97 96 93 89 105 85 68 72 62 79 93 93 91 91 79 73 69 71 85 98 104 97 94 92 76 71 72 70 66 69 72 85 92 84 71 71 79 74 74 76 73 77 84 93 111 125 109 82 75 70 64 69 77 97 97 85 87 93 74 77 78 77 99 116 110 90 83 62 83 86 65 69 100 105 88 89 116 123 109 99 108 81 82 81 80 89
79 85 84 83 99 100 88 99 88 78 93 100 103 102 84 69 65 70 71 85 90 83 98 111 107 105 95 78 87 88 96 107 91 84 70 73 86 88 92 90 77 90 100 89 79 71 74 82 82 75 76 76 81 85 84 89 89 84 87 94 78 77 90 108 95 98 110 102 80 79 77 71 82 106 105 109 96 85 91 104 91 86 95 92 80 87 96 102 125 97 100 127 101 84 72 62
73 92 107 121 110 93 86 99 112 91 81 110 124 100 91 80 72 66 64 80 86 82 97 134 142 136 119 92 76 67 62 86 101 93 79 78 89 81 77 86 94 114 120 94 79 76 73 76 78 73 85 93 106 94 86 88 93 95 80 86 75 76 95 107 82 78 97 84 87 90 87 85 68 77 95 100 81 79 92 98 95 90 90 79 88 90 90 99 102 90 100 139 113 91 84 77
76 77 95 111 99 96 94 87 91 99 89 110 130 93 95 99 77 78 69 90 138 118 103 113 119 120 118 93 68 62 75 79 96 97 87 90 98 80 74 81 80 75 88 90 84 87 82 80 79 90 111 122 111 89 83 91 94 79 67 74 90 106 116 93 76 71 72 72 86 89 89 86 63 69 77 78 70 58 78 82 76 71 75 81 82 83 92 85 94 103 93 103 110 110 94 81
90 79 97 92 94 114 106 82 82 97 105 102 84 70 78 88 86 83 69 90 135 129 130 120 120 107 99 78 59 87 85 68 67 75 82 92 101 88 82 84 79 64 71 89 88 83 79 80 83 110 118 106 85 72 86 87 85 88 75 76 104 114 107 81 70 72 66 80 109 95 82 80 74 66 68 72 80 85 78 73 79 82 79 80 83 91 76 62 63 79 82 75 94 95 80 79
93 94 111 102 92 103 97 71 73 74 81 107 135 87 71 81 89 86 67 93 135 119 100 93 93 86 70 64 71 102 106 68 61 81 69 70 80 84 85 78 70 75 84 83 78 72 68 81 90 107 121 93 79 80 87 96 91 92 92 84 87 85 79 76 72 75 75 110 130 89 76 74 77 73 64 69 80 71 70 71 78 83 80 85 85 82 77 73 72 78 84 70 70 79 79 80
96 107 97 99 106 91 91 80 69 71 75 84 110 92 73 78 80 81 73 99 129 105 93 89 90 92 68 49 52 65 78 69 65 89 90 64 64 69 82 75 76 87 101 97 83 78 71 80 82 80 97 100 83 92 92 92 96 96 88 86 90 88 86 89 84 85 87 97 99 84 77 78 84 80 74 73 76 70 70 76 75 70 71 76 77 77 77 83 80 70 67 79 86 97 99 77
78 75 79 79 80 72 82 88 83 81 82 76 74 76 74 71 73 73 71 88 100 89 85 96 102 81 59 50 59 59 58 55 59 64 59 52 62 67 63 69 72 80 83 80 79 82 76 82 75 68 87 88 74 84 86 87 82 76 73 85 87 93 89 83 81 81 76 68 65 57 54 57 65 68 74 81 83 81 73 75 76 79 83 78 78 70 75 92 91 80 86 83 89 91 87 83
65 64 65 67 70 69 64 69 75 77 90 93 84 81 86 83 68 63 74 77 76 69 62 68 69 59 59 69 63 63 54 52 54 51 46 56 77 94 76 74 66 69 66 74 88 78 66 71 74 75 85 71 79 84 87 88 80 68 70 79 72 83 79 75 85 77 81 82 65 52 58 59 59 73 92 89 83 85 82 82 74 70 84 74 82 77 76 81 80 94 103 103 95 82 77 85
65 71 69 66 76 71 70 72 75 70 73 80 80 79 74 89 87 67 79 68 63 77 61 51 53 55 69 86 68 62 57 48 54 64 58 62 72 88 72 65 64 65 63 66 78 73 64 65 80 92 64 48 53 65 84 80 69 60 56 63 73 86 76 61 77 90 79 79 83 78 83 81 75 69 71 73 73 83 92 87 75 71 78 78 74 76 85 87 86 108 93 80 91 93 91 88
65 63 73 75 82 80 82 84 79 76 76 75 72 76 81 82 89 78 80 74 74 86 73 65 60 59 70 82 69 53 52 57 60 64 67 73 65 68 59 54 67 68 70 69 75 69 53 48 76 90 53 50 54 60 80 79 61 68 58 57 62 69 72 68 60 68 70 61 77 91 87 78 68 68 71 67 67 80 93 73 68 72 73 81 85 89 90 90 74 73 85 73 82 86 83 79
54 29 30 53 41 54 72 70 65 64 59 77 75 63 73 68 75 80 74 73 67 71 75 74 66 62 65 63 66 62 58 57 63 57 56 68 73 70 50 54 65 62 56 57 63 60 53 65 90 91 65 68 62 65 59 65 60 55 64 67 58 55 59 63 58 55 58 63 75 83 74 68 59 62 70 71 69 76 93 81 68 74 83 86 81 85 91 104 92 85 81 69 73 84 85 86
14 31 34 29 31 26 13 18 23 24 21 25 47 52 45 37 39 66 75 75 62 63 68 74 73 55 58 65 64 60 67 64 67 52 50 55 58 73 59 60 71 58 59 54 54 53 53 70 64 47 56 70 60 55 65 71 53 53 66 72 64 58 59 58 57 57 57 60 57 59 67 75 65 61 76 78 76 79 73 73 72 83 87 82 83 96 95 103 96 77 66 71 74 85 86 86
47 25 30 26 29 36 29 28 25 25 24 31 37 36 63 52 40 34 57 60 60 62 67 72 75 50 56 61 65 73 72 62 56 58 57 64 57 56 60 63 78 76 64 56 47 53 67 71 53 51 53 57 60 62 67 70 68 63 62 63 66 62 59 55 61 63 58 60 63 61 63 70 72 75 83 72 70 78 70 66 73 83 84 76 75 88 85 91 84 75 76 75 86 85 87 88
