examples/data/proba_v_italy_sicily/probav_s10_toc_x19y03_20150601_333m_ndvi_v001.txt
ncols         1127
nrows         589
xllcorner     12.348214285714
yllcorner     36.598214285714
cellsize      0.0029761904761905
NODATA_value  -9999
[rows 49 to 97 of 589, columns 0 to 95 of 1127]
-9999 32 32 32 32 33 31 31 31 31 32 31 31 32 31 32 33 32 31 30 31 31 31 30 30 30 31 32 31 31 31 31 31 31 32 31 30 31 30 31 30 28 28 31 30 30 30 30 30 30 30 32 31 30 31 30 31 31 31 31 32 30 30 30 31 31 30 32 31 30 30 30 30 30 30 30 30 30 31 30 29 28 30 31 28 29 31 31 30 30 30 30 31 31 31 30
-9999 31 31 31 32 31 31 32 32 31 31 32 32 32 31 31 31 31 31 31 31 31 30 30 31 31 31 30 30 31 31 31 31 31 30 30 31 31 31 30 27 28 28 30 30 30 31 31 30 31 32 31 30 30 30 30 30 31 31 31 31 31 31 30 30 31 30 31 32 30 31 31 31 31 30 31 30 30 31 30 29 29 30 30 30 29 29 30 31 30 30 30 31 31 30 28
-9999 32 31 31 30 31 32 31 31 31 30 31 32 32 32 32 31 31 31 31 31 31 31 31 31 31 30 31 32 31 31 31 31 31 30 31 31 30 31 30 28 28 30 30 29 30 31 30 30 30 30 30 30 31 31 31 30 30 31 30 31 31 30 30 30 31 30 31 30 30 31 31 30 30 30 30 30 30 31 29 30 29 29 30 30 29 30 30 29 29 29 29 29 28 30 28
-9999 29 28 29 30 30 32 32 31 32 32 31 31 32 32 32 31 31 31 32 31 31 31 31 31 31 31 31 30 30 31 31 32 31 31 31 30 28 30 30 27 28 30 30 29 31 30 30 30 31 31 31 31 30 30 30 30 31 31 30 30 29 30 30 30 30 31 30 31 31 31 31 30 29 30 30 31 30 28 29 27 27 32 29 30 29 29 29 29 29 29 29 29 29 29 30
-9999 29 29 29 28 29 28 32 32 32 33 32 31 31 31 31 32 31 30 30 30 31 31 31 31 30 31 31 32 32 31 32 30 31 30 30 30 30 30 27 27 27 30 30 30 31 30 32 31 32 31 31 31 30 30 31 31 30 30 30 30 30 30 30 30 30 30 30 30 30 30 30 29 30 30 30 29 28 28 30 29 29 29 29 29 29 29 29 29 28 27 28 28 28 28 28
-9999 27 28 29 26 26 27 29 29 31 34 33 32 30 30 30 31 30 31 32 31 31 30 32 31 31 30 31 30 30 30 31 31 32 31 30 30 32 31 27 27 31 31 31 32 31 31 31 31 31 30 31 31 30 30 30 30 31 31 30 29 30 30 28 29 30 30 30 30 30 31 30 29 30 30 29 27 28 30 29 28 29 28 29 29 28 29 29 29 28 29 28 28 28 29 29
-9999 29 28 28 28 27 29 29 27 27 27 29 33 34 33 32 31 31 31 32 31 31 32 32 32 31 30 30 30 29 30 30 31 31 32 30 31 31 30 29 29 30 31 30 30 31 30 30 30 30 30 31 30 31 31 30 31 30 30 30 28 31 30 29 28 27 27 27 30 30 31 29 29 29 29 29 28 28 29 29 29 28 29 29 28 28 29 28 28 27 28 28 28 28 28 29
-9999 29 28 28 29 29 27 29 28 28 27 27 29 30 31 30 30 30 31 32 31 31 31 31 32 31 32 31 31 31 31 30 30 30 31 31 32 31 28 28 29 30 30 30 31 31 30 30 31 30 30 31 30 28 29 30 30 30 30 30 28 28 29 28 28 27 27 28 28 29 29 29 28 29 29 29 29 29 29 29 28 28 29 29 27 28 28 27 28 29 29 28 28 28 29 28
-9999 28 29 28 28 27 28 29 28 28 28 27 27 28 28 27 28 28 29 30 31 31 31 32 30 30 31 31 31 31 31 31 32 30 30 30 30 31 27 28 31 31 31 31 31 30 30 31 30 30 29 29 27 28 30 28 30 28 28 28 28 28 28 28 27 28 28 28 27 28 29 29 29 29 29 29 29 27 28 30 29 28 29 28 29 28 28 29 29 29 29 28 29 28 29 30
-9999 29 28 28 28 29 29 28 28 28 27 27 28 28 28 31 31 31 28 29 28 29 30 32 30 32 31 31 30 30 30 30 30 31 31 32 31 29 28 29 29 30 30 29 29 29 29 29 28 28 28 28 27 28 29 28 29 29 27 28 29 28 28 28 27 27 29 29 28 29 29 29 29 29 29 29 29 28 29 29 29 29 28 29 29 28 29 29 29 29 29 29 29 29 29 29
-9999 28 27 28 28 28 29 27 27 28 27 26 28 27 28 30 28 29 30 32 32 32 28 27 29 28 28 28 29 29 29 28 29 30 30 30 29 28 29 29 29 29 28 29 29 29 29 29 27 28 29 29 29 28 28 27 27 28 28 29 29 28 28 28 28 27 27 29 29 29 29 28 27 28 28 28 28 28 28 28 28 28 29 28 27 27 29 29 29 29 29 28 29 29 29 29
-9999 28 27 28 28 28 27 28 27 28 29 29 29 27 28 28 28 28 28 28 27 29 32 33 32 32 32 29 28 29 29 29 29 29 28 29 27 28 29 29 28 28 29 28 29 28 28 28 28 28 28 28 28 28 28 28 28 28 28 29 29 28 28 28 28 29 28 29 29 29 28 28 28 29 28 28 29 28 28 28 28 28 28 29 29 29 28 29 29 29 29 29 29 28 28 29
-9999 28 28 28 29 29 27 28 27 28 29 29 27 27 28 28 28 28 28 28 29 29 27 28 27 29 29 28 30 30 28 29 29 28 28 28 28 28 29 29 28 29 28 29 29 28 28 28 27 28 28 27 28 28 28 28 28 28 29 29 27 28 28 28 28 28 27 29 29 29 28 29 29 29 28 28 28 29 29 28 28 28 29 29 28 28 28 28 29 29 29 29 29 29 29 29
-9999 29 28 28 29 29 27 27 29 29 29 29 27 29 28 28 28 28 28 28 26 28 28 27 27 28 29 28 27 27 28 29 28 28 28 28 28 29 29 29 29 29 29 29 29 29 29 28 28 27 27 27 29 29 29 29 28 28 29 29 27 28 27 28 28 27 27 29 29 29 29 29 28 28 29 28 29 28 28 28 28 29 28 28 29 29 29 28 29 29 30 28 28 28 29 29
-9999 28 28 28 28 28 28 28 28 29 27 27 28 28 28 28 28 28 27 28 27 28 29 28 29 29 28 28 27 27 28 27 28 29 28 29 28 28 28 29 29 29 28 29 29 29 27 27 28 28 28 27 28 29 28 28 28 29 28 27 27 28 29 29 28 27 29 29 29 29 29 29 29 29 29 29 30 29 28 30 28 30 30 29 30 30 29 29 29 28 28 29 29 28 28 28
-9999 28 28 28 28 29 29 29 29 28 28 28 29 28 28 28 28 28 26 29 27 27 28 28 29 29 29 27 27 27 29 29 28 28 29 28 28 28 27 29 29 29 29 28 29 29 28 28 28 28 28 28 28 30 29 28 29 29 29 28 28 28 28 28 28 28 27 28 28 29 29 29 29 28 29 29 29 28 28 28 28 28 28 29 28 29 28 29 28 28 28 29 28 28 28 29
-9999 27 29 29 28 29 29 29 27 28 28 28 28 28 28 27 28 27 29 27 27 28 28 28 28 27 29 28 28 29 28 28 29 28 28 28 29 28 28 28 29 28 28 27 27 27 29 29 29 28 29 28 28 28 28 28 29 29 29 28 28 29 28 27 28 29 28 28 29 29 29 29 29 28 29 29 29 29 29 28 28 28 28 29 28 29 29 28 29 28 28 28 28 29 28 29
-9999 28 29 28 29 29 29 28 28 28 28 28 28 28 28 28 28 27 27 27 27 27 27 28 28 27 29 29 27 28 27 28 28 29 29 28 29 29 29 29 28 29 27 28 27 28 28 28 28 28 29 28 28 28 29 28 28 28 28 28 28 28 28 29 28 28 28 28 29 29 29 29 28 29 29 29 29 29 29 28 30 28 28 28 28 29 29 28 29 29 28 28 28 28 27 27
-9999 28 28 28 29 28 29 29 28 27 27 28 28 27 27 27 27 27 27 27 28 28 28 28 28 27 27 27 28 28 27 28 28 29 29 29 29 29 29 28 28 28 27 28 28 28 28 28 28 28 28 28 28 28 29 29 29 28 28 28 27 28 28 28 28 28 28 29 29 29 29 29 29 29 29 28 28 29 29 28 28 28 28 28 29 29 29 28 28 29 28 28 28 28 28 28
-9999 28 28 29 28 28 28 28 28 28 28 28 27 28 27 27 28 28 28 28 28 28 28 28 27 27 27 28 27 27 27 27 28 28 28 28 29 29 29 29 29 29 29 28 27 27 28 29 29 28 28 28 29 28 28 28 29 28 28 28 27 28 28 27 28 28 29 28 29 28 28 28 28 28 29 29 29 28 29 29 28 28 28 29 29 29 29 28 27 29 29 29 29 28 28 28
-9999 28 29 28 28 28 28 27 27 27 28 28 28 28 28 29 28 29 28 27 28 29 28 28 28 28 28 27 27 28 28 28 27 28 29 29 29 29 29 29 29 29 29 29 29 27 27 28 28 27 28 28 27 28 27 28 28 28 27 28 27 28 27 27 28 27 28 29 29 28 28 29 29 29 29 29 29 29 28 30 28 28 28 30 30 29 28 29 29 29 29 29 29 29 28 28
-9999 28 28 28 28 29 28 27 27 27 28 28 28 27 28 29 28 28 27 28 28 29 28 28 28 28 28 28 28 29 29 28 28 27 28 29 27 27 29 29 29 29 29 29 29 29 27 28 29 28 28 28 28 28 28 28 28 27 28 29 28 28 27 28 29 28 28 28 29 29 29 29 29 29 28 29 29 28 29 28 28 29 29 29 30 29 28 29 29 27 28 29 29 29 28 28
-9999 28 27 27 28 28 27 27 27 28 26 27 27 28 27 28 28 28 28 28 28 28 28 28 28 28 29 27 28 29 29 28 28 27 27 28 27 27 29 29 28 28 28 29 29 29 29 29 29 29 27 28 28 28 28 28 28 28 28 28 29 29 28 28 28 29 27 27 29 27 28 28 29 29 29 29 29 28 28 29 28 28 28 30 28 28 29 29 29 29 29 28 28 28 28 28
-9999 28 28 28 28 27 27 27 28 29 27 28 28 28 29 29 29 29 28 28 28 28 28 28 28 28 28 28 28 29 28 28 27 27 28 27 28 28 29 29 28 29 29 28 28 29 29 29 28 28 27 28 27 28 28 28 28 28 29 28 29 29 29 29 28 29 28 28 28 28 27 28 28 27 27 27 29 29 30 28 29 29 29 29 29 28 28 28 28 28 28 28 29 28 28 28
-9999 28 27 28 27 26 27 28 28 27 27 28 28 28 27 29 28 28 28 28 28 28 28 28 28 28 28 28 28 28 28 27 27 28 28 28 28 27 27 29 29 29 29 28 29 29 29 29 27 27 27 29 28 28 28 28 26 27 28 28 28 28 28 28 28 28 29 28 27 30 29 28 29 27 28 28 27 28 30 29 28 29 29 29 28 29 29 28 29 28 28 28 29 29 28 28
-9999 28 28 28 28 28 29 28 28 27 27 28 28 28 29 29 29 28 28 28 28 28 28 27 28 28 27 28 28 28 28 28 28 28 29 29 28 28 27 28 29 29 29 29 29 28 29 27 28 28 28 28 28 27 27 28 27 27 28 27 28 28 28 28 28 28 29 28 28 28 29 29 28 28 29 28 29 29 29 29 29 28 28 29 28 29 28 27 28 28 28 29 29 30 29 29
-9999 29 29 28 28 28 27 28 27 27 28 27 28 28 29 29 28 28 28 28 28 28 28 28 28 28 29 28 29 28 28 28 28 28 28 28 28 28 29 29 28 28 29 29 29 28 28 27 27 29 28 28 28 28 29 29 28 29 28 28 28 29 28 28 28 29 30 29 28 29 28 28 29 28 29 29 28 28 27 28 29 29 29 29 28 28 28 28 28 28 28 29 29 29 29 29
-9999 29 27 28 28 28 29 28 27 28 28 28 28 28 28 28 28 28 28 28 29 28 28 28 28 28 29 28 28 29 28 28 28 28 29 28 28 29 27 28 28 29 29 29 30 29 29 28 29 29 29 29 29 28 29 28 29 29 28 28 29 28 28 28 28 29 30 29 28 28 28 29 28 28 27 28 27 29 29 29 29 28 29 29 28 28 29 29 28 29 28 28 29 29 29 27
-9999 28 28 28 28 28 28 27 28 28 28 28 28 28 28 28 28 28 28 28 28 28 28 28 28 28 29 27 28 29 29 28 28 29 29 28 27 28 28 29 29 29 29 29 29 29 29 29 29 28 28 28 29 28 28 29 29 28 28 28 28 28 28 28 29 29 28 28 28 28 28 28 27 27 27 27 27 28 29 28 29 28 29 30 28 28 28 28 28 28 28 28 29 29 28 28
-9999 28 28 28 28 27 27 28 27 28 27 28 28 29 27 29 28 28 28 28 28 28 28 27 28 28 28 27 28 29 28 28 28 27 27 27 27 27 29 29 29 29 28 27 29 29 29 27 29 29 28 28 28 28 27 28 28 28 28 28 28 28 27 28 28 28 28 28 28 27 28 29 28 28 28 29 29 27 28 28 28 28 29 29 28 28 29 28 28 28 28 28 28 28 28 28
-9999 27 28 28 27 27 28 28 27 27 28 28 28 27 28 27 29 27 27 29 29 28 28 27 27 28 27 28 28 28 28 28 29 29 29 29 29 27 29 29 29 27 27 28 28 29 29 28 29 29 28 27 28 28 28 28 28 29 29 28 27 28 28 28 28 28 29 29 28 28 28 28 28 28 28 28 27 27 26 27 28 29 27 29 28 28 29 28 28 28 27 28 28 28 29 30
-9999 27 28 28 28 28 28 27 27 27 28 28 29 29 28 28 29 29 29 29 29 28 29 27 27 28 27 28 28 28 29 28 29 29 29 27 27 29 29 30 29 29 27 27 27 29 29 29 29 27 27 28 27 28 28 27 27 28 29 29 28 28 28 27 27 28 28 28 29 29 28 28 28 29 29 28 29 28 27 27 27 29 29 29 30 30 29 29 30 30 28 28 28 28 28 29
-9999 27 28 28 27 27 28 29 27 28 28 28 28 29 29 29 28 28 29 29 29 29 28 27 27 27 27 27 27 29 29 27 27 27 28 28 28 29 29 29 29 29 27 27 28 27 28 29 28 28 28 29 29 29 28 27 28 29 28 29 28 29 27 28 29 29 28 27 28 28 29 29 29 29 28 28 29 28 28 27 28 28 29 29 29 29 28 28 28 28 28 29 30 29 29 30
-9999 28 28 27 27 27 27 28 28 29 28 28 28 28 30 29 28 29 29 27 29 27 27 28 27 27 27 27 27 27 27 27 27 27 29 29 27 28 28 28 28 27 28 29 27 27 29 29 29 28 27 27 27 27 27 28 27 28 28 28 29 28 27 27 29 29 28 28 29 28 28 28 27 28 28 27 28 27 27 27 29 29 29 29 28 28 29 30 28 29 29 30 30 30 30 30
-9999 29 27 27 27 28 28 28 28 28 28 28 28 29 29 28 27 28 28 28 27 27 29 27 27 27 27 27 27 29 27 27 27 27 29 29 28 27 27 27 27 27 29 29 27 27 29 29 27 28 27 27 27 27 27 29 29 28 27 28 28 28 28 28 29 28 29 28 28 28 27 27 27 27 27 28 28 29 29 29 29 30 30 29 29 28 29 30 30 30 30 30 29 30 30 30
-9999 28 27 27 29 29 29 28 28 28 28 28 29 28 28 28 28 29 28 29 27 27 27 27 27 28 27 27 28 28 27 28 29 28 28 28 27 27 27 27 28 27 27 28 27 27 27 27 27 27 29 28 28 29 29 29 28 28 28 28 28 29 29 29 28 27 28 28 29 30 30 29 27 28 29 28 29 29 28 28 29 29 28 28 28 29 28 29 28 28 29 29 29 30 30 28
-9999 28 27 28 27 28 29 28 28 28 28 28 28 28 28 28 28 28 28 28 28 29 27 27 28 27 27 27 29 29 28 28 27 28 28 27 27 27 27 27 27 28 28 28 29 28 27 27 28 28 27 28 27 29 28 29 28 30 29 29 28 28 29 29 28 27 27 27 29 30 28 28 28 28 28 30 29 29 28 29 29 29 29 28 28 28 28 28 28 28 29 29 29 29 29 28
-9999 28 28 27 28 28 28 29 28 28 28 29 28 28 29 28 28 28 28 28 28 28 29 28 27 27 27 28 28 28 29 29 29 29 28 27 27 27 27 27 26 29 29 28 29 29 29 29 28 29 29 28 28 27 28 28 28 28 29 29 28 28 28 28 27 27 27 28 28 28 30 30 30 29 29 29 29 29 28 29 29 30 29 29 27 27 27 28 29 29 30 30 29 28 28 28
-9999 28 28 27 27 27 28 29 28 28 28 28 28 27 28 28 29 28 27 28 28 28 27 28 27 27 27 27 27 27 28 28 27 28 29 28 27 27 27 27 27 29 29 27 28 27 28 29 28 29 29 28 29 29 27 28 28 28 28 29 29 29 29 27 28 28 29 28 29 29 31 31 29 28 29 29 29 29 29 28 29 29 30 28 27 28 29 30 28 29 29 29 29 29 30 29
-9999 28 27 27 27 27 27 28 28 28 28 28 29 28 29 29 29 27 28 28 28 28 28 28 28 27 27 27 27 27 29 29 29 28 27 27 27 27 27 28 29 29 29 29 27 26 28 29 30 29 28 28 29 29 29 28 28 28 28 28 29 28 28 27 28 28 30 30 29 30 30 29 28 28 28 28 28 30 29 28 29 28 29 29 29 30 30 29 29 29 28 28 28 28 30 40
-9999 27 27 27 27 27 27 28 28 27 28 28 28 28 29 28 28 28 28 27 27 28 28 28 28 28 27 27 29 29 29 28 27 27 27 28 29 29 28 28 27 29 29 27 28 27 28 29 29 29 29 28 29 29 29 28 28 28 28 29 29 28 27 28 29 27 29 29 29 29 30 29 29 28 28 28 29 29 30 29 28 28 29 29 28 28 29 29 30 29 28 28 29 29 41 42
-9999 27 28 27 27 27 28 28 28 28 27 28 29 28 28 28 27 28 28 28 28 26 28 28 29 28 28 28 29 29 28 28 28 28 29 27 28 29 28 29 29 29 28 27 27 27 28 29 29 29 28 27 27 28 28 28 29 29 28 30 29 27 29 30 29 28 30 30 30 29 28 29 30 29 29 28 28 29 30 30 28 29 29 29 29 28 29 29 31 30 31 29 28 29 28 40
-9999 29 31 27 27 27 27 28 28 28 28 27 27 29 29 28 27 27 28 28 29 28 27 28 29 28 28 28 29 28 28 28 29 28 28 29 29 28 29 28 28 29 28 27 27 28 29 29 28 28 28 28 29 29 29 29 29 30 28 29 30 29 28 29 28 29 30 29 28 27 29 28 29 29 30 30 29 30 30 29 29 29 30 29 30 29 30 30 29 30 30 29 30 31 31 43
-9999 27 27 27 27 27 28 27 28 28 28 28 28 27 29 29 27 27 27 27 27 28 27 27 28 28 28 28 28 29 29 29 29 29 28 28 28 29 29 29 28 29 29 29 27 28 28 27 30 28 29 29 28 28 28 29 29 29 29 28 30 29 29 29 28 29 29 30 28 28 30 30 31 31 31 31 30 29 30 31 32 30 30 31 31 31 29 29 29 28 29 29 30 32 32 31
-9999 29 27 27 27 27 27 29 28 28 28 28 28 28 29 29 28 28 27 27 27 28 27 27 28 28 28 28 28 28 28 28 29 30 28 27 27 27 29 28 29 29 29 29 27 28 29 29 30 28 29 29 29 28 28 28 28 28 28 28 29 30 30 28 28 29 29 30 29 30 30 31 32 31 30 31 30 30 29 31 31 30 32 32 31 30 29 30 30 31 31 31 30 30 28 57
-9999 27 27 29 29 29 28 27 27 28 28 28 28 28 29 27 27 28 28 27 29 29 27 28 28 28 28 28 28 28 29 28 27 28 28 27 27 27 28 28 28 27 27 29 27 29 29 30 31 29 29 28 28 28 28 29 29 29 30 28 28 29 29 31 31 31 28 31 31 37 39 39 41 43 38 29 64 71 30 29 29 32 32 31 28 29 31 32 32 32 30 29 72 75 76 74
-9999 27 28 30 28 29 28 28 28 28 28 28 28 28 29 28 28 27 27 28 29 28 28 28 28 28 28 28 28 28 29 28 28 28 28 29 27 27 29 29 29 29 29 29 29 29 31 31 30 29 29 29 28 28 29 29 29 28 29 28 32 31 30 30 29 28 29 32 37 35 35 32 29 31 85 86 92 106 98 89 70 32 63 69 69 32 30 29 26 80 61 63 85 90 86 83
-9999 27 27 28 29 29 28 28 29 28 28 27 28 28 28 28 28 28 29 28 29 29 28 28 29 29 27 28 28 27 28 29 29 28 28 27 27 27 29 27 28 29 28 28 28 27 28 30 30 30 29 29 28 29 28 29 30 30 30 30 31 32 30 29 29 31 34 34 33 33 30 74 75 63 73 90 97 100 108 112 105 94 95 85 78 74 67 81 92 96 84 92 106 108 105 101
-9999 29 28 28 29 28 28 28 28 29 29 28 28 29 28 28 28 27 28 29 28 27 28 28 29 29 29 27 28 29 28 28 29 28 28 27 27 27 29 29 27 28 29 29 28 27 27 28 28 30 28 28 28 28 28 30 30 30 29 30 32 31 29 30 31 33 33 33 33 30 34 79 85 89 105 108 102 105 119 122 119 110 106 109 98 97 100 111 111 104 100 101 107 104 111 123
