examples/data/proba_v_italy_sicily/probav_s10_toc_x19y03_20140901_333m_ndvi_v001.txt
ncols         1127
nrows         589
xllcorner     12.348214285714
yllcorner     36.598214285714
cellsize      0.0029761904761905
NODATA_value  -9999
[rows 364 to 415 of 589, columns 768 to 863 of 1127]
143 193 201 176 146 98 100 98 127 165 130 90 110 156 146 115 103 115 108 80 91 108 95 83 81 98 119 100 76 81 101 99 84 87 119 149 148 135 103 90 95 102 96 109 101 82 76 80 111 126 116 140 150 153 132 123 114 96 101 133 151 138 141 160 172 141 129 146 159 168 144 171 180 177 149 156 191 167 150 152 143 123 122 98 77 86 127 169 170 151 133 130 150 161 157 167
137 158 170 175 179 168 155 173 176 173 149 105 107 153 143 106 93 107 90 77 98 110 97 102 109 103 96 78 84 76 83 97 96 109 122 133 133 102 105 114 116 114 115 95 82 83 80 79 95 101 124 159 162 157 139 123 116 112 106 108 112 116 138 178 143 100 102 126 169 183 156 150 151 138 137 122 121 129 126 111 109 127 99 105 149 131 147 177 180 165 171 135 152 181 198 191
135 123 156 164 169 176 159 144 149 125 124 123 118 123 135 106 99 97 87 100 99 105 93 91 105 94 87 79 79 79 76 85 89 107 113 128 145 101 86 115 131 121 99 86 78 78 83 99 113 104 112 134 123 134 133 129 126 144 119 116 135 156 123 112 97 107 135 148 171 182 164 137 171 199 206 157 138 128 114 117 96 103 152 178 178 167 161 171 152 144 189 160 155 174 170 188
147 124 140 136 124 117 151 138 128 118 113 118 123 130 144 128 113 99 94 99 102 95 87 95 101 104 88 84 86 83 83 86 99 102 106 122 137 127 111 104 111 103 104 83 73 89 94 109 131 136 107 131 129 120 120 110 125 140 139 139 121 128 106 110 127 122 140 150 163 164 147 150 181 189 178 194 184 183 171 144 111 119 152 159 173 170 183 175 159 158 168 166 154 182 173 165
132 121 126 142 126 98 116 140 124 112 99 100 109 111 127 127 123 115 111 100 92 91 81 89 110 106 100 86 75 74 90 109 106 102 115 123 140 151 150 127 103 91 94 100 103 115 103 106 117 119 121 123 124 120 114 99 115 145 145 137 120 124 128 138 149 155 146 140 142 161 168 167 185 202 166 184 186 180 164 177 153 135 145 131 133 117 134 138 153 133 122 140 158 174 173 161
143 120 121 139 147 133 143 129 110 108 108 105 108 105 110 126 131 149 135 112 116 118 89 92 103 103 102 87 75 89 107 101 85 99 120 129 142 152 146 119 93 80 93 103 95 113 102 86 99 128 132 121 133 135 122 125 124 131 153 138 122 103 100 101 111 122 128 132 128 135 138 138 140 159 164 171 176 180 119 123 145 124 106 94 95 113 125 144 137 99 94 122 155 164 163 173
176 167 130 127 144 137 126 121 120 128 124 112 117 111 101 105 120 122 118 128 129 114 94 96 90 79 87 106 100 93 109 114 87 89 119 128 144 165 143 112 85 79 89 85 79 81 73 76 101 125 122 118 118 126 107 98 116 137 141 119 108 107 126 128 112 108 118 126 121 146 175 167 157 168 179 155 163 163 103 93 104 107 100 103 120 145 139 143 160 136 143 130 127 157 160 152
147 156 112 111 142 140 124 135 149 135 110 100 111 104 91 81 75 100 133 148 151 118 98 93 87 75 88 120 96 77 86 101 91 89 104 119 142 163 118 84 82 75 95 100 92 83 87 90 116 136 129 115 112 117 114 110 124 120 106 102 124 136 130 125 122 127 118 110 114 164 181 159 139 144 140 129 116 105 89 114 188 185 173 164 165 148 117 104 141 159 145 147 158 167 167 158
114 129 140 119 135 153 133 110 109 125 116 98 98 83 72 72 82 84 120 166 150 129 109 96 84 78 110 133 107 99 90 91 93 99 105 122 141 152 110 78 75 74 83 98 92 84 86 103 116 128 125 123 122 139 154 156 110 73 81 99 115 99 94 97 88 84 81 89 93 147 179 167 147 127 108 95 92 87 84 111 177 196 188 184 180 177 142 140 156 164 161 153 161 177 172 163
95 122 155 129 125 137 137 129 101 107 105 123 141 113 85 96 115 102 93 110 118 101 113 118 105 102 107 99 119 119 99 92 90 88 99 120 141 144 90 76 79 78 71 71 80 95 104 108 114 115 99 93 110 115 100 81 66 77 73 70 84 92 93 89 73 69 70 83 91 116 128 123 118 105 97 82 82 82 93 120 157 180 210 213 202 192 183 172 145 169 174 164 171 185 175 165
117 140 156 117 104 127 119 110 84 87 99 107 143 151 117 101 99 94 93 106 124 111 127 155 144 109 113 140 146 98 75 75 78 88 95 110 117 104 78 68 78 77 76 83 88 93 103 98 86 80 87 122 111 76 65 60 70 95 88 70 68 73 79 67 63 70 72 69 81 98 124 123 103 81 81 73 69 80 127 143 148 178 185 193 180 192 174 168 127 124 153 178 193 204 190 147
147 166 151 128 120 138 138 98 74 72 86 90 92 101 116 116 112 90 84 86 99 116 106 119 139 135 135 130 99 74 65 74 98 83 97 142 131 89 72 65 66 73 75 84 70 62 76 77 75 83 101 106 77 67 63 64 70 83 87 78 70 69 76 67 61 74 94 84 73 94 119 105 83 74 75 71 89 138 159 151 169 170 183 179 189 179 161 157 147 110 112 145 166 176 178 145
116 147 148 132 114 105 115 108 84 74 71 92 118 138 127 123 110 101 90 108 111 112 111 104 115 122 114 93 65 65 62 71 90 88 101 117 94 76 70 69 68 69 68 65 65 61 62 60 66 82 93 78 69 68 65 63 64 67 68 73 75 76 75 71 71 77 84 89 95 101 100 86 88 91 114 143 137 131 131 132 138 136 143 139 149 167 175 164 165 185 171 174 174 177 178 136
118 126 151 114 81 78 78 75 78 89 111 150 164 177 140 83 77 110 115 121 111 112 116 104 101 86 67 60 59 72 79 94 78 77 96 108 81 67 67 70 70 68 60 61 63 62 61 64 67 69 67 64 69 73 72 71 68 69 66 79 92 92 84 75 86 118 127 131 147 146 148 139 156 157 152 156 151 147 127 116 108 112 95 65 89 141 150 175 167 179 177 176 179 186 184 160
101 107 112 83 79 77 76 75 72 66 81 135 173 160 147 116 131 159 97 78 90 119 129 100 95 70 59 63 66 65 76 110 113 98 115 94 77 74 67 63 62 67 68 62 67 67 62 64 67 65 58 59 68 71 72 78 84 80 71 67 66 78 79 83 100 146 154 146 167 157 124 107 126 127 123 121 120 120 122 120 95 72 56 77 76 84 127 163 163 166 173 179 181 193 193 172
72 114 115 86 80 73 94 98 75 58 65 127 158 157 159 166 176 145 87 98 104 107 115 79 73 76 64 62 62 65 74 80 99 101 91 78 76 75 68 64 57 57 66 68 65 67 63 68 67 64 60 63 66 68 73 73 73 68 52 61 68 74 82 87 111 148 130 87 90 77 67 72 94 113 111 113 125 116 99 80 88 93 99 114 116 115 147 164 155 145 149 158 155 175 177 140
72 104 109 82 70 62 63 66 63 61 68 119 156 154 153 166 165 155 154 153 113 82 99 83 69 68 65 58 58 61 77 74 84 111 90 78 75 78 77 75 68 61 59 74 79 74 107 132 110 75 78 70 65 62 69 75 75 78 75 74 79 94 88 88 124 144 124 77 74 80 79 77 84 100 97 93 96 103 114 132 157 177 181 184 160 150 135 148 150 143 138 140 137 150 154 150
64 65 77 76 65 64 61 60 71 76 99 132 151 154 161 173 176 164 126 84 71 72 84 78 71 66 65 61 62 62 94 91 83 95 80 77 80 83 78 79 78 77 76 96 115 139 184 185 139 89 66 67 74 78 88 96 81 70 71 78 87 93 92 74 78 108 112 83 76 77 75 80 89 109 108 100 113 135 139 141 163 186 189 189 184 176 166 158 129 137 147 152 156 181 173 149
54 49 50 61 69 67 69 69 73 86 99 83 79 101 126 153 164 137 93 72 68 73 73 79 77 80 71 67 67 59 60 62 79 86 73 72 75 76 77 79 76 77 102 153 182 188 177 153 139 114 73 64 66 92 113 117 115 102 91 78 69 74 72 70 75 80 85 79 79 85 100 107 111 120 111 104 120 121 126 140 167 173 163 177 180 167 163 130 152 144 166 166 175 188 179 166
59 55 58 65 67 71 76 73 62 62 72 77 67 61 78 121 119 94 76 64 61 69 78 85 82 80 74 67 69 85 88 83 77 78 76 77 82 88 88 80 72 99 149 175 175 175 155 139 164 164 100 89 124 148 172 176 162 157 136 90 70 69 71 63 67 74 77 79 85 104 126 130 128 136 117 110 113 127 152 164 172 186 155 121 134 143 151 150 157 138 147 163 175 176 197 201
63 61 60 63 73 71 67 64 55 55 56 62 61 61 87 118 93 80 70 69 91 111 117 90 85 81 78 78 82 92 95 92 78 81 89 87 86 86 91 94 85 111 147 146 157 169 147 150 161 162 157 151 174 179 177 166 159 170 121 76 72 77 72 65 69 76 81 83 89 103 123 136 153 142 99 132 139 155 156 162 159 169 168 166 165 178 158 129 144 141 144 174 186 179 182 187
71 68 63 63 67 66 74 64 54 62 62 63 59 64 82 90 75 75 74 76 125 123 130 126 126 134 96 76 71 66 79 77 76 81 80 78 72 85 128 155 147 139 166 174 180 171 158 188 190 186 180 173 162 157 157 165 150 109 71 66 75 74 74 74 74 77 77 93 116 117 114 125 128 121 139 167 163 127 118 135 145 168 168 165 147 130 136 151 175 181 173 176 172 183 186 196
86 80 69 65 59 68 84 70 64 59 59 63 64 71 78 80 77 73 68 63 95 149 140 127 125 122 80 70 96 114 97 71 69 70 72 72 76 119 173 158 133 111 99 102 103 112 143 170 182 185 173 168 157 171 184 137 83 68 70 68 81 76 81 82 77 75 75 90 107 95 97 120 138 153 161 118 96 121 137 155 161 152 134 116 110 101 128 153 161 176 174 183 181 185 183 185
77 73 66 68 66 67 64 58 57 58 58 59 66 71 65 59 63 63 68 71 74 103 99 100 106 87 84 115 148 139 135 87 63 69 73 74 84 118 126 86 73 72 75 81 85 85 83 130 180 191 179 174 174 152 139 99 77 74 78 71 71 71 84 81 81 83 107 123 128 134 147 149 144 137 117 120 129 129 130 155 143 154 164 79 79 119 144 167 147 136 151 149 166 184 180 177
85 78 71 67 64 62 62 60 57 56 54 58 61 62 61 52 56 60 67 70 66 99 117 106 122 116 122 140 137 124 131 109 68 82 98 83 84 83 74 74 72 76 84 90 80 86 98 113 167 184 193 175 106 81 82 77 74 73 76 100 99 93 92 105 101 111 117 135 144 124 117 102 90 101 133 159 144 115 105 150 134 119 94 75 103 146 165 153 93 103 136 130 142 186 178 171
76 69 64 61 59 62 60 69 64 59 56 60 63 68 67 60 64 66 81 78 79 108 131 122 123 131 146 151 130 120 123 110 72 83 106 93 74 72 72 77 80 75 92 104 83 86 93 104 156 186 142 88 67 72 104 125 139 122 130 159 153 150 147 148 142 129 113 141 142 110 109 128 117 108 137 146 116 126 144 164 149 87 72 73 84 115 150 96 69 108 158 135 136 162 144 127
67 60 63 66 63 60 58 63 65 65 69 66 68 73 70 65 64 73 92 100 91 115 138 119 118 135 153 136 102 115 117 106 78 79 90 79 73 70 72 73 80 83 89 101 89 70 73 134 177 118 67 62 93 136 159 192 197 193 188 181 185 191 182 186 180 159 151 161 152 159 149 152 154 160 157 116 100 136 156 152 156 103 84 81 115 143 121 84 108 150 163 143 133 141 105 109
86 81 70 68 59 57 57 60 58 52 62 63 68 77 73 71 67 66 66 70 93 133 121 105 102 104 119 110 86 81 83 78 78 83 76 69 69 67 64 73 80 74 68 72 70 71 88 139 142 82 73 110 151 193 187 157 124 114 136 132 139 179 195 176 143 153 129 95 92 120 146 134 141 129 108 111 134 136 132 155 174 138 131 141 145 116 102 110 158 172 145 145 128 132 133 152
75 72 72 75 67 60 58 57 53 52 59 64 63 68 67 73 74 71 78 92 98 114 120 114 112 111 96 74 70 67 78 74 86 91 73 73 72 65 70 78 78 81 73 77 74 73 91 94 84 84 120 154 152 125 128 109 94 98 109 125 153 159 166 164 108 123 113 91 88 90 82 75 73 80 99 114 122 124 152 195 175 153 162 180 157 134 127 151 185 167 144 141 123 101 122 156
60 64 67 61 62 59 55 55 55 55 60 65 59 64 63 66 75 84 78 89 113 125 130 119 119 127 128 104 98 83 87 79 73 78 79 77 73 72 73 77 74 78 75 78 75 72 78 81 89 116 154 163 107 91 100 107 110 120 124 115 111 117 134 125 100 113 116 98 91 90 81 78 82 101 144 160 169 193 201 172 166 175 194 209 164 131 134 183 177 157 151 145 122 107 118 177
63 61 63 59 58 57 58 57 59 58 59 59 60 58 61 65 68 78 77 74 108 121 123 126 125 122 110 106 132 122 99 97 86 81 83 82 70 74 68 77 91 89 86 79 79 79 81 90 111 118 134 145 137 131 127 118 118 130 109 96 100 110 127 108 99 117 104 94 92 87 93 100 96 121 173 211 205 175 126 106 160 196 210 183 131 96 130 156 147 153 154 149 137 95 90 121
79 68 64 55 57 58 61 61 62 63 63 68 66 58 58 61 69 83 89 91 115 124 108 106 123 113 91 83 96 117 121 120 114 106 88 74 66 76 83 71 99 113 99 87 75 80 94 108 119 112 98 103 105 103 94 91 94 100 95 104 129 160 145 98 95 106 90 82 85 91 115 140 140 169 214 204 141 120 111 130 185 228 195 150 130 103 126 165 172 166 158 139 136 106 113 127
75 72 64 57 56 55 57 68 74 63 65 67 67 70 72 74 88 100 95 98 107 100 98 112 127 101 82 91 112 116 115 109 112 104 118 112 85 94 110 95 97 112 98 82 90 93 101 105 111 100 90 89 86 84 87 94 91 97 115 117 143 167 124 88 94 91 86 91 99 121 133 164 213 223 185 141 114 136 160 191 215 205 173 160 144 127 147 188 174 152 126 103 97 91 100 113
77 77 65 63 61 64 59 67 75 61 58 59 67 84 85 76 74 81 84 87 83 77 89 124 104 91 98 113 113 105 109 110 105 91 93 112 101 96 98 95 102 116 107 90 128 125 103 82 89 101 99 89 89 92 103 98 93 123 153 143 121 108 91 83 86 76 94 105 113 118 145 198 199 162 143 128 122 143 150 160 206 157 114 105 100 114 133 160 150 130 115 107 101 104 120 131
66 68 65 65 72 70 56 53 56 54 55 59 79 75 68 72 76 79 89 95 82 76 90 97 78 83 94 95 97 88 95 111 121 104 86 93 105 112 93 88 101 137 123 94 121 137 129 143 140 150 144 112 92 86 91 94 91 120 133 122 109 91 90 82 70 67 75 79 118 167 196 191 145 117 152 155 150 164 141 153 185 143 119 121 113 119 137 142 132 135 134 124 123 125 143 159
65 66 67 65 67 62 60 63 59 61 66 74 73 70 63 63 62 91 105 87 86 90 75 76 94 113 97 99 116 98 83 82 97 112 124 127 124 131 128 117 118 108 88 77 84 106 108 125 119 101 109 111 104 99 86 82 87 83 87 111 100 96 107 86 72 78 81 102 144 177 184 150 143 141 167 170 170 160 122 140 158 146 140 131 118 116 134 136 120 121 129 127 119 143 151 164
64 63 63 63 66 66 61 74 84 80 85 86 71 72 71 57 58 77 101 90 76 88 94 113 116 97 91 103 95 81 82 85 108 131 146 145 125 105 88 70 74 91 87 69 76 96 96 91 99 93 104 102 113 130 104 83 74 76 88 82 77 88 95 93 84 82 81 86 122 154 150 116 101 111 136 160 161 156 145 133 144 153 154 134 128 124 128 126 120 122 118 127 156 164 159 160
62 65 67 68 72 66 62 68 79 71 66 77 74 74 82 73 65 74 94 91 70 81 96 90 80 74 88 115 104 108 106 97 113 121 121 120 122 114 103 95 98 107 86 83 93 99 93 92 89 91 92 80 92 89 102 106 95 87 100 112 104 91 95 95 113 98 86 79 123 162 130 122 114 90 105 117 116 137 162 141 139 146 138 120 117 125 130 120 112 101 107 149 163 162 153 167
62 64 72 74 73 73 78 71 64 69 79 75 68 69 75 82 79 80 89 91 76 83 84 79 90 92 92 115 107 105 100 87 97 106 100 90 86 91 92 110 111 108 97 104 102 98 93 62 69 94 102 85 86 102 103 98 97 99 119 145 151 115 89 105 112 112 138 124 115 157 145 131 140 107 106 102 93 112 139 129 104 107 115 117 109 119 114 113 112 108 130 148 149 159 165 170
68 60 74 92 87 87 79 83 76 79 94 83 75 77 69 71 77 100 99 81 78 83 94 95 88 77 90 125 103 83 86 87 102 114 120 113 92 99 94 91 85 90 98 100 88 71 73 70 75 78 75 75 80 106 116 121 108 97 127 169 185 168 111 107 103 101 116 143 135 160 195 176 168 144 113 104 102 127 145 122 85 81 107 116 111 112 121 122 124 122 141 151 154 163 168 167
77 70 65 75 85 85 83 91 94 86 88 84 78 79 66 80 95 87 86 100 95 87 87 85 89 69 86 102 98 99 109 102 94 109 118 111 108 112 94 69 72 85 86 82 77 69 67 73 73 82 79 76 86 101 119 125 124 121 124 148 146 158 138 130 108 93 97 103 156 188 199 207 178 136 119 98 119 166 154 130 107 83 86 125 126 119 126 101 93 130 171 174 166 175 188 179
71 77 74 70 71 74 82 80 89 79 76 80 78 82 84 115 119 82 76 79 89 101 109 111 103 94 119 99 86 100 104 105 93 97 117 105 101 107 85 70 70 73 71 69 68 65 74 75 76 83 84 88 105 106 114 127 115 112 98 108 123 103 102 119 107 109 116 98 130 156 179 197 172 119 101 112 148 154 144 138 140 119 131 147 132 129 131 126 122 131 141 148 159 185 194 160
64 80 84 71 87 82 64 73 79 74 82 83 79 89 105 124 101 80 71 82 87 95 119 120 121 133 126 88 93 118 92 81 84 86 100 99 101 99 83 81 73 68 69 75 79 77 77 71 70 72 72 84 101 111 103 96 76 79 87 82 79 80 92 100 102 113 111 85 86 117 166 190 171 139 134 149 150 141 139 139 136 153 169 156 144 143 155 146 140 139 158 154 150 160 151 103
70 63 66 65 72 78 73 73 74 73 91 90 77 87 105 84 82 89 86 112 112 90 104 106 94 122 99 74 72 114 106 72 75 96 113 118 101 90 76 72 82 89 88 93 86 81 82 80 75 75 86 97 105 113 105 95 71 63 86 85 81 76 74 81 90 90 78 78 92 99 121 163 157 154 162 152 148 140 136 156 162 161 168 175 172 156 141 143 132 145 162 163 156 134 135 135
84 64 64 73 84 82 78 71 77 80 81 89 92 93 93 97 98 92 79 90 101 73 74 90 91 117 103 95 81 82 99 94 78 103 133 115 97 88 78 64 65 64 69 78 74 72 78 89 89 87 107 119 110 114 119 94 73 76 79 78 79 83 100 103 96 82 74 85 92 89 113 151 148 140 137 128 131 147 155 166 168 176 183 176 148 140 138 138 120 132 145 168 161 136 147 161
81 67 63 71 69 70 76 80 77 80 84 85 84 92 99 97 97 84 81 81 97 90 86 94 104 119 123 121 95 81 120 136 102 100 115 107 102 104 89 70 64 61 61 75 70 82 93 91 77 91 111 115 116 155 154 111 83 71 73 76 82 85 98 113 100 83 79 88 92 84 110 160 125 125 125 123 139 176 179 132 143 193 197 167 142 169 168 130 112 135 142 120 116 138 138 157
88 80 73 75 70 68 83 73 68 88 103 92 83 83 86 90 88 77 85 91 82 79 82 82 97 118 136 104 91 92 94 108 107 120 145 167 153 153 148 108 97 88 93 89 74 79 85 91 88 100 107 104 97 120 141 114 95 87 88 96 86 89 96 114 109 99 92 87 95 110 153 165 142 161 168 165 180 184 149 134 160 212 169 113 117 167 175 141 117 116 115 119 133 131 117 122
87 74 75 72 69 80 89 80 77 93 79 78 80 74 74 70 66 66 68 65 58 55 56 60 63 86 127 99 82 85 90 91 94 115 159 175 173 168 168 138 117 100 117 82 64 73 93 126 106 83 83 92 102 87 86 112 108 96 96 110 113 128 123 113 106 90 104 103 116 175 198 187 148 135 172 162 131 132 116 114 116 118 117 118 110 133 138 128 109 105 113 126 133 133 132 127
84 66 69 84 75 77 76 63 81 94 92 89 85 82 80 87 75 76 81 80 95 97 93 89 100 123 107 103 91 88 100 84 84 139 165 173 164 156 169 176 161 151 177 140 93 74 75 95 99 84 75 80 86 82 83 109 127 87 89 112 113 129 117 89 90 86 129 171 190 198 180 152 103 81 122 154 116 99 91 94 97 124 135 114 92 93 108 106 104 103 108 111 119 142 148 129
86 82 72 81 78 70 75 73 95 96 86 89 104 123 111 105 103 112 109 117 106 92 99 121 139 156 132 121 131 120 124 119 128 165 177 177 166 159 172 160 112 104 172 171 134 104 88 80 84 78 71 82 89 89 87 86 108 96 84 107 137 151 119 105 142 157 175 201 201 177 150 148 139 120 124 113 109 122 122 109 118 121 112 102 121 120 110 104 102 107 105 98 110 126 121 118
66 77 85 77 72 69 88 101 113 99 110 131 129 133 98 87 86 83 84 98 114 111 101 116 144 129 116 143 167 167 142 121 135 170 188 183 154 128 123 85 67 69 88 96 100 106 103 82 76 76 72 82 96 97 90 82 80 95 96 105 136 143 102 128 192 198 209 207 201 182 112 91 89 90 87 85 100 125 147 130 123 133 123 105 120 118 106 104 110 105 92 101 112 125 129 120
84 85 87 73 71 76 97 111 109 94 106 108 93 90 100 93 89 94 98 99 100 99 89 87 102 98 127 166 176 178 167 162 173 152 145 147 121 93 80 69 79 86 77 72 63 76 90 82 82 81 88 91 100 111 123 101 78 78 93 125 131 112 93 141 193 188 183 192 149 130 110 86 92 105 108 117 157 157 123 115 109 130 116 89 84 95 101 98 100 111 111 117 135 145 148 139
