examples/data/proba_v_italy_sicily/probav_s10_toc_x19y03_20150501_333m_ndvi_v001.txt
ncols         1127
nrows         589
xllcorner     12.348214285714
yllcorner     36.598214285714
cellsize      0.0029761904761905
NODATA_value  -9999
[rows 94 to 140 of 589, columns 384 to 479 of 1127]
130 128 136 132 110 67 58 84 114 133 143 161 161 145 146 138 124 86 32 47 46 46 45 44 43 44 43 36 37 34 37 42 42 55 54 57 41 45 43 47 43 50 50 53 52 50 51 41 37 37 39 36 36 40 40 39 40 38 38 40 33 34 33 31 33 33 33 33 34 34 34 34 35 36 37 38 37 35 33 32 31 31 32 31 31 31 30 30 30 30 29 29 30 29 29 41
143 102 74 135 144 116 77 101 124 130 146 151 153 158 152 124 71 48 48 48 47 47 45 45 45 44 44 41 44 40 44 42 42 47 46 45 40 44 55 55 51 47 50 50 50 53 52 53 42 41 51 36 53 41 38 41 42 37 38 35 34 35 35 35 34 34 33 33 34 33 34 34 34 34 35 35 37 37 36 35 34 33 33 32 32 32 31 31 31 30 29 29 30 29 30 29
143 129 81 108 130 133 110 106 135 138 146 158 170 171 167 137 91 49 49 49 48 47 47 39 37 40 41 43 41 42 43 41 38 37 36 35 39 43 42 45 53 52 53 57 53 60 53 50 53 37 37 37 37 48 47 48 38 46 50 33 34 36 37 36 35 35 34 33 33 33 32 33 34 34 35 33 33 33 34 35 36 35 33 33 33 33 33 43 41 41 43 41 43 30 31 31
147 158 139 125 124 121 111 123 135 150 157 167 162 152 166 137 91 52 50 50 49 48 48 39 37 37 42 43 38 36 35 35 44 36 33 32 34 34 34 37 44 57 60 53 60 64 57 53 53 38 51 53 49 48 50 50 52 51 43 34 34 36 36 35 36 35 34 34 34 33 33 33 34 34 34 33 33 33 33 33 35 35 35 35 36 34 34 35 35 43 48 45 48 42 44 44
154 152 141 132 131 138 135 142 147 161 167 150 144 153 152 120 110 98 67 45 50 50 48 39 38 35 35 36 35 35 35 34 33 33 34 34 35 34 33 34 37 45 39 39 42 42 47 38 38 39 50 52 52 50 51 57 50 47 38 37 36 34 35 36 36 34 34 34 34 35 35 35 34 34 34 33 33 31 31 32 34 34 34 34 33 35 34 34 36 37 45 47 47 41 41 47
142 145 142 138 132 138 140 158 175 174 161 154 154 133 91 90 120 128 112 97 41 46 44 41 37 34 34 38 37 34 33 33 36 37 37 37 37 36 36 37 37 38 34 35 36 35 38 39 53 53 52 50 53 56 50 52 47 38 37 34 34 33 34 34 36 37 36 34 35 34 34 35 34 32 32 32 32 33 35 33 32 33 35 36 35 35 34 33 34 35 36 37 37 49 47 44
161 157 150 155 157 147 146 154 170 173 176 170 153 99 100 115 129 152 137 108 98 67 46 42 41 37 37 37 36 33 34 37 37 38 36 37 35 35 34 37 38 35 36 37 41 42 41 40 44 38 40 52 53 55 51 47 39 39 38 52 56 35 34 34 34 35 35 35 34 33 33 33 34 33 34 34 34 34 35 35 35 34 33 35 35 35 36 35 34 44 44 35 36 36 36 37
162 163 165 168 162 153 139 150 159 160 158 173 113 76 133 152 160 147 143 148 133 99 50 43 42 42 38 37 38 36 35 35 34 34 33 34 33 36 36 35 35 37 37 42 41 41 40 45 39 39 43 51 54 54 45 57 52 51 54 53 60 35 35 35 34 34 34 34 34 35 35 34 34 35 34 34 34 34 34 35 36 36 35 35 44 41 35 44 43 42 42 45 34 34 36 35
154 148 145 158 149 156 139 139 153 162 159 150 113 111 132 147 163 159 149 164 141 141 115 84 68 42 41 38 38 37 35 33 34 34 36 35 35 38 39 40 38 43 43 42 42 37 39 41 39 38 59 57 57 41 42 42 40 57 52 47 54 52 36 36 36 35 36 35 35 34 35 53 51 51 51 35 36 36 35 36 36 37 38 38 38 37 37 37 42 44 42 46 47 54 53 51
154 151 142 136 135 146 159 160 163 164 131 117 142 151 172 161 142 146 161 186 124 140 132 119 97 49 48 48 48 47 69 70 42 40 38 38 39 44 42 38 43 42 42 36 36 37 36 35 38 39 40 56 58 54 40 40 59 53 51 54 49 50 54 54 35 35 53 53 51 51 53 53 50 38 37 37 37 37 38 39 37 37 38 38 39 39 39 38 47 48 49 48 50 50 46 49
171 156 142 143 150 159 166 171 169 152 119 111 144 155 161 164 156 159 167 136 110 146 154 146 128 97 70 74 72 47 70 65 46 65 65 61 40 38 45 44 43 37 36 35 37 37 37 35 36 37 38 57 56 56 41 41 40 50 53 56 53 52 50 54 54 55 53 53 53 54 53 53 52 45 37 37 37 37 37 37 37 37 38 38 37 37 38 37 54 51 53 50 47 52 50 54
155 153 152 155 143 152 157 151 150 134 134 138 139 152 155 161 168 156 151 91 96 130 143 131 132 124 99 62 62 71 74 75 76 66 65 69 40 39 45 40 40 37 42 41 41 38 38 38 39 42 56 40 42 45 42 46 54 54 54 52 54 51 56 60 56 56 56 54 39 40 40 38 49 38 38 38 38 38 38 39 39 38 37 36 36 36 37 37 49 49 43 46 51 50 53 54
158 158 151 147 137 148 164 161 148 146 157 150 135 153 145 150 160 162 159 120 118 136 145 143 148 132 125 120 99 71 56 71 75 72 49 48 47 47 48 47 70 67 45 45 41 38 39 61 58 59 61 59 59 59 57 59 56 58 56 52 53 54 57 56 56 54 51 40 40 39 39 39 40 40 40 40 39 39 39 38 38 39 38 37 38 37 37 38 38 39 48 49 45 51 52 52
156 157 160 161 157 151 151 158 162 166 175 157 149 157 155 154 168 179 145 140 133 142 142 144 121 112 118 129 133 118 98 89 55 50 50 50 50 49 49 48 44 44 43 41 39 44 59 59 61 61 58 59 59 57 58 59 59 62 64 61 63 61 58 56 58 58 39 38 39 40 40 39 39 40 40 41 41 40 40 39 38 39 38 38 38 38 38 40 40 39 39 40 40 40 40 39
156 156 169 167 156 146 150 156 152 149 158 150 144 165 172 166 157 156 155 152 156 161 168 136 117 128 120 116 121 117 108 111 118 107 52 51 50 49 49 70 66 66 63 63 63 64 60 60 64 63 58 61 59 57 60 58 64 61 61 62 62 64 62 58 55 42 41 39 38 39 40 40 40 40 41 42 41 41 40 37 37 37 39 39 39 40 39 39 39 40 40 40 39 38 38 38
167 150 164 170 168 165 151 149 156 157 165 163 155 158 186 183 154 154 155 139 160 183 148 136 144 139 137 137 127 115 119 123 121 126 126 143 147 132 66 77 71 66 69 67 68 66 63 63 64 66 65 63 62 57 55 58 64 61 60 66 60 60 59 58 42 42 41 41 41 40 41 41 41 41 41 40 40 40 42 42 40 39 38 40 41 41 40 39 39 40 39 39 38 38 37 36
175 164 168 171 162 166 154 150 163 163 163 173 180 153 173 173 161 154 156 158 176 190 150 153 159 158 148 150 135 121 127 123 128 128 139 140 128 129 143 105 71 72 73 71 74 68 66 41 39 38 39 42 60 61 62 63 45 45 59 60 60 58 61 61 42 42 42 42 42 43 42 42 41 41 42 42 41 40 40 42 43 43 42 40 39 38 39 40 39 39 39 39 38 38 39 38
174 170 175 180 171 174 167 158 162 171 176 172 174 164 171 162 165 173 165 171 182 165 156 154 163 174 172 162 164 154 154 134 114 130 142 155 144 158 162 144 109 73 73 70 79 77 73 71 41 40 65 46 66 43 47 45 45 45 46 49 61 63 57 63 42 42 42 42 43 43 43 42 42 42 42 41 42 42 41 41 42 42 41 41 40 40 39 38 38 39 39 40 39 38 40 40
161 170 164 165 165 169 173 182 184 183 179 181 175 164 161 181 172 170 162 160 175 154 153 155 168 187 178 181 167 152 145 143 128 143 148 153 165 152 157 154 136 89 51 67 79 81 81 79 74 73 47 47 68 47 47 47 47 46 47 47 65 62 57 62 43 43 44 43 43 44 43 44 43 43 42 41 42 42 42 42 42 42 43 45 44 42 41 41 38 38 40 40 40 40 40 40
146 157 158 162 161 165 173 177 176 184 182 180 171 173 172 169 172 171 175 175 180 157 169 182 174 169 165 170 174 167 162 168 161 157 162 150 165 169 159 148 147 108 79 63 93 88 83 86 81 77 48 49 48 47 48 47 46 46 46 47 46 61 58 46 45 44 44 44 44 44 44 43 43 43 42 42 42 42 42 43 43 43 44 44 44 43 42 43 42 39 39 40 41 41 40 40
160 155 156 168 167 169 172 183 174 186 195 189 184 169 163 161 166 168 171 184 183 164 166 167 167 161 146 151 164 170 167 168 170 159 146 153 149 152 156 147 149 153 144 126 92 59 74 81 80 79 49 50 50 49 49 48 48 47 47 47 47 47 46 46 46 45 45 45 45 44 44 43 43 43 43 43 43 43 43 43 44 44 43 44 44 44 43 43 45 43 41 40 41 41 41 41
177 173 159 166 168 168 174 168 160 176 191 189 193 172 167 170 161 163 172 180 177 162 159 159 159 152 148 170 174 176 174 169 162 157 153 159 150 145 146 144 148 169 162 140 111 90 91 76 77 76 51 51 49 50 50 49 49 48 48 48 49 48 47 47 47 46 47 46 45 45 45 45 43 43 44 45 44 43 44 44 45 44 43 43 44 42 43 42 43 43 42 56 41 42 43 43
185 183 171 166 177 171 157 163 179 170 165 172 175 184 183 172 164 170 173 177 177 171 173 176 175 164 141 146 165 178 185 182 170 154 143 147 154 162 156 159 151 173 169 151 142 128 121 111 114 115 98 53 52 50 51 51 50 50 50 48 49 49 48 47 47 47 47 47 46 46 45 45 45 45 43 44 44 44 44 44 44 44 44 44 44 44 44 43 43 43 54 60 59 43 44 44
167 173 169 158 164 167 153 166 182 185 170 179 162 200 219 203 161 168 173 180 181 171 169 171 174 169 169 159 168 178 186 188 179 166 158 148 151 162 163 170 174 167 153 136 150 138 132 139 140 137 123 108 82 53 52 51 50 49 49 50 50 50 48 47 48 48 48 47 47 47 46 47 47 45 46 45 45 45 45 45 45 45 44 45 45 45 45 45 45 45 45 45 62 59 43 45
171 174 184 177 171 164 168 175 176 192 192 209 201 177 205 200 170 183 189 188 183 181 161 157 162 182 186 175 150 161 179 185 181 169 159 151 166 173 174 179 163 161 172 158 133 141 134 147 150 141 135 131 116 95 55 55 54 53 52 52 52 52 51 50 49 49 49 49 48 48 47 47 47 47 47 46 46 46 46 46 46 46 46 45 45 45 45 46 48 48 48 48 46 44 63 45
184 195 181 170 168 159 161 168 155 168 187 201 190 163 165 188 177 169 178 185 184 179 180 177 166 176 177 166 145 150 161 174 181 179 176 158 148 164 181 164 143 151 162 156 141 155 149 155 149 147 133 130 125 118 96 89 98 59 56 54 55 56 55 53 51 50 50 50 49 50 50 49 49 48 49 49 47 47 47 47 47 47 47 47 48 47 47 48 48 48 49 49 49 49 46 44
188 186 169 173 178 172 160 175 184 173 190 174 159 155 165 189 181 168 161 174 174 170 174 180 166 172 171 175 172 156 182 197 185 166 166 161 150 162 188 170 138 146 153 160 154 153 157 167 158 155 135 127 133 135 117 75 83 120 136 141 149 151 137 109 58 59 58 54 50 50 51 51 51 50 50 50 49 48 48 48 48 48 48 47 48 47 47 46 46 46 47 49 50 49 46 69
186 184 184 181 182 180 174 181 176 170 194 202 177 161 169 181 173 159 145 170 173 171 172 169 168 174 174 170 176 177 182 176 157 155 162 164 155 150 167 165 160 163 161 168 170 164 169 174 154 144 142 135 137 137 133 108 92 119 132 140 143 148 144 132 121 119 123 117 137 165 101 74 49 51 51 51 51 50 50 49 50 49 48 48 47 47 48 47 46 47 47 46 47 49 49 48
170 165 176 186 188 188 185 200 164 156 174 210 207 185 188 188 180 178 158 178 197 190 178 169 165 170 168 173 173 187 177 173 154 157 186 187 174 154 158 167 172 174 171 176 176 154 156 159 151 153 145 140 141 141 136 129 117 125 126 131 140 135 137 132 112 115 116 115 124 123 104 58 45 49 50 51 52 51 51 50 51 51 50 50 50 49 48 48 47 47 49 49 49 51 51 48
170 133 145 169 176 177 190 213 212 185 180 198 213 203 165 197 203 170 151 149 172 190 182 171 168 167 173 184 177 180 181 176 170 175 179 179 193 183 168 170 174 180 158 161 184 163 152 160 167 163 161 165 155 140 133 138 138 135 140 145 143 136 141 141 117 108 99 85 71 58 66 58 50 51 51 51 50 51 50 49 50 51 50 50 50 50 49 49 48 48 49 51 51 51 52 67
175 153 167 185 188 189 200 210 222 196 185 193 202 193 174 162 187 185 177 152 164 185 188 180 177 192 197 179 176 171 175 168 178 180 165 175 196 185 157 159 173 182 174 173 189 165 161 176 188 181 169 165 151 105 92 139 157 167 151 141 134 129 134 123 113 115 104 85 81 65 62 69 74 57 52 52 52 51 51 51 51 51 51 50 50 51 51 51 51 49 49 49 51 52 55 55
176 159 172 188 194 195 196 202 211 213 195 185 190 187 186 181 181 170 170 155 166 175 180 184 197 204 208 188 174 177 190 196 176 183 190 183 194 200 181 159 153 172 173 180 181 164 157 163 160 167 166 157 155 152 147 168 174 175 163 153 146 139 143 147 139 124 111 92 125 127 105 99 93 100 59 55 54 52 51 50 51 51 51 53 53 52 52 52 52 52 52 52 52 53 56 55
161 127 158 184 183 184 190 207 219 209 196 192 195 185 184 214 200 184 161 175 153 166 183 190 188 190 197 194 186 184 169 179 185 186 201 209 210 202 203 183 175 173 176 183 176 180 177 172 166 164 170 189 186 187 181 174 173 159 151 141 156 163 157 152 149 138 119 135 155 159 134 135 132 123 108 114 112 98 85 61 63 64 62 57 54 53 54 54 54 54 53 54 54 54 54 52
167 155 165 168 164 170 189 199 203 196 174 177 179 178 171 179 192 183 180 155 154 147 175 192 188 187 185 190 196 200 199 197 185 182 184 202 196 196 200 194 183 174 170 182 173 165 163 171 165 166 191 191 178 172 178 175 157 148 137 131 152 165 152 152 148 159 166 147 152 149 145 134 137 138 122 131 139 133 127 129 139 145 143 127 103 55 55 54 54 55 55 54 56 101 104 122
197 186 166 164 163 163 196 212 205 192 187 192 186 183 176 179 186 180 184 158 162 174 160 174 181 181 183 192 194 198 205 209 192 187 183 186 197 198 194 190 180 170 170 176 166 162 161 150 148 157 167 181 196 185 172 165 154 144 136 150 162 160 149 155 154 155 162 149 152 148 140 145 136 146 142 136 149 147 135 139 138 128 135 136 130 95 60 57 55 55 66 71 74 95 91 64
193 190 168 161 179 199 217 221 203 193 189 193 192 198 187 166 192 171 172 182 181 169 160 153 173 184 188 190 188 180 184 196 197 209 201 185 177 194 201 196 181 179 181 168 159 160 169 162 158 163 159 161 175 170 170 165 153 146 158 164 177 172 166 159 159 162 167 159 153 158 156 159 157 160 161 157 155 146 141 141 139 116 124 135 140 131 106 78 68 65 61 62 91 121 115 86
188 189 175 170 207 223 210 215 206 201 189 193 183 188 189 160 184 185 177 186 193 172 157 151 165 173 188 187 188 188 194 196 194 200 199 195 194 187 186 189 177 167 160 161 162 156 170 184 182 190 178 166 164 153 151 156 151 156 173 178 172 166 158 155 150 163 155 172 160 156 164 158 173 176 162 168 171 164 167 153 133 140 146 149 148 163 160 154 146 144 143 146 143 142 153 149
182 181 184 202 225 227 215 205 195 179 169 179 182 184 188 187 180 171 174 175 177 171 153 147 158 157 175 181 185 193 190 185 186 194 197 202 203 205 198 203 191 170 162 164 171 173 171 174 191 204 189 174 180 170 151 171 183 189 187 174 168 166 159 163 164 167 179 180 168 161 163 163 171 169 159 166 168 162 160 155 148 150 164 170 166 160 161 179 184 166 156 164 173 165 163 158
187 175 188 216 218 198 203 191 192 188 193 197 189 173 196 183 172 174 182 188 191 157 149 156 169 168 175 179 178 180 184 184 188 195 198 200 208 208 217 204 196 181 178 188 193 185 178 177 183 192 180 155 156 155 149 165 163 170 185 176 167 167 170 171 182 168 183 177 197 188 189 191 178 175 180 188 184 180 178 167 164 170 174 171 176 182 176 188 180 163 165 154 160 162 169 166
179 181 197 204 184 180 209 200 187 177 186 197 201 193 191 188 183 180 177 186 198 187 168 165 159 158 169 179 178 173 183 196 197 204 193 194 199 200 191 186 182 176 181 193 190 186 190 190 183 174 142 68 71 134 142 155 162 164 170 165 156 164 175 180 181 184 184 186 200 195 195 198 183 175 187 192 201 206 198 176 183 179 183 185 191 199 184 181 169 172 178 169 163 155 154 164
175 199 206 197 166 148 157 181 191 183 183 197 190 214 204 186 183 157 168 186 188 185 181 170 159 154 163 174 183 179 181 192 210 202 190 195 196 191 188 186 179 173 183 186 177 181 189 188 178 164 113 68 64 145 154 168 179 180 174 174 161 163 172 170 166 187 176 199 190 189 185 195 190 182 160 160 185 189 190 183 184 184 192 187 189 178 178 173 167 194 197 189 174 165 153 163
179 201 188 171 178 163 166 188 201 197 191 192 184 191 198 183 174 172 168 188 182 179 187 167 165 163 162 172 187 187 183 194 206 192 186 193 201 201 197 191 193 181 173 173 185 190 182 177 184 190 151 64 157 185 186 189 196 204 189 185 177 187 184 185 176 182 168 169 175 169 175 182 177 180 183 174 167 163 170 180 175 174 186 184 180 172 170 177 199 185 173 161 154 158 157 153
176 182 177 167 184 171 165 173 189 198 202 195 183 168 193 197 191 195 188 177 192 206 195 171 170 175 163 164 179 189 188 198 202 194 188 193 199 200 197 192 187 176 166 179 181 169 172 185 196 173 66 70 166 186 202 199 181 181 182 175 158 167 187 193 194 187 187 183 185 189 198 184 165 167 184 190 195 198 169 169 175 178 170 168 171 164 164 183 204 184 176 152 129 150 153 151
181 186 194 186 188 184 177 171 192 203 201 190 186 190 197 192 182 175 176 174 187 209 201 189 191 192 180 173 179 191 191 177 183 191 188 197 197 194 187 187 193 195 188 186 182 173 187 199 190 134 66 137 164 172 183 183 178 173 182 174 186 182 176 181 187 178 179 201 201 200 191 184 177 180 196 199 215 216 199 184 173 157 152 152 154 158 161 185 190 189 188 173 155 160 155 143
192 199 179 171 183 181 177 175 183 195 194 189 186 187 183 179 169 176 167 174 182 192 201 196 195 195 174 162 173 179 186 191 194 197 201 198 190 190 191 193 194 188 187 199 201 194 184 164 109 61 66 141 170 185 173 175 169 173 162 181 187 180 176 180 184 197 202 204 203 208 199 203 188 186 204 213 209 203 202 195 184 167 156 155 151 152 181 182 186 186 183 186 178 180 190 173
151 161 177 180 184 186 174 178 187 183 181 183 190 183 176 183 182 173 165 185 208 207 201 200 194 195 180 160 169 173 178 180 183 186 187 188 178 182 191 190 187 183 179 189 200 199 174 63 75 143 164 166 162 175 178 169 168 138 138 148 154 156 154 167 194 207 207 203 201 205 193 194 202 192 198 208 216 205 198 195 189 179 179 175 176 189 205 198 190 190 192 187 174 171 178 181
168 149 154 162 177 168 158 176 198 183 175 181 195 201 194 184 172 175 183 184 209 213 204 193 192 195 189 174 176 152 146 149 167 166 173 177 179 182 192 197 193 183 170 170 185 191 183 117 149 161 165 188 186 178 168 162 171 163 122 89 136 154 161 165 188 187 174 185 200 210 204 200 203 202 207 203 197 189 181 187 189 186 194 200 203 203 190 175 184 193 190 183 174 173 171 175
