examples/data/proba_v_italy_sicily/probav_s10_toc_x19y03_20141001_333m_ndvi_v001.txt
ncols         1127
nrows         589
xllcorner     12.348214285714
yllcorner     36.598214285714
cellsize      0.0029761904761905
NODATA_value  -9999
[rows 416 to 467 of 589, columns 288 to 383 of 1127]
1 1 1 4 25 24 4 4 20 4 1 27 4 4 4 0 4 4 12 4 4 4 4 19 8 8 8 4 23 22 4 8 8 21 8 18 21 12 4 4 26 8 21 15 12 28 30 30 8 8 8 8 8 8 8 8 13 9 9 9 8 8 8 8 8 23 22 21 21 8 8 16 16 22 21 19 8 8 17 8 8 8 22 22 22 23 22 25 4 22 22 20 20 20 21 18
4 4 0 4 26 4 26 28 4 4 23 4 0 0 12 12 8 8 4 4 0 0 28 8 8 0 4 8 3 12 8 0 8 22 18 20 11 8 8 12 12 12 8 20 17 23 27 30 8 8 8 4 8 8 8 8 4 8 12 12 8 8 14 8 8 8 8 8 8 4 4 21 21 23 21 4 8 19 4 18 12 4 22 20 21 22 8 8 12 12 17 12 18 24 22 21
1 26 0 1 4 27 4 25 0 21 20 0 8 8 8 18 15 8 22 29 8 27 0 8 19 8 8 8 8 12 12 8 7 22 24 23 23 23 22 20 12 12 8 17 25 23 26 4 4 12 12 4 8 8 8 8 8 8 12 8 9 17 8 8 8 8 4 8 8 8 8 4 8 20 8 8 8 22 8 21 7 19 22 19 21 20 4 8 8 12 8 12 12 23 21 20
4 1 28 26 27 27 0 26 19 15 3 8 3 3 21 23 26 20 20 30 27 4 4 8 8 8 8 8 8 8 8 8 8 19 20 23 23 8 21 21 20 19 12 22 12 8 4 12 12 4 12 7 8 8 8 21 8 12 8 8 9 9 9 9 9 12 8 8 8 8 8 4 12 12 22 4 4 8 4 7 7 7 21 20 21 21 4 20 18 20 23 8 8 18 8 12
1 1 26 4 14 24 25 25 3 3 3 8 0 31 36 7 3 3 8 8 0 4 8 8 8 8 8 8 8 8 12 4 4 4 8 19 20 19 18 17 20 21 7 7 18 8 12 4 4 17 12 7 12 4 8 8 8 4 12 8 8 8 8 8 15 18 18 17 4 8 4 4 4 20 12 4 12 8 21 20 12 12 7 12 20 11 11 11 7 12 23 22 20 18 8 16
19 26 26 4 4 0 8 8 8 3 3 8 22 7 7 25 18 18 3 0 8 8 12 3 3 3 8 12 8 8 8 12 4 12 12 12 12 18 20 20 12 12 8 8 8 18 8 8 8 8 18 16 16 4 4 4 8 8 4 8 4 12 8 8 21 8 8 23 8 21 8 12 12 8 4 12 14 7 19 19 12 12 12 12 12 12 7 11 12 21 24 22 18 4 4 4
24 25 4 0 0 8 8 3 28 30 7 26 25 25 27 26 28 29 8 0 12 23 20 19 7 7 7 7 12 12 12 18 8 12 12 12 12 19 19 18 8 8 12 12 12 16 8 4 17 17 8 8 4 15 12 7 12 16 17 16 12 12 12 12 12 12 12 4 21 20 20 17 4 12 12 12 12 22 12 22 24 23 11 11 11 7 21 7 19 23 20 21 20 12 12 12
25 4 4 8 0 3 27 28 26 7 26 27 26 28 21 7 3 7 7 8 8 28 32 26 26 26 22 12 12 8 8 26 26 27 8 18 17 19 20 8 8 8 12 12 12 12 8 4 19 4 4 8 4 4 16 18 12 12 8 16 16 17 4 12 12 12 12 12 22 24 24 23 8 8 4 7 7 12 16 12 11 12 7 11 11 7 19 18 19 7 7 20 11 11 11 7
27 0 0 8 3 7 7 25 27 7 3 3 3 7 7 19 3 7 3 3 7 3 3 7 12 8 20 8 8 4 4 4 12 12 12 12 19 12 12 4 4 4 21 12 8 20 12 8 18 12 8 12 7 7 11 11 7 7 7 12 4 17 18 8 8 8 8 16 7 7 4 8 8 4 8 12 7 7 11 7 7 7 12 12 7 7 21 21 22 18 12 12 19 12 12 22
0 8 8 8 3 7 7 7 7 7 32 3 7 7 7 20 16 3 7 7 7 3 23 12 7 7 32 32 12 4 8 12 12 7 12 12 12 8 12 12 8 17 12 12 8 18 16 17 18 20 12 7 7 12 12 12 11 7 11 11 7 7 17 15 4 15 12 4 12 4 7 12 4 8 4 4 12 11 7 11 11 7 11 11 11 11 17 20 20 20 23 11 23 7 21 22
8 8 8 3 7 7 7 7 7 7 29 7 7 7 21 26 25 22 7 7 7 7 3 8 3 7 11 18 22 7 7 7 7 7 11 7 11 7 7 12 18 19 12 12 4 5 8 4 8 18 4 12 23 12 12 12 12 11 11 7 7 7 11 11 12 12 12 12 12 12 12 18 11 12 17 17 4 21 11 11 11 11 11 11 11 21 23 11 11 21 21 21 11 11 11 11
8 8 3 8 7 19 7 7 7 3 7 27 7 7 7 3 29 3 7 7 7 7 11 16 7 7 11 22 3 11 11 7 7 11 11 7 7 7 7 19 7 7 7 7 4 4 8 8 8 12 4 22 12 4 12 7 7 7 11 11 11 7 7 7 11 11 20 12 12 12 12 20 20 11 22 12 12 12 20 7 11 7 7 11 11 21 11 7 11 11 11 12 12 12 11 21
8 8 3 22 19 7 21 7 7 3 3 7 7 7 7 3 3 7 7 7 3 7 7 7 7 7 7 3 7 11 7 11 11 11 11 11 7 7 7 19 7 7 7 7 7 7 7 11 22 22 20 21 23 4 12 12 7 7 11 12 12 7 17 7 12 11 11 7 11 21 11 11 11 7 11 7 12 12 12 7 7 20 20 19 16 16 11 15 15 22 19 17 11 19 21 11
8 3 3 3 3 3 3 7 3 3 29 7 7 7 3 3 3 7 7 7 7 7 7 7 7 7 7 3 7 11 6 6 11 11 7 7 7 7 24 18 19 21 12 11 18 7 11 7 20 7 12 19 18 4 16 4 8 12 12 12 12 12 17 7 7 12 19 11 11 7 11 11 11 21 21 12 11 16 19 12 22 27 24 11 11 22 21 23 23 25 27 23 18 22 21 11
3 3 3 3 3 17 8 3 3 18 26 3 20 7 3 21 22 21 19 16 7 7 3 7 7 7 7 7 7 7 11 11 7 7 11 7 7 11 27 26 19 20 23 22 17 12 14 17 18 11 11 11 7 12 12 8 8 12 8 12 12 11 11 11 11 7 11 20 19 2 6 11 22 24 26 7 11 11 17 11 11 7 31 31 29 28 25 7 7 11 22 7 23 11 6 11
7 7 3 7 3 8 3 3 3 7 7 7 20 3 3 7 24 19 23 23 7 7 7 7 11 7 7 11 7 7 7 7 7 7 7 7 7 7 7 7 7 18 7 19 11 11 7 12 12 11 11 11 11 7 11 7 7 7 12 7 11 7 7 11 11 7 18 11 7 6 6 11 6 6 7 20 7 11 15 18 7 11 11 11 7 7 7 11 11 11 7 11 7 11 11 11
7 3 3 28 7 8 8 23 31 3 7 7 7 18 7 7 22 19 7 7 7 11 7 7 11 11 7 7 11 7 7 7 7 11 7 7 11 7 7 7 7 18 16 14 19 2 2 7 11 7 17 20 6 6 22 11 7 12 21 12 12 21 12 25 21 11 21 11 11 7 7 11 6 11 6 18 11 6 24 24 11 7 21 7 11 11 11 16 11 11 11 7 7 7 21 19
7 3 3 7 29 3 8 3 7 7 7 7 22 20 7 7 7 3 7 7 11 7 6 6 7 7 7 7 7 7 7 7 7 11 7 7 7 7 7 23 20 23 7 7 17 21 20 19 11 7 11 7 7 19 22 6 11 11 21 12 7 17 8 8 7 15 17 20 11 22 7 11 6 6 11 20 20 11 22 20 24 22 19 17 11 18 11 7 14 11 11 11 11 11 21 19
7 7 3 27 28 20 7 3 3 15 7 3 19 7 3 3 7 7 7 7 7 7 7 6 2 6 6 6 6 6 6 2 7 7 11 7 7 11 7 7 19 20 22 21 20 18 7 11 11 7 11 11 7 7 11 22 20 6 1 11 18 21 24 11 11 7 18 21 20 11 7 7 11 22 23 19 11 11 27 25 6 20 21 20 11 11 6 27 23 19 7 11 6 11 11 11
3 7 22 26 21 3 7 7 7 7 2 2 26 7 27 7 7 7 7 18 7 2 7 11 6 6 6 6 6 6 0 6 11 7 7 7 7 7 7 7 19 17 7 7 7 17 22 6 6 1 11 11 16 23 11 11 11 1 1 11 19 12 12 7 11 11 19 21 11 6 6 6 7 6 6 11 5 15 26 31 31 25 30 27 16 22 6 6 11 6 11 21 18 6 6 11
3 7 7 26 3 3 3 7 16 7 2 6 2 22 18 20 24 6 6 20 6 6 11 11 6 6 6 6 6 22 18 6 6 6 6 6 6 6 7 7 11 18 17 6 6 6 16 20 6 11 6 1 11 7 11 11 11 18 7 7 7 22 7 7 21 19 7 7 7 22 6 6 6 6 6 11 1 1 11 1 6 16 11 11 16 7 7 16 18 19 11 11 22 6 11 23
3 3 28 28 3 7 7 7 7 0 7 2 2 25 2 20 2 2 6 6 6 6 6 6 2 6 6 6 6 11 11 7 6 6 6 6 20 0 6 7 20 6 6 6 19 22 20 16 11 6 6 6 6 1 11 1 11 18 7 7 7 11 11 11 11 11 7 11 7 11 24 11 1 1 11 1 11 11 24 6 11 6 11 6 6 11 7 7 23 24 20 16 11 11 11 11
7 7 27 7 3 2 0 7 22 2 2 2 2 2 20 23 23 6 6 6 6 6 6 11 6 6 6 11 11 6 6 11 7 6 6 6 1 6 7 18 7 2 6 6 11 26 28 25 20 17 17 6 11 6 6 6 11 6 11 11 11 6 1 11 11 11 11 11 11 21 11 6 11 23 11 14 11 11 24 23 23 23 17 11 22 20 16 11 16 22 24 21 15 11 11 11
7 7 26 3 3 2 0 22 7 2 2 7 7 19 18 19 21 6 0 21 1 1 6 6 6 6 6 6 6 6 11 7 7 6 6 6 6 6 2 2 7 7 6 6 6 6 6 1 23 11 6 11 6 17 11 21 11 7 11 11 15 15 11 1 19 11 11 11 11 11 16 11 20 11 6 19 6 11 15 6 11 11 11 11 11 11 16 21 21 19 18 19 11 11 19 18
2 27 27 7 2 2 24 41 7 2 6 6 6 15 18 18 19 20 18 1 1 0 0 0 0 6 0 6 11 23 22 7 2 6 6 6 6 6 6 11 11 11 11 11 6 6 6 6 11 20 18 1 11 21 11 11 24 11 11 11 11 11 11 11 1 11 11 11 11 11 11 11 25 11 11 17 11 11 11 11 21 11 19 16 22 1 11 25 11 23 22 15 1 1 23 22
2 28 2 25 2 0 7 0 2 2 2 6 6 18 18 19 19 6 15 0 1 0 6 6 6 6 11 6 7 2 7 7 6 6 6 21 19 14 6 11 11 1 1 5 21 19 11 11 24 21 21 18 11 11 6 11 11 1 11 19 11 19 11 16 7 17 11 11 11 11 15 11 11 11 21 16 11 6 11 11 23 21 27 25 21 24 19 26 31 29 25 20 11 1 11 11
7 27 2 2 2 26 7 7 6 6 6 6 16 21 21 18 21 20 16 0 0 1 1 6 6 6 6 6 11 6 6 6 1 1 6 24 28 25 1 1 0 6 18 15 21 1 1 11 19 23 11 19 6 20 11 20 15 6 20 17 11 11 11 11 22 22 19 11 11 11 20 20 11 19 22 11 19 11 11 11 11 1 24 21 19 6 6 11 1 24 20 11 11 20 16 18
2 28 2 2 2 22 0 0 2 36 33 25 6 0 0 1 18 20 19 1 1 1 1 0 6 6 6 11 11 6 11 1 6 1 11 6 6 11 1 1 23 11 6 11 1 23 1 5 18 21 20 20 6 17 18 21 6 11 21 11 16 1 6 11 11 11 23 11 6 11 11 22 22 19 19 11 6 19 11 11 22 11 16 27 26 5 1 11 21 20 16 11 11 26 24 24
23 28 7 2 17 18 27 6 6 24 23 6 11 1 1 18 1 1 1 1 1 1 1 1 6 6 11 11 11 11 6 6 1 1 1 1 20 11 6 11 22 1 1 1 1 21 18 1 1 1 1 1 11 1 1 11 1 11 20 25 23 11 6 11 11 11 20 11 11 16 11 11 24 21 11 16 11 11 11 11 24 22 15 11 15 11 11 11 22 23 11 16 1 6 11 11
2 29 2 21 19 6 6 6 6 0 0 1 1 1 1 19 19 1 1 1 1 1 1 1 1 1 1 6 6 6 6 11 11 19 6 1 23 1 1 1 23 1 1 1 5 24 22 1 1 1 1 1 1 1 5 1 17 20 18 16 22 22 11 18 22 18 7 11 20 18 6 11 11 6 11 6 6 11 26 6 11 6 11 24 20 22 1 14 11 11 20 11 1 1 11 17
16 29 0 6 28 23 6 6 0 21 1 1 1 1 1 21 18 18 17 1 1 1 1 1 1 1 1 1 11 6 6 6 1 6 6 11 6 11 5 1 1 25 5 1 1 1 1 16 23 22 1 21 1 5 17 5 1 1 5 19 22 19 6 11 11 6 11 7 11 11 21 1 5 5 5 11 11 11 27 6 11 21 11 20 20 25 11 1 1 11 5 22 19 20 20 20
27 28 6 18 25 6 6 18 6 0 1 1 1 1 1 21 19 17 18 1 1 1 1 1 1 11 11 1 11 1 1 5 1 1 5 1 1 1 21 18 16 5 1 24 5 5 5 5 15 1 21 21 17 16 11 1 18 1 11 11 11 11 5 1 1 11 11 11 11 11 24 18 11 5 0 24 1 6 11 11 1 25 20 6 6 24 21 19 21 19 19 11 20 26 28 21
27 22 23 17 17 0 6 16 22 6 0 1 1 1 1 21 19 18 17 1 1 1 1 1 5 5 11 11 1 1 1 1 1 1 1 22 23 21 24 5 5 5 18 21 20 26 1 1 17 21 18 22 18 1 19 17 18 5 1 11 11 11 11 19 18 1 1 11 18 11 19 17 6 1 19 24 5 20 5 5 5 1 1 11 6 6 11 6 22 20 19 11 21 23 22 24
28 6 6 25 28 11 1 18 0 0 0 1 1 1 1 19 20 21 20 20 18 0 0 5 0 5 1 1 11 1 1 1 11 1 1 1 5 5 5 25 5 1 19 21 17 17 22 1 6 21 21 19 5 5 5 5 1 18 11 1 1 1 11 6 1 11 16 11 20 17 23 11 17 21 5 5 20 16 5 1 1 1 19 20 1 11 6 6 24 21 11 21 5 5 5 0
28 19 0 0 30 24 25 1 1 0 1 1 0 1 1 20 20 18 21 19 1 0 0 5 0 5 5 5 1 1 1 1 1 1 21 18 21 5 5 20 22 22 22 22 1 19 1 23 6 11 17 20 17 0 0 19 19 22 21 17 1 1 5 27 26 6 1 5 11 11 22 11 17 11 11 11 21 22 11 1 1 29 5 5 1 11 11 11 5 5 11 11 11 1 1 1
1 0 1 1 1 1 0 1 1 1 1 1 1 1 1 5 21 19 1 1 1 1 0 0 0 5 10 10 10 1 1 1 1 10 10 1 22 24 20 0 5 5 5 22 18 1 11 6 25 1 1 21 19 5 22 20 20 22 22 19 5 1 11 1 23 11 16 19 20 5 21 11 20 11 11 6 11 11 21 18 5 1 30 1 16 5 17 5 5 11 11 11 11 21 1 11
0 0 1 1 0 1 1 1 1 1 1 1 1 1 1 1 1 1 21 1 1 0 0 0 0 5 10 1 1 10 10 1 10 10 10 5 5 0 0 0 5 17 21 22 20 5 5 1 1 22 20 21 0 0 5 0 24 5 5 5 1 1 6 6 20 1 18 19 23 5 17 5 1 5 5 5 1 1 25 22 5 0 0 5 0 0 20 5 19 19 19 20 20 1 1 1
28 0 1 1 1 1 1 1 1 1 1 1 1 1 1 1 1 20 19 0 1 1 1 0 1 5 5 0 1 1 5 5 5 5 21 18 0 0 23 19 0 0 0 0 0 5 5 19 18 20 18 20 5 0 0 0 26 1 1 23 1 19 18 16 22 22 0 5 18 21 5 0 0 5 0 0 22 20 19 5 5 5 5 5 0 5 5 21 21 21 19 19 23 17 1 21
29 1 1 1 1 1 1 0 1 1 0 1 1 1 0 0 1 0 0 1 1 1 1 0 0 10 1 1 10 5 5 5 5 5 22 19 0 0 1 5 5 0 0 5 5 1 18 21 19 19 0 10 10 0 0 5 22 24 1 1 20 23 1 1 20 26 0 17 0 0 25 0 5 5 5 0 0 21 23 19 6 6 5 0 0 0 10 5 22 25 23 19 21 23 20 20
28 19 20 15 1 1 1 1 1 1 1 1 5 5 0 0 0 0 0 0 1 0 0 5 1 10 10 10 10 10 10 5 5 5 0 5 1 0 5 5 5 0 5 20 19 5 21 22 5 20 17 21 10 0 0 0 21 0 1 1 18 0 25 24 21 20 24 20 18 18 24 26 22 0 0 0 0 0 0 5 1 11 1 0 0 0 18 0 23 22 22 22 22 19 21 20
13 1 20 21 1 1 1 0 1 1 1 1 0 0 0 1 0 0 0 0 1 1 1 5 1 10 10 10 5 5 5 5 5 5 0 0 0 0 5 5 5 19 5 22 19 0 5 23 21 21 10 17 0 18 0 5 24 5 5 21 1 0 0 0 18 16 0 5 5 0 0 0 0 0 0 0 0 23 10 18 0 0 0 10 10 0 24 21 21 21 20 20 20 18 5 5
1 1 1 0 0 1 1 0 1 1 0 0 5 0 0 1 1 1 0 0 1 1 1 0 10 10 0 5 5 5 5 5 5 5 0 0 0 0 5 5 5 20 16 1 0 0 5 15 19 0 20 10 18 18 0 5 1 1 25 21 18 19 22 0 0 0 19 5 5 5 0 5 0 0 20 5 5 25 26 23 20 0 22 10 0 10 10 0 21 21 22 21 20 20 0 5
0 0 1 1 1 1 1 1 1 1 1 1 1 1 0 1 1 5 0 0 5 5 5 5 10 1 1 10 10 5 5 5 10 0 0 0 0 0 5 5 23 23 19 5 0 0 0 21 19 0 0 10 0 5 5 5 0 16 0 18 20 20 24 0 5 0 20 0 0 0 0 5 5 0 5 5 0 10 10 0 0 0 10 10 0 0 5 5 21 20 20 21 19 5 5 0
19 1 1 1 1 1 1 1 1 1 1 1 1 1 1 0 1 1 0 0 21 20 5 0 5 1 10 5 5 10 5 5 5 0 10 10 10 0 0 0 0 22 19 16 0 0 18 19 21 19 5 5 5 0 5 5 23 0 20 0 0 0 22 25 0 0 19 0 0 5 5 0 5 0 0 5 0 0 10 10 10 10 10 0 5 10 21 21 20 21 21 21 20 0 0 0
1 1 1 1 1 1 1 1 1 1 1 1 1 1 1 1 5 0 0 0 22 21 1 10 10 10 10 10 10 5 5 5 5 5 0 0 0 0 5 5 0 22 24 20 0 0 10 0 0 0 5 0 0 0 0 0 23 22 5 0 0 0 22 26 0 0 20 5 22 5 5 16 5 5 0 0 10 0 10 19 10 0 0 10 10 0 5 24 21 21 23 23 21 18 0 0
1 1 1 1 1 1 1 1 1 1 1 1 1 1 1 1 1 1 1 1 1 0 5 10 10 5 1 10 10 10 5 5 0 10 0 0 5 0 0 5 5 10 0 10 10 0 0 10 0 10 0 0 0 0 0 0 10 5 0 0 0 0 0 5 5 0 0 0 24 0 5 24 21 5 0 0 0 0 0 19 0 0 0 10 10 5 0 9 26 22 21 18 19 0 0 21
1 20 18 10 1 1 1 1 1 1 1 1 1 1 1 1 1 1 1 5 1 5 5 10 10 10 1 10 5 5 5 5 10 10 10 18 0 0 0 0 0 0 10 10 10 10 10 10 0 0 0 0 0 0 0 0 0 0 0 5 0 5 5 0 0 5 5 0 5 24 21 5 0 5 5 5 20 23 0 20 0 0 0 0 10 0 0 9 24 24 0 0 0 9 0 0
20 21 19 20 1 1 18 17 17 18 1 1 1 1 1 1 1 1 1 1 0 5 10 5 0 10 1 5 5 5 5 5 10 0 0 0 0 5 0 0 0 0 10 10 0 10 10 10 10 0 0 0 0 0 0 0 0 0 0 0 0 0 20 0 5 0 0 0 5 5 5 5 5 0 0 10 10 26 10 21 10 10 10 10 4 9 0 9 9 0 0 21 22 20 19 0
1 24 23 1 1 1 20 20 17 1 1 1 1 1 1 1 1 1 1 5 5 5 1 1 1 10 5 5 10 10 5 0 10 0 0 0 5 0 5 0 4 10 0 0 0 10 10 10 10 10 0 0 0 0 0 23 20 0 0 5 5 0 0 21 5 0 5 5 0 0 0 0 9 5 5 4 10 24 23 0 0 10 10 10 0 9 9 9 0 0 19 19 21 0 0 0
1 1 1 1 1 1 20 21 19 1 1 1 1 1 1 1 1 5 5 1 5 0 1 1 10 5 5 5 5 5 10 0 10 0 5 5 10 0 0 4 4 10 10 10 10 10 10 10 10 10 10 10 0 0 0 0 0 0 0 0 0 5 0 0 0 0 5 0 0 5 5 0 0 0 5 4 10 10 4 4 4 4 10 10 5 9 9 19 9 0 0 0 0 0 0 9
1 1 1 1 1 19 19 19 1 1 1 1 1 1 1 1 1 1 5 1 5 10 1 1 10 5 5 5 10 5 5 10 0 0 0 10 10 0 10 4 4 10 10 0 0 10 10 10 10 10 10 10 0 0 10 5 5 0 0 0 0 0 5 0 0 0 5 5 0 0 5 0 21 20 19 4 10 10 4 4 9 4 9 9 5 0 21 20 0 9 0 0 0 0 0 9
1 1 1 1 1 1 18 1 1 1 1 1 1 1 1 1 5 5 1 0 1 10 10 5 5 5 5 5 10 10 0 0 0 0 0 10 10 0 10 4 4 15 10 10 0 0 10 10 10 10 0 10 10 10 4 0 0 0 5 0 0 0 0 0 0 0 0 5 0 0 0 0 21 18 4 4 10 4 4 4 9 9 4 0 0 9 9 9 0 0 0 21 19 9 0 0
