examples/data/proba_v_italy_sicily/probav_s10_toc_x19y03_20141121_333m_ndvi_v001.txt
ncols         1127
nrows         589
xllcorner     12.348214285714
yllcorner     36.598214285714
cellsize      0.0029761904761905
NODATA_value  -9999
[rows 306 to 356 of 589, columns 672 to 767 of 1127]
172 166 180 166 173 205 181 202 213 215 217 218 220 220 214 214 222 221 221 200 181 176 151 154 187 183 158 167 154 140 140 133 157 138 104 78 79 80 95 112 122 109 111 114 136 148 116 113 150 136 78 63 75 55 66 70 66 70 106 116 121 127 121 127 88 62 71 89 95 57 101 154 110 33 0 0 120 123 90 91 79 59 54 62 76 107 110 99 96 88 63 56 51 48 55 62
166 115 112 157 155 162 166 163 200 228 229 224 227 224 226 231 227 226 225 206 186 184 187 156 159 173 138 106 126 143 142 129 126 116 122 126 109 89 97 114 139 119 83 75 131 170 158 154 159 132 85 67 75 73 96 104 97 105 90 90 96 90 100 103 77 74 67 72 76 129 189 198 158 63 0 38 149 109 75 83 81 69 60 60 60 60 74 92 107 145 132 74 82 109 72 56
154 146 139 148 140 112 114 124 141 174 181 230 230 224 223 223 227 228 222 206 195 194 204 179 157 178 163 109 138 187 203 185 145 138 167 187 175 163 129 106 124 102 103 147 169 171 155 142 118 85 70 70 89 133 155 129 105 115 102 77 76 75 66 62 65 72 66 65 96 161 191 206 183 75 18 62 123 95 69 74 77 75 65 64 69 86 90 79 67 141 145 109 145 130 73 56
131 134 132 150 183 155 128 145 157 187 181 224 226 222 222 225 228 221 198 200 202 208 218 205 197 185 135 130 166 195 198 182 181 167 168 187 158 109 101 95 96 122 155 165 169 156 143 164 139 86 74 94 105 112 94 81 85 94 97 96 92 81 74 73 65 67 66 62 86 160 197 208 145 75 84 95 75 64 65 66 65 84 121 118 97 87 76 73 59 66 72 94 97 122 121 108
136 152 122 122 191 215 162 145 169 187 219 227 228 222 225 226 229 224 196 201 214 220 225 219 201 194 150 152 184 202 193 183 197 163 108 133 125 101 81 80 126 176 167 167 180 150 136 163 101 68 72 70 58 52 53 69 77 77 75 88 114 120 111 90 78 90 90 69 83 159 174 171 138 87 74 80 77 94 93 67 95 125 113 108 100 75 59 66 64 60 59 60 76 135 136 106
136 157 152 156 178 164 171 161 170 166 197 222 214 213 224 223 222 222 205 200 191 194 216 219 208 200 196 188 201 206 200 200 204 201 183 168 137 130 111 118 153 164 155 169 168 160 139 120 78 67 73 66 60 64 71 81 75 70 68 78 91 100 100 86 87 88 86 72 88 134 123 112 90 94 82 75 108 121 135 95 104 145 96 73 65 64 61 70 70 62 59 65 74 86 103 104
146 180 185 176 182 191 189 170 126 122 170 201 213 216 221 222 215 214 218 193 173 181 193 195 203 195 202 187 160 193 192 198 187 178 183 160 128 144 154 141 133 157 164 154 109 93 97 80 65 64 67 77 88 83 70 71 69 71 62 77 114 110 77 89 92 80 78 69 105 144 129 114 81 94 89 72 108 153 144 112 87 97 107 81 64 62 78 72 63 69 87 98 136 103 107 113
168 123 201 202 196 192 220 199 171 148 157 182 207 219 221 224 225 221 216 205 207 211 201 202 202 196 199 183 153 146 158 180 183 143 137 163 157 163 162 162 139 137 156 154 109 74 69 58 56 56 64 88 94 79 69 78 70 85 101 119 138 119 90 91 96 98 103 81 85 101 92 90 87 93 84 79 77 128 151 97 66 57 79 100 80 59 64 60 55 75 115 100 108 109 121 140
103 113 202 179 144 134 179 182 166 172 184 183 201 218 224 223 221 222 221 214 215 217 214 206 185 199 208 191 155 143 146 118 101 94 120 157 155 150 120 102 131 139 134 128 100 78 67 64 56 59 66 84 91 86 80 96 102 86 96 82 71 66 80 112 145 131 102 79 76 83 85 82 87 94 76 69 64 66 77 74 69 61 62 68 63 56 52 54 60 97 82 57 72 110 107 98
101 143 140 151 131 131 155 156 141 143 131 177 177 199 224 223 211 214 218 215 215 222 227 222 201 204 219 201 169 154 154 118 74 98 157 153 164 172 102 76 76 85 94 111 104 94 69 58 61 65 76 67 79 103 114 101 110 81 67 75 80 64 71 85 86 75 75 79 71 70 67 64 78 82 72 66 63 58 62 67 69 69 64 65 62 55 51 46 62 143 115 75 90 92 73 71
130 134 141 158 153 162 157 134 140 146 140 196 161 148 196 215 210 217 221 220 227 224 224 223 213 212 223 211 172 172 161 121 97 126 172 157 155 140 130 108 81 63 88 105 125 117 81 65 63 54 66 86 102 92 82 79 76 69 75 85 90 90 93 83 77 93 109 86 64 61 69 70 66 70 68 66 61 62 72 70 60 57 60 57 56 97 133 96 98 178 166 101 73 72 70 74
133 108 85 110 149 155 139 150 156 149 154 179 168 169 206 225 227 233 230 224 221 211 214 222 210 194 198 205 169 176 167 146 141 162 174 161 140 129 140 108 107 102 104 93 103 122 114 90 82 78 84 94 82 66 54 58 61 69 75 85 95 104 91 76 79 98 96 94 86 67 67 67 63 63 60 65 63 60 63 60 53 52 64 61 62 163 187 117 81 113 129 135 95 76 75 70
123 108 100 120 133 123 115 134 136 105 142 151 183 184 207 221 224 223 206 199 195 156 156 197 225 212 173 168 179 177 171 156 141 168 201 190 180 157 142 116 122 125 88 79 80 86 93 84 87 98 91 89 80 70 78 78 70 55 59 89 92 111 119 86 99 88 72 88 89 74 62 65 68 65 63 64 58 57 53 51 58 57 60 60 62 81 81 53 85 148 126 95 67 94 111 73
146 150 154 167 161 131 127 136 152 135 128 156 181 188 194 190 180 170 172 168 178 153 131 148 199 192 141 159 204 181 182 174 156 146 179 203 191 139 138 123 110 100 94 88 78 78 82 74 78 81 93 102 93 80 84 88 88 86 81 78 80 90 112 133 137 105 75 89 68 62 62 64 67 62 66 73 66 60 55 54 57 54 52 57 59 50 85 99 62 84 84 67 102 91 88 73
112 131 145 143 134 132 141 160 144 145 154 153 144 161 169 164 140 134 114 113 166 159 142 131 177 203 177 179 203 188 167 205 194 163 147 169 152 90 104 114 82 64 67 78 83 87 89 87 86 90 120 134 101 71 65 87 98 73 61 62 73 96 104 97 103 95 82 95 64 62 67 75 81 71 68 73 72 69 70 65 54 55 58 56 56 56 61 69 62 66 70 75 150 147 86 111
108 117 151 156 128 142 152 166 133 102 133 168 137 134 153 157 165 139 111 113 154 142 154 169 176 184 177 186 201 192 143 159 190 177 149 147 161 115 98 98 70 68 73 82 96 106 122 125 103 87 87 76 60 59 70 84 84 80 76 75 88 90 69 72 84 87 83 87 78 65 62 62 68 72 72 75 87 75 71 67 59 60 60 54 57 65 66 74 75 111 151 121 115 143 111 107
118 124 94 89 87 80 121 112 78 134 163 167 146 153 156 130 147 141 122 158 161 124 139 179 145 128 168 201 203 207 167 128 171 183 150 110 89 109 134 117 114 114 112 105 90 83 101 95 72 66 65 68 65 70 73 81 86 79 76 81 80 78 77 95 131 113 101 100 87 76 73 64 58 63 69 63 63 60 61 65 64 60 56 53 55 60 79 136 121 105 153 125 91 89 82 72
99 82 82 86 88 108 85 67 75 148 189 205 191 190 177 145 157 164 138 187 165 118 149 159 102 122 203 204 188 195 188 153 175 180 151 109 93 134 159 140 122 104 102 89 68 78 94 90 77 79 86 87 78 64 68 69 83 88 81 88 81 76 87 91 103 109 73 74 70 64 62 64 64 63 62 58 55 56 62 64 64 58 49 56 62 61 71 114 102 61 67 77 78 65 66 72
80 75 77 78 111 121 88 68 94 139 171 184 191 197 190 157 155 181 172 193 165 144 163 157 118 134 197 187 167 160 158 146 178 183 160 133 116 101 95 99 95 108 113 94 88 81 74 77 83 90 96 93 99 77 104 134 131 111 86 73 68 68 80 79 73 81 69 67 70 61 62 65 67 66 64 68 72 62 60 78 88 65 54 65 71 66 61 72 73 68 62 72 73 61 72 75
133 132 127 102 90 80 65 61 77 124 155 160 156 175 170 125 142 184 174 188 170 162 167 163 128 113 174 184 152 134 150 150 150 166 152 140 121 89 81 82 92 82 77 76 95 97 84 93 89 100 144 117 102 116 122 137 141 119 90 72 82 101 77 74 68 74 80 73 71 64 76 75 63 60 64 71 73 70 66 84 81 62 63 77 94 84 77 113 118 112 94 90 108 76 67 64
144 134 130 133 134 105 75 75 109 133 130 129 148 159 180 155 145 187 163 171 184 153 122 115 115 109 157 183 148 129 164 160 150 167 165 134 115 119 107 86 81 82 86 82 93 97 92 99 112 108 121 133 107 91 94 71 76 108 110 95 131 166 97 49 60 58 64 72 81 73 83 93 73 60 63 66 63 65 69 62 63 67 63 105 150 166 106 120 161 150 136 121 112 82 97 103
132 132 142 152 124 119 100 89 120 137 148 138 153 150 162 172 153 158 176 173 146 109 112 142 131 110 120 154 148 154 172 162 154 171 174 130 105 119 100 94 85 86 101 112 112 96 85 105 111 90 62 102 110 88 84 70 78 93 120 139 133 142 93 63 66 60 59 65 66 74 94 108 94 67 67 69 61 61 65 59 61 66 65 85 126 153 99 120 135 127 169 175 154 134 126 105
137 147 142 140 117 108 104 97 102 115 152 156 142 160 170 161 146 143 179 177 133 131 136 139 127 118 119 155 165 160 150 147 159 159 164 166 138 122 119 117 118 118 118 133 143 113 98 108 94 82 75 92 91 69 61 81 108 83 60 61 57 86 111 83 75 67 63 64 66 69 80 96 104 75 59 61 76 72 66 72 96 116 120 154 178 207 205 182 168 165 188 151 137 104 100 96
124 141 138 129 125 152 117 87 105 113 125 150 152 153 162 165 161 160 169 174 156 155 151 122 112 123 131 149 165 151 149 152 156 142 144 142 161 153 160 148 119 113 124 110 108 90 93 116 102 90 83 100 103 88 85 103 99 80 68 60 67 69 69 77 86 63 53 54 58 58 68 87 108 104 74 85 111 95 98 164 205 162 168 202 198 200 187 140 170 186 169 162 135 117 122 80
121 137 150 139 138 153 154 133 134 115 125 161 175 166 172 185 153 157 174 185 189 164 160 152 131 126 120 125 152 141 132 135 137 120 121 112 128 149 163 134 139 113 111 104 78 113 133 117 104 107 104 112 125 120 106 109 101 76 66 64 63 60 64 80 106 87 60 60 59 57 65 85 112 131 111 110 143 166 173 184 216 180 162 160 94 92 113 107 76 97 145 169 173 127 142 114
146 158 168 165 148 142 158 158 162 142 139 128 135 145 143 148 153 160 163 188 185 147 167 168 126 98 101 115 135 124 110 115 95 111 142 135 120 101 121 124 121 113 109 122 117 101 90 97 100 92 98 118 127 125 91 73 72 79 83 77 66 64 74 73 86 104 95 91 63 89 132 139 128 127 141 134 120 129 130 138 171 188 141 100 86 88 91 76 74 73 81 113 115 153 205 198
152 149 150 166 153 140 152 156 150 136 142 126 107 142 130 128 117 140 141 169 170 161 162 161 155 128 127 120 125 117 102 87 89 144 153 142 158 148 152 160 123 87 85 96 136 118 77 76 91 98 111 114 112 108 104 65 60 85 97 82 61 57 67 76 68 86 112 103 81 105 133 153 151 144 154 156 138 141 133 118 99 108 134 88 83 77 74 67 67 68 81 102 82 130 176 155
143 141 129 148 168 151 142 138 128 134 92 89 119 135 162 133 140 160 182 171 168 179 174 165 157 156 141 143 115 77 76 87 111 160 181 161 155 157 129 128 116 82 73 77 107 100 82 83 99 106 94 87 76 72 73 72 75 70 69 66 63 59 59 60 68 86 107 99 99 96 112 146 161 153 150 157 152 146 144 114 70 72 115 109 78 69 70 77 74 63 67 78 77 92 140 122
107 125 123 143 166 155 153 153 96 100 102 134 139 141 136 154 157 159 168 152 142 156 175 165 150 152 133 137 134 109 107 122 131 135 156 174 160 145 125 117 113 98 87 86 81 85 94 129 126 104 77 63 68 67 58 64 73 64 52 71 74 65 61 57 80 109 125 132 116 76 70 94 140 140 140 171 164 139 114 93 90 127 124 121 91 84 92 106 94 72 69 71 80 83 91 137
104 113 131 141 138 138 149 144 95 92 95 136 133 140 126 146 178 172 162 145 123 125 151 146 145 163 151 153 155 147 144 146 146 139 158 166 144 133 149 167 139 113 118 112 93 126 138 120 103 84 80 86 74 62 58 66 77 67 56 74 77 68 67 60 74 100 116 122 106 88 70 88 114 138 149 174 140 92 71 75 109 151 167 150 124 77 81 89 92 80 69 64 58 63 67 99
116 129 121 121 116 113 130 139 140 127 135 140 142 134 135 147 170 156 123 104 119 143 138 93 101 154 160 152 160 162 150 146 165 157 173 171 134 133 149 146 137 93 78 86 71 88 136 113 80 81 98 94 73 65 40 91 80 73 55 57 61 86 88 73 116 165 115 75 84 101 98 149 176 175 157 107 81 66 67 67 82 106 123 116 92 78 93 124 127 110 71 65 58 64 77 81
111 115 103 120 124 108 123 137 145 105 122 134 122 128 150 157 144 111 117 116 133 143 120 89 110 132 128 116 147 180 150 143 176 180 174 158 102 93 120 144 136 150 132 99 88 104 93 85 77 92 102 91 68 77 89 86 78 68 55 56 53 76 68 71 106 125 85 56 72 113 142 175 184 155 139 97 66 64 75 79 87 105 100 84 98 99 72 83 96 96 79 70 77 92 92 79
104 127 131 114 115 125 131 165 158 118 109 128 134 130 149 160 143 106 128 121 116 134 107 94 126 141 139 127 133 154 152 169 172 148 130 124 95 112 157 141 127 168 162 105 65 78 95 106 89 96 93 76 77 82 93 103 92 67 56 52 50 59 65 71 82 84 63 68 65 103 155 171 164 162 134 123 77 68 89 80 72 81 112 126 107 85 64 72 77 93 88 68 76 88 82 82
85 88 103 98 98 119 123 124 146 121 104 119 123 123 151 158 138 184 183 164 125 118 99 140 161 106 107 106 145 163 173 175 163 166 124 107 126 142 167 137 126 140 124 131 100 88 121 137 103 101 93 71 86 94 75 77 91 70 61 51 70 75 66 69 58 85 118 82 90 161 163 125 102 107 89 71 102 109 102 86 79 81 117 120 80 68 68 82 84 67 72 68 68 91 91 90
118 93 71 97 96 103 118 118 110 110 99 84 102 122 142 147 140 131 142 142 146 135 123 111 128 111 148 168 153 140 165 150 144 168 168 144 148 160 170 141 121 124 124 128 139 151 131 126 113 111 106 103 108 111 107 91 81 78 69 79 93 73 57 75 90 101 133 97 115 171 159 92 67 81 105 110 124 115 135 123 85 75 84 86 76 89 85 76 75 75 75 77 77 83 94 93
109 87 87 92 93 101 102 105 106 106 117 112 108 113 127 139 116 133 118 112 102 92 98 90 119 109 121 144 117 115 159 147 140 137 140 148 156 145 166 153 127 107 120 143 143 122 105 129 142 115 95 91 106 122 131 95 61 58 49 73 98 75 66 102 131 166 178 131 92 89 79 75 75 80 98 101 84 79 112 143 107 83 77 81 85 98 120 94 92 107 98 76 81 89 93 80
85 94 88 81 100 110 96 106 116 108 82 109 88 99 129 101 96 126 119 110 102 89 104 126 141 144 147 161 150 152 155 144 139 126 109 113 131 108 128 142 127 99 106 108 96 93 104 130 146 131 117 98 91 70 69 64 53 59 93 92 89 103 122 170 181 158 143 114 82 112 109 68 94 94 82 72 80 83 86 102 132 114 81 88 103 109 131 117 101 87 90 80 70 80 85 78
95 89 83 96 94 94 84 93 118 106 79 111 96 72 82 87 97 146 99 85 84 94 145 108 112 149 149 154 152 142 121 116 129 127 120 106 106 116 120 123 138 116 79 70 78 67 92 101 109 140 144 111 95 73 64 59 62 57 116 97 71 128 156 183 177 110 89 87 59 61 80 109 114 103 91 81 95 144 145 134 143 112 83 94 102 109 111 118 124 89 74 95 79 84 85 74
90 95 93 88 85 92 107 108 121 114 90 99 100 80 81 92 95 98 99 97 122 110 92 99 121 143 145 142 153 141 115 108 81 69 79 143 146 134 129 112 122 145 113 75 87 82 99 103 91 83 84 80 87 81 70 69 89 129 122 122 126 153 141 132 129 118 137 117 65 129 127 107 99 89 79 73 96 142 153 155 128 88 87 94 86 100 97 107 117 96 74 80 89 99 64 54
91 100 96 72 79 95 115 126 121 180 146 157 145 94 91 96 112 108 97 99 101 117 125 130 126 146 153 155 159 152 147 112 79 82 108 108 111 96 92 125 94 105 103 92 97 90 87 93 79 68 71 68 59 64 68 85 123 181 182 167 169 146 105 97 81 67 54 62 121 148 136 114 87 73 78 112 134 138 155 146 95 89 112 99 92 99 91 100 112 105 98 76 81 84 63 60
123 132 123 101 92 117 135 138 133 145 120 116 111 104 97 88 142 123 104 115 106 108 123 135 126 127 133 142 133 146 157 121 98 136 135 117 98 108 112 114 114 131 129 110 103 90 80 70 46 60 66 75 70 82 122 137 150 163 139 126 101 95 86 68 92 87 70 80 76 76 89 97 104 105 89 98 138 163 146 116 89 105 132 124 106 86 78 94 94 93 93 81 62 67 68 64
111 111 119 107 82 105 125 130 133 144 139 137 129 180 159 136 130 125 110 129 115 112 136 132 123 121 134 138 131 119 158 127 124 133 124 109 100 115 118 98 113 146 153 104 104 110 99 79 48 56 60 68 71 123 153 166 133 134 103 116 94 86 96 76 76 108 101 90 75 74 79 94 124 138 120 108 121 120 110 124 118 93 92 123 115 106 92 97 100 68 60 59 62 69 74 72
118 100 102 98 97 85 87 131 164 179 171 148 161 186 168 142 117 97 86 105 103 101 130 142 109 104 124 124 127 130 143 180 139 127 111 103 110 117 106 91 96 75 89 71 76 97 79 57 56 64 66 94 141 159 158 118 73 74 74 99 84 79 106 92 90 94 70 94 80 69 94 97 80 92 97 88 95 97 90 125 107 76 89 93 101 90 71 77 82 78 71 73 80 74 74 82
94 119 107 95 117 109 101 120 158 158 148 146 168 159 112 95 116 101 100 105 106 122 135 131 104 100 108 106 120 149 169 184 181 147 128 147 124 107 110 87 79 78 70 80 72 78 67 61 67 77 91 131 181 162 159 127 75 73 79 80 108 86 88 81 74 70 73 113 91 74 71 78 73 79 86 84 77 76 82 105 113 98 68 66 80 82 70 75 81 82 83 80 96 92 82 84
86 110 114 122 128 109 122 132 152 141 141 124 134 156 143 100 100 111 115 113 106 132 137 112 97 82 93 85 118 143 159 176 180 168 149 117 98 128 118 94 86 79 85 77 77 81 66 57 46 85 130 116 131 154 149 109 77 111 138 117 106 98 84 77 77 79 75 90 98 83 78 82 80 97 97 89 74 78 87 116 115 66 63 57 69 88 73 70 88 78 93 87 83 89 77 82
93 71 69 103 105 123 145 140 141 130 159 168 171 166 162 147 121 112 113 111 104 115 113 106 91 72 66 79 127 151 165 170 160 153 124 98 105 136 116 90 83 63 70 77 94 104 85 61 54 54 70 87 101 119 104 70 67 75 94 105 80 70 72 71 68 67 77 86 72 76 85 89 94 115 125 113 88 91 104 115 113 71 91 95 94 60 73 85 152 113 99 75 79 106 85 79
116 119 117 93 90 96 106 137 150 138 147 155 151 162 121 126 129 131 101 99 120 133 108 110 108 86 80 84 103 148 138 118 123 133 135 102 101 120 104 87 75 72 72 71 89 105 90 65 66 64 80 89 69 87 87 57 59 70 66 79 88 86 75 66 65 62 64 91 86 78 87 85 81 72 87 112 104 104 108 105 127 102 87 96 94 84 55 75 149 150 104 75 79 99 94 91
98 117 127 92 96 94 92 103 107 103 128 138 133 153 101 114 117 117 98 85 95 114 104 93 93 97 94 83 103 151 133 102 105 117 117 85 73 83 135 133 120 143 94 67 83 99 81 71 98 95 93 97 96 119 102 78 55 70 72 66 71 77 65 59 67 72 72 75 72 85 75 63 63 65 71 92 85 82 99 101 129 111 97 89 64 82 71 68 98 125 98 75 72 75 70 97
107 121 107 94 101 101 112 137 109 81 89 98 96 99 100 98 96 95 78 82 95 93 83 85 94 113 109 94 98 113 102 128 108 101 96 76 75 82 89 116 147 136 113 99 100 97 99 93 123 114 60 63 77 81 112 110 71 67 79 87 82 80 73 74 68 64 67 62 66 69 61 56 59 62 64 77 88 77 84 105 124 96 68 66 68 60 64 68 64 90 104 97 106 85 57 65
124 107 101 102 103 95 89 149 130 99 96 128 170 163 142 121 97 83 89 115 117 102 86 84 92 103 98 90 74 77 77 79 91 75 77 66 57 78 75 131 121 119 114 98 94 78 89 91 76 66 71 80 106 97 78 77 56 65 62 71 86 86 74 70 66 70 79 73 79 91 89 85 98 77 70 80 104 100 96 92 80 73 71 60 62 68 70 82 75 72 67 135 158 104 61 91
113 113 118 122 120 91 69 106 131 130 111 84 103 120 108 93 83 66 89 96 92 86 92 89 95 105 99 90 78 92 83 90 109 100 72 66 64 80 91 98 109 144 124 81 86 79 83 69 59 64 86 86 69 79 77 70 60 88 89 99 99 87 75 84 85 81 85 76 78 79 76 119 100 78 75 73 82 87 105 87 96 85 100 130 99 74 100 72 69 66 70 66 72 105 98 69
