examples/data/proba_v_italy_sicily/probav_s10_toc_x19y03_20140621_333m_ndvi_v001.txt
ncols         1127
nrows         589
xllcorner     12.348214285714
yllcorner     36.598214285714
cellsize      0.0029761904761905
NODATA_value  -9999
[rows 102 to 152 of 589, columns 960 to 1055 of 1127]
227 207 146 178 196 211 198 194 223 241 244 236 244 248 249 250 249 235 225 215 221 231 242 239 216 234 243 247 250 226 244 243 242 246 233 210 218 210 222 232 221 204 203 216 222 211 190 201 172 164 180 182 187 184 184 209 224 233 222 191 204 197 183 194 198 204 191 197 202 206 192 200 220 221 203 198 232 210 203 189 190 155 127 133 154 158 135 105 67 33 30 32 32 31 29 29
226 197 161 191 222 221 220 227 224 218 243 241 239 247 242 240 245 237 226 228 228 239 244 241 238 235 242 244 244 244 242 240 242 249 231 226 211 201 226 239 237 232 217 208 211 214 185 211 219 202 194 192 192 185 196 194 199 203 219 212 206 205 171 170 192 182 160 162 158 186 208 207 218 227 233 237 216 198 168 174 183 182 161 134 125 118 81 44 32 31 32 31 29 29 29 27
229 186 125 185 230 242 242 237 228 232 237 241 239 237 238 237 240 222 220 229 228 238 241 244 244 246 241 247 244 244 242 233 231 236 237 238 241 215 235 242 232 236 225 229 226 206 216 218 214 206 216 207 193 204 213 206 197 217 228 226 222 205 165 144 171 168 151 152 157 189 200 207 200 205 217 222 200 186 179 174 165 162 161 129 94 62 35 32 34 31 30 30 29 29 28 26
239 216 131 165 215 226 234 230 228 225 229 239 241 240 242 239 238 224 219 213 223 239 238 239 244 250 244 245 244 238 235 235 238 237 221 213 209 213 223 227 231 233 220 233 234 217 221 205 167 187 207 206 216 210 210 211 204 208 215 203 184 171 170 126 159 174 182 183 184 187 204 215 218 208 203 195 195 178 167 158 150 149 153 125 61 56 31 32 32 30 29 28 28 26 25 26
228 228 173 135 205 200 200 213 217 225 243 238 238 232 235 240 236 237 228 217 230 242 240 232 231 247 249 246 235 233 236 208 191 210 206 186 195 218 227 236 239 240 233 228 221 223 208 200 180 177 196 214 223 224 220 217 204 172 170 181 198 198 192 169 184 182 186 202 204 188 195 197 211 178 177 180 181 184 173 169 162 146 112 66 30 61 36 45 37 28 28 28 27 26 26 26
239 240 221 143 155 171 179 221 238 233 225 234 242 234 219 224 235 241 229 225 234 233 234 226 224 242 230 222 219 196 193 177 160 186 191 190 196 213 224 233 243 229 234 228 213 212 207 207 202 193 193 207 201 207 209 221 197 166 180 200 213 199 184 188 202 205 201 186 197 173 160 154 172 172 173 176 173 169 163 149 144 110 57 28 30 31 29 47 27 29 27 27 26 28 27 26
240 233 216 184 177 192 193 213 223 241 241 234 227 227 233 231 237 227 225 223 214 223 231 208 219 238 244 219 196 195 195 181 166 179 176 176 174 176 194 213 235 240 225 228 223 201 201 215 227 212 197 208 210 205 208 205 200 198 188 178 169 196 156 152 177 200 235 205 210 181 138 126 132 143 145 167 159 166 165 139 106 78 30 31 31 30 29 41 26 24 25 27 27 27 26 24
249 241 214 200 208 188 187 206 219 243 249 248 240 238 244 229 229 232 197 194 212 230 236 218 220 241 250 231 204 206 205 183 172 183 177 174 182 177 185 187 191 223 215 198 201 193 196 191 195 190 183 196 213 209 220 230 223 216 173 124 147 173 151 147 150 175 198 224 221 172 146 132 131 135 166 156 154 153 152 123 71 41 30 30 30 29 29 26 42 38 25 24 28 27 26 25
238 250 244 221 203 221 242 244 235 244 250 245 244 239 245 239 226 215 220 225 233 242 240 237 232 233 233 245 217 196 191 196 188 185 164 162 181 206 184 168 155 157 180 183 174 185 200 191 175 178 215 233 221 215 221 232 210 206 193 151 142 176 177 165 168 151 158 190 197 208 182 192 168 145 157 154 158 155 137 93 45 30 53 51 41 28 28 42 39 25 26 24 24 27 26 24
235 242 234 231 230 241 250 250 249 248 250 247 233 239 237 236 219 211 231 237 234 232 233 232 232 243 241 246 234 208 189 186 178 160 174 170 170 173 179 188 167 178 201 201 180 188 221 233 225 206 222 209 181 208 204 192 187 187 192 189 173 185 198 192 188 148 142 145 190 206 212 198 176 159 164 156 153 147 129 83 34 29 29 50 46 31 27 26 26 32 39 24 26 25 25 25
245 236 242 241 236 244 243 235 224 234 249 250 242 248 240 227 233 232 235 237 233 233 231 223 205 234 232 248 235 201 189 205 196 155 158 171 155 144 161 176 187 185 225 192 187 208 207 215 216 161 140 175 154 145 158 177 179 191 202 204 189 169 165 166 163 149 167 145 170 190 202 196 170 141 141 156 153 137 95 75 30 58 28 28 27 27 27 26 25 25 25 26 28 25 24 24
234 227 239 242 240 247 242 227 230 227 223 229 236 230 229 242 244 236 232 236 228 233 232 229 228 231 229 229 237 213 213 224 213 179 141 178 170 160 164 184 204 168 167 184 191 192 194 187 180 152 129 146 156 137 137 172 208 209 217 214 211 186 159 156 162 138 135 144 138 165 180 181 160 128 134 147 117 89 48 31 31 30 29 27 26 26 26 26 25 24 24 25 25 24 25 23
209 212 217 229 235 238 244 248 243 217 188 193 212 230 238 237 228 225 232 235 231 236 240 236 232 225 211 219 240 228 210 211 206 191 162 182 206 197 201 198 202 157 125 155 182 185 203 199 182 150 131 129 141 139 140 178 167 169 176 192 198 174 171 169 163 156 134 128 126 146 147 150 146 124 124 128 82 43 31 30 30 30 28 26 24 26 27 25 25 25 38 24 25 25 24 24
189 214 220 229 231 238 242 231 225 213 188 166 197 239 242 238 226 230 231 233 230 237 240 241 235 226 209 216 236 226 223 229 221 197 189 167 176 178 188 181 180 162 130 121 149 171 195 209 164 156 153 134 121 137 160 174 182 167 162 158 173 167 171 170 142 159 158 133 128 144 151 155 154 116 87 61 39 32 30 30 29 29 28 27 26 27 26 25 24 25 30 24 24 24 24 24
164 219 246 238 215 234 229 216 204 194 185 177 212 238 240 240 230 211 224 223 229 225 238 239 229 221 215 216 223 220 229 235 215 188 177 177 164 152 155 181 192 187 164 146 148 158 140 145 164 194 187 158 133 114 128 172 203 200 179 173 174 179 194 214 182 147 156 153 135 147 154 155 147 92 50 37 35 34 31 29 30 28 27 41 28 29 26 32 28 25 25 24 24 25 24 24
189 200 225 230 209 214 224 225 219 206 205 198 227 232 235 233 219 205 223 211 210 215 221 230 228 229 226 233 221 225 225 219 190 183 186 207 197 149 142 169 182 196 187 180 187 185 156 137 136 157 192 194 177 148 131 159 187 197 196 173 169 166 181 171 158 149 137 116 135 159 170 155 110 66 35 35 34 32 30 30 29 51 47 26 26 26 27 26 24 24 24 24 24 23 24 23
222 215 208 209 218 224 233 225 205 202 193 181 204 221 236 226 215 207 204 209 210 218 209 211 229 243 243 234 227 235 229 196 178 183 189 210 218 203 187 189 181 183 189 192 205 206 179 171 155 155 166 183 186 188 161 133 142 162 176 191 174 154 164 151 120 125 149 158 123 117 149 130 65 56 44 31 31 32 32 32 28 58 27 25 26 26 20 31 35 22 25 25 24 24 24 24
218 218 216 220 236 238 230 220 210 208 200 182 207 207 216 228 226 212 201 208 194 200 201 204 218 227 231 233 223 235 214 205 202 188 177 192 214 216 209 205 196 178 165 173 190 182 173 173 169 170 169 171 161 180 179 163 140 159 159 173 189 184 156 171 176 140 142 150 119 91 64 53 38 53 36 26 36 37 32 28 26 50 27 26 26 26 26 26 24 25 24 24 24 24 26 24
181 177 219 226 224 217 210 223 221 202 187 180 202 204 204 217 216 208 194 188 184 195 224 220 216 219 222 226 200 201 199 216 220 201 192 186 171 177 192 193 193 206 197 168 153 168 152 159 172 169 168 172 168 169 180 199 200 198 183 146 180 160 138 151 167 163 148 140 123 82 56 40 24 52 54 47 37 32 32 29 26 26 26 25 25 26 26 25 25 30 24 24 24 25 24 24
197 209 209 222 211 194 195 223 197 174 176 184 195 201 190 198 194 194 211 216 215 212 204 185 186 213 223 218 199 194 182 195 218 216 209 200 190 170 171 182 169 193 198 204 187 171 163 151 137 148 161 181 175 149 150 165 159 164 180 168 149 150 134 134 152 153 158 153 119 65 42 26 26 59 25 37 28 30 30 28 26 25 25 26 25 25 26 26 49 26 25 24 24 25 25 24
231 241 235 224 209 195 180 190 199 188 193 200 203 211 223 235 238 221 206 205 213 211 205 202 192 188 201 211 211 188 190 184 197 190 188 195 190 190 170 176 142 159 180 189 187 184 199 199 171 145 146 159 172 164 142 140 135 124 136 153 156 137 128 137 139 144 145 108 57 30 25 26 48 48 49 54 34 31 30 27 26 25 25 24 25 25 23 23 46 38 26 25 24 24 25 24
241 245 249 243 230 220 215 198 195 188 172 193 204 210 222 197 206 211 211 211 211 209 197 195 205 196 182 179 187 191 183 182 184 185 184 192 172 169 167 153 158 149 143 148 171 192 205 194 193 201 179 138 133 157 164 142 133 137 138 134 131 145 148 135 137 130 106 66 25 23 26 25 25 44 40 48 30 30 29 38 42 26 25 23 23 22 29 23 33 29 22 24 24 24 24 24
245 229 230 242 243 246 240 221 193 185 164 161 201 214 199 186 193 215 235 242 232 215 203 194 195 201 190 174 178 204 199 193 188 190 200 208 177 155 189 171 178 147 171 149 146 163 161 175 189 201 201 207 176 134 146 138 120 122 116 112 112 119 146 141 102 83 53 28 26 26 26 25 25 26 28 35 37 34 28 33 27 25 25 24 24 23 32 24 27 20 25 24 25 24 23 24
250 245 238 241 246 235 218 213 198 202 199 183 176 165 176 199 200 203 224 229 237 239 239 239 227 235 217 186 198 222 214 206 195 194 198 193 189 163 154 163 174 146 140 168 153 161 161 171 176 180 188 184 156 142 129 102 116 116 98 80 89 89 119 127 85 55 43 38 27 26 25 25 26 25 25 23 24 44 29 26 31 28 23 24 24 26 24 23 23 24 24 25 25 25 24 23
242 242 236 242 243 209 213 230 231 223 211 217 204 154 170 194 200 178 174 195 207 206 222 235 241 223 192 171 200 215 218 216 206 196 188 202 214 215 183 154 139 135 153 167 173 171 144 174 145 165 167 153 95 103 128 127 122 116 105 94 104 116 125 100 59 29 25 25 37 24 24 25 24 24 24 24 23 31 28 25 23 23 24 24 23 24 23 23 26 26 26 24 23 24 24 24
234 243 249 246 228 212 212 226 230 222 218 218 215 203 195 177 190 195 186 199 209 187 179 182 187 194 167 156 159 168 171 175 195 202 203 199 199 201 227 209 199 165 134 154 166 164 133 132 139 133 167 150 115 107 107 108 102 121 126 110 121 124 99 65 29 42 40 41 25 25 25 24 24 26 24 23 23 25 23 24 23 23 23 24 24 23 23 22 25 26 26 24 24 23 23 23
213 225 227 224 207 190 183 210 232 231 226 225 213 207 208 195 191 197 197 196 192 182 180 197 204 198 157 138 154 153 153 140 139 143 174 206 211 212 226 215 198 171 153 130 120 132 147 154 154 143 119 149 137 122 93 88 94 100 131 119 102 85 58 46 45 25 26 25 24 24 24 26 26 24 23 23 23 24 23 23 24 23 23 25 25 24 23 23 23 23 24 26 24 25 25 26
218 211 211 216 223 219 198 180 200 218 219 230 225 208 183 194 205 206 166 178 180 166 165 177 201 202 146 157 172 177 200 169 148 135 147 197 226 217 212 211 203 188 191 185 163 135 130 134 136 108 99 108 111 129 131 117 112 109 98 83 82 62 30 24 44 37 24 24 23 36 30 25 25 23 23 23 24 24 23 23 23 24 23 24 24 24 24 25 25 24 25 25 24 25 24 24
238 230 221 206 233 242 232 222 213 202 183 194 218 207 173 182 213 212 189 179 184 177 174 171 196 197 144 158 180 186 171 160 154 156 145 142 179 206 206 188 188 192 200 192 183 176 167 130 130 136 112 86 107 124 136 123 131 104 98 82 58 33 25 26 24 25 25 24 26 25 23 22 24 23 23 23 24 24 23 24 24 24 24 24 24 23 24 23 23 26 26 25 25 24 24 24
226 229 222 215 209 227 227 216 221 217 192 167 171 173 150 141 185 214 223 214 173 175 183 172 175 186 164 161 171 186 180 173 173 169 160 128 133 153 155 152 158 170 161 175 170 178 174 170 162 165 148 123 106 94 93 100 117 112 82 57 48 23 24 26 24 23 24 25 25 25 23 24 25 24 22 24 24 23 24 23 24 23 23 23 24 25 23 26 25 26 25 24 24 24 26 25
217 217 226 236 223 200 209 214 227 232 218 189 150 167 178 182 203 208 196 210 201 179 178 178 156 155 159 139 136 143 166 196 175 139 137 131 139 155 156 129 153 160 173 155 170 183 196 191 163 151 147 152 148 126 110 96 106 93 61 47 26 25 24 25 24 23 22 24 23 23 36 28 23 22 22 23 25 24 24 24 24 24 23 23 23 23 23 23 26 26 25 26 26 24 23 25
225 222 230 225 232 230 228 224 235 232 223 213 174 156 194 216 210 219 210 218 214 200 181 168 163 147 128 128 148 141 122 131 155 128 119 118 127 148 160 146 158 167 167 156 167 167 169 150 122 107 106 118 142 137 112 101 103 78 45 24 25 25 24 25 25 24 24 22 24 25 22 22 24 23 21 24 24 24 24 24 24 24 24 22 23 23 24 24 24 24 24 24 23 23 24 24
230 233 235 228 223 233 242 229 243 241 241 239 227 213 209 227 203 205 208 222 200 206 197 200 194 183 170 169 180 158 138 112 121 117 124 107 117 148 167 148 158 168 162 159 174 162 148 145 143 137 126 116 123 146 146 122 95 66 51 25 26 25 25 25 24 24 24 24 24 24 23 23 22 22 23 24 24 24 24 23 22 23 23 24 24 24 23 23 22 24 24 24 22 26 24 24
232 243 236 223 215 225 244 247 236 229 236 233 237 236 222 215 220 220 217 213 217 207 181 175 177 183 162 157 170 151 134 131 100 121 139 132 144 156 162 137 129 148 163 158 157 164 150 147 147 144 158 158 144 138 116 90 65 57 57 43 38 24 26 24 22 23 24 25 25 24 24 24 24 23 23 24 23 24 23 22 23 24 23 24 23 23 23 23 23 23 24 23 23 22 26 24
235 243 231 213 196 228 239 247 216 207 211 223 234 226 211 223 211 224 225 190 191 203 184 183 199 192 159 165 157 156 137 149 142 111 105 100 123 141 143 135 117 118 148 140 125 154 145 145 152 154 155 153 128 114 82 58 30 25 25 26 27 25 24 24 25 24 24 24 24 24 25 25 24 23 23 24 24 23 24 24 23 23 23 24 23 23 23 22 24 23 23 23 23 23 23 26
235 240 234 224 215 215 210 206 195 186 205 227 239 237 211 194 183 200 209 200 177 182 149 155 180 179 167 163 159 157 142 151 161 146 134 107 100 137 162 149 135 118 129 125 110 151 158 143 126 119 131 125 107 89 68 29 23 26 26 26 25 23 24 26 24 24 24 25 26 24 25 25 24 25 25 24 23 23 25 25 23 23 24 24 23 22 23 23 24 23 22 23 23 22 23 24
248 241 241 239 216 197 176 182 185 182 202 219 231 215 209 161 157 179 188 198 178 144 124 140 177 197 195 180 153 143 138 147 154 136 134 156 139 108 121 130 134 124 128 136 120 129 155 147 134 128 127 118 86 59 31 24 26 26 25 23 26 23 23 24 24 23 23 24 23 24 24 23 22 23 24 23 23 23 23 24 23 23 24 24 24 24 23 24 24 24 23 22 22 23 24 24
226 233 239 237 221 207 197 191 183 177 191 211 199 211 203 172 163 166 178 192 173 153 177 204 203 203 210 182 148 150 147 146 149 150 145 156 162 134 99 84 79 79 84 103 104 112 125 135 124 138 145 108 77 29 25 27 25 25 25 24 25 25 23 24 26 25 26 26 25 24 22 21 23 24 25 24 22 22 23 24 24 22 22 24 24 24 24 24 23 24 25 24 24 23 24 25
199 216 224 220 220 224 200 197 197 196 188 205 198 190 191 193 187 167 169 175 158 155 190 188 185 208 207 196 161 168 169 165 169 176 161 139 142 150 155 145 133 116 110 108 103 99 96 105 104 85 91 68 37 25 27 27 26 24 23 24 26 26 24 24 25 24 25 24 25 24 24 24 23 24 25 24 24 24 25 23 22 21 23 23 24 23 25 24 24 23 23 23 22 23 23 24
205 210 208 208 206 182 182 184 171 195 198 168 156 148 167 211 221 191 183 178 143 133 170 200 206 210 208 170 138 158 170 168 172 183 169 145 158 158 165 167 151 163 154 154 155 155 151 151 146 99 67 68 27 25 25 25 25 24 25 24 25 24 22 23 23 25 24 23 25 26 25 24 23 23 23 25 24 24 25 23 22 23 24 23 24 23 24 24 25 22 23 23 22 23 24 23
210 217 231 228 215 198 203 209 196 211 223 185 166 162 181 205 194 163 165 145 152 153 167 184 186 189 172 154 146 143 143 152 166 190 200 175 195 176 168 172 154 172 152 166 163 164 164 147 122 85 58 27 27 26 24 24 26 26 24 25 24 25 24 23 24 23 24 23 23 24 24 24 25 26 24 23 22 23 23 24 23 23 24 24 24 23 23 23 23 22 23 23 24 24 25 24
214 220 228 213 208 214 204 200 209 209 224 213 207 210 206 201 175 139 145 125 143 145 152 172 163 160 167 179 179 179 173 151 135 142 129 128 162 174 175 170 168 178 161 154 150 140 150 138 94 65 27 27 28 25 25 25 24 24 25 24 23 24 24 24 25 24 24 23 21 22 23 23 24 24 24 24 23 24 23 23 23 22 23 24 23 22 24 24 25 23 24 24 24 24 23 23
213 220 213 194 212 219 198 203 215 192 208 221 197 171 163 169 171 132 125 125 127 140 150 175 173 157 174 194 167 152 187 185 155 129 108 114 146 149 132 137 137 156 179 187 178 166 149 113 69 26 26 27 27 26 25 24 24 24 24 25 24 24 24 25 25 25 23 23 24 24 23 24 23 23 22 23 23 23 24 24 25 24 23 23 24 24 23 24 24 23 23 23 24 25 25 24
220 225 223 200 183 193 181 159 153 151 177 184 160 173 186 161 172 169 137 136 144 150 156 164 169 141 163 179 128 104 158 192 202 183 161 121 134 142 138 115 114 119 152 155 152 138 115 80 42 26 29 26 25 24 24 25 25 26 24 25 25 24 24 24 24 24 23 23 26 26 26 25 24 24 23 23 23 23 24 24 23 23 23 23 24 24 24 24 22 23 23 24 24 24 24 23
216 224 203 196 175 160 180 185 169 171 178 179 181 199 212 182 176 184 164 164 176 156 159 165 150 123 126 174 160 124 143 174 195 217 204 188 189 181 168 152 131 119 121 122 132 136 115 77 34 34 26 31 30 24 25 27 26 24 24 25 26 25 26 23 23 24 24 23 24 26 24 23 24 23 23 22 23 23 24 24 23 23 22 23 23 22 23 23 22 23 23 23 24 24 24 23
217 222 209 196 177 139 161 186 184 184 184 162 181 203 213 202 199 192 182 173 177 156 154 162 131 121 130 163 176 147 145 174 197 226 231 222 208 155 140 146 149 130 126 107 96 109 115 112 61 29 26 32 36 23 25 26 24 21 24 25 25 24 24 23 23 24 25 25 25 25 24 24 24 24 24 24 24 23 24 24 23 24 24 24 24 23 24 24 23 24 23 23 23 24 25 23
203 199 199 186 181 171 154 150 170 178 192 192 186 196 205 193 178 166 186 192 194 175 167 165 134 128 156 183 163 155 164 173 117 157 186 197 183 156 133 135 148 136 118 109 96 93 103 113 43 23 26 26 26 24 25 26 24 22 23 24 25 25 25 24 26 26 24 23 25 25 24 24 23 23 23 23 24 24 23 24 24 24 24 24 24 23 24 23 22 22 23 24 23 23 23 23
186 192 191 178 176 182 176 160 168 186 210 216 193 190 210 210 203 201 185 150 159 161 159 172 177 167 172 153 147 175 208 181 136 128 155 158 154 157 152 145 139 126 113 111 99 76 36 29 25 26 25 25 25 25 25 25 25 24 24 24 24 24 24 26 26 25 24 25 25 25 24 24 23 23 24 24 24 23 24 24 23 23 23 23 23 23 23 24 23 23 24 24 24 24 24 24
191 199 197 157 180 173 167 163 165 170 203 214 197 168 207 186 176 196 170 147 146 141 133 140 177 194 143 114 114 131 164 171 153 117 135 157 151 134 114 105 100 100 93 80 68 23 26 26 25 25 25 25 26 25 25 26 24 24 25 25 25 25 25 25 26 26 24 24 24 23 24 24 24 23 24 25 24 24 24 24 23 23 25 24 23 24 24 24 23 24 24 24 23 23 24 23
205 205 198 183 204 197 166 155 159 168 185 210 210 178 162 161 170 169 159 166 186 142 143 136 141 173 150 110 104 105 124 163 154 138 145 149 151 135 96 90 90 91 81 32 25 26 27 26 26 26 25 26 27 26 25 25 24 24 24 24 23 25 24 24 24 24 22 22 22 22 22 23 23 24 24 23 24 24 24 24 23 25 25 24 23 23 24 24 23 24 23 24 24 23 24 24
183 196 185 169 196 216 188 179 182 177 183 197 210 195 189 166 166 165 165 154 121 103 130 155 163 168 177 130 126 135 147 172 180 151 152 143 135 125 103 101 97 80 55 26 27 26 25 25 26 26 25 25 25 25 25 25 25 24 23 24 23 24 25 25 25 25 24 24 23 24 24 24 24 24 24 23 25 25 25 25 24 24 24 24 23 24 24 24 25 24 24 24 23 23 24 24
