examples/data/proba_v_italy_sicily/probav_s10_toc_x19y03_20140801_333m_ndvi_v001.txt
ncols         1127
nrows         589
xllcorner     12.348214285714
yllcorner     36.598214285714
cellsize      0.0029761904761905
NODATA_value  -9999
[rows 51 to 101 of 589, columns 864 to 959 of 1127]
29 29 29 29 27 27 28 28 27 28 28 28 28 28 27 28 28 28 27 27 28 28 27 27 27 28 27 27 27 27 27 27 26 27 27 26 26 27 27 27 28 27 27 26 26 27 27 27 27 28 26 26 27 27 27 27 26 27 27 26 27 27 27 26 26 27 26 27 26 26 26 27 28 27 27 27 27 29 27 28 28 29 28 28 28 27 28 28 28 28 28 29 28 29 30 30
29 29 30 30 30 28 28 29 29 29 28 28 28 28 29 28 28 27 27 28 28 28 27 27 27 26 27 28 28 27 27 27 27 28 27 27 27 27 27 27 27 27 26 26 26 26 26 27 27 26 27 27 27 27 27 26 27 26 27 26 27 27 28 27 27 27 27 28 27 26 26 28 27 27 27 27 28 27 29 29 29 29 28 27 27 28 28 28 28 29 30 31 29 30 30 31
28 29 30 30 29 30 30 29 29 30 30 28 29 29 29 28 28 27 27 27 28 28 27 28 27 28 27 27 27 26 27 28 27 27 27 27 27 27 28 28 27 27 27 27 27 26 27 27 27 27 27 27 27 27 27 27 27 27 27 26 27 28 27 27 27 27 28 27 27 27 27 27 27 27 27 28 28 29 28 29 28 29 27 27 27 28 29 29 28 29 30 30 30 30 30 31
74 51 33 30 33 32 32 32 30 30 30 29 29 29 28 28 28 27 27 27 27 27 27 27 27 27 26 27 27 27 27 27 27 27 27 27 27 27 27 27 27 27 27 27 28 27 27 27 27 27 27 27 27 26 26 26 27 27 28 27 28 28 27 27 27 27 27 27 27 27 27 28 27 27 28 28 28 29 29 28 28 29 29 29 28 29 28 28 28 29 29 29 30 29 30 31
126 124 107 47 31 34 33 34 32 31 30 30 31 29 29 29 29 29 29 28 28 27 28 27 28 28 27 27 28 28 28 27 27 28 27 27 27 28 27 27 28 28 29 28 27 26 27 27 27 27 27 27 26 27 27 27 27 27 27 28 27 28 27 28 28 27 26 27 27 27 27 28 28 28 28 29 28 28 28 28 29 29 29 28 29 27 28 28 29 29 29 30 32 33 32 33
178 172 161 122 49 35 32 35 34 33 31 31 31 31 30 30 29 30 29 28 27 28 28 28 28 27 28 28 28 29 29 28 27 28 28 28 28 28 27 28 28 27 27 27 28 27 27 27 26 26 27 27 27 27 27 27 27 28 28 28 28 27 27 27 27 26 27 27 27 27 28 28 27 27 27 28 27 28 28 28 28 28 28 29 29 29 29 30 31 31 30 31 32 33 32 33
200 195 183 159 138 130 96 39 33 35 34 33 31 30 30 31 30 29 29 29 28 28 29 28 28 29 28 28 28 28 28 28 27 28 28 28 28 28 27 27 28 28 27 28 28 28 27 28 27 27 28 27 27 27 27 27 27 27 27 27 28 27 27 27 27 28 27 27 28 27 27 28 27 27 28 28 28 28 29 28 28 28 28 30 30 29 29 29 30 31 31 32 32 33 33 33
199 188 187 200 174 152 128 88 52 37 35 34 33 30 30 31 30 30 30 29 29 28 29 29 28 28 27 28 28 28 28 28 27 27 28 28 27 28 28 28 28 28 28 28 28 27 28 28 27 27 27 27 27 27 27 27 27 27 27 27 27 27 28 28 28 27 29 27 27 27 28 28 27 27 27 28 29 29 29 28 29 28 29 30 29 30 30 30 30 31 31 31 31 33 33 64
190 190 178 175 166 162 144 115 82 58 38 36 35 33 32 31 30 30 30 30 29 29 27 27 27 27 28 28 28 28 28 29 27 28 27 28 29 29 29 28 28 29 28 28 27 28 27 28 27 28 27 27 27 28 27 27 27 27 27 27 28 28 27 28 27 27 29 27 27 27 27 27 28 28 28 29 29 29 28 28 30 30 29 30 29 30 30 31 31 31 32 34 33 34 64 97
188 192 190 189 188 168 141 123 94 74 46 38 36 34 34 33 31 31 30 29 28 29 29 29 29 28 28 29 29 29 29 29 28 28 28 29 28 28 28 28 28 29 29 27 28 28 28 28 27 28 28 27 27 27 27 27 27 28 28 27 27 28 28 27 27 27 27 27 28 28 27 28 28 29 29 29 29 28 28 29 30 30 29 30 30 30 30 32 32 31 33 34 34 61 86 121
174 191 194 189 178 173 167 170 152 124 95 45 37 37 35 34 32 32 30 30 30 30 30 30 29 30 30 30 29 28 28 29 29 29 28 29 30 29 28 28 28 28 28 28 28 28 29 28 29 27 28 28 27 27 27 28 28 28 27 27 27 27 28 28 27 27 27 28 29 29 28 28 28 28 29 28 29 29 29 29 29 29 29 30 31 30 31 32 33 34 33 37 65 91 111 119
201 189 188 196 199 194 187 172 166 172 145 104 60 39 37 37 35 33 32 31 30 30 30 30 30 31 31 30 30 29 28 28 28 28 28 28 29 29 28 28 28 29 28 29 29 29 29 28 29 28 28 28 28 28 29 28 28 28 27 27 27 27 28 27 28 28 27 28 28 28 28 28 29 28 27 28 30 29 29 29 30 30 31 31 31 31 32 34 34 35 54 75 97 115 123 133
201 205 195 194 183 158 146 140 153 154 146 147 120 64 39 39 35 34 32 32 31 31 30 32 31 32 32 30 30 30 29 29 29 28 28 28 29 29 29 29 29 29 29 29 29 29 29 28 28 28 27 28 27 27 28 28 27 27 27 28 27 27 27 27 27 28 29 28 29 29 28 29 29 29 28 29 30 30 30 29 29 30 31 32 33 33 33 34 35 37 76 105 138 153 135 115
186 167 171 187 185 165 168 149 153 158 158 161 145 122 64 39 38 36 34 33 32 31 32 31 32 32 31 31 30 30 30 31 30 29 29 29 30 30 29 30 30 30 29 29 30 30 30 29 28 29 29 28 28 28 28 28 29 28 28 27 27 27 27 27 28 28 28 29 29 29 28 29 29 30 28 29 29 29 30 30 29 30 31 32 34 35 34 33 36 79 103 130 134 153 157 136
180 177 176 184 197 177 175 166 165 168 164 157 130 126 118 72 41 38 36 36 34 33 36 35 33 32 32 31 31 32 32 32 33 31 31 31 30 31 32 31 31 31 31 31 30 29 28 29 30 29 29 29 29 28 28 28 28 28 28 29 27 27 28 28 29 28 28 29 29 28 29 29 30 30 29 30 30 29 29 29 31 33 33 32 35 34 32 92 118 124 135 155 148 155 166 163
172 172 176 179 176 190 194 191 177 167 140 132 147 148 144 101 54 40 39 37 36 37 37 35 33 32 31 32 33 33 33 33 33 34 34 33 31 32 33 30 31 30 29 30 33 31 31 30 30 29 28 30 29 28 29 29 29 28 28 29 28 28 29 28 29 29 29 29 28 28 28 29 30 29 30 30 30 30 31 31 33 33 33 34 33 34 79 133 172 151 129 160 173 146 121 112
182 185 174 160 160 176 195 205 202 183 166 178 186 163 135 122 96 72 69 78 52 47 48 94 77 78 96 44 34 33 32 33 33 33 37 102 99 41 109 121 123 111 99 49 34 33 31 30 29 29 28 28 29 29 29 29 29 29 29 30 29 29 29 27 28 29 29 28 28 28 29 30 30 29 30 31 31 32 33 33 33 32 32 36 76 96 126 147 160 169 129 124 156 103 87 103
204 187 180 159 139 176 205 207 206 208 200 179 166 157 135 118 123 107 91 75 84 102 113 127 127 122 151 142 123 104 86 68 65 91 120 128 129 145 161 155 133 143 129 78 36 38 34 31 30 30 30 29 28 30 30 29 28 29 28 29 30 29 28 28 29 29 29 29 29 29 30 30 30 31 31 32 33 34 34 33 32 87 99 116 115 119 145 152 163 187 156 123 116 117 112 88
232 218 215 195 168 200 200 194 189 218 206 182 181 174 135 104 98 90 95 94 90 109 131 145 141 120 136 146 153 134 121 121 101 132 143 150 147 131 160 166 125 126 130 95 41 40 36 34 32 31 30 30 29 29 29 28 28 28 29 29 29 28 28 28 28 29 29 29 30 30 31 32 33 33 33 34 34 33 33 34 96 133 132 115 129 125 125 152 160 153 120 138 140 133 125 104
230 225 202 193 202 216 205 181 193 201 195 176 174 180 153 112 92 117 128 134 106 94 112 119 134 139 124 151 153 139 151 162 127 129 155 156 151 144 154 162 162 141 137 128 80 37 32 36 42 34 31 32 30 30 30 29 29 29 29 29 28 28 29 29 29 29 29 30 31 31 32 33 34 33 32 31 38 66 79 99 124 149 143 125 136 122 105 119 149 144 133 146 140 140 133 102
179 193 180 204 215 211 220 203 175 171 189 191 192 188 166 112 90 104 132 147 127 107 99 93 114 137 116 135 134 146 168 183 177 156 164 141 148 177 169 150 147 137 133 133 117 60 33 35 37 34 33 32 32 32 31 30 30 28 29 29 28 30 30 30 30 30 31 31 32 33 33 33 34 79 92 99 108 112 107 106 117 121 133 128 129 141 169 129 142 161 159 174 166 158 156 131
183 191 206 201 215 220 198 209 183 171 186 201 192 185 161 112 100 123 116 119 112 108 115 130 123 129 129 129 131 140 166 189 192 199 166 134 134 140 157 147 124 109 115 131 116 91 43 35 36 34 33 32 32 31 32 32 31 32 32 30 30 30 31 31 31 31 32 34 34 32 76 93 100 118 137 145 146 137 121 97 105 106 104 115 106 141 172 143 108 155 166 149 157 154 151 142
202 227 226 226 224 204 211 197 174 158 177 196 174 164 174 158 144 141 135 142 125 122 150 155 137 142 159 153 146 152 172 172 171 188 195 151 140 145 141 136 147 141 129 128 125 110 59 34 37 36 35 33 33 32 32 32 32 32 31 32 32 32 32 33 32 33 33 34 36 103 118 129 121 112 130 139 121 119 130 129 113 118 107 94 108 131 138 148 116 105 139 134 148 127 137 149
201 189 212 217 220 205 188 183 178 154 204 210 201 187 176 167 146 133 143 152 151 142 160 157 149 149 142 148 172 196 183 155 140 168 176 144 135 144 137 150 159 134 132 146 138 103 71 44 37 35 33 34 36 35 33 33 32 32 31 32 32 33 34 34 35 34 35 66 93 121 144 140 119 116 124 129 133 111 127 127 113 111 139 138 135 153 147 153 157 115 141 187 175 174 174 161
208 204 209 195 207 221 212 202 234 218 219 205 209 194 191 194 170 147 147 150 146 134 131 94 124 157 161 145 182 175 173 155 140 120 134 130 146 168 162 149 143 146 150 148 138 109 94 75 60 89 91 42 36 37 36 34 34 34 35 35 34 35 34 34 34 75 75 88 129 137 138 147 125 97 100 116 143 146 149 140 159 155 140 142 149 142 139 143 155 144 138 178 166 157 168 151
213 200 218 228 234 250 240 233 228 227 239 218 198 181 188 183 172 162 146 155 152 129 150 130 137 168 159 172 172 151 135 143 138 138 159 158 157 186 174 153 133 136 143 142 140 128 123 89 78 113 124 101 40 33 35 37 36 36 36 36 33 32 38 82 82 89 106 118 134 122 125 137 126 99 118 129 157 147 132 148 157 178 144 115 138 151 143 132 124 131 156 161 177 171 155 156
222 214 214 234 239 233 234 239 250 235 231 213 182 170 162 153 153 157 157 170 187 163 153 152 152 155 149 148 167 161 162 178 186 186 185 184 187 194 192 173 168 178 172 155 138 138 129 92 84 108 135 135 120 97 52 44 42 43 39 91 100 103 102 97 89 107 131 140 142 131 112 119 117 102 115 144 145 141 147 146 139 148 125 106 136 158 170 164 144 137 131 130 135 158 151 129
228 237 236 237 236 235 239 238 236 245 226 213 196 175 160 157 171 174 159 155 166 153 136 152 158 148 143 146 159 159 177 194 188 168 170 159 165 178 178 160 154 158 155 142 119 125 133 127 136 116 126 154 174 124 70 88 133 138 126 119 114 105 103 113 108 114 108 122 132 140 151 160 138 108 101 119 126 155 166 139 111 122 134 122 139 149 164 168 157 107 95 162 166 164 150 111
239 233 234 240 239 235 240 238 231 226 215 222 213 199 176 178 198 201 180 159 167 143 122 124 150 155 144 149 147 143 154 154 152 147 146 154 131 149 145 148 161 154 139 129 121 125 124 122 124 117 124 137 155 132 107 102 128 146 137 126 128 108 106 108 95 108 115 123 123 141 152 162 140 91 104 134 138 168 162 107 86 87 113 137 143 143 133 143 154 87 102 171 189 156 132 123
229 226 229 230 227 226 226 239 236 224 212 209 194 179 183 142 140 168 182 165 164 193 143 117 130 139 139 160 171 157 137 141 155 142 152 183 154 159 158 150 154 151 142 126 125 115 112 131 128 120 115 131 132 135 145 132 123 139 137 122 102 105 111 108 99 115 136 137 132 140 149 141 148 100 104 139 145 156 122 87 87 103 115 121 135 127 131 162 137 80 141 183 179 159 134 138
233 241 239 231 216 201 212 238 220 213 206 220 199 177 171 149 161 182 175 140 142 161 165 172 170 157 164 158 163 178 169 156 146 147 153 149 139 158 170 170 165 156 154 124 104 114 130 155 155 164 166 165 144 134 151 146 128 132 146 150 122 103 99 111 115 124 129 143 147 142 161 150 165 127 112 160 150 124 107 113 101 117 132 122 105 102 114 129 88 141 179 167 168 153 140 141
213 218 232 226 198 208 228 236 234 200 191 208 202 177 169 153 160 157 139 122 148 167 182 194 177 179 193 196 185 173 173 163 143 125 139 151 157 164 168 164 164 161 149 119 118 134 135 148 144 137 135 147 149 133 129 147 136 140 144 144 127 129 130 116 120 116 102 117 146 138 167 139 108 107 138 162 111 101 93 90 119 143 165 157 131 145 131 83 127 168 171 159 154 130 123 140
198 222 227 249 220 198 224 234 230 221 186 180 181 181 177 168 140 150 143 130 140 153 158 160 155 186 177 190 192 167 150 145 145 128 136 145 142 141 145 158 172 165 128 127 142 157 150 139 141 155 155 160 163 156 128 122 128 125 109 116 113 118 123 126 135 123 106 102 103 98 147 131 77 81 129 152 105 90 87 101 147 158 161 152 138 145 101 118 156 161 157 150 139 128 142 154
193 210 238 231 233 217 221 217 210 199 201 222 224 204 181 176 166 139 141 156 149 134 144 156 152 133 124 140 140 132 148 133 122 122 130 134 147 169 166 159 155 112 100 121 156 161 141 155 176 166 158 162 150 158 153 134 139 116 106 119 122 126 109 115 133 128 126 116 121 131 153 151 122 78 93 121 125 119 90 106 153 158 151 146 168 147 69 121 140 150 142 132 127 137 148 160
164 198 234 238 232 232 235 235 228 220 226 250 221 178 184 185 169 143 145 149 163 181 160 153 151 138 138 141 146 141 157 148 98 104 122 144 175 196 189 139 109 117 126 131 149 161 148 156 189 186 157 168 160 158 150 150 133 113 120 128 145 131 108 113 139 145 137 131 120 113 115 134 100 74 95 107 107 116 118 130 152 154 144 145 185 137 92 143 131 118 104 117 134 134 131 152
189 209 242 243 234 233 242 244 241 234 232 229 223 187 194 205 183 162 141 126 136 168 173 153 150 149 147 158 163 162 136 121 97 105 126 134 158 165 164 133 120 139 156 163 165 160 142 148 180 186 186 183 175 170 162 150 118 115 125 134 146 132 108 127 130 124 141 115 93 94 99 97 93 115 110 97 101 122 149 169 171 152 155 166 147 83 92 161 146 132 111 99 122 134 122 151
232 198 219 239 244 243 232 245 237 239 236 250 241 217 196 194 195 181 143 123 115 109 126 149 154 146 157 161 156 141 115 103 123 123 110 118 121 135 157 168 168 166 173 174 161 157 146 141 146 157 172 179 169 166 177 152 124 114 119 144 151 136 129 121 117 111 142 137 100 92 109 125 124 123 130 117 107 136 164 171 152 151 163 155 119 87 66 143 144 117 106 105 115 122 112 153
234 212 198 223 242 246 240 234 240 250 232 239 222 211 206 206 176 141 134 146 131 125 144 165 175 186 201 202 188 168 163 143 117 104 102 130 151 154 145 147 164 180 194 193 163 141 136 138 156 160 162 180 183 168 154 128 106 103 128 149 129 135 139 125 123 131 134 110 84 114 121 103 89 119 161 133 101 129 169 176 142 133 160 158 137 136 88 101 147 113 93 99 108 103 99 153
234 222 189 205 227 232 227 236 235 220 225 219 218 229 231 226 198 140 117 115 121 150 158 184 177 157 184 204 172 191 195 173 148 135 127 141 149 136 137 156 185 194 198 199 193 167 137 136 162 178 192 179 164 159 155 150 123 110 109 123 125 125 113 122 137 134 145 139 96 116 125 134 147 163 173 155 116 129 168 169 143 144 175 164 147 159 162 101 129 107 88 92 109 114 117 156
222 220 211 201 193 200 209 208 207 196 205 207 193 184 181 188 199 182 153 136 145 153 159 169 154 140 146 167 172 187 198 168 153 149 146 129 137 155 155 163 166 166 163 169 168 134 123 153 184 201 196 164 153 147 157 153 126 119 126 134 139 136 135 131 135 150 165 165 125 113 138 139 155 178 184 188 136 112 172 159 113 137 171 158 144 189 189 166 107 77 105 131 163 152 129 145
222 224 216 214 211 207 209 205 197 201 207 214 215 197 165 165 183 185 172 162 149 140 140 145 152 158 150 160 171 172 182 183 161 145 132 127 155 183 175 154 143 151 174 176 151 128 116 160 195 199 170 147 140 149 170 173 152 132 133 131 137 132 130 128 129 171 179 162 140 105 119 129 144 161 168 129 102 97 155 171 135 132 160 189 203 218 194 175 169 124 106 150 188 193 169 162
226 212 204 213 216 223 237 230 225 223 231 226 232 226 194 185 184 184 168 159 144 120 113 114 132 159 165 140 150 168 178 166 162 159 136 161 199 206 186 152 128 149 160 150 153 144 144 155 147 145 142 141 152 164 169 162 172 152 138 130 125 114 114 115 114 153 186 150 139 106 144 165 148 143 165 155 117 117 162 188 150 135 175 190 202 206 196 197 182 164 136 133 191 197 198 194
230 230 198 202 210 228 235 239 231 225 222 209 202 211 224 217 197 187 160 148 119 105 105 93 116 145 157 168 173 163 166 152 184 205 203 198 201 214 193 163 152 145 142 158 158 141 135 157 163 159 164 159 165 171 156 129 153 163 141 130 110 101 124 140 120 148 189 171 156 107 134 149 147 148 147 171 139 140 169 153 151 160 195 184 192 200 210 213 175 177 143 130 160 177 192 180
236 203 145 141 190 208 204 202 197 208 221 229 222 224 223 198 184 196 167 146 120 109 94 84 129 167 180 188 186 149 103 118 153 184 172 163 181 178 159 173 159 146 136 124 124 134 141 150 185 194 193 188 180 171 153 127 160 167 146 122 111 114 121 123 113 143 184 176 150 112 149 168 148 146 144 159 129 139 186 179 170 183 196 189 214 219 213 199 184 193 152 104 150 176 186 187
233 222 204 200 228 221 199 188 214 222 219 209 203 198 200 195 190 196 155 144 133 111 102 86 135 189 199 157 140 125 90 104 137 186 186 158 151 149 169 167 158 154 162 151 124 137 143 162 190 183 196 204 190 177 158 146 169 165 131 112 99 100 117 120 133 193 198 170 148 135 162 181 187 157 149 160 125 113 156 168 194 209 206 183 214 232 217 182 176 212 182 109 138 162 169 173
239 206 185 221 240 238 227 212 227 222 198 198 199 215 218 225 216 174 133 138 125 116 127 114 139 190 180 140 122 98 85 98 133 155 164 184 161 164 181 176 172 176 137 105 98 136 141 170 139 109 150 197 193 170 153 172 187 160 152 162 122 105 147 181 176 176 171 150 118 125 171 183 202 204 161 138 117 90 93 123 157 178 202 223 229 229 226 204 182 183 150 118 181 175 157 176
223 201 198 221 228 241 236 223 225 223 210 214 231 228 218 194 191 178 163 153 128 105 111 119 132 161 153 148 123 93 87 104 120 119 155 190 183 195 206 194 171 166 128 104 138 135 123 150 130 123 141 147 114 113 165 203 182 164 178 174 163 156 180 177 145 138 127 108 111 143 193 188 198 211 164 142 121 123 118 127 134 147 167 191 211 213 219 203 188 188 163 108 151 157 167 175
215 221 227 216 236 225 222 215 210 201 196 192 199 195 188 178 181 203 173 169 149 123 107 118 109 118 144 122 87 91 107 106 109 145 173 165 191 212 209 203 181 142 131 152 162 167 155 123 130 164 185 165 127 127 152 174 169 162 164 158 150 171 169 147 128 116 132 176 169 168 170 164 166 159 139 118 124 151 158 169 177 188 201 201 185 163 170 184 175 189 204 172 107 101 125 161
216 203 215 227 227 228 219 220 207 186 166 181 187 211 212 205 197 190 149 160 166 160 151 147 130 108 96 96 98 107 155 162 141 183 202 202 201 203 174 158 169 151 143 161 170 164 148 146 136 124 135 180 164 134 130 154 181 162 159 162 154 156 157 136 120 120 167 188 176 180 188 203 190 156 137 131 138 158 163 156 173 203 218 210 185 198 218 198 156 169 170 135 107 147 172 147
219 213 226 220 225 234 232 219 209 212 201 191 184 203 202 137 138 161 130 157 169 139 141 157 162 149 106 99 120 121 158 188 173 201 216 209 196 182 165 145 139 145 161 164 147 150 141 128 120 103 91 130 159 143 118 151 182 165 164 170 153 135 146 170 117 135 162 175 181 176 179 191 164 148 140 163 174 144 156 170 179 205 213 196 168 188 210 172 127 145 144 96 121 172 210 203
228 229 231 232 239 243 240 230 220 219 220 201 173 182 188 143 111 140 159 186 198 149 112 119 121 138 130 100 143 168 156 184 198 218 215 189 160 147 148 171 173 145 184 198 141 128 133 119 109 98 96 108 117 105 118 156 173 176 175 185 150 123 141 157 107 160 187 198 211 200 198 195 171 137 168 196 189 165 164 189 180 184 181 161 170 179 173 171 159 144 118 79 115 140 148 180
