examples/data/proba_v_italy_sicily/probav_s10_toc_x19y03_20150211_333m_ndvi_v001.txt
ncols         1127
nrows         589
xllcorner     12.348214285714
yllcorner     36.598214285714
cellsize      0.0029761904761905
NODATA_value  -9999
[rows 96 to 143 of 589, columns 288 to 383 of 1127]
108 192 194 178 157 177 207 108 216 250 227 185 132 93 169 192 176 171 166 157 155 174 192 184 188 196 197 195 196 197 201 203 188 182 199 201 188 191 183 162 153 163 177 208 235 219 195 206 237 207 126 95 86 114 165 171 159 185 177 181 170 157 141 137 139 157 173 185 231 233 231 216 219 238 238 198 206 191 178 187 191 190 195 219 197 197 187 194 211 217 200 199 216 215 207 189
97 135 167 188 249 114 92 97 134 150 179 179 175 154 158 173 163 145 142 160 178 181 187 186 199 201 194 199 208 215 207 203 199 203 189 177 181 185 175 145 191 193 184 195 201 180 171 111 118 148 126 93 89 106 132 159 164 182 167 164 152 140 144 150 158 161 148 159 202 243 238 238 229 217 204 206 178 199 179 185 195 187 170 208 231 202 192 205 199 221 215 219 200 192 206 210
107 128 153 97 106 129 103 92 151 154 148 137 152 157 136 121 136 146 160 186 194 196 195 187 197 202 207 209 201 178 170 199 212 219 194 144 150 149 144 186 224 228 195 177 208 172 149 122 139 146 148 134 133 136 168 186 155 158 157 156 150 154 165 161 152 164 147 151 163 173 188 180 178 168 158 197 190 200 186 166 169 157 159 173 213 222 205 194 198 208 222 228 212 211 214 213
171 131 84 166 160 97 98 106 72 112 137 156 153 128 104 124 169 189 193 192 195 197 200 204 207 200 202 199 197 200 209 206 208 203 196 165 153 187 217 158 185 160 151 159 185 190 143 129 151 155 156 140 104 155 175 173 135 157 151 163 175 178 179 175 151 144 140 151 157 150 151 153 179 173 139 196 200 193 174 156 160 143 135 131 142 201 229 199 207 216 212 205 215 226 213 198
160 113 157 118 139 129 146 182 179 165 158 166 174 172 140 168 174 173 174 161 173 183 190 195 197 183 195 215 225 218 206 194 198 178 158 167 196 242 250 188 123 151 157 177 198 176 150 143 149 145 148 139 139 139 123 137 137 126 128 144 163 169 175 167 152 126 120 134 149 156 148 148 153 163 168 186 196 173 169 166 156 162 156 135 166 175 186 194 208 220 212 229 227 219 221 206
132 170 167 159 169 170 149 147 166 140 162 197 204 199 181 182 190 194 188 177 194 201 205 212 216 207 215 228 227 216 205 209 192 185 184 194 204 184 134 145 69 157 177 179 190 167 166 147 155 158 152 137 110 96 117 139 141 128 126 149 109 107 110 137 143 141 145 142 155 174 180 185 175 184 168 162 148 150 173 176 176 180 192 190 169 180 190 200 244 231 221 222 204 211 227 209
150 173 161 149 152 151 141 138 162 191 200 198 188 191 187 196 206 201 194 196 188 190 212 227 230 232 233 229 211 177 179 195 178 180 221 231 201 178 148 113 155 182 172 163 161 153 173 161 117 143 137 80 122 141 144 164 134 138 187 183 145 87 96 92 133 146 151 149 158 181 173 182 180 170 150 150 146 154 144 156 179 181 181 166 164 191 190 190 211 215 214 222 221 228 230 200
167 164 160 152 147 156 166 184 193 189 196 190 186 198 197 195 197 194 201 206 192 194 201 212 214 208 205 211 198 126 96 102 143 192 189 197 194 210 198 181 173 187 181 170 174 182 110 44 45 152 147 148 165 160 149 165 179 176 173 150 174 189 138 104 135 160 161 160 161 158 143 179 183 170 156 129 141 144 140 144 160 177 186 179 181 177 174 199 223 208 205 224 227 233 224 205
178 157 146 138 161 174 177 180 173 173 189 197 198 204 186 186 203 194 201 214 210 201 195 206 211 209 195 177 164 149 134 141 174 192 191 195 191 199 208 174 176 199 201 190 118 192 148 163 156 94 133 168 171 154 154 167 159 144 138 131 127 186 182 172 165 164 171 175 200 100 135 191 196 194 162 147 164 166 165 173 172 180 178 139 173 171 168 196 214 206 209 220 219 216 215 215
125 155 140 134 71 161 84 153 173 182 186 188 191 187 184 197 208 191 188 205 206 205 196 193 191 195 202 189 174 195 220 224 250 250 235 225 180 166 207 58 217 214 194 184 162 158 176 133 155 119 146 166 170 154 148 155 169 164 147 139 122 147 159 177 183 182 180 175 177 178 180 174 181 191 178 161 161 166 172 174 185 169 173 162 108 117 169 210 212 199 197 216 204 205 208 210
213 183 146 148 162 174 172 73 182 187 183 183 186 183 182 191 196 198 201 203 194 198 193 177 184 193 97 106 90 112 232 220 232 238 250 230 98 90 108 103 107 126 160 186 181 180 177 178 188 119 155 172 169 169 171 152 157 165 157 140 132 142 148 159 183 193 186 180 176 171 172 183 187 188 182 193 179 165 181 179 158 146 103 83 91 151 195 208 218 211 207 214 205 200 204 202
224 202 164 78 84 74 170 116 180 246 192 175 178 180 189 184 184 191 201 192 188 194 184 175 184 193 141 75 81 71 228 205 197 211 39 148 58 103 92 74 95 180 93 175 207 193 140 80 135 208 175 175 171 167 179 171 163 166 172 157 147 160 152 156 175 173 183 196 185 178 174 180 185 184 180 182 195 186 165 166 130 97 82 106 168 197 207 203 215 208 224 229 218 211 210 199
53 57 61 171 171 189 171 138 176 137 156 182 174 186 196 196 198 195 180 171 185 192 187 189 186 178 36 202 36 220 214 213 204 211 82 115 128 106 181 175 113 130 131 145 142 171 157 87 80 209 100 108 174 171 179 178 171 167 167 177 171 165 173 169 157 152 156 170 193 201 177 165 165 182 188 185 185 192 168 134 111 81 116 174 182 191 204 193 208 214 220 236 216 222 221 209
175 206 213 183 171 176 196 152 111 92 120 194 201 187 185 191 187 198 183 141 162 192 185 133 112 79 135 128 136 220 218 222 198 171 83 189 197 49 162 87 115 157 150 134 133 89 59 66 188 216 100 152 174 182 179 173 176 172 179 180 166 163 174 169 158 142 85 159 119 187 201 189 182 182 187 187 172 172 155 156 171 118 111 152 162 183 214 218 198 203 222 227 215 225 220 219
163 178 198 182 194 192 181 124 98 127 161 173 182 182 169 187 192 191 180 138 127 114 104 76 87 74 219 185 36 138 161 140 153 164 171 183 130 159 173 164 164 151 144 154 143 105 83 145 83 74 102 125 162 168 171 166 166 174 181 177 173 173 165 154 136 152 147 173 205 212 96 204 208 204 201 177 180 176 170 179 180 143 182 196 205 224 216 209 188 191 210 210 206 229 227 215
157 154 157 178 237 208 178 164 129 173 242 195 154 176 182 176 182 186 173 132 117 176 194 163 147 171 165 176 124 111 155 141 150 166 169 168 166 152 162 106 119 159 151 148 149 135 92 97 100 104 94 102 140 155 174 176 154 87 85 82 185 179 170 170 141 154 80 107 165 139 98 196 200 199 203 200 198 183 172 169 167 159 176 181 205 234 221 199 186 193 201 206 217 222 217 209
175 188 161 115 97 173 184 152 150 154 167 177 169 187 175 170 180 193 181 157 111 135 157 149 136 89 59 108 208 178 172 163 154 147 153 100 161 164 88 170 119 162 157 153 150 151 139 113 119 133 116 108 112 155 166 167 177 89 182 106 180 183 182 106 39 48 154 78 146 102 183 175 175 191 199 180 167 157 183 191 189 184 193 180 192 217 209 203 202 194 193 210 203 204 217 215
250 250 153 99 86 105 148 166 181 171 170 169 166 163 165 174 177 187 183 173 203 250 76 119 250 201 112 121 216 179 178 175 75 75 90 69 98 143 203 169 148 146 150 142 147 168 162 159 152 138 136 120 117 146 148 141 97 76 159 113 176 90 100 166 132 38 73 114 138 151 174 170 183 191 182 171 182 181 185 186 177 165 171 172 191 207 219 226 218 197 202 200 209 214 209 197
79 154 159 157 149 144 154 181 200 206 185 170 147 152 177 175 168 167 168 168 198 49 216 141 90 130 133 107 176 189 173 170 107 155 85 165 152 104 114 162 160 156 98 100 104 172 158 158 152 141 145 160 36 151 193 100 83 130 129 65 151 164 155 130 138 98 80 104 158 169 180 196 187 173 189 194 192 190 186 188 181 162 177 204 212 209 200 191 206 211 202 206 211 219 220 211
163 161 114 176 160 160 163 186 206 217 197 186 169 171 175 173 167 167 175 156 121 91 123 73 79 71 107 112 181 182 173 165 165 156 161 68 115 164 90 99 133 141 131 129 112 97 152 158 149 142 172 179 174 174 104 87 172 152 161 75 74 99 131 149 158 118 81 105 107 162 175 172 165 154 185 201 201 200 203 199 199 181 182 207 205 198 189 180 202 204 207 220 217 209 204 217
146 144 132 156 160 159 152 149 151 147 178 46 46 164 149 122 160 158 167 161 112 45 118 119 103 156 164 186 187 193 182 164 172 173 165 161 141 65 67 132 143 172 151 149 129 108 163 157 150 149 166 184 90 91 82 144 146 149 67 105 83 116 134 159 150 115 89 154 108 95 160 175 179 170 189 192 193 197 191 195 200 192 189 198 215 208 194 206 204 203 215 226 222 219 212 220
171 177 159 148 138 135 143 146 126 120 110 43 138 148 103 118 170 162 155 143 130 98 139 147 163 168 191 196 185 178 189 178 167 176 182 174 179 185 180 186 85 171 156 158 146 115 153 159 156 155 160 160 145 127 114 127 73 60 132 104 94 123 90 165 153 100 47 95 113 148 158 155 176 177 186 188 189 188 191 196 190 182 192 219 224 204 199 213 224 213 217 232 220 213 213 215
186 198 191 179 179 178 176 152 137 120 109 116 128 136 120 84 170 34 126 82 45 138 161 170 178 178 173 188 184 182 197 186 165 194 204 204 214 193 166 162 113 105 142 197 228 137 156 147 142 158 173 176 129 104 52 127 143 139 136 124 107 107 133 140 185 156 107 119 138 156 173 160 143 144 189 200 189 188 187 171 169 191 198 216 223 229 230 231 231 228 225 218 202 209 222 223
186 198 208 199 190 191 196 192 186 185 144 140 142 145 137 69 38 23 28 98 71 138 183 156 116 86 86 125 197 196 180 179 176 164 107 77 98 107 96 111 112 129 125 176 227 170 165 156 160 188 187 175 150 145 138 140 153 144 125 126 68 90 139 147 178 208 198 234 162 185 179 157 140 156 188 191 189 188 182 178 193 192 202 229 220 230 231 224 210 202 197 192 203 206 228 229
161 159 189 191 186 192 206 208 189 174 173 119 108 98 177 74 45 26 32 91 91 129 177 145 110 110 129 157 147 145 173 177 132 88 124 139 148 82 109 120 121 137 142 148 162 171 169 166 175 185 191 169 154 152 151 148 107 71 141 121 120 91 128 172 208 171 178 189 168 176 189 160 154 171 184 181 193 188 193 195 202 197 210 214 220 220 211 209 206 197 217 225 215 230 242 231
135 157 170 175 187 182 188 204 179 120 127 176 195 190 185 170 147 137 122 102 96 136 163 171 150 149 169 180 154 114 132 155 93 163 143 111 149 82 126 118 119 146 138 157 186 184 156 159 151 147 160 168 161 155 154 121 147 155 113 129 133 126 156 173 136 203 206 208 209 211 195 192 166 167 189 186 186 191 201 208 209 209 216 207 207 210 214 211 215 215 207 213 214 233 242 243
142 184 196 190 180 153 149 170 178 139 108 121 161 170 159 139 106 103 117 123 130 156 155 160 168 167 165 176 171 171 170 159 128 148 138 126 138 130 125 158 138 155 161 124 108 160 169 85 147 100 144 153 155 151 150 125 107 88 141 164 177 225 156 92 132 213 208 210 210 207 202 194 169 159 160 200 192 207 207 196 198 210 235 225 208 174 199 202 196 223 224 227 238 236 230 230
176 178 186 171 139 109 105 153 190 185 149 132 156 148 138 129 128 118 124 136 154 164 158 168 181 176 169 181 175 172 176 153 117 105 135 142 153 154 157 171 135 131 166 175 161 174 173 145 140 107 134 179 158 148 149 141 130 81 94 186 186 91 203 159 148 213 214 207 209 209 191 181 172 163 168 206 209 211 203 193 195 174 208 218 219 193 199 215 209 225 230 214 203 225 225 218
167 163 150 148 138 119 124 150 165 170 178 191 190 169 142 146 155 146 148 148 147 154 177 192 182 178 180 181 184 185 157 138 143 81 69 111 153 160 161 168 177 174 174 178 170 161 103 101 162 158 161 128 127 166 150 75 129 157 133 138 112 160 96 165 129 195 225 218 203 203 191 179 166 176 197 208 204 191 181 188 185 158 165 155 192 184 203 228 226 214 212 212 219 223 211 213
150 153 156 152 159 147 130 139 165 179 195 182 173 169 163 157 152 156 163 165 161 168 180 185 186 189 183 187 182 115 77 122 66 52 45 84 154 179 163 160 165 81 140 151 159 133 182 177 150 140 90 73 113 142 108 78 95 148 172 151 125 88 125 153 151 191 205 216 200 191 188 173 183 206 209 198 172 177 190 205 205 189 183 163 173 199 223 230 221 204 199 210 219 210 198 190
152 141 142 153 121 166 187 182 116 98 200 173 145 160 165 157 152 151 176 193 174 165 178 180 186 187 181 182 158 121 32 49 32 0 61 142 127 99 134 160 164 152 127 100 119 164 174 168 168 108 78 81 105 146 98 90 120 125 158 143 145 162 157 159 160 192 188 180 181 186 184 197 208 206 207 187 161 183 197 210 218 221 211 193 156 182 186 208 211 208 208 215 213 201 199 201
164 160 131 104 83 126 98 135 98 99 127 166 152 167 182 182 184 170 177 186 169 166 182 182 178 177 175 153 46 55 30 77 0 0 0 30 26 72 160 161 130 103 101 162 161 162 157 156 169 172 162 162 156 101 152 142 93 78 159 175 173 174 172 172 184 185 167 174 181 205 201 216 221 216 212 197 190 186 192 201 206 212 212 191 153 191 194 191 211 205 204 208 220 219 205 174
129 141 148 125 107 95 87 107 123 123 112 132 141 167 170 162 157 168 182 214 183 181 173 171 172 177 127 49 0 0 39 63 105 122 118 108 153 163 110 163 110 180 143 159 136 137 156 148 168 166 166 171 149 134 175 165 165 54 85 135 160 161 168 202 198 193 189 179 183 198 203 210 211 216 212 187 186 207 189 193 185 198 214 173 157 195 215 195 184 188 195 204 227 225 220 208
125 134 119 100 101 48 41 128 106 141 120 109 140 142 120 118 121 126 127 123 134 182 182 173 169 180 156 0 84 110 116 111 111 123 130 128 122 113 107 163 168 189 173 160 168 80 88 125 160 170 175 175 157 168 162 177 172 160 161 162 167 190 182 194 189 193 196 192 207 198 191 204 217 197 175 197 195 196 184 185 185 185 196 168 148 152 213 174 179 186 192 197 195 160 161 183
124 118 108 103 100 122 140 133 104 138 155 136 118 149 139 123 117 119 123 130 134 141 144 159 160 171 156 105 143 111 83 98 112 126 144 142 124 89 150 60 98 169 175 171 77 102 80 99 138 147 159 134 152 166 149 163 174 160 177 192 180 185 181 183 171 189 190 192 209 205 206 205 189 177 175 195 181 165 162 189 212 185 195 172 126 129 168 181 191 201 205 192 176 167 171 179
143 157 153 140 104 114 131 110 110 138 162 147 122 114 109 108 115 132 147 153 149 146 137 133 141 151 168 185 224 233 200 174 166 175 170 155 119 97 64 59 70 69 147 145 69 155 118 132 117 117 117 145 146 161 157 157 175 202 214 228 239 214 177 169 171 182 202 205 204 203 206 208 196 157 124 109 136 171 171 171 201 190 182 177 176 176 200 199 192 200 184 179 184 190 189 190
170 187 187 162 149 200 180 116 81 103 152 149 158 162 146 114 117 163 173 163 162 158 154 157 165 160 150 143 143 165 185 213 176 164 153 148 117 136 167 170 159 162 139 143 131 142 70 111 140 33 102 153 161 157 140 143 153 155 159 169 184 182 177 182 179 176 194 209 196 199 210 194 161 145 137 104 126 175 177 170 167 180 175 191 197 188 189 197 182 187 193 197 203 206 202 192
156 178 199 189 184 186 151 132 105 151 100 100 115 142 141 130 124 154 148 143 160 174 182 184 177 144 146 151 142 138 140 158 169 168 143 124 139 234 191 46 54 95 101 68 58 63 52 131 97 128 151 153 159 157 146 144 144 149 151 157 167 166 167 166 159 177 190 207 193 143 136 144 124 149 174 184 172 164 160 159 158 150 151 189 195 187 187 193 199 192 187 193 204 208 201 194
148 174 209 199 129 101 103 128 115 92 91 107 123 146 139 142 135 146 153 133 147 151 141 162 156 159 167 174 146 89 125 107 114 69 66 85 92 172 176 158 107 102 136 154 155 112 183 90 114 139 148 161 162 155 156 151 149 152 154 156 163 168 162 167 170 183 189 191 174 143 104 90 122 164 178 180 172 153 150 171 177 163 157 157 165 179 189 181 182 191 207 201 213 211 198 184
154 152 119 78 155 161 134 111 133 144 134 108 92 99 120 127 134 141 168 156 147 166 159 173 195 176 157 157 132 132 140 106 129 134 149 150 156 159 148 190 126 133 145 142 138 150 108 88 134 155 115 126 141 148 146 144 156 149 147 155 153 145 163 175 173 180 184 179 171 162 121 103 142 160 161 158 144 136 148 161 170 160 149 139 123 163 214 165 184 193 192 196 199 189 199 208
184 169 122 99 84 83 105 114 100 141 143 121 100 112 155 145 108 113 154 151 147 197 187 179 203 186 160 171 178 171 192 214 140 88 114 123 112 113 119 106 121 180 162 113 135 140 123 155 166 137 120 139 153 159 148 146 152 141 142 158 152 142 162 174 179 179 176 166 162 173 159 139 169 174 163 154 147 145 138 139 149 156 147 147 140 136 136 160 189 186 190 184 156 160 208 214
184 171 146 108 100 98 125 79 94 134 144 137 133 130 149 165 140 135 147 140 157 178 175 174 168 182 88 154 136 126 119 133 76 128 104 149 183 172 130 119 152 114 111 130 140 137 151 171 158 136 135 155 153 138 142 142 156 156 147 142 132 132 149 171 179 171 167 168 168 177 170 150 145 147 148 141 153 148 123 127 136 141 137 141 151 154 152 156 195 196 198 193 188 192 202 194
188 151 107 88 116 132 120 90 134 149 141 149 151 136 112 140 159 135 152 161 157 151 147 146 73 89 92 168 152 138 120 107 152 165 95 85 186 192 153 134 121 137 152 182 167 129 138 154 137 132 126 130 143 146 152 141 148 145 140 129 133 153 153 154 161 163 163 165 183 189 170 161 154 152 141 127 144 166 125 122 139 142 154 157 172 157 151 153 177 202 212 212 208 213 213 194
181 145 129 97 117 104 112 139 134 141 151 153 154 132 113 135 166 152 149 152 164 64 81 87 155 152 155 65 166 133 76 126 146 115 136 207 215 153 159 163 177 147 128 146 188 165 130 136 166 176 167 167 167 158 147 143 149 134 137 138 142 152 163 170 165 167 88 158 153 165 159 151 151 156 154 167 153 170 159 122 139 146 153 164 172 175 174 168 180 202 210 229 212 186 198 219
171 162 136 115 119 135 141 167 177 162 155 152 158 155 160 166 171 162 145 141 153 154 158 76 148 136 140 103 106 97 143 156 136 203 245 215 183 134 143 184 151 139 141 138 166 170 146 131 152 181 174 162 159 158 151 151 155 161 160 140 146 162 169 58 165 79 81 126 157 171 176 171 151 121 135 157 155 148 153 149 158 155 151 172 176 178 191 185 204 190 181 181 179 192 198 229
149 137 134 126 128 124 150 168 184 177 160 157 167 178 182 177 166 161 159 160 160 145 156 66 160 147 152 117 84 92 137 139 157 214 195 176 115 148 148 160 145 130 126 128 170 182 148 106 164 178 170 178 173 152 141 152 167 172 159 145 153 168 68 172 84 90 88 161 191 193 184 176 167 143 140 162 151 145 164 160 158 163 157 169 185 187 185 188 199 185 185 199 196 185 180 156
149 136 160 165 152 153 172 175 161 154 167 178 178 164 163 176 182 158 132 142 178 193 104 138 109 78 73 128 132 134 180 178 122 91 124 158 153 142 164 168 139 133 139 148 142 121 105 105 144 151 146 179 181 78 32 86 168 173 171 167 175 180 178 174 81 157 145 163 128 108 95 160 171 180 193 182 170 154 157 143 124 146 173 170 179 178 185 173 178 190 190 189 187 179 165 177
127 132 159 153 110 121 167 160 122 123 170 182 179 153 137 164 181 187 182 175 168 158 173 157 78 168 172 165 104 161 174 160 142 144 130 194 194 149 125 136 163 162 131 142 137 131 145 150 153 146 137 143 178 136 40 19 58 92 142 171 166 173 187 186 143 122 130 134 120 136 118 166 159 155 168 179 180 161 150 148 139 152 166 154 143 156 169 151 153 176 190 188 180 180 186 140
