examples/data/proba_v_italy_sicily/probav_s10_toc_x19y03_20150601_333m_ndvi_v001.txt
ncols         1127
nrows         589
xllcorner     12.348214285714
yllcorner     36.598214285714
cellsize      0.0029761904761905
NODATA_value  -9999
[rows 245 to 293 of 589, columns 0 to 95 of 1127]
-9999 29 28 28 28 27 27 27 27 27 26 26 27 27 28 28 28 28 27 28 27 27 28 28 27 28 28 28 28 27 27 28 26 26 26 26 27 27 28 32 33 32 32 33 32 31 31 31 31 31 31 31 31 31 30 30 31 30 30 30 30 30 31 30 30 30 30 31 30 30 30 29 30 29 30 29 29 29 29 29 30 30 29 31 30 30 32 32 33 32 94 92 102 111 103 103
-9999 27 27 28 28 28 28 27 27 26 26 26 26 26 26 26 26 26 26 27 27 27 28 28 29 28 28 28 28 27 27 26 25 25 26 26 27 27 27 26 27 34 33 33 32 32 32 33 32 33 31 30 31 31 32 32 31 30 30 29 30 30 30 30 29 30 30 30 30 30 29 29 30 30 29 29 29 29 29 29 29 30 29 30 30 31 31 31 33 33 33 85 94 105 113 115
-9999 26 26 27 28 28 28 29 27 27 26 25 26 26 28 26 27 26 26 26 26 26 27 27 27 27 27 28 27 26 27 26 25 26 25 28 30 30 28 28 35 35 33 32 32 32 31 32 32 32 32 31 30 31 30 31 31 30 30 30 30 30 30 30 29 30 30 29 30 29 29 29 29 30 30 29 29 29 29 30 29 30 29 29 30 30 30 30 31 33 31 81 85 103 112 98
-9999 28 27 26 26 27 25 26 27 27 26 25 25 26 26 26 26 27 26 26 26 27 26 27 27 28 27 27 26 26 27 26 26 27 27 29 30 30 26 27 27 35 33 32 32 32 32 32 33 31 31 32 31 31 31 30 31 31 30 30 30 30 30 30 30 30 30 30 30 30 29 30 30 29 30 30 30 28 29 29 29 29 30 30 30 30 31 30 32 33 32 32 82 89 107 118
-9999 28 27 27 26 27 27 27 28 27 27 24 25 24 25 26 26 27 28 27 26 26 26 26 26 27 27 26 27 26 27 27 27 27 28 30 30 28 25 26 27 34 32 33 32 33 32 33 32 31 31 31 31 31 31 30 31 29 29 30 30 30 30 30 30 29 30 30 29 29 29 29 29 29 29 29 29 29 29 30 30 30 30 30 30 30 31 30 30 32 33 32 77 84 108 119
-9999 28 27 27 27 27 27 28 27 28 28 27 25 28 28 25 27 26 27 27 26 26 25 25 25 26 26 26 26 27 27 28 29 29 30 30 29 32 30 24 34 33 31 31 31 32 32 33 31 31 30 31 31 30 31 30 30 30 31 30 30 30 30 29 30 29 29 29 29 30 30 30 29 29 29 28 30 30 29 30 30 30 30 29 30 30 29 30 30 31 32 32 30 81 90 103
-9999 28 23 28 28 28 28 28 28 28 27 27 27 27 26 24 25 25 26 27 27 25 27 27 27 27 25 25 25 26 26 28 29 30 31 30 30 32 31 35 34 32 33 30 31 31 30 31 31 31 30 31 30 30 31 31 31 30 31 30 30 30 30 30 30 30 29 29 30 30 30 29 29 29 29 30 28 29 30 30 31 30 29 30 29 29 29 29 30 30 32 33 31 76 77 94
-9999 28 28 27 27 29 28 28 27 27 28 27 29 28 27 27 27 25 27 27 27 27 27 27 27 23 23 27 27 28 25 25 26 30 23 29 30 31 32 32 33 32 31 30 31 31 30 31 30 31 30 30 30 32 32 32 30 30 31 31 31 30 30 30 30 30 29 29 30 30 29 29 30 29 29 30 30 29 29 29 29 30 30 30 30 30 30 29 30 30 31 32 32 31 76 80
-9999 27 27 28 27 28 29 27 27 26 27 27 27 27 27 28 27 27 27 27 27 26 26 26 26 23 23 27 23 24 28 24 25 27 22 21 32 32 32 32 31 31 31 30 31 31 31 31 32 31 31 31 30 32 32 30 30 31 30 30 30 30 30 30 30 30 29 30 29 29 30 30 29 29 29 29 28 28 29 30 29 29 29 29 28 29 29 29 30 30 30 31 32 33 31 74
-9999 27 27 28 28 27 27 27 27 27 28 28 27 27 27 27 27 27 27 27 26 27 27 27 26 27 27 27 27 23 21 27 27 22 22 22 30 32 32 31 31 31 32 32 32 30 30 31 32 30 31 32 31 32 31 31 32 31 30 30 30 30 30 30 31 30 30 30 29 28 30 29 28 28 29 28 29 29 30 28 28 30 28 29 29 30 29 29 29 30 29 30 31 32 33 30
-9999 27 27 27 28 27 27 27 28 27 27 28 23 22 27 27 27 27 27 27 28 27 26 26 27 27 27 27 27 22 27 23 22 21 21 28 31 32 32 31 31 32 31 31 30 30 31 32 31 31 31 30 30 30 30 30 30 30 31 30 30 30 30 29 29 30 30 30 28 28 29 30 29 29 29 29 29 29 30 28 29 28 29 30 30 30 28 29 29 29 29 30 30 31 33 33
-9999 27 27 27 28 26 26 25 27 27 28 27 27 27 22 27 27 27 22 27 28 27 27 27 27 27 27 27 27 22 23 23 22 26 26 27 28 31 32 31 31 31 32 31 31 31 31 32 31 30 30 30 30 30 30 30 30 30 31 31 30 30 30 30 30 30 30 30 30 30 29 29 30 30 30 29 30 29 29 29 30 29 30 28 29 29 29 29 29 30 30 28 30 30 31 32
-9999 28 27 27 28 28 27 27 27 27 27 27 28 28 27 27 28 27 27 28 27 27 28 27 27 22 27 22 23 23 23 24 23 27 27 26 27 30 31 30 31 32 30 31 31 31 33 32 31 31 30 30 31 30 30 30 30 31 30 30 31 30 30 30 30 30 29 30 30 29 29 29 29 29 29 29 29 29 29 30 30 28 29 29 29 29 31 30 29 30 29 30 30 30 31 32
-9999 28 27 27 27 27 27 27 27 26 27 27 27 28 27 27 27 27 27 27 27 27 26 28 27 27 27 22 22 22 23 23 23 23 27 23 26 29 30 31 31 31 32 30 32 32 32 31 32 30 30 31 31 30 31 31 30 31 32 30 30 31 30 31 29 30 30 30 30 29 29 29 29 30 30 31 29 29 30 29 30 28 30 31 29 29 29 29 29 30 30 30 29 30 29 31
-9999 27 28 27 27 28 26 27 27 27 26 26 26 26 28 27 27 27 27 27 27 27 26 25 25 27 27 28 27 27 22 22 23 22 22 27 26 27 30 30 31 31 32 30 31 33 32 32 31 32 31 31 31 31 31 30 30 31 31 31 31 30 31 31 30 31 30 31 30 31 30 29 29 30 29 30 30 30 29 30 30 29 29 30 30 30 30 29 29 29 29 30 29 30 29 31
-9999 27 28 27 26 26 27 27 27 27 27 27 27 27 27 27 27 27 29 27 27 27 27 27 27 25 28 28 27 27 27 27 22 27 27 27 27 28 30 31 31 31 31 30 31 33 32 32 31 32 32 32 31 31 30 30 30 30 31 30 30 30 30 30 30 30 30 30 29 29 30 30 29 30 30 29 29 30 30 30 29 29 29 29 29 29 29 29 29 29 30 30 30 30 30 30
-9999 27 27 27 28 28 27 27 27 27 26 27 27 26 27 26 27 27 27 27 27 27 28 27 27 24 27 28 27 22 22 27 27 27 27 27 27 30 31 32 31 31 31 30 31 31 32 32 31 33 32 31 31 30 30 30 30 31 30 30 31 30 30 30 29 30 30 29 29 30 30 29 29 29 29 29 29 29 29 29 30 30 29 30 29 29 29 30 30 30 28 30 29 30 30 30
-9999 27 27 21 27 27 28 26 27 27 26 26 27 27 26 27 28 27 23 23 23 22 27 27 23 27 25 26 26 23 26 28 27 27 27 27 29 31 30 31 30 31 32 32 31 30 31 31 31 32 32 30 30 30 30 30 31 30 30 31 30 30 30 30 30 30 30 30 30 30 30 30 30 30 31 30 30 29 30 30 29 30 29 30 30 29 30 30 30 29 29 29 30 30 30 30
-9999 26 27 27 27 27 26 27 26 22 22 22 22 23 23 23 22 23 23 22 22 27 22 27 27 22 22 23 27 28 27 25 26 27 28 28 29 31 30 31 30 29 31 32 30 31 31 31 31 31 32 31 31 30 30 30 31 30 30 30 30 29 30 30 30 30 30 30 30 30 30 30 30 30 30 30 30 29 29 29 28 29 30 30 30 30 29 29 30 29 29 29 29 29 30 29
-9999 29 28 26 27 27 24 27 26 27 27 21 23 23 23 22 22 23 23 22 22 23 27 25 25 23 27 28 24 27 28 27 28 27 30 30 30 30 30 31 30 30 30 31 31 31 31 31 30 31 31 32 30 30 30 31 32 30 30 30 30 30 30 30 30 29 30 31 30 30 30 30 30 30 29 29 29 29 29 29 30 30 30 30 30 29 30 29 29 29 30 30 29 29 29 29
-9999 28 30 28 27 27 28 27 27 24 27 27 23 23 22 23 23 23 22 21 22 24 23 27 22 23 22 22 23 27 27 29 28 30 30 31 30 30 30 30 30 30 31 31 32 31 30 31 31 31 31 30 30 30 30 30 30 30 31 30 30 31 30 31 30 30 30 30 30 30 30 30 30 29 31 30 29 30 30 29 29 29 30 31 30 30 30 30 30 29 29 30 29 29 29 28
-9999 28 29 28 28 29 28 27 28 28 26 28 27 22 22 22 22 22 22 22 23 23 27 27 27 27 27 22 23 27 27 29 29 29 30 29 30 31 30 32 31 31 31 31 31 32 30 32 32 33 31 31 31 30 31 32 31 31 31 32 31 31 31 31 31 31 30 30 30 30 30 29 29 29 29 29 29 30 30 29 29 30 30 31 30 30 30 29 30 29 29 29 29 29 29 28
-9999 28 28 29 29 29 29 29 30 29 28 28 26 27 27 27 22 27 22 22 26 27 26 26 27 23 23 27 26 27 28 27 29 29 29 27 31 33 31 31 31 32 31 32 32 32 30 32 33 32 31 31 30 30 32 32 32 31 31 31 31 31 31 30 30 30 29 30 30 31 30 29 28 29 29 29 29 29 30 29 29 29 29 29 29 29 29 29 30 29 29 29 29 29 29 29
-9999 29 30 30 29 30 29 30 30 28 28 29 28 26 25 28 28 28 27 23 27 27 28 28 26 27 27 27 23 27 26 27 27 26 30 31 32 31 33 31 31 31 32 31 31 31 31 31 33 31 31 32 31 31 32 32 33 31 30 32 31 30 29 29 29 30 29 30 30 30 30 30 30 29 29 29 29 29 29 29 29 29 29 29 29 29 30 30 31 30 29 29 29 29 29 29
-9999 29 29 30 30 31 29 29 30 30 29 29 29 29 29 26 27 27 27 23 24 27 28 27 27 27 27 27 27 23 27 27 27 30 30 31 31 31 32 32 31 32 31 31 31 32 31 31 32 33 32 31 32 32 32 33 32 31 31 31 31 31 31 30 30 29 29 30 29 29 30 31 29 29 29 29 30 29 30 29 30 29 29 29 29 30 30 29 28 28 29 30 28 29 30 29
-9999 29 29 28 29 28 30 29 30 30 31 30 29 28 28 26 27 26 26 27 27 27 27 26 27 27 26 26 26 26 27 29 27 27 29 30 32 32 31 30 32 32 32 31 30 32 32 32 33 32 31 30 31 31 31 30 31 31 30 30 31 32 30 31 30 30 31 29 30 30 30 30 31 29 29 30 28 29 30 29 29 28 29 30 29 29 29 29 29 28 29 30 29 30 30 30
-9999 26 27 27 28 29 29 29 30 29 30 29 30 29 30 29 27 26 26 26 27 25 27 26 26 27 27 27 27 27 27 27 25 28 30 31 30 33 32 32 31 33 32 32 32 33 32 31 31 32 32 31 31 31 31 32 31 31 31 31 31 31 30 30 30 30 31 29 29 29 29 30 29 30 29 29 30 30 30 29 29 28 30 29 29 29 29 29 29 29 29 30 30 31 31 30
-9999 25 26 26 29 28 28 29 29 30 30 31 30 29 30 28 28 26 24 26 27 23 23 27 23 27 28 27 26 26 26 27 27 27 30 30 32 31 31 32 32 33 31 31 32 32 32 32 32 32 32 31 31 30 31 31 31 31 31 31 31 30 31 31 30 30 30 29 29 29 29 30 29 29 29 29 29 30 30 30 29 29 29 29 29 29 28 30 30 30 29 29 31 32 31 30
-9999 27 26 28 28 29 29 31 30 30 29 30 30 29 30 30 30 27 26 28 27 24 23 28 23 23 25 27 27 25 26 27 27 28 31 31 31 32 32 32 33 33 31 32 33 30 31 32 31 31 31 32 30 30 32 30 30 30 30 31 30 30 30 31 31 31 29 29 30 29 29 29 29 30 29 29 29 29 29 29 29 29 29 29 29 28 29 29 30 29 29 29 31 31 31 30
-9999 27 27 26 29 28 29 28 28 29 29 29 29 31 30 30 30 28 27 26 25 27 27 26 23 28 27 26 27 27 25 27 28 29 30 31 31 34 33 32 31 30 31 32 31 32 32 31 31 32 30 31 32 32 33 31 31 31 31 30 31 31 30 30 30 31 31 31 31 29 29 30 29 30 29 30 30 30 30 31 30 29 29 28 28 27 28 29 29 29 29 30 30 31 30 30
-9999 27 27 27 27 29 29 29 28 29 30 30 30 30 29 30 30 29 28 27 25 25 27 25 23 23 23 27 27 27 27 27 28 28 30 30 32 34 33 33 33 33 32 30 31 32 32 31 31 32 32 31 32 31 32 31 31 32 31 31 31 31 31 30 30 30 30 30 31 31 31 30 29 30 29 30 30 29 30 30 29 30 30 30 30 28 30 30 29 29 29 29 29 30 29 29
-9999 27 28 19 27 27 26 28 29 29 29 30 29 29 29 29 29 30 28 27 26 27 25 25 25 25 24 27 27 26 26 27 27 28 29 30 31 33 34 32 32 31 32 31 31 38 35 30 31 31 32 31 30 32 32 31 31 30 32 32 31 31 32 31 31 31 30 31 30 30 30 31 30 30 30 29 30 30 29 30 30 29 30 30 30 29 29 29 30 29 29 30 29 29 29 30
-9999 27 25 21 27 26 27 28 30 29 29 30 30 30 30 30 29 27 26 27 28 25 26 25 25 25 24 27 28 25 25 27 27 27 29 30 31 32 33 32 33 32 27 31 32 33 38 34 31 31 31 32 31 30 32 32 31 30 30 31 32 32 31 32 32 31 30 31 31 30 31 31 30 30 30 30 30 30 30 29 29 30 30 30 30 29 28 29 28 29 29 30 29 30 30 30
-9999 26 21 25 22 27 28 28 28 28 29 30 30 29 30 27 28 26 27 24 24 24 25 27 26 26 26 25 25 27 26 27 26 28 26 28 29 27 32 33 32 32 32 33 31 32 32 33 33 33 32 31 31 31 31 32 32 31 31 30 31 31 31 31 31 31 30 31 31 31 31 30 30 30 30 30 30 29 29 30 30 30 30 30 28 29 28 28 29 28 30 29 30 29 29 29
-9999 21 22 28 22 22 27 27 27 27 29 29 29 28 27 27 30 27 26 26 25 25 24 24 25 25 25 25 26 26 29 30 31 30 31 26 27 27 28 32 32 34 33 31 32 27 32 33 34 32 31 30 30 31 31 32 30 31 30 30 30 30 30 30 31 30 30 30 30 30 30 30 30 30 30 30 31 29 29 29 29 30 30 28 28 28 28 29 29 29 28 29 29 29 29 28
-9999 24 26 27 26 27 27 28 28 29 30 30 30 28 27 30 29 26 24 27 27 24 24 26 25 25 25 25 26 29 31 31 31 32 31 32 31 28 27 27 32 32 32 31 31 31 32 32 39 36 31 30 30 31 32 32 32 31 31 30 31 30 30 30 30 30 30 31 30 30 31 31 30 29 30 31 30 31 30 28 28 29 29 28 29 30 29 29 29 28 29 29 29 29 29 29
-9999 28 28 28 28 27 28 29 30 30 29 28 29 29 29 29 27 25 27 27 27 25 24 24 25 25 25 25 28 30 31 32 31 32 33 33 35 35 33 27 35 34 34 33 33 31 32 33 30 31 31 30 31 30 31 31 30 29 30 31 31 31 31 30 30 31 30 29 30 30 31 30 30 30 31 30 31 30 29 29 29 30 29 29 29 29 30 29 29 29 29 30 30 29 29 30
-9999 27 29 28 28 29 30 29 29 29 28 29 29 26 26 29 29 28 25 28 27 25 26 23 24 24 25 27 29 31 31 32 31 30 33 33 30 31 34 34 34 35 34 33 32 29 32 32 30 31 32 30 31 31 31 30 31 30 30 31 31 30 31 29 31 31 30 30 30 31 31 31 30 29 30 31 30 30 30 28 28 29 30 29 29 30 29 29 29 31 31 30 29 30 29 29
-9999 28 28 24 29 29 29 29 29 28 31 31 30 29 27 27 29 29 29 28 26 26 25 25 26 27 28 30 29 31 30 31 32 31 32 33 27 26 36 32 34 35 34 33 32 31 33 31 31 32 32 30 30 30 29 30 31 30 30 30 30 30 31 30 30 30 29 30 30 30 30 30 30 31 31 31 31 31 30 29 30 28 29 29 29 29 30 29 30 29 30 30 31 30 29 28
-9999 28 28 28 28 28 29 29 29 32 32 30 30 28 29 26 29 29 30 30 29 28 28 28 29 29 29 30 30 31 31 31 32 30 30 33 26 27 33 34 35 36 34 34 31 32 32 33 32 31 31 31 30 31 30 32 31 30 30 30 30 31 31 31 31 30 30 31 31 30 30 30 29 29 30 30 30 30 29 28 29 29 28 29 30 30 30 30 29 29 30 30 30 28 28 29
-9999 30 29 29 28 29 30 30 30 30 30 30 32 31 31 29 27 31 30 30 29 30 30 30 30 30 30 31 30 31 31 30 32 30 29 27 32 28 28 34 36 35 33 33 32 34 32 31 31 31 32 31 30 31 31 31 31 31 30 30 29 30 30 30 30 30 30 30 30 30 30 31 31 31 31 31 30 30 28 29 29 29 29 28 30 30 30 29 30 30 29 30 30 29 29 30
-9999 27 26 29 30 30 30 31 31 30 30 30 31 31 30 29 33 32 30 31 31 30 30 30 30 31 31 31 31 32 31 32 32 37 36 31 34 27 28 28 35 35 34 31 32 33 32 32 32 31 31 31 31 32 30 30 30 30 31 30 30 30 30 30 30 30 30 30 30 30 30 30 28 28 31 31 28 28 28 29 28 29 29 29 29 30 30 30 30 30 31 29 30 29 29 30
-9999 30 32 31 30 31 31 32 30 30 30 31 30 29 31 32 33 32 32 31 31 31 31 31 31 32 33 32 32 32 32 31 32 31 35 33 27 27 27 27 34 33 33 32 33 31 32 33 32 31 31 31 31 31 31 31 32 31 31 30 31 31 31 31 29 30 30 30 30 29 30 30 30 28 31 30 31 31 29 29 28 29 29 30 30 29 29 29 29 30 30 29 29 30 30 30
-9999 31 32 31 31 31 31 31 31 31 31 32 30 31 31 32 33 33 31 31 31 31 32 32 32 32 32 31 30 33 32 32 31 28 27 35 29 28 27 28 35 33 32 32 34 32 34 31 32 32 31 31 31 31 30 30 30 30 30 31 32 31 30 31 30 31 31 31 30 29 28 28 30 29 28 28 31 28 29 29 28 30 29 28 29 29 29 30 29 29 29 30 28 29 30 30
-9999 31 31 31 31 30 31 33 31 31 32 33 31 30 30 32 33 32 32 32 32 31 32 32 32 32 31 31 32 32 33 32 32 28 27 34 32 26 27 27 35 34 34 31 27 32 32 31 30 31 30 31 32 31 31 30 30 31 31 30 30 30 30 30 30 30 30 30 29 30 29 29 30 30 28 31 30 29 29 28 28 29 29 28 29 29 29 29 29 29 29 30 28 29 31 30
-9999 30 30 32 30 29 31 31 31 31 31 32 32 30 31 34 33 32 31 31 31 31 33 32 32 31 33 33 32 33 33 34 34 33 28 27 39 29 27 26 35 35 34 31 35 35 32 31 30 32 31 33 31 31 32 31 31 30 30 30 30 30 32 30 29 31 28 31 29 29 29 28 28 30 31 31 31 31 29 29 29 30 29 28 29 29 29 29 30 29 30 31 28 28 30 30
-9999 31 32 30 30 31 32 31 31 31 32 32 30 30 34 34 32 32 32 32 32 33 32 31 32 33 31 32 33 33 33 33 32 32 28 27 27 36 27 32 34 35 32 33 33 37 33 28 33 31 32 31 31 31 30 30 31 32 31 30 30 31 30 31 30 30 30 30 29 31 31 30 30 28 32 31 31 31 31 28 28 28 29 28 28 29 29 29 29 29 30 27 27 30 30 30
-9999 31 31 30 30 30 31 32 31 31 31 31 30 31 34 33 30 32 32 32 31 32 31 32 33 32 32 33 33 33 34 34 34 34 33 27 27 27 27 31 35 31 33 36 33 35 36 39 32 32 34 33 31 30 31 31 31 30 30 29 29 30 31 30 30 30 29 31 31 30 30 30 31 30 30 30 28 28 29 29 30 29 29 28 29 30 29 29 29 30 30 28 27 30 31 32
-9999 31 30 32 30 27 27 32 31 30 32 29 30 33 32 31 31 31 31 32 31 31 32 32 32 31 33 34 34 34 33 34 34 34 33 33 27 27 27 32 33 26 35 35 34 36 32 33 34 33 32 31 31 31 31 31 30 29 30 30 29 29 29 28 29 29 27 28 30 28 28 28 28 28 29 29 29 29 29 31 28 28 30 30 29 29 29 29 29 30 29 28 27 30 30 31
