examples/data/proba_v_italy_sicily/probav_s10_toc_x19y03_20150621_333m_ndvi_v001.txt
ncols         1127
nrows         589
xllcorner     12.348214285714
yllcorner     36.598214285714
cellsize      0.0029761904761905
NODATA_value  -9999
[rows 102 to 152 of 589, columns 288 to 383 of 1127]
153 159 151 131 118 117 116 128 133 167 169 168 155 144 140 147 155 150 144 162 156 159 179 189 190 194 204 195 187 176 159 185 188 158 162 188 168 144 128 129 131 150 148 145 141 133 128 145 130 107 104 121 137 134 132 132 113 118 125 128 116 84 64 68 99 125 133 137 132 132 142 130 121 130 140 136 140 139 132 133 133 130 127 133 145 143 138 156 155 142 140 149 147 151 135 120
148 145 136 122 145 136 145 149 148 140 144 147 134 139 140 155 142 145 162 165 150 152 165 170 182 179 186 188 185 132 96 102 114 150 156 164 163 163 148 130 128 141 139 128 128 131 145 143 122 102 109 123 126 124 114 120 119 117 120 104 117 146 113 85 102 132 145 140 138 141 142 134 139 149 146 128 119 119 123 133 123 118 125 143 164 156 143 157 137 138 158 173 170 175 161 133
138 112 106 119 139 156 154 134 120 115 140 144 137 144 140 137 145 148 161 164 148 156 168 155 166 174 164 153 146 131 111 114 136 156 150 153 162 162 165 160 164 158 139 131 149 138 129 114 105 123 113 115 121 122 123 129 126 115 113 117 120 140 140 122 128 127 135 151 152 153 149 147 154 166 137 132 124 127 123 119 124 123 129 134 140 128 133 148 136 137 145 159 167 158 139 133
155 122 118 118 143 139 129 126 120 130 143 144 135 135 133 142 147 140 146 172 154 154 161 153 155 163 172 177 163 164 187 205 207 194 185 185 168 143 150 155 168 173 158 137 140 145 139 148 139 117 98 106 130 127 129 129 139 134 121 113 125 125 109 108 124 142 144 145 148 150 142 137 134 146 145 132 122 121 118 114 129 123 128 128 107 100 145 160 149 142 134 138 138 130 126 125
196 182 156 123 136 150 154 157 153 149 140 136 145 141 133 140 141 148 154 176 164 162 173 159 153 163 183 213 214 212 222 216 212 205 205 207 200 183 175 156 140 120 134 148 142 142 139 129 120 103 100 110 122 120 131 131 135 138 129 120 114 110 110 117 134 158 155 149 148 143 140 146 136 138 151 148 132 126 128 124 114 115 96 86 82 126 133 144 143 143 138 137 119 116 121 123
204 203 186 147 136 148 160 167 166 163 138 132 140 139 137 144 152 152 153 152 150 159 169 166 164 179 194 218 211 213 213 198 186 185 200 204 201 189 187 178 156 121 111 139 170 163 150 148 150 144 138 123 121 125 137 136 123 129 142 132 121 136 126 111 135 143 138 158 145 141 135 136 124 125 127 126 144 146 125 117 94 81 79 86 123 145 144 140 153 150 148 133 122 122 119 115
203 181 173 171 156 160 178 183 169 165 157 156 135 137 155 161 180 166 137 122 133 160 170 172 172 184 174 180 205 217 203 197 188 187 202 198 196 177 160 160 156 135 130 122 119 139 155 166 167 166 152 132 124 128 135 132 125 124 137 145 143 147 146 137 112 102 125 116 156 157 131 101 93 106 108 115 133 143 121 99 75 67 76 122 145 138 147 139 142 144 149 148 131 119 118 119
211 213 216 209 184 181 189 177 155 161 182 185 168 141 158 170 163 130 118 126 122 140 161 173 179 179 173 178 200 201 196 199 198 187 176 187 199 169 134 145 140 137 130 123 114 99 75 77 140 167 165 143 145 151 150 139 140 137 153 153 139 126 119 113 98 91 96 104 144 161 151 138 118 115 119 123 127 138 133 136 133 83 77 97 107 128 150 147 139 141 138 145 142 126 121 125
206 225 241 223 185 180 179 167 179 187 185 187 187 168 137 148 152 131 144 140 108 143 180 176 184 194 190 171 158 185 192 186 188 182 150 153 178 172 143 149 137 131 135 143 131 96 69 69 108 122 130 123 135 130 133 137 141 149 159 161 152 144 116 113 99 99 121 128 128 141 136 145 150 162 149 121 116 129 121 133 126 95 122 143 145 159 162 138 130 140 126 114 111 116 125 125
210 203 196 180 189 194 181 185 203 206 205 199 198 198 160 141 162 179 175 150 114 125 151 174 188 195 191 188 166 164 171 171 177 167 149 150 152 178 154 141 141 142 143 138 137 133 125 115 110 109 101 93 106 120 127 142 139 140 148 158 164 162 142 146 136 117 110 109 133 157 143 121 141 157 153 128 137 152 154 153 125 108 123 131 146 172 172 138 128 126 123 129 133 137 132 129
174 176 174 170 178 198 191 185 187 187 186 197 186 181 165 151 170 197 185 168 157 158 166 182 191 191 186 186 176 151 147 150 148 141 141 148 167 185 161 140 151 150 140 137 130 128 123 117 113 106 99 85 92 119 134 125 130 131 132 130 138 156 148 136 143 127 110 112 144 165 140 112 109 107 105 97 118 122 118 101 98 104 114 124 145 172 152 124 124 121 137 135 133 132 136 133
163 180 178 169 168 177 182 175 187 188 171 169 169 159 157 178 170 172 180 175 188 205 210 207 200 201 204 203 185 165 150 155 164 152 149 162 171 179 166 147 136 141 145 138 127 130 128 124 120 108 109 104 88 123 145 112 103 102 113 126 124 131 137 131 132 130 131 125 123 129 105 93 102 117 129 132 120 116 123 110 102 114 116 124 145 153 136 116 117 127 146 138 139 138 130 128
165 178 185 185 179 168 178 185 193 195 183 166 145 138 152 164 154 156 167 178 195 198 183 172 170 194 201 197 188 180 144 145 164 168 168 149 138 154 178 160 151 148 143 137 136 141 135 131 123 110 106 120 124 137 160 131 101 101 111 119 119 139 136 119 130 127 127 137 130 119 102 99 108 103 115 132 131 137 137 131 126 118 116 145 160 155 131 116 104 112 131 130 128 130 126 127
178 190 202 190 174 166 158 177 197 210 198 176 155 159 156 163 167 159 167 186 191 163 165 172 168 171 184 188 176 171 170 171 166 144 149 164 168 172 189 183 170 148 144 141 149 149 153 154 129 119 120 119 129 158 160 157 164 155 124 105 110 130 134 116 112 120 122 127 148 152 117 97 96 91 99 128 136 136 138 145 138 137 137 153 145 134 123 119 117 118 114 130 134 136 133 139
171 161 155 161 177 173 156 157 176 182 175 189 192 191 186 176 168 164 173 173 169 194 203 189 185 153 151 166 151 146 158 157 184 194 195 193 178 175 188 191 177 148 129 139 156 170 178 180 139 122 126 115 113 118 116 125 132 135 133 116 109 104 107 118 125 140 136 127 136 136 138 120 117 99 101 132 132 126 128 131 139 139 143 163 146 125 124 121 116 113 112 122 123 130 137 144
156 147 144 149 157 166 170 163 157 149 145 162 138 132 192 193 173 170 171 171 166 179 167 151 155 127 132 144 133 130 147 150 156 156 164 162 150 167 180 177 170 175 161 156 169 181 188 178 136 124 120 116 120 115 111 111 115 123 122 114 109 106 101 117 171 194 183 156 137 133 130 119 122 123 131 137 123 122 121 123 130 133 152 160 148 142 124 110 119 124 123 131 134 129 129 131
124 143 150 153 164 171 168 182 176 144 123 131 166 177 210 191 184 182 179 176 161 176 148 132 144 162 138 140 134 116 134 165 172 147 139 148 152 192 182 146 136 161 183 186 191 178 161 144 138 128 121 127 126 120 118 118 116 118 118 110 110 110 105 105 142 178 183 181 163 145 131 130 118 109 124 147 144 139 126 122 121 148 152 131 140 137 145 144 138 142 135 126 135 142 150 150
111 145 141 135 140 144 163 179 167 150 144 159 184 178 185 179 170 175 180 171 154 191 157 122 105 97 85 82 139 126 120 146 162 159 154 157 155 162 176 154 127 126 144 163 171 155 132 129 124 119 121 140 133 126 116 105 105 109 114 126 118 106 106 106 127 173 185 187 185 181 156 122 105 105 131 136 137 125 114 119 152 150 131 121 137 149 153 164 149 129 120 126 151 152 166 169
109 141 145 155 139 126 146 167 175 172 168 168 176 174 179 180 171 165 170 162 152 147 157 131 107 92 93 105 97 91 107 114 128 141 138 150 156 145 149 149 128 129 137 141 177 187 146 127 123 116 122 119 117 116 115 100 97 104 120 152 137 108 103 115 157 164 171 180 186 189 172 122 103 104 125 122 127 119 124 140 159 148 138 125 129 130 118 115 115 123 135 150 161 166 169 154
124 136 139 145 138 139 147 148 147 130 140 155 169 199 202 186 171 163 160 136 140 151 160 143 122 106 110 119 107 80 80 103 116 120 134 146 135 127 131 129 113 107 119 139 152 179 148 122 119 123 133 131 118 114 123 113 107 121 140 134 116 113 120 130 158 172 185 185 187 190 174 143 124 122 112 122 136 132 156 169 154 131 119 125 116 114 116 122 115 123 136 140 149 157 157 162
120 138 140 137 136 131 132 139 139 128 128 140 137 164 193 191 179 172 160 145 145 151 149 141 124 110 110 111 109 114 110 117 147 135 132 135 136 133 115 102 105 114 127 139 139 144 134 130 122 120 146 143 130 119 124 117 116 131 131 115 110 135 170 157 161 176 189 191 184 176 174 166 141 130 113 127 147 137 169 168 143 127 116 120 116 109 113 123 119 122 140 150 151 158 161 160
126 130 125 121 125 124 127 132 134 130 131 128 121 137 169 180 177 168 151 147 170 162 126 118 117 112 102 108 110 114 133 165 182 156 121 107 107 112 102 101 95 86 104 122 127 132 124 120 125 132 152 159 146 132 146 145 144 131 132 138 143 179 175 158 170 169 190 193 184 177 169 162 144 116 110 154 165 163 170 153 146 153 149 117 102 106 123 125 122 147 147 128 135 155 148 137
127 122 115 118 121 122 129 129 131 126 125 143 152 146 154 158 154 150 152 154 150 135 131 139 132 120 110 109 117 139 127 119 135 144 77 110 108 109 105 103 99 92 93 109 114 120 133 140 150 145 145 161 167 169 169 157 147 151 149 143 142 156 170 154 160 164 188 198 178 168 148 150 124 112 139 159 168 178 170 153 148 143 119 104 113 112 117 127 144 160 155 147 147 149 146 148
127 119 110 105 105 109 127 142 128 124 127 146 175 166 151 145 133 136 152 142 126 130 143 134 121 125 116 121 143 141 101 135 142 76 24 123 120 110 116 114 106 100 101 114 114 106 110 122 131 134 129 133 137 148 155 158 156 143 152 145 138 138 146 155 159 153 167 187 167 147 145 132 125 138 158 169 161 156 140 120 116 115 107 109 113 120 113 121 125 116 118 147 166 148 139 144
112 111 105 104 108 116 124 131 125 114 129 145 156 165 138 137 136 117 122 121 133 135 130 115 118 119 107 116 149 152 118 76 108 31 29 123 114 104 134 135 111 107 113 121 125 111 108 111 108 101 105 124 142 157 157 154 157 137 140 148 157 161 163 165 157 167 171 157 154 145 141 138 156 173 161 129 101 101 107 103 107 109 114 107 102 108 119 127 114 112 122 130 144 144 139 153
115 120 120 115 120 128 136 127 118 117 131 152 161 141 140 151 146 128 120 132 129 130 128 119 110 120 120 122 93 103 63 23 30 32 32 54 70 100 136 123 117 119 120 125 120 115 113 109 117 120 116 134 132 123 121 121 131 133 142 157 177 177 171 161 151 152 152 154 153 150 157 176 174 148 119 112 109 107 113 108 115 113 118 106 89 95 130 145 126 120 128 138 147 154 153 138
144 122 119 124 117 100 93 101 109 110 124 135 146 134 112 119 130 127 123 132 142 148 132 121 115 122 130 87 88 29 46 113 124 114 106 122 137 110 117 130 128 116 117 116 110 111 117 112 107 116 128 143 136 134 141 142 133 109 108 132 157 157 156 171 166 151 140 149 155 149 130 132 127 107 103 99 126 138 137 134 124 121 117 100 84 87 128 136 114 114 126 143 158 157 165 168
108 94 112 116 110 99 88 102 115 119 118 122 141 164 155 127 117 113 111 116 132 150 148 142 132 119 114 72 95 109 121 144 125 93 104 120 138 121 117 144 131 117 127 132 119 116 132 140 132 117 138 151 152 139 143 146 145 140 124 117 134 136 155 168 171 158 142 136 147 157 125 114 121 97 92 102 120 132 132 136 114 102 114 105 83 87 119 130 117 120 121 123 135 123 111 132
109 106 99 110 107 105 118 127 120 122 127 146 156 145 138 133 125 113 114 113 113 123 133 137 128 120 126 140 137 116 118 128 117 99 110 120 119 121 113 128 117 112 124 127 141 159 169 156 131 122 134 124 141 143 149 161 176 176 133 119 164 175 160 149 150 159 163 155 157 150 150 144 114 97 100 119 115 109 115 114 110 113 118 111 82 71 97 124 121 122 120 115 111 104 109 115
104 111 111 113 94 91 109 103 119 126 127 139 133 130 113 111 115 129 142 133 123 120 118 116 116 108 131 134 135 146 132 122 118 133 147 146 118 117 121 111 115 124 134 150 165 177 207 208 197 187 183 170 185 202 193 183 188 207 203 202 217 212 183 161 167 171 167 159 141 132 148 155 131 114 82 78 89 114 118 110 120 130 132 139 130 109 118 135 130 122 121 105 99 108 121 113
114 119 114 110 91 96 115 109 108 122 132 119 116 114 113 115 109 123 146 136 128 134 137 139 144 134 131 120 110 124 135 142 148 151 122 118 119 114 103 95 99 111 115 115 128 139 152 161 175 179 183 179 180 177 141 120 140 171 205 208 207 198 178 205 203 177 174 176 165 146 156 165 137 114 94 88 90 126 134 125 120 125 123 131 125 114 115 125 125 120 122 121 121 123 130 112
113 124 121 123 121 112 117 108 101 126 137 135 121 103 91 123 139 126 112 100 94 107 121 130 148 138 112 111 98 97 116 122 116 110 102 100 105 110 98 91 99 104 101 93 98 101 103 111 114 119 122 110 115 110 112 116 132 167 190 171 172 180 178 182 182 174 162 137 141 142 130 126 106 103 120 127 116 120 124 119 106 109 122 133 106 104 122 128 127 121 127 139 144 140 122 103
108 114 120 136 141 112 106 110 116 129 140 130 109 101 100 112 122 126 115 111 104 95 92 99 116 138 113 105 98 91 110 114 101 102 120 117 107 112 112 100 97 104 116 106 108 108 102 99 99 112 111 98 105 121 130 130 135 152 176 173 170 181 170 158 176 196 185 156 123 103 81 85 91 113 126 122 117 124 118 113 120 113 133 137 125 123 143 132 104 102 105 112 114 127 122 104
120 113 107 109 123 123 118 114 116 125 124 107 90 75 100 113 120 117 116 123 120 110 103 118 141 128 107 100 91 81 109 114 98 79 90 98 98 94 99 106 103 102 109 107 102 110 95 87 95 109 103 97 106 124 118 119 136 145 146 174 179 163 161 174 162 159 147 133 112 103 90 90 98 114 123 133 136 109 98 111 119 104 108 112 102 119 131 125 108 115 107 105 101 101 113 128
136 133 111 102 103 115 137 125 111 118 132 107 95 86 107 120 116 105 127 123 118 108 102 100 117 113 107 125 119 106 113 120 108 97 121 140 127 112 109 140 144 112 114 108 108 104 92 96 103 104 105 102 113 118 116 122 125 127 140 152 151 158 154 145 160 153 129 133 125 118 107 102 116 127 134 127 121 103 97 98 101 100 92 98 104 102 114 118 117 112 103 108 102 92 103 118
119 106 103 103 108 115 128 123 116 118 107 113 109 100 118 130 116 100 102 100 105 120 108 91 97 100 98 107 106 93 113 138 130 116 127 134 125 113 111 128 125 104 104 103 111 95 88 102 98 93 109 115 107 106 107 109 109 117 129 141 125 124 136 140 166 147 114 117 112 97 99 113 116 113 109 103 99 94 98 94 94 97 93 91 92 100 110 109 101 106 101 105 104 94 93 110
99 102 104 104 109 122 125 115 117 117 98 99 125 115 118 118 110 97 101 99 96 102 89 81 91 87 100 123 117 108 122 136 124 108 121 119 101 108 114 96 95 94 92 96 110 101 102 106 90 101 121 116 104 96 94 103 107 111 117 121 120 117 117 128 144 131 118 111 116 113 112 123 121 113 105 101 93 106 97 94 93 97 98 93 91 97 106 101 100 102 107 111 110 103 106 113
116 103 91 119 136 110 121 125 117 109 105 123 125 104 109 113 117 104 105 98 85 81 93 94 93 95 101 111 109 115 115 111 111 111 116 130 133 128 144 122 116 123 118 113 106 103 114 106 96 97 108 107 114 109 101 103 103 109 115 112 117 116 115 113 101 105 126 112 119 123 120 128 133 122 108 104 113 111 113 130 128 111 99 92 108 116 120 114 117 119 115 97 89 100 107 104
107 104 93 119 145 115 105 123 116 111 126 131 143 143 140 141 127 99 92 90 86 81 83 104 106 107 105 109 107 96 90 98 104 124 130 131 133 110 121 127 115 116 113 108 106 99 118 127 102 92 106 115 114 112 111 112 127 157 150 119 115 119 117 118 110 126 138 132 140 146 132 118 117 108 105 108 121 105 89 98 113 107 97 106 108 123 130 148 147 117 104 109 113 109 98 122
104 94 91 110 145 124 98 109 113 105 120 140 139 131 114 103 104 99 88 93 87 82 83 81 85 94 93 87 90 101 96 85 95 118 134 135 129 110 109 119 114 105 95 88 102 91 111 171 137 104 103 125 128 126 116 125 143 146 131 118 123 129 128 141 142 139 117 130 143 147 139 117 124 129 113 115 119 103 92 91 115 132 112 109 105 112 126 129 125 119 125 124 107 96 106 110
109 103 105 93 95 108 108 113 134 140 142 140 123 111 96 85 89 94 87 91 95 95 89 88 89 92 91 83 88 99 93 88 94 100 120 128 116 107 119 124 105 97 98 106 113 102 98 142 151 122 125 155 170 158 115 120 143 145 155 174 193 189 176 172 166 182 189 202 216 197 161 124 122 110 93 107 122 112 112 100 106 122 111 116 118 110 117 120 119 111 115 117 107 108 130 121
124 114 104 90 88 117 147 142 143 131 124 117 115 129 118 97 109 114 116 119 100 105 104 99 99 86 84 86 82 85 94 96 100 101 108 110 103 96 90 91 93 95 95 110 110 99 114 128 134 139 150 150 161 161 133 76 161 203 224 234 234 232 230 230 228 227 228 233 229 238 209 161 120 106 120 133 126 109 110 107 104 116 122 117 103 95 98 97 102 104 113 116 121 115 121 117
135 128 105 94 108 143 148 150 140 111 101 105 108 121 107 100 141 130 116 118 90 84 90 94 93 86 82 86 86 85 93 92 93 97 95 95 100 93 88 93 98 96 98 102 99 96 115 127 140 147 144 134 138 156 156 102 134 193 222 219 223 228 231 232 226 227 228 231 231 238 239 207 144 123 143 152 141 130 113 104 102 108 107 101 99 102 113 100 95 101 117 122 106 99 113 114
110 126 123 105 124 127 124 113 119 123 122 115 115 108 103 91 119 125 113 121 96 86 105 106 93 89 88 89 114 109 95 95 90 93 104 102 92 90 90 90 94 97 102 111 118 105 99 103 112 131 121 131 135 158 154 113 166 205 218 222 219 225 234 232 223 226 233 236 233 232 227 222 187 140 151 166 153 162 155 133 112 97 90 92 101 119 126 117 112 98 101 111 102 96 104 107
116 105 127 135 120 104 135 122 86 83 94 90 102 115 115 103 116 116 110 118 106 106 112 97 84 88 115 107 100 110 93 87 97 98 108 126 99 81 91 89 103 113 113 119 117 105 105 123 131 143 143 152 140 136 147 113 171 209 223 226 224 219 228 225 224 230 235 240 240 231 231 229 191 161 146 176 183 163 139 123 106 94 97 112 119 131 114 103 109 93 97 101 97 93 104 111
128 114 128 127 117 99 97 114 95 75 86 90 89 108 112 108 123 123 117 112 101 100 97 85 81 86 101 106 85 91 105 101 100 92 89 101 100 88 87 99 114 112 107 117 110 100 105 121 138 160 150 135 122 124 152 125 152 196 217 231 230 224 224 225 231 232 239 248 246 242 246 240 214 173 150 171 194 170 127 109 114 115 110 125 122 123 114 118 101 84 104 98 91 101 122 123
125 115 112 112 119 106 96 106 91 97 106 90 91 113 122 122 112 108 107 106 109 102 97 90 83 86 83 81 80 94 117 109 101 107 101 93 93 96 99 98 100 101 99 120 122 106 105 119 126 143 145 130 134 135 147 147 143 180 205 223 229 225 222 229 231 233 239 243 246 238 248 211 214 187 170 166 180 163 130 121 126 127 124 130 136 138 131 133 120 110 110 99 107 110 109 127
123 104 112 120 104 101 122 140 113 108 101 89 104 115 99 105 110 109 112 112 114 106 94 91 84 81 79 84 96 100 100 98 114 137 128 99 96 93 109 101 88 94 103 112 114 122 118 116 117 119 129 122 127 127 134 159 177 190 202 209 219 219 221 231 228 229 233 238 242 239 221 204 194 166 156 149 131 130 134 139 129 128 129 132 130 122 124 128 129 120 114 115 116 92 78 94
100 107 120 123 123 114 106 117 106 122 126 104 118 120 93 82 95 107 117 111 104 108 100 103 98 94 101 100 83 94 107 101 95 97 103 94 88 92 98 90 86 98 110 120 145 159 133 113 107 107 113 108 119 129 115 127 162 184 198 214 227 228 220 224 230 236 243 245 242 232 223 203 166 142 130 119 122 146 149 133 121 142 145 122 114 108 123 137 135 119 97 82 100 87 95 113
127 138 134 135 146 133 117 111 93 100 97 107 152 153 125 98 96 97 105 105 98 109 101 98 118 120 110 87 69 82 98 93 86 90 100 98 95 99 105 101 119 137 147 159 163 154 134 109 94 103 115 117 112 99 102 113 147 162 189 216 220 235 236 234 233 241 246 244 234 227 219 210 181 148 129 109 113 126 135 136 123 116 124 126 122 112 121 126 131 114 91 101 116 107 104 111
127 145 126 114 120 112 113 121 110 106 104 98 100 111 128 141 123 101 94 101 93 102 98 99 92 93 112 97 84 94 97 91 101 104 118 121 120 127 115 105 112 121 140 158 143 135 118 101 90 103 114 118 124 116 110 130 149 148 175 203 202 214 226 232 234 235 240 223 201 201 207 196 184 168 150 151 145 143 143 131 124 113 108 105 97 102 129 114 102 113 126 131 125 115 109 112
