examples/data/proba_v_italy_sicily/probav_s10_toc_x19y03_20150221_333m_ndvi_v001.txt
ncols         1127
nrows         589
xllcorner     12.348214285714
yllcorner     36.598214285714
cellsize      0.0029761904761905
NODATA_value  -9999
[rows 350 to 399 of 589, columns 480 to 575 of 1127]
92 145 169 148 135 128 26 75 118 25 121 122 96 142 95 27 112 100 95 69 29 63 62 71 27 250 150 91 194 104 121 156 142 130 128 146 115 91 117 158 189 205 147 129 139 153 137 99 127 165 163 182 184 182 180 165 169 176 177 167 152 172 171 153 118 162 163 150 151 141 151 148 160 165 158 154 147 141 134 122 121 137 142 143 168 170 172 154 143 157 157 146 157 162 166 182
134 114 140 157 148 136 25 25 54 118 122 147 129 102 106 105 116 78 96 149 150 93 30 88 213 157 81 72 85 145 153 133 121 126 128 104 88 137 134 141 172 193 164 122 129 109 103 122 136 165 169 185 205 192 164 177 178 176 172 167 134 165 195 173 138 151 183 157 138 137 131 145 140 165 168 155 152 152 155 136 140 134 128 181 189 157 167 167 160 173 144 171 158 157 141 134
128 145 173 176 166 150 128 146 131 117 127 146 126 111 142 148 135 110 114 134 156 163 138 133 163 101 73 55 47 141 172 150 128 154 163 173 175 202 161 129 149 169 133 101 96 82 61 80 151 126 145 187 204 223 178 175 194 210 186 151 158 174 181 177 181 196 192 178 145 138 119 126 132 173 169 164 158 153 142 128 129 156 166 196 191 169 151 165 161 195 176 185 141 120 137 142
137 123 143 140 140 158 143 153 160 134 113 95 105 136 141 159 149 121 89 96 114 97 137 139 155 88 60 46 23 115 161 143 130 131 136 175 205 200 164 156 157 158 157 101 94 116 134 142 174 117 102 157 157 144 141 168 190 198 160 123 143 152 135 135 136 154 163 195 192 171 159 166 180 150 143 155 162 152 138 127 139 155 179 161 158 127 123 141 152 184 188 165 139 131 138 132
134 141 137 126 70 65 128 164 182 160 90 24 88 136 153 139 141 104 70 108 119 127 134 141 141 116 61 26 56 72 83 138 138 145 135 121 165 183 178 170 176 180 163 121 126 165 202 168 138 70 75 125 139 124 129 122 161 166 134 133 168 169 150 160 158 140 160 159 152 157 161 154 150 135 149 173 156 162 170 158 140 140 177 154 114 102 129 147 153 187 192 169 151 132 135 139
142 165 166 163 137 111 86 141 188 168 101 24 90 129 124 121 104 109 111 135 141 126 134 145 160 102 71 64 67 73 82 98 107 103 84 80 142 205 174 167 173 177 170 158 177 193 187 175 159 96 106 135 149 119 107 107 128 145 139 169 182 165 153 152 163 165 153 147 155 153 165 164 148 143 132 141 147 157 196 196 161 119 146 173 139 156 157 157 165 193 191 179 179 173 165 134
116 142 153 169 158 139 99 111 159 170 151 119 123 140 128 140 145 163 153 120 105 145 137 104 108 169 132 92 87 85 106 135 136 108 111 101 95 157 164 147 138 142 178 250 242 162 140 163 153 114 102 119 150 159 126 119 115 140 166 140 138 145 160 144 145 155 150 168 175 147 160 182 165 162 146 142 152 153 161 204 183 129 112 140 142 169 170 160 177 166 147 165 174 169 166 147
127 138 146 144 157 154 122 105 125 164 169 131 107 111 131 136 155 163 130 119 137 150 153 122 101 96 144 126 112 99 95 117 119 122 133 139 129 119 138 126 113 131 83 165 63 100 131 153 159 156 122 163 162 148 148 137 117 153 176 154 129 143 154 141 139 156 170 187 164 114 135 164 167 161 153 162 160 163 165 159 187 184 151 159 169 146 148 126 138 148 158 158 154 149 136 102
141 102 26 150 184 159 120 132 138 113 114 126 98 107 130 129 113 120 126 125 131 124 123 129 124 96 135 122 124 121 102 107 84 115 184 213 198 153 127 104 144 93 95 112 184 250 111 158 157 142 161 199 173 149 108 116 117 145 142 138 130 134 131 134 154 180 169 181 177 159 158 167 169 173 171 158 146 154 179 206 194 177 151 168 189 159 168 175 147 161 183 160 159 165 175 141
116 113 95 151 154 167 137 111 104 136 130 137 126 128 126 111 101 106 124 107 131 105 83 85 105 83 73 97 101 104 126 132 110 127 189 217 192 151 131 136 131 112 45 37 34 33 161 154 170 181 163 148 175 174 189 179 129 146 141 145 139 118 109 146 144 156 146 150 179 176 167 163 158 179 193 161 163 184 203 215 203 165 152 155 144 140 165 198 170 151 168 164 156 143 135 159
104 117 123 133 131 128 119 121 130 158 137 122 144 164 67 94 116 110 119 119 131 143 94 74 95 121 129 110 123 71 56 108 134 150 187 205 180 149 113 123 152 175 49 36 34 33 167 159 157 187 155 168 195 184 198 213 151 139 141 137 132 139 136 132 127 136 182 167 159 150 143 160 155 178 177 146 159 182 182 180 170 140 152 160 150 167 190 191 175 171 180 168 150 141 132 134
131 141 146 180 150 124 133 124 130 136 139 110 103 98 100 124 109 97 104 108 112 107 69 108 118 128 101 80 52 106 98 119 113 157 196 201 193 180 142 108 130 146 43 37 138 145 134 90 63 182 166 158 155 145 158 161 142 143 154 137 133 158 139 136 156 150 166 171 160 150 159 160 140 164 161 162 145 155 157 145 140 140 148 155 157 170 190 178 161 156 149 163 142 150 146 139
134 131 131 136 132 139 143 139 127 135 154 156 124 102 123 148 129 106 105 113 95 101 124 119 103 109 119 96 68 129 137 139 137 170 217 191 184 175 138 115 122 120 43 155 131 134 118 73 51 178 174 175 160 156 171 151 153 143 150 171 174 169 142 150 146 137 138 152 145 149 150 137 125 135 143 193 165 131 142 162 175 175 161 162 171 180 164 162 152 142 150 159 146 148 146 148
115 111 112 134 163 130 120 137 146 133 125 135 133 128 150 155 130 131 136 108 88 101 125 85 128 166 177 168 204 86 56 107 202 199 218 192 147 134 136 138 144 127 168 175 152 192 169 121 64 146 155 160 184 189 177 159 143 142 151 181 184 154 125 142 114 92 77 97 145 164 146 142 182 176 159 173 154 147 144 155 174 181 161 174 194 182 204 196 181 149 142 154 153 151 143 152
121 123 135 156 150 120 123 132 132 124 113 137 162 165 155 156 159 136 128 137 100 105 104 139 156 185 206 87 241 136 103 91 237 203 186 178 158 146 167 175 161 143 125 139 158 143 148 129 106 139 118 141 199 197 188 163 152 168 147 146 144 126 106 70 71 71 69 79 116 145 137 115 171 174 186 169 164 156 159 142 139 149 176 179 152 175 198 202 193 188 145 162 147 144 148 162
125 148 158 151 142 133 143 134 128 111 92 124 163 167 159 149 137 115 117 131 130 124 78 88 167 186 97 91 250 101 55 76 207 239 109 83 105 121 161 176 152 180 189 159 147 144 113 66 122 117 141 175 185 204 212 173 154 171 114 83 144 86 83 104 91 82 85 89 125 156 143 192 183 182 188 179 155 150 160 145 125 129 137 165 173 163 169 181 185 191 132 151 188 168 181 189
146 153 152 146 149 76 142 133 60 127 136 124 125 145 137 133 135 142 125 123 141 123 129 123 143 178 250 250 241 177 167 155 83 84 155 158 139 71 153 166 153 184 171 147 138 105 124 76 71 119 147 164 171 191 221 190 146 156 169 136 118 123 106 125 127 146 148 117 132 167 165 188 188 181 198 207 176 158 135 157 160 169 169 166 169 157 151 174 195 145 131 145 144 202 195 204
134 140 142 145 137 84 133 141 63 131 156 135 122 121 125 145 150 147 121 115 148 147 147 137 135 165 211 250 168 102 116 135 84 74 153 136 122 117 107 248 139 167 161 167 152 134 94 88 77 104 130 135 154 169 142 109 130 147 185 180 175 157 128 113 119 139 137 126 148 187 197 172 156 153 196 214 194 179 167 163 161 152 178 161 160 158 171 190 164 127 129 145 162 225 220 210
119 116 132 123 102 126 113 94 127 136 126 88 72 154 141 135 102 96 76 153 143 139 131 135 154 184 226 141 125 162 60 173 91 65 179 133 99 98 92 85 104 158 168 164 146 116 73 75 88 115 139 145 151 171 159 166 173 176 250 188 124 130 162 195 152 126 134 153 139 171 180 172 155 153 161 183 189 193 186 164 157 150 163 164 155 133 150 146 139 140 167 190 192 236 217 195
109 112 130 133 71 79 101 115 142 137 95 187 140 64 82 77 159 178 150 119 145 152 141 126 124 165 197 91 69 110 165 112 82 78 142 105 79 78 65 76 133 128 165 171 141 123 107 90 102 114 83 123 172 196 187 208 195 186 183 170 186 178 192 175 145 133 128 168 195 205 192 184 162 154 150 155 158 149 123 128 145 166 177 170 167 177 162 130 143 162 157 162 183 208 250 225
128 153 163 161 161 158 98 123 141 151 96 175 188 154 147 150 168 154 102 129 171 179 178 151 122 133 146 99 59 112 162 181 158 59 107 81 68 65 73 43 108 129 128 131 122 103 106 98 104 121 124 123 126 129 171 189 174 161 153 153 174 186 160 134 138 159 158 150 183 204 204 188 149 142 147 151 155 136 115 111 157 160 145 164 186 173 147 124 131 148 149 147 178 203 198 197
136 154 154 149 142 159 179 219 207 127 174 171 197 160 130 123 138 147 135 145 151 142 156 182 196 178 153 125 61 83 173 92 168 139 94 64 53 58 62 135 105 124 93 108 134 120 94 114 102 116 127 131 132 143 186 166 178 173 182 140 162 186 156 134 158 183 179 162 182 193 197 191 181 150 153 151 118 118 118 112 155 160 127 125 145 135 112 110 139 118 137 120 120 177 200 185
133 149 125 136 132 70 147 104 83 77 82 99 91 89 129 144 155 175 149 76 65 116 140 185 222 205 168 158 100 116 220 118 136 116 101 119 155 121 118 110 37 39 42 105 154 153 140 136 110 127 149 165 154 151 198 166 166 156 129 116 146 161 125 128 87 89 143 153 149 143 178 169 165 163 155 153 153 119 121 154 161 153 137 119 115 117 141 143 141 117 113 124 120 163 165 147
122 109 31 30 154 185 80 85 49 28 28 27 27 87 37 98 148 146 131 147 167 169 175 199 202 193 174 194 208 193 191 173 144 129 127 130 134 118 104 41 43 77 91 100 131 156 145 148 154 145 129 130 154 164 161 154 157 145 106 97 148 172 149 176 92 30 116 164 167 155 170 169 168 173 160 140 161 136 143 179 168 144 138 118 115 141 168 160 146 136 127 128 140 134 130 131
32 31 31 122 160 201 77 29 29 29 29 135 119 153 135 80 150 102 81 114 136 160 188 175 178 161 148 171 186 148 116 149 140 139 143 136 118 102 139 48 157 93 108 121 160 147 122 117 129 145 126 134 142 137 135 132 130 94 140 161 172 152 162 173 142 142 151 143 146 130 114 126 137 162 168 164 169 156 152 171 181 160 128 109 118 147 166 120 124 158 153 152 152 117 134 127
32 31 31 138 137 158 108 28 28 60 90 130 125 129 147 128 107 120 115 123 122 110 111 110 124 147 183 187 154 117 118 114 116 136 125 103 110 104 45 138 136 112 121 134 136 140 154 140 171 204 125 116 145 161 176 142 136 123 133 163 136 126 127 130 113 123 122 112 128 136 135 145 128 146 160 156 148 156 163 165 163 159 156 138 132 138 154 128 123 145 129 147 143 112 120 115
33 32 31 123 134 131 91 76 27 26 27 136 145 131 117 109 105 118 109 144 120 121 91 103 102 79 81 179 161 134 73 159 165 152 97 94 119 109 135 162 130 146 149 156 142 126 134 147 131 150 139 158 162 151 168 37 90 94 139 150 109 120 148 116 105 130 158 136 125 141 145 151 143 142 138 128 138 156 164 168 159 162 153 153 155 138 144 171 159 145 143 149 157 156 133 132
137 145 138 111 132 138 71 34 28 28 27 172 94 107 95 79 94 122 119 116 130 157 153 116 120 80 72 132 121 113 133 158 147 169 152 136 149 129 121 137 103 139 157 181 188 168 153 169 153 117 137 144 158 161 142 95 38 101 169 91 96 122 143 138 121 133 168 176 161 156 146 157 169 161 162 158 143 167 158 134 130 152 163 155 145 125 132 159 131 132 172 184 169 161 145 140
163 152 150 125 111 93 86 35 33 74 92 129 81 109 125 131 128 131 124 109 113 128 127 94 91 125 146 121 120 111 145 170 148 157 144 116 115 126 144 87 96 105 145 171 169 158 132 142 150 122 160 151 118 136 139 127 154 175 135 85 117 181 188 142 110 132 146 139 149 147 145 205 211 159 157 169 130 126 150 154 177 187 174 158 148 155 179 177 143 151 178 172 152 146 147 137
137 135 92 58 64 94 134 124 136 172 131 123 124 121 125 133 145 133 119 119 107 128 103 83 105 147 128 135 163 126 114 138 126 122 118 118 102 99 117 102 105 126 156 176 162 145 137 181 166 137 154 144 112 119 133 125 121 157 149 124 131 150 130 109 119 140 142 142 140 142 164 210 195 134 96 125 170 203 210 211 197 183 182 175 170 169 169 178 175 180 181 167 137 116 129 130
126 142 93 31 31 155 156 153 152 141 128 114 129 134 122 137 150 164 159 153 136 130 131 114 128 177 149 109 79 87 119 138 151 153 160 153 116 126 149 147 125 135 157 164 174 176 189 218 168 141 133 108 112 107 111 116 122 127 139 150 174 125 88 92 120 155 152 151 145 157 174 160 158 156 163 186 201 208 208 218 188 187 182 175 170 170 174 182 174 174 174 170 147 128 130 159
140 150 152 97 115 162 141 147 149 132 129 119 123 133 141 147 158 172 157 159 167 136 113 98 95 119 126 97 70 86 118 127 135 139 154 139 146 186 172 151 141 168 136 145 174 187 181 168 154 158 160 102 97 102 116 133 136 159 202 183 168 115 97 105 120 164 142 141 168 180 180 155 164 183 199 196 199 208 200 187 198 209 188 169 166 183 184 170 134 127 149 167 153 140 147 155
132 132 137 147 143 140 133 135 250 183 133 126 165 177 171 182 178 171 167 152 149 152 123 133 128 118 118 49 77 108 138 164 188 191 125 115 141 174 178 185 145 193 164 146 157 178 146 130 160 174 166 144 158 162 167 171 155 154 183 182 148 102 105 96 96 151 164 161 184 191 177 174 173 159 170 176 186 181 184 186 204 210 182 164 172 187 174 161 164 180 178 165 131 126 122 127
122 119 127 141 150 150 131 118 127 166 176 170 164 184 188 194 175 155 164 159 134 163 186 148 126 114 148 105 105 141 145 181 181 158 168 193 188 179 161 137 102 167 158 139 158 182 137 152 184 192 189 164 162 181 171 165 173 184 175 181 187 166 133 118 104 127 157 153 173 185 168 168 158 132 122 142 176 195 206 195 175 198 209 198 175 159 171 164 169 167 131 109 100 110 130 107
109 124 148 131 115 125 135 171 171 135 147 149 154 178 170 153 146 145 141 138 124 123 142 127 121 131 145 164 156 170 145 163 171 152 121 119 140 147 154 127 91 142 169 155 160 184 195 200 228 223 212 199 185 187 189 188 196 211 208 203 196 178 136 130 126 151 173 169 161 151 151 158 164 145 132 131 150 163 154 162 183 218 220 215 208 177 180 158 161 152 108 109 104 107 127 146
139 122 108 107 118 126 118 142 162 92 65 106 160 177 160 158 172 163 135 151 147 121 130 145 135 120 123 160 163 140 114 133 149 102 97 105 119 106 92 59 99 142 204 191 183 196 219 227 230 233 227 209 188 191 196 197 205 203 182 168 159 156 161 124 101 144 164 145 137 139 183 197 181 177 178 147 171 166 153 171 209 214 161 158 202 198 169 140 144 156 133 100 97 119 143 159
151 136 116 124 128 105 108 135 142 57 71 89 174 185 179 166 161 147 147 129 131 115 116 115 136 169 144 145 150 122 108 137 173 157 101 77 89 87 64 79 99 204 183 178 196 205 211 204 205 205 227 229 195 198 188 182 184 202 178 171 150 106 89 94 106 138 132 137 141 144 171 175 173 167 170 176 184 180 185 201 218 207 184 168 195 197 168 166 169 157 142 130 118 136 143 139
140 135 119 121 120 118 136 140 153 158 154 190 212 191 173 160 146 136 132 128 131 115 124 131 141 130 111 120 140 148 148 200 213 185 150 100 106 129 107 85 114 183 182 177 199 202 207 210 211 198 213 165 161 182 192 198 203 203 167 121 131 119 107 109 107 140 133 149 183 178 170 151 124 148 176 178 189 209 202 202 215 233 214 162 179 162 156 160 150 129 105 133 99 112 105 122
133 130 128 133 141 137 153 138 135 146 179 208 199 186 126 112 127 126 109 128 136 119 136 151 145 101 111 115 104 121 136 196 191 138 137 118 117 132 71 106 137 202 177 134 162 179 161 169 200 168 153 162 177 180 187 186 210 183 154 163 154 135 136 145 117 175 171 179 205 202 183 179 163 153 203 184 152 198 203 177 192 205 209 194 171 152 158 132 143 166 141 108 109 108 106 106
151 153 157 162 156 147 155 155 149 153 159 182 168 169 149 120 130 127 124 143 135 101 104 114 118 117 121 111 102 136 173 168 144 139 149 105 126 136 54 145 201 218 189 145 159 181 196 151 106 118 131 160 201 135 176 170 168 161 122 124 130 139 147 153 150 175 188 194 184 170 160 158 171 158 180 167 148 191 198 187 190 177 157 173 157 171 146 107 128 173 150 116 100 95 119 113
136 153 128 131 130 138 153 147 144 176 188 179 156 140 134 112 127 123 111 122 126 107 97 101 117 111 103 93 95 121 178 183 171 160 155 120 133 173 62 113 186 184 172 151 172 195 185 178 152 138 148 180 199 176 184 164 182 151 122 123 156 176 162 131 154 193 199 176 179 180 173 191 200 175 174 135 195 213 206 184 176 183 146 138 132 150 153 152 175 184 168 148 147 106 86 100
129 139 108 136 139 132 144 147 156 198 193 175 160 144 100 84 117 138 115 116 129 136 110 110 129 109 94 107 130 112 117 119 136 160 177 169 174 188 70 122 141 159 197 176 202 220 192 184 186 164 148 190 213 210 179 163 165 157 145 125 125 151 173 177 141 141 141 159 197 177 146 180 208 214 201 197 195 204 191 141 137 161 126 90 127 177 160 146 170 175 173 176 170 126 120 159
115 142 150 150 136 129 143 163 171 189 201 200 196 169 116 97 102 99 96 117 117 96 97 106 119 103 108 134 117 100 100 94 127 165 173 170 183 61 85 153 131 165 202 201 192 197 208 200 185 196 180 188 201 199 198 187 173 178 184 173 154 134 158 189 175 151 150 180 199 195 189 182 170 180 163 164 161 113 101 121 138 130 121 110 133 137 116 167 169 120 124 137 135 113 123 170
110 115 139 137 122 139 155 177 191 192 187 201 200 171 116 116 142 124 110 124 116 105 116 144 163 155 160 166 132 108 95 89 120 158 190 180 145 92 113 183 206 183 158 159 170 199 224 221 186 188 188 194 198 203 205 194 185 182 170 176 177 160 172 150 184 198 178 153 162 162 165 190 197 200 177 152 129 144 156 141 192 210 124 126 106 123 128 153 177 149 128 121 132 123 130 130
148 145 149 137 128 129 144 171 202 214 207 172 138 145 133 135 188 169 118 118 129 132 137 154 162 150 140 119 113 118 112 139 135 121 147 161 145 101 145 191 180 185 198 197 195 198 214 202 201 212 179 183 199 210 217 211 197 180 158 173 177 159 176 135 159 196 174 155 193 183 159 185 182 167 178 188 170 128 126 174 198 215 192 184 146 142 164 128 127 136 142 141 144 129 147 138
128 96 119 128 135 138 124 133 154 168 158 108 102 128 160 141 162 184 176 161 162 152 145 148 171 162 166 167 131 115 92 100 142 160 161 161 35 103 159 163 175 195 198 202 200 198 196 209 206 195 194 188 203 211 208 205 190 181 192 195 185 150 159 142 146 178 194 190 179 164 154 163 180 179 182 178 182 173 176 194 203 200 172 156 184 170 134 110 140 120 124 141 122 110 77 93
123 136 124 134 151 162 117 118 122 142 146 107 120 146 161 160 166 169 191 194 181 181 177 192 193 192 169 145 141 144 150 165 185 187 169 169 65 85 187 178 184 195 202 194 190 195 184 179 181 172 179 164 156 172 163 165 160 177 210 172 150 138 144 159 174 203 190 197 202 189 183 180 175 179 175 194 193 192 189 198 196 188 154 140 162 154 129 102 97 87 81 101 108 106 105 148
112 145 146 144 161 153 122 96 112 135 147 137 135 120 121 130 171 179 158 206 208 198 175 171 172 176 180 171 161 146 140 175 203 188 171 177 108 116 178 168 166 164 166 173 186 203 181 162 172 186 143 98 130 160 170 167 147 188 194 151 110 110 133 188 179 181 212 238 193 169 184 192 175 187 181 166 173 198 184 166 171 174 154 152 158 116 102 91 80 80 89 104 105 116 142 166
142 154 131 123 136 131 115 93 132 153 127 150 163 136 124 162 167 147 151 197 192 185 181 179 187 161 169 182 140 123 148 155 153 176 183 62 27 73 162 172 160 161 150 153 152 143 162 173 173 157 111 111 162 186 168 178 167 171 163 169 168 187 199 234 219 211 244 229 157 163 184 170 175 175 166 170 188 181 192 187 161 165 158 164 157 150 152 113 103 103 84 86 108 140 154 153
142 158 144 119 119 112 122 131 124 127 133 119 108 141 116 118 154 163 165 189 196 183 169 171 170 140 134 176 152 87 126 156 131 120 165 192 43 122 117 154 155 146 129 115 133 176 200 194 197 183 157 159 182 211 213 211 187 167 181 167 191 215 205 217 194 198 236 176 132 174 197 191 190 191 206 206 208 216 226 199 177 188 166 162 152 162 176 147 130 129 126 144 157 168 184 182
