examples/data/proba_v_italy_sicily/probav_s10_toc_x19y03_20140901_333m_ndvi_v001.txt
ncols         1127
nrows         589
xllcorner     12.348214285714
yllcorner     36.598214285714
cellsize      0.0029761904761905
NODATA_value  -9999
[rows 208 to 259 of 589, columns 384 to 479 of 1127]
104 107 121 118 111 90 80 96 117 111 153 141 84 82 126 140 146 142 118 140 117 93 94 87 104 105 90 91 79 79 82 81 71 75 74 72 85 90 82 76 67 67 69 66 72 78 81 87 90 82 73 77 75 73 65 67 73 82 95 91 82 81 75 74 69 71 74 76 72 70 73 75 69 73 73 68 68 71 64 75 76 74 74 68 67 62 72 74 71 77 84 85 80 79 75 70
118 144 141 133 102 82 79 106 186 207 199 182 107 90 92 86 94 117 131 88 74 75 90 110 100 104 108 89 70 71 72 73 75 74 73 74 81 88 92 89 80 75 73 69 69 68 72 82 85 81 84 90 74 69 71 69 70 76 78 87 86 82 79 80 76 72 72 75 71 71 74 66 65 68 72 70 64 67 66 73 72 71 73 76 74 69 78 86 83 89 90 83 77 74 74 81
136 143 150 129 105 103 110 86 108 185 194 127 92 91 87 83 84 90 95 80 76 75 86 98 73 85 96 90 89 73 67 68 68 69 78 83 85 83 86 92 87 88 81 75 62 54 65 72 73 70 71 71 65 70 79 77 78 79 76 87 90 75 75 76 74 75 76 74 72 68 62 64 69 68 70 70 67 72 68 73 74 69 71 74 71 70 77 87 87 84 80 76 71 70 75 80
126 102 98 92 108 163 185 126 86 103 125 97 78 76 81 89 86 87 79 75 75 78 73 77 74 88 85 79 99 76 71 90 78 67 75 82 70 71 76 81 80 83 91 99 79 68 76 76 70 71 72 70 69 80 81 72 74 76 76 77 85 87 82 80 77 74 71 68 72 79 67 65 67 70 71 75 68 62 66 74 81 84 79 76 76 76 72 75 83 80 83 77 69 75 80 84
157 160 163 154 141 160 174 164 130 110 92 83 83 83 82 86 93 79 75 75 82 87 77 69 69 73 72 70 98 92 82 84 73 74 81 84 83 71 69 76 92 100 82 104 115 102 83 74 69 72 71 67 73 82 73 66 68 69 72 73 67 73 80 82 84 81 86 88 94 104 99 93 89 86 91 89 86 83 90 94 96 101 83 77 75 70 76 77 71 72 76 80 94 106 118 141
190 213 215 213 206 214 208 194 173 175 137 133 127 97 92 107 96 79 75 77 87 86 84 82 80 84 74 71 85 87 78 76 75 86 99 106 115 89 68 72 82 85 81 105 115 115 100 83 74 71 66 64 66 77 74 72 72 70 72 70 67 70 75 70 67 69 76 79 72 75 79 86 90 91 87 81 86 86 76 77 76 72 81 80 75 80 80 70 80 79 68 82 111 129 118 110
168 196 200 192 208 218 186 153 171 190 192 191 149 100 97 109 105 98 101 104 100 92 86 83 88 86 84 82 84 79 76 82 96 102 133 157 140 98 79 80 83 74 79 111 113 97 101 120 96 75 70 64 64 63 68 72 68 67 69 69 68 71 70 62 63 75 74 71 72 75 67 66 75 79 77 74 72 70 67 68 71 69 71 75 80 88 94 77 91 102 79 95 105 110 98 81
178 183 190 190 202 174 130 134 164 181 166 127 101 87 86 81 83 84 81 77 64 78 86 85 84 81 84 83 83 101 94 94 133 158 161 140 106 84 76 76 78 75 74 99 116 104 85 91 96 98 85 69 64 65 66 69 65 68 71 69 69 78 76 65 64 70 72 70 66 74 73 68 71 72 70 74 81 75 63 68 75 72 66 69 87 94 89 77 89 107 94 91 91 90 88 82
133 114 138 188 201 179 178 183 167 148 111 89 84 90 91 78 74 77 74 74 71 75 92 88 88 81 70 71 81 93 96 121 175 154 151 121 92 87 82 76 77 81 84 94 97 84 72 71 69 87 100 83 72 73 73 71 69 74 70 70 72 77 79 67 65 68 63 67 73 76 71 68 68 64 67 73 74 71 70 68 69 70 73 80 79 78 82 85 87 96 90 85 84 79 76 71
135 98 90 94 94 91 97 116 113 120 110 96 79 98 100 80 73 77 75 86 84 79 84 86 85 81 75 76 79 85 85 119 132 85 80 93 95 88 81 82 92 86 84 92 87 77 72 66 65 73 86 88 88 84 79 69 68 66 62 73 77 72 74 70 68 68 65 76 79 78 73 72 73 71 72 75 76 75 75 72 70 70 73 80 80 72 75 78 80 79 86 101 94 77 73 79
107 107 89 84 86 86 81 76 79 81 76 74 70 72 86 85 83 86 77 70 75 80 84 104 99 94 80 71 67 93 113 102 109 85 77 75 72 78 97 107 90 80 77 89 95 78 68 64 68 67 75 96 93 101 116 89 68 77 66 83 92 75 78 77 71 70 74 73 70 67 69 72 71 72 74 70 68 70 72 69 69 66 71 78 77 78 74 77 88 98 110 102 82 72 78 79
78 89 87 72 90 103 83 83 79 79 74 68 71 79 83 91 87 88 87 73 76 85 84 80 87 98 93 70 72 99 156 145 131 121 103 84 74 80 92 91 78 76 74 74 80 75 69 73 73 63 71 104 98 88 106 120 82 74 76 81 91 84 84 81 69 71 78 70 64 64 65 77 76 70 73 69 63 66 66 66 69 65 67 71 70 72 69 74 78 80 112 133 106 88 76 77
100 109 121 144 172 155 112 96 97 87 78 69 63 75 84 94 90 84 86 83 79 83 76 70 81 87 101 87 74 83 112 144 146 103 82 88 88 88 100 101 87 94 98 86 77 74 70 67 69 67 73 93 99 81 100 128 105 77 79 86 81 77 69 72 69 71 76 72 64 63 69 80 84 81 79 71 63 65 68 67 65 67 69 75 75 72 71 77 78 75 92 113 110 105 99 89
78 84 91 98 125 159 162 139 113 93 80 77 75 83 81 91 94 96 92 90 89 75 66 78 82 91 94 89 73 80 100 137 139 97 82 89 103 110 125 137 108 102 110 101 79 70 69 66 66 66 83 108 110 97 103 112 95 76 71 72 73 71 72 71 71 69 66 61 60 62 69 76 78 72 71 76 72 63 61 60 66 69 72 70 77 83 84 87 78 70 77 96 104 86 89 98
67 72 77 76 88 93 121 169 145 109 83 84 77 86 85 88 127 177 177 118 105 81 79 92 96 91 95 81 67 71 77 91 95 112 97 82 88 89 95 132 120 90 92 97 88 84 85 71 67 65 103 127 120 101 88 93 77 73 71 67 70 73 75 71 70 65 62 60 56 63 71 76 83 77 64 71 73 64 59 59 63 67 73 70 66 74 76 76 83 79 77 76 84 100 100 96
74 86 82 83 81 91 86 126 145 97 84 81 92 103 122 151 166 140 91 72 81 96 109 133 132 99 86 66 66 76 69 63 63 88 109 82 77 72 87 132 117 82 91 97 90 80 77 71 59 64 102 109 100 87 71 76 78 75 66 64 68 69 71 67 68 61 59 64 64 64 69 69 68 77 74 68 66 60 59 64 61 63 72 68 62 62 63 73 83 82 73 68 70 83 98 83
76 96 105 101 102 98 100 111 113 78 112 133 126 165 198 193 146 100 85 67 75 138 165 161 136 93 74 63 68 77 77 71 64 82 98 82 73 69 98 127 107 80 88 93 85 75 69 68 57 65 84 100 92 89 75 80 87 89 81 73 79 75 73 71 70 67 61 63 66 65 69 71 69 70 75 66 60 67 66 74 75 71 72 69 61 59 60 66 69 74 67 62 67 86 97 78
84 113 108 84 81 92 104 109 135 104 109 168 174 159 178 208 200 168 160 128 80 93 136 132 87 71 76 81 81 75 74 73 77 93 100 92 92 103 96 107 103 88 84 89 92 87 76 87 94 83 80 99 96 79 79 79 79 90 76 75 81 77 72 79 78 72 72 67 73 72 74 72 67 77 77 66 73 83 77 74 74 80 84 79 71 67 62 62 71 80 69 65 72 70 70 66
91 79 81 78 75 74 81 84 132 128 93 135 180 154 148 183 193 195 188 175 104 73 104 141 115 91 96 93 92 90 72 71 74 83 77 90 109 98 88 86 89 98 95 89 93 78 71 83 113 124 107 104 114 92 84 71 63 75 73 72 72 71 72 76 81 75 77 74 80 79 75 71 69 69 75 74 80 79 81 83 75 82 93 87 77 83 83 69 73 75 70 76 82 73 61 64
81 76 76 77 77 77 75 83 134 112 81 107 166 176 194 187 195 207 200 145 85 86 149 188 130 77 70 67 75 104 98 77 72 77 81 89 109 120 110 94 77 77 83 83 97 89 86 88 98 115 116 105 109 135 136 116 87 68 73 70 72 73 71 69 75 72 71 68 69 81 78 74 76 75 69 69 71 70 69 77 77 77 83 100 109 107 91 75 75 71 62 71 74 77 72 61
72 73 79 75 72 72 76 101 182 152 85 86 113 155 199 206 178 158 162 136 136 135 181 186 136 94 84 97 94 86 95 101 103 107 103 93 107 126 124 103 79 74 104 119 125 130 133 129 131 118 107 117 124 135 152 149 139 109 80 69 67 70 76 78 82 80 79 76 71 77 81 79 80 88 83 77 80 68 61 70 75 67 66 77 99 83 66 64 65 64 64 68 67 68 80 69
72 67 68 70 79 87 84 93 158 194 130 74 87 114 132 121 89 82 92 87 98 126 173 180 177 173 173 182 154 110 104 112 108 108 100 92 101 115 122 137 130 125 122 112 127 107 114 133 135 134 132 126 110 107 106 114 148 153 103 70 63 74 92 78 72 81 78 70 70 78 85 79 75 67 72 72 72 68 61 65 69 68 74 75 86 88 72 64 62 68 72 66 66 70 73 69
72 71 79 94 109 105 93 91 149 188 130 79 80 99 82 69 72 72 73 96 94 52 141 157 174 187 189 180 189 181 90 73 99 109 128 123 114 126 139 170 160 123 118 119 132 106 83 88 108 127 136 107 97 108 93 88 87 85 108 110 94 93 85 75 73 90 88 79 81 85 85 78 69 64 68 81 82 82 75 70 71 69 73 81 81 81 79 68 67 69 66 66 66 64 60 61
68 72 87 98 108 103 93 97 141 174 125 80 72 77 79 82 80 73 73 78 48 53 109 133 183 188 181 162 171 198 133 73 104 130 148 142 144 153 159 145 134 147 148 133 122 112 104 99 117 104 119 124 96 74 63 62 61 67 94 137 133 116 85 78 81 80 81 81 81 70 68 70 63 67 68 78 80 74 77 75 77 71 76 79 79 73 84 83 68 70 68 70 68 66 69 68
69 76 84 96 103 97 102 89 100 129 116 78 70 75 74 75 82 84 82 43 69 132 100 84 115 169 187 183 164 170 127 92 113 133 129 133 154 151 110 83 84 102 123 126 122 115 118 94 86 100 118 119 107 86 68 64 64 72 71 96 121 137 102 79 79 76 75 75 75 69 67 66 71 79 68 70 66 62 65 71 75 70 71 72 73 68 87 96 80 74 68 65 65 70 67 65
76 80 78 81 109 126 158 133 107 125 144 96 72 78 81 74 75 92 112 10 97 109 73 69 81 155 194 193 162 132 118 128 139 143 128 135 169 128 79 79 85 83 86 105 107 109 122 94 69 74 87 113 117 93 63 62 63 73 66 69 91 126 107 79 77 75 68 65 68 64 66 71 90 98 78 85 79 68 71 72 77 87 83 70 75 78 95 96 93 82 74 67 63 69 76 63
78 74 72 69 107 182 176 125 99 135 138 90 68 79 88 80 80 91 113 74 46 96 73 74 91 159 193 176 145 120 90 93 130 142 133 117 96 96 85 86 90 97 90 96 114 117 118 106 86 81 84 112 92 71 64 64 61 64 60 61 71 97 129 131 92 65 64 72 80 73 68 66 74 104 125 133 133 117 124 88 76 91 81 74 74 74 76 90 101 99 76 67 70 74 91 78
74 76 78 72 105 183 153 107 107 131 136 111 87 88 91 82 85 87 83 88 79 84 76 83 127 185 197 202 181 122 93 78 91 125 114 94 74 80 112 112 107 112 124 125 115 117 123 123 134 140 108 87 78 75 72 71 74 71 75 75 71 83 99 109 115 88 76 69 68 80 74 64 69 84 91 86 95 86 104 124 81 81 90 91 85 79 74 84 101 101 85 74 80 73 81 90
73 76 73 94 165 161 129 107 146 167 177 182 160 157 170 135 89 97 85 84 96 82 71 87 170 197 197 195 149 93 77 69 84 86 82 90 83 89 187 204 167 130 127 131 129 127 138 126 124 106 81 98 91 81 77 73 67 64 81 99 90 85 82 91 117 124 84 65 68 73 69 67 65 61 60 63 66 68 73 85 76 68 81 114 118 96 83 76 77 106 106 84 71 63 63 74
75 80 82 104 170 140 113 105 112 157 153 165 171 172 176 170 134 102 83 74 85 82 81 82 114 113 97 98 104 77 67 76 84 86 82 84 85 85 159 201 186 150 127 135 143 127 110 91 100 117 119 117 96 73 68 66 65 63 70 90 85 65 72 78 82 116 117 72 65 65 67 71 72 68 65 69 69 68 69 76 70 72 68 77 92 93 85 80 70 72 77 83 77 69 62 65
92 84 79 104 166 137 125 147 127 141 143 146 150 148 156 178 181 161 129 115 117 105 85 88 101 94 82 73 69 60 67 94 86 84 86 79 80 86 116 165 180 170 169 144 140 135 122 93 104 113 105 92 82 76 75 80 91 85 85 81 80 80 92 78 71 101 136 90 65 66 69 78 70 65 66 70 72 60 63 71 70 73 76 67 72 82 81 75 71 65 70 75 90 72 61 64
100 80 72 92 170 168 161 132 80 80 105 141 129 134 156 186 166 148 128 99 95 96 94 98 96 90 80 74 69 70 88 100 95 89 97 89 87 84 119 162 142 133 144 141 161 155 146 124 114 116 108 98 93 93 107 111 88 78 79 74 87 105 109 106 93 81 110 95 62 64 68 72 75 70 65 68 75 64 58 61 60 71 78 84 93 99 79 70 74 67 64 63 64 66 61 61
129 106 109 132 182 179 180 152 85 75 87 120 154 140 106 97 96 94 94 83 90 95 74 72 83 81 79 82 77 75 83 95 111 107 99 82 77 86 175 189 167 149 138 163 166 133 121 124 131 133 120 108 113 121 117 94 78 80 81 91 104 103 104 106 98 72 71 77 62 68 87 70 74 74 69 69 66 64 57 56 58 71 77 85 79 100 109 72 65 75 71 68 68 69 74 68
136 120 128 159 175 206 204 182 116 75 75 81 152 151 91 82 88 90 88 81 92 97 92 80 80 77 76 78 79 78 68 68 80 84 79 76 86 136 186 181 159 157 151 155 147 119 118 129 125 105 106 107 111 118 128 120 103 98 89 98 115 118 121 106 82 66 66 89 77 64 65 73 85 82 62 61 61 68 65 56 63 70 74 67 66 79 86 87 74 75 76 80 79 81 81 83
117 122 121 115 111 127 127 119 103 77 79 79 107 103 80 78 88 91 76 79 85 76 79 78 75 83 89 80 80 84 78 81 75 75 88 105 148 182 168 196 173 133 138 162 163 133 104 92 87 95 97 81 87 97 101 105 100 104 81 64 57 85 131 130 100 73 73 97 100 69 59 57 72 81 62 57 64 62 59 57 58 61 63 70 68 72 70 78 78 76 80 89 77 92 82 66
86 124 132 97 86 92 91 90 88 89 82 81 86 87 91 90 91 111 83 68 71 73 76 90 97 102 103 92 76 70 72 82 91 131 194 200 177 172 170 175 141 121 142 158 142 133 114 91 76 64 58 59 71 95 106 120 108 82 64 62 68 69 103 111 96 76 77 104 93 86 84 81 76 93 83 72 68 63 65 66 68 77 82 94 90 91 90 83 96 90 89 81 68 71 69 58
64 95 129 108 96 100 109 103 98 104 93 89 81 80 80 78 81 82 78 99 87 99 110 100 85 81 85 96 84 77 75 72 115 190 186 195 170 157 176 175 167 171 191 160 128 115 117 109 95 85 91 86 95 107 116 118 93 82 89 93 89 92 99 96 86 76 75 83 74 78 78 74 67 86 100 90 79 72 86 87 73 75 77 83 67 70 80 83 83 75 71 68 65 61 64 62
113 101 123 120 116 108 96 91 94 110 121 151 135 111 94 93 105 98 105 107 113 111 98 90 84 79 78 78 85 87 89 135 187 190 171 168 174 176 151 158 168 160 184 169 139 116 111 108 111 102 93 89 80 91 99 107 85 78 80 86 97 103 99 81 71 74 90 86 75 76 76 77 73 68 65 87 113 96 78 67 63 71 68 66 55 57 65 68 67 64 64 69 67 56 67 71
105 115 121 124 126 119 114 114 120 141 144 182 207 191 173 181 194 195 175 127 140 118 101 110 82 73 77 93 117 178 193 201 188 149 146 163 139 133 150 124 145 196 185 145 127 118 112 112 125 125 113 109 94 84 90 88 80 71 64 63 80 93 92 80 70 92 109 97 99 86 88 101 71 67 69 83 117 105 60 62 70 80 78 74 69 66 67 67 65 64 60 68 68 63 67 70
90 92 111 116 120 123 113 105 104 121 151 170 182 180 173 179 171 172 171 134 105 94 92 92 89 126 159 176 178 187 183 149 127 123 131 165 163 155 136 123 137 174 172 138 116 111 108 119 139 112 94 112 121 115 103 98 103 90 76 70 75 78 78 79 86 117 103 83 104 86 83 100 83 68 67 69 73 84 78 75 85 85 76 72 81 67 66 77 76 76 62 66 77 75 66 62
154 143 138 153 172 153 128 114 95 85 87 129 169 165 178 189 176 168 167 145 102 81 92 139 181 199 153 106 99 115 131 97 121 155 167 186 171 143 108 124 141 139 156 153 130 109 100 115 116 93 84 104 117 105 92 87 78 75 74 70 75 82 79 73 80 98 99 76 83 68 59 69 90 85 68 65 62 71 78 83 99 79 64 68 72 75 70 78 83 76 67 77 83 77 70 67
149 166 157 115 111 135 147 121 120 116 119 111 104 103 142 187 184 181 177 173 155 141 187 215 199 140 102 96 114 128 125 115 135 168 168 173 149 113 104 143 162 139 134 137 117 108 110 113 105 92 91 97 107 104 79 66 63 60 64 74 81 73 65 65 71 91 96 67 67 73 74 68 71 83 67 54 66 72 67 63 65 68 63 66 67 74 80 92 94 81 76 71 67 64 65 70
106 99 83 72 74 90 148 98 81 87 94 103 108 117 108 132 175 188 183 159 163 197 200 166 127 88 93 116 135 134 95 94 108 117 112 131 152 125 132 157 191 186 134 122 115 116 130 126 125 121 96 87 80 85 73 61 63 62 70 75 67 60 62 66 69 94 106 71 57 66 76 67 66 78 77 73 70 65 62 63 65 64 62 64 69 78 91 88 94 80 80 79 72 68 65 71
79 74 76 76 79 81 132 125 84 87 81 87 98 102 90 139 201 185 178 163 162 195 170 121 92 87 100 117 113 124 123 98 93 99 98 115 159 140 104 106 162 185 145 120 119 117 110 99 89 98 99 95 83 75 64 53 66 76 70 64 58 61 73 72 65 79 112 87 74 68 68 63 63 64 68 72 67 64 68 69 65 59 62 70 67 67 81 69 65 72 75 82 78 80 71 65
92 83 84 77 78 82 108 138 97 79 78 92 97 79 88 115 165 178 191 186 186 196 152 107 94 95 113 129 122 105 111 108 100 103 114 148 172 153 119 112 133 146 106 94 99 108 108 91 95 106 109 108 99 94 88 82 87 104 91 77 72 75 70 66 66 77 120 104 75 66 73 71 70 81 73 66 63 64 62 66 84 87 90 100 82 68 70 69 72 87 87 72 58 61 65 70
89 88 85 80 87 94 96 101 89 84 94 102 109 88 77 91 133 187 198 169 143 154 149 148 116 105 110 108 110 116 117 112 115 103 123 157 152 156 167 150 140 119 100 86 87 100 106 103 105 100 112 121 112 98 95 99 100 88 81 72 70 68 61 66 74 86 100 79 68 72 83 76 75 80 71 62 58 70 73 80 91 87 91 93 88 71 61 75 73 75 76 71 68 73 84 87
79 85 88 85 80 88 89 83 78 86 91 97 94 105 110 123 140 151 128 107 114 149 98 104 125 115 108 118 144 132 127 122 119 102 132 129 96 112 159 125 95 104 99 74 70 81 81 81 94 112 145 125 98 84 83 73 69 71 65 71 77 74 67 76 84 88 95 72 72 70 66 65 62 64 68 72 62 61 63 68 75 74 77 80 81 72 60 76 75 70 74 74 84 91 78 76
78 81 89 89 78 75 76 78 83 89 83 97 85 88 117 117 91 92 102 137 189 186 104 84 113 108 113 125 135 154 126 88 81 94 135 153 134 143 118 89 78 90 91 82 73 72 75 91 89 95 104 92 80 91 80 67 62 63 66 69 72 75 79 80 75 83 91 69 69 68 63 63 60 58 65 72 61 55 62 66 71 67 71 72 71 84 83 79 80 86 88 86 79 84 84 78
95 88 79 67 66 74 75 81 89 78 77 93 80 80 115 145 152 173 208 213 189 183 152 111 99 83 72 92 101 107 101 78 73 74 88 115 110 97 98 86 86 93 81 75 70 68 76 93 87 83 85 75 83 79 67 61 55 60 67 63 66 82 81 82 84 81 68 64 59 60 60 60 55 55 61 70 66 64 71 72 78 80 94 107 107 104 100 104 112 97 92 93 92 93 85 85
99 90 76 75 76 68 68 73 77 75 71 74 80 94 122 165 166 132 156 188 173 139 107 86 73 93 86 83 79 68 70 69 72 81 75 62 66 66 88 102 85 107 93 77 76 80 76 77 75 86 95 86 83 74 85 70 58 60 64 69 75 78 78 78 81 68 60 65 61 60 60 53 51 57 67 64 72 95 102 96 83 89 92 102 115 104 87 77 89 95 80 74 90 82 71 85
94 90 84 83 77 79 76 78 81 76 76 74 86 94 90 114 104 77 88 127 148 117 80 67 67 88 92 79 70 60 59 59 69 82 75 64 68 70 93 94 73 83 80 73 76 82 83 89 88 90 96 86 81 86 96 81 69 67 69 71 80 88 96 83 77 70 62 70 68 57 56 54 59 73 82 72 78 92 95 94 89 87 93 96 105 95 71 57 58 68 69 70 90 88 80 85
86 71 73 89 96 99 88 77 93 93 76 75 88 84 71 75 90 89 80 82 100 83 68 71 78 93 84 73 66 61 63 64 66 71 72 66 68 68 74 76 80 91 87 72 66 80 93 89 84 91 100 90 71 92 129 106 82 74 79 85 98 106 90 77 81 72 77 77 66 60 66 65 68 81 98 94 78 82 93 93 84 82 86 93 98 112 94 73 60 57 64 68 78 95 102 99
