examples/data/proba_v_italy_sicily/probav_s10_toc_x19y03_20140811_333m_ndvi_v001.txt
ncols         1127
nrows         589
xllcorner     12.348214285714
yllcorner     36.598214285714
cellsize      0.0029761904761905
NODATA_value  -9999
[rows 52 to 103 of 589, columns 288 to 383 of 1127]
26 23 25 30 33 25 23 26 31 34 35 37 102 85 64 49 57 74 86 84 86 83 88 95 88 93 88 81 80 78 83 108 90 82 78 74 88 98 112 121 113 106 97 97 100 79 32 28 32 31 31 27 27 28 27 27 26 26 26 25 24 27 26 25 25 25 25 24 24 24 24 24 24 24 25 25 23 24 24 24 24 24 24 24 24 24 24 24 24 24 24 24 24 25 25 24
29 27 27 22 24 29 31 26 28 37 39 42 44 58 59 67 82 93 96 89 85 83 81 109 122 109 73 71 80 86 89 87 61 78 106 103 109 124 121 117 107 101 116 131 128 117 82 47 38 34 41 46 26 27 28 27 26 25 25 24 25 25 26 25 25 26 25 24 24 25 25 24 24 24 23 25 24 23 24 24 24 24 24 24 24 24 24 24 24 24 24 24 24 26 24 24
32 35 36 40 25 24 31 29 27 28 35 40 46 63 62 60 70 74 82 84 87 98 85 95 120 119 84 68 69 77 74 83 102 112 119 117 96 104 122 115 116 130 145 138 135 145 113 81 79 87 102 103 83 27 29 30 27 25 24 25 24 24 25 24 24 24 25 25 24 24 25 25 24 24 24 24 25 24 25 24 24 24 24 24 24 24 24 24 24 24 24 24 24 24 25 24
26 29 30 41 39 33 31 35 32 27 32 48 71 78 69 72 68 69 71 86 94 107 102 109 127 125 117 98 69 70 78 105 128 130 110 115 101 115 136 120 125 149 141 120 122 164 172 146 135 137 134 133 102 47 26 35 28 27 26 27 25 25 24 25 24 24 24 24 25 24 24 25 24 26 24 23 25 24 24 24 24 24 24 24 24 24 24 25 24 24 24 24 24 24 24 24
27 27 28 41 42 42 38 35 35 33 54 70 77 84 83 94 99 87 79 137 136 106 110 149 175 166 162 141 104 87 95 106 122 113 64 71 97 83 129 139 149 157 142 130 122 130 156 169 167 185 165 134 123 99 48 27 28 28 27 26 24 24 24 24 25 24 24 24 24 24 24 23 24 24 25 24 23 24 26 26 24 24 24 24 24 24 24 24 24 24 23 24 24 24 24 24
30 32 31 30 34 32 30 25 48 69 81 78 73 88 108 119 111 97 101 170 150 111 93 141 186 182 149 146 139 98 115 139 130 113 77 82 86 56 87 146 145 148 142 130 126 129 168 188 156 141 150 165 147 123 95 30 28 28 27 25 26 25 26 25 24 25 25 24 25 24 24 24 23 24 25 24 24 24 24 25 25 25 24 24 24 24 24 24 24 24 23 24 24 25 24 24
35 32 33 30 35 52 77 87 91 106 94 67 84 109 118 128 103 93 153 170 143 111 97 107 156 142 135 141 135 97 93 125 135 132 112 87 83 79 103 128 118 146 135 130 130 133 152 189 159 124 115 122 120 129 98 33 27 27 27 27 26 25 25 24 25 24 24 24 25 25 24 24 24 24 24 24 25 24 24 25 25 25 24 24 24 24 25 25 24 24 24 25 25 24 26 26
45 46 65 65 57 69 96 119 113 100 91 68 60 94 109 110 94 102 157 169 153 130 118 124 175 147 108 109 131 120 91 87 99 104 97 88 85 95 127 144 100 90 111 117 128 138 153 176 162 152 165 130 102 104 88 44 27 27 26 25 24 26 25 24 24 24 24 24 26 26 24 24 24 24 25 25 24 24 24 24 24 24 24 24 24 23 24 24 24 24 24 25 24 24 25 26
83 91 93 81 82 89 104 110 97 89 93 78 87 99 102 106 105 119 166 171 156 174 145 139 186 191 128 105 124 145 125 107 97 81 78 71 89 96 92 112 92 68 84 123 161 161 155 156 188 196 192 159 147 125 91 40 27 30 27 26 26 27 25 24 24 24 25 25 26 25 24 24 24 24 25 24 24 24 24 24 24 24 26 24 24 24 24 24 24 24 25 24 24 24 25 24
107 108 106 91 79 89 91 94 95 89 100 103 121 127 129 121 102 65 60 95 133 158 134 130 160 173 159 109 90 105 143 131 87 76 80 84 88 105 107 86 96 110 129 161 197 165 154 152 169 177 183 153 150 133 90 34 26 29 28 26 26 25 26 24 24 24 24 24 24 25 25 25 24 24 24 24 24 24 25 24 24 24 24 24 26 24 24 24 24 26 26 25 24 25 24 24
94 91 86 75 62 82 103 110 101 99 114 136 140 143 117 107 109 77 58 81 118 130 117 113 155 148 157 142 100 116 116 126 120 89 83 77 70 78 82 79 102 122 153 181 192 172 155 148 144 150 162 141 151 133 85 50 28 28 27 25 26 26 26 25 24 24 24 24 24 24 24 24 23 25 24 25 25 24 24 24 24 24 24 24 24 24 26 24 24 24 26 26 24 24 24 26
95 78 58 57 63 72 97 99 83 98 110 105 96 92 98 113 114 93 104 140 117 141 126 161 185 172 158 137 106 122 158 186 155 133 103 67 58 61 67 66 63 74 110 152 197 189 174 175 160 148 146 128 140 132 98 67 57 28 28 25 26 25 24 24 24 24 24 22 24 24 24 24 26 26 25 25 24 24 24 23 24 24 25 24 24 24 26 26 25 24 24 25 25 24 25 25
77 66 72 82 71 69 104 123 130 129 123 110 100 94 97 113 124 110 92 96 121 132 140 150 143 124 130 169 144 118 122 152 152 152 153 117 76 59 57 64 65 66 86 130 149 174 175 168 154 148 134 119 123 137 114 78 64 32 28 26 26 26 25 26 24 24 24 24 24 25 25 25 25 25 24 24 25 24 24 24 25 25 24 24 24 24 26 26 25 26 24 24 26 25 25 24
61 59 72 76 86 109 129 126 110 125 121 109 109 106 95 97 132 143 103 89 130 136 145 135 115 101 110 165 152 122 121 129 131 130 112 95 88 73 58 69 72 80 92 120 121 125 147 154 145 141 143 144 141 126 111 76 58 35 26 27 26 25 24 26 25 24 24 24 24 24 24 25 25 24 24 24 24 24 24 24 24 24 25 25 26 25 26 26 26 26 25 24 25 26 26 26
56 50 67 89 101 109 97 93 86 110 119 119 137 153 134 99 92 104 113 114 159 172 140 142 166 171 142 132 150 135 130 113 113 103 90 96 97 86 66 71 70 58 70 86 93 92 90 124 144 132 131 133 128 132 107 76 59 43 26 26 26 24 25 25 24 24 24 24 24 24 24 24 24 24 24 26 26 26 24 24 24 24 26 25 25 24 26 24 24 24 26 25 26 26 26 26
53 75 92 99 87 91 92 94 101 117 131 135 135 147 154 127 95 112 143 138 142 123 122 125 126 117 119 125 137 123 110 116 101 96 95 106 99 89 95 96 85 63 61 60 64 81 78 87 153 156 106 98 107 100 91 62 57 46 28 26 26 25 24 25 25 24 24 24 24 24 24 24 24 24 24 26 26 26 26 26 25 24 25 25 26 26 25 25 25 25 25 25 24 26 26 26
75 99 95 84 85 108 104 111 121 124 131 135 136 144 143 123 103 118 133 107 80 75 71 62 53 74 91 91 91 94 94 89 87 91 104 98 77 97 141 123 99 77 62 54 56 58 84 126 148 130 87 77 75 94 97 80 66 37 27 24 24 24 24 25 26 24 24 24 23 24 24 24 24 26 24 24 25 26 26 26 25 24 25 24 26 26 25 25 24 24 25 24 25 25 24 26
102 90 91 93 104 101 98 106 115 115 118 117 115 116 108 96 96 98 99 73 65 49 53 62 61 78 85 85 82 74 69 80 88 99 113 108 69 79 120 126 122 86 58 60 72 65 72 95 100 77 72 75 65 74 76 74 61 25 27 26 23 24 24 24 25 25 24 24 24 24 24 24 24 24 24 24 24 25 24 24 25 24 25 27 27 25 24 24 24 25 26 25 24 24 24 24
105 106 110 105 99 104 109 117 128 120 100 92 87 91 96 95 94 85 73 68 60 52 56 69 71 80 77 78 72 65 65 82 83 91 108 105 81 90 87 86 108 89 57 62 73 79 81 60 57 79 88 66 50 66 70 47 37 29 26 26 24 24 23 24 24 25 25 24 24 24 24 25 24 24 24 24 24 24 24 24 24 25 25 26 26 26 26 26 25 25 25 25 24 24 24 25
83 104 96 94 93 102 113 130 141 127 97 86 89 94 96 93 84 80 75 71 68 71 81 87 82 78 77 79 62 56 82 110 107 107 79 57 73 92 102 123 113 83 61 60 61 81 88 64 59 63 98 73 41 52 57 39 31 29 25 25 25 24 24 23 23 24 24 24 24 24 24 25 24 25 24 24 24 24 24 24 26 26 26 25 26 26 26 26 24 24 24 25 25 25 25 24
92 110 111 116 113 111 121 138 151 138 117 111 106 99 91 82 78 76 74 71 65 72 86 86 101 85 74 71 75 81 84 86 99 103 78 58 74 90 91 91 111 116 82 58 57 64 78 66 76 55 56 56 47 47 45 30 22 25 25 24 24 25 24 24 24 24 24 24 24 24 24 25 24 25 24 24 24 24 25 24 25 24 25 24 24 25 26 24 25 24 25 26 25 25 26 26
115 117 119 120 134 114 100 117 135 126 115 123 130 124 102 79 76 76 75 73 73 75 76 81 103 98 73 60 72 87 84 64 66 82 65 68 90 90 77 56 67 86 75 58 56 49 48 55 72 90 75 68 54 39 33 30 21 25 26 24 24 24 25 24 24 24 24 24 24 24 24 24 24 24 24 24 24 24 24 24 24 26 26 25 26 25 24 24 26 25 26 26 26 25 27 26
104 105 103 100 124 127 108 121 122 96 106 116 113 112 103 77 75 72 71 73 74 71 74 94 96 106 85 80 81 64 70 71 72 90 94 105 98 103 87 63 67 75 72 67 59 56 54 84 104 99 71 55 52 38 28 27 31 27 23 24 24 24 23 22 24 25 24 23 23 23 24 24 25 26 25 24 25 25 25 24 24 24 26 27 25 26 26 26 26 25 25 24 25 25 26 26
108 104 111 113 110 112 121 134 144 126 102 128 116 96 82 73 68 70 73 73 77 72 94 122 111 95 86 89 86 70 73 70 78 95 94 85 83 130 120 83 55 59 61 60 55 49 46 55 61 55 51 45 44 44 40 25 25 26 24 24 24 24 23 24 23 24 23 21 20 22 24 24 26 25 24 24 24 24 24 24 24 25 27 26 25 26 25 26 26 25 25 26 25 26 26 25
93 94 110 130 119 102 89 86 86 92 104 133 141 109 78 69 66 72 70 69 66 70 79 87 99 94 112 108 131 109 83 76 89 90 74 65 81 111 87 69 59 57 59 51 42 76 87 56 51 58 61 51 47 49 50 36 26 25 24 24 24 22 23 22 23 23 22 22 24 25 24 23 24 24 24 24 24 24 25 24 24 25 26 26 26 26 25 26 26 25 25 26 26 26 25 26
109 121 145 137 103 83 76 78 76 78 89 119 116 99 84 72 70 69 68 67 67 69 75 78 82 110 122 114 110 115 102 86 92 104 75 79 119 150 106 74 73 67 54 55 59 85 108 62 54 62 63 52 52 59 65 54 35 21 23 25 24 21 21 24 24 24 24 24 23 23 24 24 23 24 25 24 25 25 24 24 25 25 26 27 26 27 26 27 26 26 27 26 26 25 25 26
142 128 105 90 79 76 78 78 78 83 87 109 109 94 81 73 69 80 85 80 75 76 81 79 76 93 115 119 95 77 97 86 79 97 110 102 104 112 95 62 50 59 58 58 65 63 70 55 48 49 54 53 48 47 53 63 70 82 32 25 25 24 24 25 24 24 24 23 23 23 24 24 24 24 25 26 24 25 24 25 27 26 25 26 26 26 26 26 26 26 26 26 25 25 26 26
130 107 83 74 74 78 82 81 91 108 108 131 144 114 93 98 121 122 104 91 81 66 70 73 68 69 100 130 104 98 114 110 88 95 104 92 93 110 98 93 82 59 66 66 67 72 63 53 51 58 57 54 51 48 51 57 74 93 71 27 27 25 25 25 24 25 23 22 24 26 24 24 24 24 27 26 25 26 26 26 26 26 25 27 27 26 26 26 26 26 26 26 25 26 26 26
120 105 94 86 82 79 77 77 101 117 131 136 131 121 123 126 131 116 108 111 100 75 64 65 68 63 69 80 85 97 100 108 109 105 101 96 83 95 110 115 105 71 63 70 70 75 69 68 60 69 74 58 50 51 53 65 113 117 70 36 23 26 27 26 26 24 23 24 23 24 25 24 24 26 26 26 26 25 25 26 26 25 24 26 26 28 26 26 27 26 25 26 26 26 26 28
109 113 124 128 115 110 113 88 86 106 119 98 90 113 109 104 96 117 134 138 129 115 110 119 109 80 58 58 103 115 96 98 110 109 85 95 95 102 109 111 95 69 74 89 88 78 79 72 75 102 79 55 54 52 53 46 75 100 63 60 46 23 24 26 26 25 24 24 24 24 25 26 24 27 26 26 27 26 26 25 26 26 26 26 26 26 26 26 27 27 26 26 26 27 28 29
107 116 123 124 125 128 133 88 61 91 116 132 135 114 96 88 87 110 136 141 138 133 137 133 130 115 103 119 122 115 121 114 92 84 103 109 114 117 142 157 159 112 68 76 85 71 73 82 94 93 65 52 59 51 46 43 52 71 71 63 60 48 34 22 24 24 22 25 26 25 25 24 25 26 26 26 26 26 27 25 26 27 27 27 27 27 26 26 27 27 27 28 30 29 30 30
122 123 125 119 119 129 132 102 104 119 128 132 120 118 131 110 96 106 119 143 139 132 129 127 126 127 126 117 114 109 113 111 106 113 119 111 110 110 108 108 95 78 73 71 83 75 91 105 76 55 53 66 64 52 42 70 80 59 66 69 61 57 48 44 54 72 43 24 26 26 25 26 26 26 28 27 25 25 26 26 26 27 27 28 29 28 29 29 29 30 30 30 30 29 28 27
107 114 121 135 142 139 136 125 127 135 140 122 110 126 138 145 144 120 147 195 157 117 123 121 115 116 113 106 123 138 125 115 113 119 113 108 118 114 83 77 94 108 90 73 68 89 105 83 60 52 56 63 76 75 72 74 68 49 41 52 63 57 44 43 58 72 64 36 24 23 23 25 24 25 27 28 26 26 27 28 28 29 28 29 29 30 30 28 29 29 29 30 64 64 68 87
93 104 116 120 127 130 139 128 138 142 128 113 115 138 153 160 133 132 180 210 175 130 130 126 124 118 114 104 104 109 116 118 122 117 115 114 109 99 72 75 115 138 110 79 90 97 91 69 69 80 97 101 120 135 99 56 50 78 95 69 56 55 50 46 49 54 56 54 52 56 52 51 64 74 69 61 51 28 25 27 27 28 27 25 27 29 29 61 77 83 94 111 127 112 108 123
97 102 107 123 124 124 131 137 139 133 125 120 134 151 153 151 133 139 180 188 167 136 131 128 119 120 130 137 124 116 119 116 106 107 111 104 91 78 80 96 102 94 103 115 109 99 79 59 88 160 172 154 105 83 86 88 74 78 117 96 63 54 44 41 49 58 57 67 70 101 131 112 100 88 93 88 81 84 85 73 60 88 102 84 85 102 106 116 118 114 131 143 144 137 122 125
123 120 117 128 129 134 134 139 144 129 107 129 157 161 149 151 141 149 163 150 146 130 132 132 130 123 130 138 142 126 120 119 118 129 117 123 109 89 94 114 118 112 107 90 75 67 89 114 149 170 139 98 70 56 62 94 102 74 106 128 107 98 99 67 51 55 50 62 69 68 91 101 108 118 117 82 84 119 110 115 113 128 124 106 114 125 105 108 106 88 118 134 114 100 100 102
109 109 114 121 117 125 132 131 130 124 113 120 159 158 146 144 147 162 160 145 155 143 133 143 141 127 113 107 113 126 132 123 122 138 138 114 96 95 104 117 113 92 89 95 89 105 129 134 133 103 71 75 86 94 96 96 104 114 125 91 98 142 148 118 98 93 86 69 55 38 49 76 76 108 150 135 106 129 143 149 153 116 89 78 80 94 90 60 65 96 136 152 134 128 125 97
107 117 122 122 111 112 125 125 110 105 97 108 135 168 166 160 150 158 157 152 157 159 141 132 126 119 109 100 103 120 122 127 119 117 118 111 97 106 123 111 89 100 123 145 145 139 114 86 85 81 74 75 80 79 93 114 146 127 140 133 106 108 141 124 133 151 142 110 86 80 83 108 88 68 83 102 90 93 119 132 103 72 55 66 105 109 90 84 105 139 154 138 119 122 113 101
117 114 124 124 115 112 111 106 97 92 94 100 140 159 150 149 146 145 150 147 144 144 125 113 108 117 116 98 75 80 119 129 131 122 110 99 103 112 107 114 126 148 163 149 122 122 133 134 145 136 119 80 78 88 91 103 129 124 127 126 109 93 109 135 117 138 156 154 151 146 138 128 102 95 85 84 78 72 100 124 104 85 76 82 98 117 129 140 136 129 141 137 120 136 126 105
111 122 127 125 119 120 119 90 90 103 122 121 134 149 146 140 124 133 146 148 135 114 116 116 117 132 109 77 67 108 117 114 124 124 111 109 116 130 121 132 148 161 157 112 116 139 159 136 141 151 108 101 123 140 122 115 122 123 132 131 114 95 90 109 111 102 103 116 147 158 151 160 154 149 138 98 69 66 61 76 75 78 101 125 107 119 123 124 122 129 147 151 140 123 129 124
136 128 117 109 112 122 115 87 88 104 126 137 137 144 143 126 115 108 115 119 108 98 104 131 130 115 88 78 104 115 113 129 125 125 120 109 108 136 146 140 138 148 141 120 149 179 154 147 172 146 128 145 145 143 119 125 146 148 128 108 98 83 89 127 130 136 122 122 166 155 140 150 148 132 138 138 108 98 87 51 45 52 72 103 120 131 122 108 117 127 144 161 136 108 99 95
137 131 129 124 112 98 94 102 115 126 138 130 125 128 133 125 109 102 113 116 109 101 116 131 138 126 115 112 136 139 133 115 100 102 126 116 120 130 130 121 135 133 126 136 144 154 125 124 138 155 157 129 134 138 132 141 144 131 118 97 90 90 100 134 148 173 190 158 158 140 124 146 127 115 145 166 142 111 111 77 68 59 49 53 88 132 133 122 121 123 131 150 128 88 68 65
119 132 141 139 138 124 120 134 149 156 145 131 134 125 130 149 129 113 104 100 103 121 143 162 166 154 144 146 153 141 124 111 124 128 134 137 135 143 137 116 118 121 129 128 114 119 133 124 113 99 105 126 146 170 154 128 116 122 116 106 95 91 103 109 113 127 137 140 170 145 111 117 142 146 156 173 162 138 135 110 87 94 87 81 86 107 127 132 128 125 145 164 137 97 82 80
87 99 123 138 145 149 148 163 161 165 158 131 123 124 125 131 130 134 124 104 104 118 141 145 151 141 150 149 139 126 140 150 144 136 131 137 157 163 152 124 113 128 142 136 130 107 89 112 148 124 105 112 118 130 138 122 117 116 118 124 116 97 97 109 113 101 88 106 177 162 150 128 136 160 166 156 148 143 136 102 77 67 98 124 116 106 108 123 131 126 147 154 136 108 94 97
99 98 111 139 144 141 135 144 158 169 170 146 117 122 136 143 133 117 107 95 97 125 164 140 140 153 154 142 141 141 141 159 161 156 165 149 136 129 132 122 94 84 85 120 148 136 79 76 116 140 107 90 109 111 117 91 98 113 114 117 105 91 83 85 88 90 85 89 155 177 175 156 154 172 174 153 110 81 71 72 67 67 90 144 149 149 129 125 141 146 136 134 134 128 116 110
116 126 133 124 132 136 123 133 161 173 154 153 145 130 117 118 109 97 88 92 126 135 146 142 152 158 150 151 150 146 130 139 158 164 164 142 131 136 126 114 101 76 66 82 113 105 80 73 74 90 82 70 91 95 92 91 94 107 99 98 95 84 84 83 95 93 84 76 92 135 145 149 156 144 132 128 131 114 86 77 79 75 76 116 163 134 120 124 124 147 139 133 127 120 131 134
113 111 122 127 127 128 133 145 159 136 117 120 130 121 109 101 99 94 95 130 151 149 147 149 141 132 130 143 131 103 98 127 145 154 150 112 111 116 107 107 99 83 72 68 83 79 75 82 92 89 88 88 97 103 92 91 100 105 94 97 96 98 113 108 94 97 84 75 79 86 87 89 104 97 116 137 137 127 105 93 88 71 69 83 120 146 132 121 139 145 130 129 135 130 120 119
107 105 116 123 121 127 136 147 132 109 105 112 117 100 85 89 123 136 142 138 145 137 129 132 133 125 134 131 123 114 145 153 148 141 134 124 114 124 132 119 91 72 77 100 108 119 99 86 95 90 89 83 64 75 91 87 79 80 82 90 121 138 136 130 105 84 82 86 97 87 72 82 116 104 118 132 126 120 99 84 85 81 66 66 79 118 127 130 156 157 139 130 139 133 116 112
117 116 116 106 115 132 135 131 133 128 116 119 120 123 123 147 148 146 134 116 114 112 96 95 107 107 134 166 179 168 157 150 139 119 110 122 133 135 118 94 86 77 94 136 140 127 115 102 97 89 91 94 79 100 101 89 80 75 81 84 103 118 132 118 97 71 67 74 97 105 85 88 89 89 88 105 111 111 106 83 87 96 84 87 90 120 120 136 159 148 140 143 139 132 130 132
119 120 119 108 100 104 105 107 129 113 124 161 165 160 146 142 139 127 125 123 141 154 152 163 165 156 163 178 184 187 163 161 155 137 137 143 144 124 96 78 78 85 112 124 128 113 107 100 101 103 97 106 103 114 107 105 89 73 69 97 88 81 85 95 85 83 91 96 103 120 117 119 113 115 114 112 112 115 118 109 108 110 107 120 127 128 124 139 137 111 115 131 125 122 120 131
118 119 117 102 91 89 101 111 126 152 159 157 143 136 127 141 137 128 125 145 148 146 164 180 183 189 195 188 175 153 146 163 153 137 140 165 148 123 98 78 76 94 101 101 106 96 111 125 102 81 84 109 126 125 125 124 100 93 97 105 103 76 59 68 95 120 125 124 116 123 130 116 109 117 135 135 126 121 121 125 123 118 114 123 133 131 133 146 131 118 126 136 135 138 119 106
121 106 90 95 107 120 137 134 126 119 125 132 128 126 129 138 130 133 139 138 135 143 154 158 167 166 172 172 164 115 88 93 106 129 127 134 134 146 139 120 94 99 106 97 98 101 110 105 96 86 87 104 113 114 105 106 93 80 76 72 103 137 105 80 101 122 130 129 117 119 122 123 130 133 133 125 115 112 110 118 108 109 115 130 136 133 137 136 106 114 141 153 145 143 135 117
