examples/data/proba_v_italy_sicily/probav_s10_toc_x19y03_20140601_333m_ndvi_v001.txt
ncols         1127
nrows         589
xllcorner     12.348214285714
yllcorner     36.598214285714
cellsize      0.0029761904761905
NODATA_value  -9999
[rows 192 to 239 of 589, columns 192 to 287 of 1127]
181 180 188 201 201 194 176 167 167 177 173 163 161 156 161 164 181 197 170 210 191 191 186 181 180 172 170 171 181 179 183 186 182 175 171 166 161 157 160 150 144 163 174 168 159 165 183 184 184 162 153 177 190 205 194 173 157 158 152 156 167 169 177 188 183 157 184 196 195 196 199 203 194 178 161 160 167 164 159 149 132 148 170 167 168 178 174 171 170 170 145 128 159 153 144 179
173 180 182 188 188 187 184 159 147 160 177 183 193 174 159 163 169 172 137 163 181 200 185 178 175 176 175 162 167 168 168 172 172 172 171 166 159 163 170 167 161 168 170 171 174 182 196 190 183 161 153 155 160 180 186 167 156 151 149 166 192 178 176 176 177 161 171 178 189 193 202 203 179 163 160 156 165 179 185 163 137 148 162 166 167 171 169 162 158 166 160 153 164 172 165 163
165 169 181 197 189 180 181 173 171 164 188 201 202 196 172 174 179 172 172 186 192 189 184 182 177 189 184 172 163 164 165 174 170 166 158 158 152 157 154 155 152 160 170 182 190 192 187 176 146 146 159 168 171 178 176 151 155 170 147 146 177 158 150 162 166 161 162 169 178 190 196 200 193 179 165 148 176 193 194 170 146 143 147 134 154 174 167 187 188 190 200 192 173 164 167 157
137 150 173 188 191 182 180 173 178 173 206 197 190 195 188 182 184 191 188 187 185 183 186 183 186 182 170 164 168 167 152 156 164 171 168 164 168 180 166 154 142 153 170 175 165 160 179 165 173 155 164 176 173 175 176 169 165 184 160 155 175 154 156 164 158 155 156 177 167 166 179 190 194 187 170 152 150 195 217 184 165 139 118 140 162 191 172 161 183 192 188 202 197 160 123 148
150 160 184 192 200 194 196 189 202 185 190 174 183 193 202 177 160 152 177 179 170 170 177 185 189 171 140 141 168 181 162 147 148 166 180 175 168 171 169 137 131 140 150 170 170 173 170 169 185 170 170 182 181 177 170 159 157 171 158 174 182 178 174 167 148 150 178 180 178 173 159 140 142 161 187 189 162 167 209 219 185 139 122 151 166 160 153 147 169 179 179 186 168 146 141 135
142 159 187 199 212 212 214 209 210 181 146 157 173 170 173 154 130 124 122 163 166 170 172 170 159 160 156 154 144 151 160 162 146 148 162 171 175 169 147 112 120 141 135 143 164 168 163 187 175 168 175 185 186 183 168 138 157 154 150 142 149 166 163 169 170 170 153 154 170 180 163 133 132 154 153 160 143 131 159 182 158 154 159 180 187 188 183 155 158 176 162 177 183 175 170 172
141 167 194 204 204 207 209 210 210 205 163 146 161 175 162 132 135 135 145 154 156 166 180 182 175 160 143 145 163 150 143 148 161 167 160 152 157 162 119 103 122 141 154 161 172 168 163 183 190 183 168 189 192 205 188 164 187 161 151 160 161 171 135 146 167 150 129 129 133 148 178 167 188 166 136 142 132 148 153 129 111 137 177 200 199 189 182 166 164 179 167 159 166 168 173 166
173 185 193 193 190 195 209 217 216 220 203 172 178 186 181 169 164 169 173 161 145 143 157 175 176 173 157 160 157 132 105 102 128 153 152 156 172 143 123 126 139 141 151 170 169 172 180 174 167 179 196 214 207 200 191 185 182 179 170 175 186 187 157 143 156 170 163 169 173 156 175 180 188 198 175 146 131 171 185 164 168 133 153 197 187 183 183 189 183 170 171 167 160 160 165 170
158 164 160 157 170 179 196 203 189 200 208 197 197 177 181 168 165 159 153 150 150 144 139 156 167 168 163 172 168 122 87 83 103 132 148 150 153 158 153 156 159 151 137 147 145 148 169 179 160 156 176 192 186 189 187 178 195 198 194 186 184 177 171 162 161 168 164 165 167 192 185 206 196 189 195 162 151 176 161 157 195 165 143 161 152 161 152 162 171 179 189 168 149 169 179 182
142 154 150 138 143 143 146 159 158 170 190 180 179 180 180 169 168 158 145 145 155 157 147 132 133 143 145 170 177 122 117 135 142 150 162 174 181 190 175 159 160 151 130 131 144 152 158 162 163 166 159 179 184 173 179 183 194 182 173 183 195 178 162 172 183 184 164 156 157 180 181 175 169 175 174 180 182 168 139 167 200 186 174 189 176 148 161 162 174 176 176 177 169 175 161 155
143 154 157 155 157 156 156 166 167 167 174 164 160 172 179 171 166 169 167 162 157 152 148 141 131 135 144 159 171 137 136 153 159 166 178 177 160 155 160 160 173 182 154 139 151 163 171 194 184 175 167 172 184 179 171 184 181 168 162 169 186 195 185 189 185 184 168 169 171 178 184 170 180 199 178 175 168 155 144 166 173 177 176 186 185 196 169 165 165 166 169 159 172 159 164 173
146 148 152 149 156 165 166 161 163 169 170 166 154 157 165 171 167 169 163 157 160 157 158 147 127 133 148 151 153 158 138 153 173 158 157 164 167 167 167 175 190 179 159 161 174 179 168 195 163 143 166 171 145 147 152 162 159 161 152 154 186 200 204 203 194 158 144 167 185 152 162 167 180 180 186 184 175 166 151 151 151 147 167 173 186 195 193 176 163 172 174 185 192 188 181 177
148 145 149 149 154 162 167 170 165 160 183 183 148 142 151 161 156 159 156 153 157 156 153 151 143 151 153 151 158 152 134 160 177 162 161 161 154 142 151 167 167 150 132 150 161 165 164 180 156 147 166 141 132 142 154 150 165 188 164 159 167 153 159 181 188 172 162 183 187 161 155 172 180 162 176 188 172 169 165 164 153 167 162 157 172 174 184 147 167 175 190 201 204 197 186 184
143 142 145 153 147 153 162 172 171 169 172 172 152 135 140 151 152 154 150 153 158 149 139 154 165 176 172 152 141 132 122 142 159 171 168 178 162 131 121 140 153 149 137 138 146 150 160 164 155 158 157 147 128 139 156 149 154 196 183 162 161 152 151 178 188 184 176 183 189 179 177 184 186 179 160 164 170 178 188 197 196 193 190 186 188 188 196 184 171 164 186 203 195 196 183 179
148 149 151 161 150 153 150 150 159 163 169 170 162 147 157 165 158 158 149 144 152 146 128 133 160 151 157 153 151 158 151 143 141 140 120 130 154 153 142 155 154 148 146 151 157 150 138 132 139 155 151 159 136 151 162 153 157 168 188 191 190 174 159 154 171 179 170 175 176 159 146 180 176 190 185 169 147 184 189 182 189 176 187 170 163 191 197 176 171 159 180 183 182 184 171 168
145 150 157 162 144 139 156 158 158 164 165 166 164 156 160 163 154 146 140 144 166 168 162 149 132 131 151 164 151 151 154 142 139 143 134 120 140 151 155 154 160 155 154 165 174 168 143 134 137 145 139 151 158 151 147 175 171 164 170 180 177 158 159 152 164 189 185 181 197 169 161 169 158 162 189 189 194 193 197 191 203 205 185 189 165 185 203 206 195 175 184 192 194 203 190 163
134 136 154 170 162 149 155 172 171 167 160 155 153 138 139 150 153 152 151 150 158 160 159 152 147 146 144 150 149 141 137 133 148 165 160 152 137 125 145 163 163 153 127 144 193 186 149 130 130 147 161 162 153 145 149 157 183 186 177 158 164 175 154 160 163 162 156 147 168 160 168 177 172 176 202 195 200 206 208 192 193 191 203 209 210 202 215 205 163 132 164 199 201 200 201 182
135 120 116 145 160 160 155 162 163 160 157 158 159 149 149 151 155 153 151 145 139 146 152 156 152 138 127 135 158 149 138 150 170 179 162 154 155 146 147 158 151 150 168 196 194 150 133 127 125 143 178 166 155 156 155 165 173 173 170 165 135 159 183 152 140 157 152 137 152 176 182 199 209 214 199 189 182 203 203 193 181 176 182 198 204 194 195 175 133 119 157 207 206 194 204 211
130 133 137 146 153 156 149 155 155 158 161 163 165 159 156 158 153 147 135 137 144 143 144 153 158 152 145 155 164 152 146 153 157 174 168 138 164 152 139 155 147 134 145 169 185 154 139 133 141 151 172 166 161 159 165 173 179 171 158 156 135 115 145 140 149 160 180 183 150 169 184 193 194 224 207 210 207 205 196 183 184 193 188 208 205 189 206 218 194 169 166 188 203 198 202 205
149 150 156 149 149 161 164 158 159 154 155 165 172 165 155 155 154 151 146 150 149 146 149 151 150 151 150 156 158 149 153 169 177 169 161 150 137 131 137 160 155 143 138 148 159 152 141 128 128 139 145 147 163 163 162 170 174 165 150 155 167 138 151 160 152 158 191 193 155 151 158 176 201 198 232 205 206 220 221 220 216 204 192 196 211 191 196 211 223 215 212 209 211 211 214 210
154 155 165 163 155 159 169 160 163 160 151 160 176 182 167 150 155 160 151 143 150 159 163 160 154 161 165 165 170 168 175 189 190 176 160 157 160 159 165 159 162 160 144 138 147 148 138 136 134 133 138 142 158 163 159 158 164 163 154 157 172 191 203 202 185 166 161 177 168 182 188 194 215 208 202 200 171 188 201 193 178 182 197 200 211 208 206 210 220 226 221 218 215 215 217 212
158 164 171 175 170 168 169 161 166 177 175 173 168 159 154 154 160 167 170 161 168 157 153 150 168 174 179 169 163 151 160 180 185 173 170 170 171 172 169 164 160 153 152 151 157 149 139 135 131 121 138 146 144 158 159 153 157 156 151 160 178 196 217 222 222 212 198 177 151 169 168 195 200 225 212 192 210 202 220 194 183 210 210 212 203 210 205 214 217 222 222 225 220 234 232 203
162 159 162 165 163 166 172 166 163 173 166 152 133 149 172 178 178 176 183 183 187 178 178 156 152 153 153 173 168 161 160 170 174 171 172 170 169 175 175 166 156 140 139 144 151 149 154 130 117 128 163 163 149 144 141 131 136 161 163 156 154 171 191 198 176 178 182 191 171 173 163 183 187 197 224 204 210 233 208 209 221 213 206 206 195 195 194 208 217 223 232 225 239 244 232 234
155 166 169 157 147 149 162 168 168 165 163 164 154 152 162 171 169 158 172 182 174 180 176 170 151 138 131 149 166 167 167 164 157 149 158 170 176 173 172 168 168 173 166 145 142 161 150 124 120 130 149 148 158 163 145 128 147 170 164 178 176 174 184 188 197 201 198 187 168 196 201 203 204 210 207 206 206 225 195 204 209 207 216 207 206 208 192 197 203 222 238 239 240 246 226 234
122 132 154 148 138 136 149 165 159 143 137 145 166 172 174 177 171 144 141 152 152 156 150 158 157 148 137 137 156 162 158 159 160 156 153 155 151 148 151 166 168 173 181 160 128 128 138 135 128 134 159 157 160 169 156 143 154 149 139 142 149 172 182 178 191 190 188 185 171 179 194 207 203 208 216 219 218 199 218 213 223 217 216 211 218 215 203 194 192 221 244 245 236 237 233 231
126 131 136 147 155 156 156 169 152 147 127 160 167 184 198 193 197 157 129 123 122 108 101 118 145 147 135 134 148 151 153 153 153 155 160 164 163 160 159 149 140 148 150 148 144 151 165 150 130 125 133 141 146 156 157 165 168 162 147 146 134 158 173 175 165 164 176 193 195 195 201 201 203 210 218 212 209 225 208 218 220 220 216 213 200 211 208 212 222 236 242 240 240 237 237 233
136 130 143 147 140 151 155 187 176 162 156 155 161 165 173 174 156 160 152 141 109 86 82 80 88 106 109 113 127 136 144 147 144 147 158 161 159 162 169 154 129 127 138 147 155 156 167 163 147 136 138 144 152 165 161 139 140 146 166 185 176 170 163 152 165 187 196 198 188 190 200 195 216 218 200 198 215 213 227 232 230 228 225 208 208 215 214 217 240 248 249 245 250 250 248 239
142 147 155 165 157 160 180 181 178 172 158 156 155 152 144 137 139 158 157 161 154 144 107 77 86 116 130 140 137 129 139 151 154 147 145 152 162 167 177 172 154 145 140 132 159 139 151 161 163 149 154 148 142 154 150 132 132 144 172 184 192 188 173 174 189 199 191 199 192 201 207 218 215 205 171 171 216 222 230 240 236 240 238 231 237 238 231 234 242 247 248 245 250 248 247 244
149 147 135 150 145 149 168 167 177 184 185 173 160 160 158 150 135 109 119 128 138 151 115 116 117 132 148 139 139 114 98 112 119 111 108 145 166 168 168 164 157 157 155 156 163 162 163 173 168 146 147 147 141 139 142 140 130 157 179 159 170 186 192 183 191 197 203 186 194 198 191 200 183 195 208 215 230 234 235 239 236 239 242 236 238 241 240 243 242 246 247 250 249 236 232 229
163 161 173 180 182 161 167 158 155 163 168 169 176 183 172 149 128 119 117 126 123 144 148 148 141 136 139 134 131 130 114 110 102 79 69 98 143 160 161 158 158 158 154 160 160 144 158 180 167 163 165 153 150 131 148 151 141 150 164 164 172 177 194 185 194 204 209 192 174 185 176 190 186 206 236 235 228 233 237 240 243 239 238 229 223 232 235 232 240 237 249 239 245 249 236 217
181 167 188 190 199 163 159 165 159 151 144 148 159 163 166 159 142 143 140 144 148 136 134 125 122 129 142 142 133 135 131 127 111 76 71 80 114 141 154 152 155 164 170 172 169 162 157 166 188 186 189 180 128 125 122 134 144 155 167 171 177 180 187 194 189 191 194 197 213 204 184 192 196 204 225 228 229 238 245 241 227 229 227 216 217 222 199 205 220 228 245 228 227 247 240 227
170 183 193 182 187 182 155 148 153 139 128 130 138 151 150 143 135 133 131 143 152 150 149 135 125 123 128 133 134 134 139 143 133 118 93 93 120 129 139 148 150 153 163 175 166 173 177 162 165 168 160 149 137 139 129 136 148 144 170 172 173 183 190 188 188 180 187 180 190 195 177 187 187 199 219 223 212 216 229 231 239 219 220 221 223 219 206 223 226 223 234 236 249 247 234 214
182 183 179 180 183 178 165 161 164 156 125 89 102 131 136 143 139 125 125 136 142 139 146 136 135 125 129 127 126 130 142 146 135 133 128 120 139 130 132 146 152 150 158 167 157 153 167 160 168 158 132 147 137 140 135 135 145 153 180 173 178 180 187 184 187 183 200 198 183 184 152 160 161 174 198 210 209 207 210 206 215 231 232 228 227 211 218 232 220 230 229 235 230 220 211 198
145 135 160 164 169 153 150 160 152 165 149 69 53 74 108 140 140 129 98 86 122 142 145 146 148 141 138 132 124 132 143 127 118 125 139 134 134 141 147 154 154 148 152 164 163 151 153 147 161 176 157 151 139 122 132 142 143 152 154 156 154 161 175 171 175 180 182 191 181 164 161 165 172 175 185 207 205 207 208 202 209 212 235 210 213 234 233 236 239 239 227 208 194 192 200 200
139 136 159 135 156 168 165 166 168 183 170 119 80 113 128 146 140 131 100 108 130 143 126 129 140 138 140 140 142 140 139 146 143 149 147 139 133 132 151 164 160 159 160 155 149 141 141 150 157 162 159 141 144 141 144 141 134 144 147 146 149 136 154 162 161 163 161 172 177 168 169 167 173 185 187 200 208 209 209 220 227 216 233 226 232 230 228 237 228 223 213 201 177 175 186 201
135 133 140 181 170 175 186 164 179 170 175 194 174 166 157 139 148 155 153 148 147 148 136 127 150 163 150 139 136 131 141 162 156 148 154 146 144 137 142 152 151 151 151 148 147 135 128 155 164 156 153 151 147 154 167 159 145 137 135 128 129 133 131 144 136 137 156 166 180 174 164 156 167 180 180 196 216 214 200 187 204 222 221 218 226 233 228 224 214 199 193 195 171 160 174 189
146 157 172 184 178 184 194 201 171 183 205 200 176 155 145 127 138 147 155 157 153 148 147 131 130 147 150 135 134 137 143 178 184 165 155 154 149 143 138 144 151 153 152 143 132 134 128 140 147 147 157 159 150 141 144 140 142 141 129 136 139 136 127 135 138 135 140 174 189 183 165 164 178 173 171 183 194 196 197 198 198 197 197 210 205 205 206 208 202 197 199 203 207 185 176 175
145 149 164 167 145 151 181 199 209 190 169 153 143 151 168 157 148 138 171 187 177 155 158 151 140 139 143 157 153 140 146 157 175 174 152 152 165 152 135 138 153 156 148 141 138 133 123 121 131 134 138 151 148 132 128 139 141 150 143 149 134 120 123 128 146 141 148 175 169 187 189 196 186 168 177 183 175 174 173 188 195 194 189 188 190 189 190 194 200 203 206 194 185 191 195 185
162 149 155 161 154 148 163 178 174 178 172 169 167 175 202 195 182 156 158 152 146 154 171 175 152 143 145 149 152 131 136 145 158 163 146 142 164 158 132 128 148 155 132 128 131 145 150 141 129 123 127 134 137 129 124 140 149 149 135 129 125 137 140 126 142 159 159 157 156 170 165 171 167 171 166 177 179 176 167 183 190 183 187 178 171 174 179 181 192 192 186 177 169 176 202 207
162 162 158 159 160 141 125 142 148 174 182 197 181 183 192 196 190 177 147 131 138 172 185 192 162 143 147 143 144 141 139 145 147 151 137 136 147 161 150 138 124 123 127 136 145 143 149 146 135 134 150 146 139 127 120 132 139 131 125 125 121 130 145 130 139 162 161 155 140 144 138 151 171 179 188 190 207 185 174 184 199 192 191 181 164 164 176 180 187 187 193 185 171 168 178 192
164 164 165 160 150 141 131 142 152 171 209 204 171 169 183 195 202 204 182 157 162 195 192 208 197 167 158 148 142 149 148 158 158 149 149 153 146 150 171 153 148 130 126 143 133 137 140 141 135 136 142 139 142 132 124 122 125 124 131 137 139 126 123 131 142 159 170 146 123 129 154 171 186 187 195 202 202 198 183 183 190 192 195 198 177 170 172 176 179 176 193 192 164 162 172 172
166 174 174 162 144 134 132 145 173 199 195 201 193 191 183 204 208 208 204 181 169 184 210 209 209 193 170 159 147 146 149 167 171 162 145 135 128 135 168 176 157 135 129 132 135 133 135 128 130 135 138 135 138 141 125 134 136 134 132 128 134 135 137 139 141 138 130 111 114 149 187 194 185 183 185 182 178 179 185 182 187 187 191 204 190 167 160 161 177 172 178 189 182 162 165 165
144 163 149 161 158 125 134 149 158 188 188 183 189 199 188 192 208 208 209 185 160 191 209 211 208 204 180 166 154 145 145 161 159 144 147 144 140 131 144 158 137 134 137 135 129 135 143 136 133 148 140 145 153 144 141 147 149 142 131 126 123 120 126 143 157 136 123 124 138 165 178 174 166 162 170 177 178 179 184 176 164 169 189 189 183 167 151 141 177 188 162 149 167 175 163 159
155 152 156 149 150 141 145 153 161 158 155 152 153 178 193 204 188 192 210 176 150 154 129 115 152 164 168 160 150 143 146 148 152 146 147 154 150 137 139 147 134 125 126 128 127 132 149 152 139 146 150 142 138 140 135 157 153 146 135 128 122 107 125 130 135 119 136 153 162 166 152 164 174 171 176 194 189 189 193 191 171 169 174 165 157 165 152 143 156 176 164 153 166 161 161 169
163 147 143 135 132 136 131 144 152 126 113 133 135 148 157 167 183 183 187 172 140 93 86 117 143 128 139 145 145 143 141 120 127 151 153 152 157 167 154 149 149 141 131 127 120 121 151 155 137 132 130 131 132 135 149 140 146 148 133 135 161 150 122 92 84 97 140 174 172 163 138 144 173 179 183 169 156 164 177 187 174 157 151 149 147 154 158 165 151 161 158 162 172 156 151 173
170 163 139 139 139 110 115 121 120 113 129 133 128 122 120 125 143 159 172 165 140 116 131 153 157 146 148 153 147 132 147 144 123 135 148 149 140 140 147 157 156 144 143 158 149 133 147 145 127 136 143 130 126 121 120 136 141 142 137 137 144 141 134 87 93 122 142 147 153 146 139 148 165 162 158 152 141 141 150 156 165 163 149 156 151 142 143 147 150 160 158 169 182 168 156 161
155 153 151 151 148 136 129 117 116 127 139 133 128 125 122 118 128 145 155 164 163 160 146 136 142 157 154 163 169 149 151 163 167 159 150 156 156 146 134 147 150 128 131 163 165 141 143 125 84 123 142 141 124 121 134 148 143 132 142 138 141 137 133 130 139 152 160 169 152 144 146 156 176 183 175 163 150 132 146 149 150 147 146 145 156 158 146 133 124 114 133 156 164 163 160 173
138 143 157 152 142 152 135 110 114 130 146 140 137 149 143 130 126 139 154 168 162 137 126 135 139 137 135 145 164 178 162 148 152 139 138 133 138 139 130 147 161 137 139 152 162 125 132 135 96 98 130 139 130 105 135 145 138 125 136 141 133 138 145 153 154 160 165 108 106 125 146 153 184 191 185 170 163 158 156 152 147 148 143 139 155 166 155 158 183 122 133 168 170 146 148 158
