examples/data/proba_v_italy_sicily/probav_s10_toc_x19y03_20140621_333m_ndvi_v001.txt
ncols         1127
nrows         589
xllcorner     12.348214285714
yllcorner     36.598214285714
cellsize      0.0029761904761905
NODATA_value  -9999
[rows 204 to 254 of 589, columns 0 to 95 of 1127]
-9999 25 26 26 24 25 25 26 25 24 24 26 25 24 24 25 25 24 25 25 24 24 26 25 25 25 25 25 22 23 24 24 26 23 27 25 27 27 27 27 21 45 73 91 113 109 105 106 98 115 130 114 106 127 141 138 126 97 95 94 89 80 83 105 110 79 74 81 85 100 149 149 103 93 92 88 92 91 105 111 95 109 118 111 99 102 113 128 134 145 155 154 162 144 132 133
-9999 25 25 25 25 25 25 24 25 24 24 24 24 25 24 25 25 24 25 24 25 26 25 26 24 25 23 23 23 23 23 23 24 27 27 24 25 26 25 27 25 21 66 99 109 118 126 129 124 112 107 109 107 116 124 122 109 124 127 113 105 82 77 104 125 113 93 94 102 135 143 128 104 90 93 93 93 96 102 113 120 120 115 101 90 89 97 116 135 150 161 153 170 148 137 143
-9999 25 25 24 25 25 25 25 26 25 24 24 24 24 24 24 25 25 26 25 26 26 25 25 25 25 25 25 26 24 25 24 24 24 23 27 29 29 26 28 25 21 63 98 113 123 129 118 124 113 99 108 116 125 125 116 108 121 121 124 121 125 116 114 120 134 120 111 126 127 106 109 99 87 78 81 90 99 115 131 143 132 121 101 90 88 91 107 120 137 141 141 148 139 132 139
-9999 25 25 25 24 25 26 25 25 25 25 25 24 25 25 25 23 25 25 25 26 26 26 26 25 24 22 23 26 25 24 24 23 24 23 27 25 25 26 27 26 26 66 97 125 142 139 120 125 130 130 122 114 130 138 124 103 93 100 116 120 131 123 112 105 115 120 111 110 106 88 99 100 89 80 92 91 99 143 145 135 133 121 104 94 103 101 96 102 119 128 140 152 149 137 140
-9999 25 25 25 24 24 26 26 24 25 25 24 23 25 24 24 23 24 25 23 26 26 26 25 23 23 23 22 25 24 23 23 24 24 24 28 25 25 27 26 25 65 84 123 149 148 132 128 137 124 120 127 115 101 104 104 97 88 90 104 115 126 124 109 110 133 128 101 84 101 102 111 121 94 94 106 101 100 105 125 137 136 120 103 100 128 122 102 99 113 112 120 137 153 140 142
-9999 25 25 25 25 25 23 26 25 25 25 24 25 24 24 25 26 25 24 24 25 26 26 26 25 25 23 22 26 27 26 22 23 24 23 23 24 25 26 25 60 90 108 132 136 165 165 145 131 122 112 125 120 106 96 91 84 87 99 106 94 93 108 120 125 144 129 112 116 125 117 100 105 85 84 95 100 116 105 111 134 128 108 117 140 136 137 126 110 105 100 104 119 133 135 130
-9999 25 25 24 24 24 24 25 25 24 24 24 24 24 24 25 25 24 24 24 23 25 26 25 25 24 25 25 23 23 24 23 23 24 24 24 27 24 26 25 52 78 113 131 136 174 174 137 127 138 114 113 125 119 100 82 74 85 100 103 95 95 99 101 104 108 108 106 103 109 109 122 120 101 89 91 92 97 112 142 159 142 104 88 110 138 127 129 126 105 89 84 80 86 112 132
-9999 26 26 24 25 25 25 25 24 25 25 26 24 24 24 24 26 25 25 25 25 25 25 25 26 25 25 26 26 22 23 24 24 23 24 25 25 27 26 25 23 62 102 165 176 157 142 138 130 132 117 101 104 98 94 103 101 78 76 80 101 112 98 83 82 94 122 144 114 107 131 138 148 138 112 93 85 92 137 152 145 142 120 93 123 122 99 95 103 95 84 82 76 96 130 148
-9999 25 25 25 25 25 26 25 25 25 23 24 25 26 24 24 24 22 25 26 25 25 25 26 26 25 25 26 26 26 23 24 23 26 24 24 24 25 26 28 71 87 119 136 126 130 136 114 102 113 116 102 97 122 123 98 87 81 73 79 95 97 109 115 105 118 127 142 140 130 125 124 135 122 113 91 83 86 82 109 104 98 110 102 104 94 86 87 93 90 83 84 82 106 139 140
-9999 24 26 25 25 25 24 24 24 24 24 24 24 25 25 25 26 25 25 25 24 25 26 23 23 25 23 23 23 23 26 23 23 22 23 23 25 25 26 26 38 76 110 129 134 133 126 125 118 95 95 116 118 113 122 119 101 83 77 77 67 62 92 119 113 115 121 104 96 118 131 128 124 122 130 121 101 116 127 143 123 88 98 93 90 89 82 86 96 91 79 81 89 117 154 124
-9999 25 26 25 25 25 24 24 24 24 25 24 24 24 25 26 26 24 25 24 23 23 23 23 25 25 23 24 23 26 26 24 24 24 23 22 23 25 25 27 25 70 96 122 126 134 134 119 105 97 95 108 119 106 108 102 109 109 109 110 94 83 96 126 136 110 106 110 101 121 133 126 115 122 134 133 127 118 123 146 144 97 92 98 94 94 92 87 84 84 86 91 113 126 112 89
-9999 25 25 25 26 23 23 24 25 23 24 24 24 24 25 24 26 25 25 23 22 25 25 25 24 23 24 24 23 26 26 22 23 23 23 23 24 25 27 27 27 27 85 106 97 97 101 97 101 106 102 105 125 126 122 100 103 125 138 147 130 114 103 119 144 123 113 115 117 120 127 125 114 104 113 123 126 118 107 114 130 107 93 96 92 93 93 89 84 86 89 91 101 101 91 90
-9999 25 25 25 21 25 23 23 23 24 24 24 26 25 26 26 26 26 24 23 25 24 23 25 23 23 26 24 25 26 22 25 22 24 26 24 28 26 28 28 24 27 77 97 110 104 108 124 115 107 117 129 125 113 131 134 122 122 132 136 135 133 111 97 131 139 128 107 94 89 118 140 119 85 79 110 118 118 124 123 124 110 88 91 94 93 91 91 98 102 111 127 141 133 110 94
-9999 22 25 22 25 21 21 23 24 24 25 24 24 24 25 25 25 26 25 25 26 23 23 24 25 25 26 24 23 23 23 22 22 24 24 25 25 26 28 27 24 70 89 114 145 133 109 127 125 113 116 126 128 122 124 134 149 150 143 143 128 129 128 110 111 124 118 120 123 113 132 132 127 116 112 117 109 119 131 120 119 94 86 90 92 91 91 91 103 118 122 128 121 102 101 93
-9999 21 24 24 25 22 24 24 23 24 24 26 26 24 25 26 25 24 24 25 25 24 24 24 24 26 26 25 26 26 22 22 22 24 24 23 25 26 27 26 25 32 64 94 130 139 119 111 107 115 124 116 116 125 131 138 139 139 136 137 133 125 124 132 115 111 113 120 132 128 134 132 120 118 139 129 113 120 131 125 134 118 95 95 91 79 77 99 114 99 87 89 84 89 91 94
-9999 22 25 24 22 23 22 22 24 24 24 25 23 25 25 25 25 23 25 25 25 23 24 24 25 25 25 26 26 23 22 23 22 26 23 23 25 25 24 27 26 24 28 81 118 141 126 107 125 132 122 123 119 119 138 148 134 124 136 140 124 126 129 126 133 122 123 120 116 118 128 124 97 88 101 107 124 136 144 145 147 131 95 87 87 86 101 118 104 97 92 88 88 96 102 127
-9999 22 24 22 22 25 22 24 24 22 24 25 25 25 24 24 24 25 25 25 24 25 24 24 24 24 22 22 25 26 23 22 23 24 24 23 23 23 23 25 26 27 26 24 71 112 133 114 119 123 116 132 135 112 120 141 141 133 133 136 134 129 131 124 128 127 128 124 120 119 112 100 87 100 120 110 109 130 139 135 137 127 97 88 92 99 97 91 92 99 96 94 110 132 129 140
-9999 22 21 24 25 25 25 24 24 24 24 25 25 24 24 24 25 24 25 24 23 24 24 24 24 25 26 22 22 26 26 26 23 24 24 23 23 24 23 24 24 25 27 26 23 56 99 111 126 140 143 136 126 116 122 126 128 133 121 132 140 130 130 108 110 140 143 141 124 109 109 98 91 99 112 106 108 141 144 111 130 123 105 102 112 118 94 76 75 86 96 113 127 140 140 129
-9999 26 25 26 26 25 24 24 24 24 24 25 24 24 24 24 24 25 25 24 24 24 25 24 25 22 23 23 22 22 23 26 26 23 23 23 23 23 23 23 24 24 25 25 26 26 64 82 110 143 153 140 123 128 141 134 135 135 130 137 139 127 126 126 123 131 142 152 122 93 108 105 89 85 92 99 118 144 160 134 143 136 103 113 128 112 89 81 78 101 117 121 124 130 135 138
-9999 26 25 23 22 22 23 24 23 24 24 24 24 24 24 24 24 24 24 24 24 22 23 22 22 22 23 22 23 23 23 26 26 23 23 23 23 24 24 24 25 25 26 25 27 27 26 23 28 97 132 131 139 144 142 142 137 126 123 126 126 130 125 135 138 122 132 161 149 127 131 125 112 97 87 99 124 139 155 150 144 135 134 128 101 91 85 80 84 110 131 127 129 134 131 135
-9999 25 22 22 25 24 24 24 24 24 24 24 24 24 24 22 24 24 22 24 24 23 22 22 23 23 23 23 23 24 23 23 23 23 23 23 24 24 24 24 23 24 25 25 26 27 27 26 29 92 116 116 136 148 151 140 135 126 120 128 126 124 122 127 135 131 120 133 139 119 113 126 131 125 96 89 110 126 126 129 134 139 136 117 91 81 80 81 82 104 123 124 133 131 124 135
-9999 25 22 25 22 23 25 25 24 24 25 24 24 24 25 23 24 24 22 23 23 22 23 23 22 23 23 23 23 23 23 23 23 22 22 22 23 24 24 24 24 24 24 26 26 26 27 27 26 44 67 74 115 146 156 146 133 126 124 130 131 120 121 130 136 140 124 118 131 118 122 146 138 116 98 90 101 114 111 119 120 129 120 98 80 71 80 90 83 93 117 122 125 133 126 118
-9999 22 21 22 21 24 24 23 24 24 24 24 23 23 23 23 22 22 23 23 22 23 23 22 22 23 23 23 23 24 23 23 22 22 22 22 23 24 25 25 24 24 24 26 25 25 27 26 26 20 42 61 92 136 158 141 130 134 136 132 131 126 115 118 122 136 134 127 127 122 126 129 124 109 97 97 94 94 99 107 116 117 103 90 92 90 90 89 86 92 102 115 126 135 125 119
-9999 25 22 21 22 22 22 24 24 23 24 22 23 22 24 25 22 22 22 22 23 24 23 23 23 23 22 23 23 24 23 23 23 23 23 23 22 23 23 24 23 23 23 24 25 25 26 25 25 25 24 76 107 127 153 140 121 133 138 130 126 129 121 121 124 123 125 129 130 109 110 106 107 108 111 122 110 108 106 92 97 88 83 88 90 100 102 89 77 91 107 113 129 142 147 136
-9999 26 24 21 22 21 22 25 24 24 22 24 24 25 24 25 22 21 21 25 23 23 23 23 24 24 23 23 23 22 22 22 22 22 22 23 23 24 23 24 24 24 23 23 24 25 24 25 26 26 27 25 24 82 132 141 127 136 136 131 130 124 131 127 124 124 125 127 125 102 91 99 105 95 104 111 106 114 123 110 89 88 77 75 82 98 103 94 82 93 120 130 127 132 144 136
-9999 24 22 21 21 24 21 24 24 24 22 22 24 24 22 22 22 22 22 24 22 22 24 24 24 23 24 22 25 25 23 22 24 25 22 23 24 24 23 23 24 23 23 24 24 25 24 24 25 26 25 26 26 22 96 125 138 141 132 131 131 123 126 114 87 93 118 118 106 94 90 96 102 105 110 121 120 112 113 125 100 97 93 83 76 74 93 98 92 86 116 137 128 117 123 134
-9999 24 22 22 22 22 24 24 24 22 22 24 24 24 22 24 22 23 22 22 22 24 24 24 25 24 22 23 25 25 24 22 24 26 22 23 24 23 22 23 23 22 23 24 24 25 24 24 24 25 27 26 26 26 24 81 92 109 132 133 132 134 134 131 114 106 106 96 98 96 89 90 97 103 113 138 124 103 80 109 132 102 96 104 76 69 78 81 96 94 89 105 106 117 134 139
-9999 21 21 21 22 22 24 23 21 21 22 22 22 24 25 22 22 21 24 24 24 24 24 24 23 23 23 22 25 25 22 23 23 23 22 22 23 23 23 23 23 23 22 23 23 24 25 25 25 26 27 26 25 26 26 25 16 67 116 121 103 111 126 144 139 107 82 67 62 60 58 61 78 93 98 110 107 88 74 99 116 86 89 97 80 65 89 109 101 102 98 94 100 98 121 136
-9999 22 22 21 22 22 24 24 21 22 22 22 22 25 21 24 23 24 22 24 24 23 22 24 22 22 25 25 22 23 23 22 22 23 22 25 21 22 23 23 24 23 23 24 24 24 25 25 23 25 27 26 25 26 26 26 24 21 65 79 68 75 86 93 84 51 19 17 9 20 21 20 20 49 77 86 96 83 65 55 60 53 70 87 78 75 81 94 87 88 110 119 118 96 111 137
-9999 22 22 22 22 25 25 25 22 22 22 21 22 25 25 24 24 24 25 25 25 24 25 22 25 25 25 26 26 22 22 22 24 23 22 22 22 21 22 23 24 23 23 24 24 24 24 25 25 25 26 26 26 25 25 26 25 24 21 20 20 20 52 54 23 22 25 26 27 26 26 27 26 24 53 74 88 75 56 48 51 51 47 57 63 60 64 79 77 79 95 109 122 108 125 139
-9999 21 22 24 22 24 25 21 22 22 22 23 23 22 22 24 23 24 23 24 24 23 24 23 22 22 22 22 25 21 22 21 24 22 23 23 23 23 22 23 23 24 24 24 25 24 24 24 24 25 26 25 26 24 24 26 26 25 25 25 26 25 23 23 25 26 25 25 25 24 25 26 25 26 24 25 70 64 56 49 49 53 51 50 59 66 60 68 82 94 108 106 103 93 113 128
-9999 22 21 24 21 24 24 25 21 22 23 22 23 22 22 24 24 25 24 24 22 23 23 24 24 22 22 22 22 22 22 22 22 22 23 22 22 22 22 22 23 23 23 23 24 24 24 23 24 25 26 25 25 25 25 25 24 25 25 25 25 25 25 25 25 25 25 25 25 24 23 24 25 26 26 27 26 51 48 39 42 56 58 63 54 54 63 77 81 84 97 110 110 103 112 132
-9999 24 21 21 25 25 25 22 22 25 25 22 22 22 24 24 24 23 25 24 24 23 23 24 24 26 25 22 25 25 22 23 23 23 23 23 22 23 22 22 22 22 23 23 23 24 24 25 24 25 25 25 25 25 24 24 24 25 26 25 25 24 24 24 25 25 24 24 24 24 23 24 25 25 26 25 25 27 26 24 24 26 55 79 97 88 84 85 72 66 83 101 118 135 125 120
-9999 25 22 22 25 25 23 22 21 25 22 22 22 24 24 24 22 24 23 23 23 23 23 23 24 22 23 22 26 25 24 23 22 24 24 23 22 22 22 22 23 22 22 23 23 24 24 25 25 24 24 25 25 24 24 24 24 24 25 25 24 24 24 24 25 24 24 25 24 25 24 25 25 24 25 24 25 26 28 27 25 25 24 56 84 84 85 104 89 73 85 109 111 110 114 121
-9999 22 21 24 23 24 22 22 22 22 22 22 22 23 22 24 22 22 24 24 24 24 22 25 23 25 25 21 25 24 25 22 22 24 24 22 23 22 21 22 23 23 23 24 24 24 24 24 23 24 25 25 25 25 24 24 24 24 25 26 25 25 25 24 24 24 24 24 25 24 24 24 25 24 24 24 25 25 25 27 26 23 25 24 23 49 76 106 118 109 93 101 104 105 112 127
-9999 23 21 23 23 25 22 22 22 23 22 21 22 23 25 23 24 24 24 24 25 24 22 24 23 25 24 22 22 25 22 23 24 24 24 24 22 25 22 23 22 23 22 23 23 23 24 24 24 24 24 24 25 25 25 24 24 24 25 25 25 25 25 24 24 25 24 24 24 24 24 24 24 25 24 24 25 24 24 24 24 24 25 26 26 25 23 71 92 106 108 101 104 110 119 126
-9999 22 22 25 24 21 21 21 21 22 22 21 22 22 24 24 24 23 22 22 22 23 23 24 23 25 25 22 22 23 22 24 25 24 23 25 24 24 23 24 22 22 22 23 22 22 23 24 24 24 24 24 24 25 25 25 25 25 25 25 25 24 24 24 24 24 24 24 25 24 24 24 23 24 24 24 24 24 24 24 25 25 25 25 26 26 26 24 48 83 99 104 111 119 124 130
-9999 22 22 25 24 23 22 21 21 21 21 22 22 22 24 22 22 22 22 22 24 22 23 24 24 23 22 24 23 23 22 25 25 23 23 25 25 22 22 22 22 22 23 24 24 23 24 23 24 25 24 24 24 25 25 25 25 25 24 24 25 26 25 25 25 25 24 23 25 25 25 25 25 24 25 25 24 25 24 24 24 24 25 25 25 25 26 26 23 70 91 94 92 106 111 116
-9999 22 24 24 25 22 21 21 25 21 23 23 23 22 22 22 22 22 22 22 21 24 22 24 23 24 24 22 25 23 23 26 24 24 22 22 25 25 25 22 25 23 24 24 23 24 24 25 25 24 25 24 25 25 26 25 25 24 24 24 24 24 24 24 24 25 24 24 24 24 24 24 24 25 24 24 24 24 25 24 24 25 24 24 24 26 26 26 25 64 85 95 93 100 110 121
-9999 22 24 24 22 25 25 22 22 22 22 23 22 23 23 22 22 23 23 21 21 22 22 22 24 24 24 22 22 22 22 23 24 24 22 23 22 25 25 23 23 23 24 24 23 23 23 24 24 25 25 24 25 26 25 25 24 24 24 25 24 24 24 25 24 24 25 25 25 24 25 24 24 25 24 25 25 25 24 24 24 26 24 24 25 25 26 26 26 27 74 92 96 99 104 117
-9999 22 25 25 21 22 22 25 22 21 21 22 22 23 22 21 22 22 22 22 21 22 24 24 22 22 23 23 22 25 21 22 23 23 24 22 22 25 25 25 22 23 24 24 24 23 24 24 25 24 24 25 25 24 25 25 25 25 25 25 24 25 24 24 24 24 24 24 24 24 25 25 24 25 24 23 24 25 24 24 25 25 25 25 25 25 25 26 26 25 69 94 107 118 119 127
-9999 25 24 25 25 21 22 22 22 22 21 22 22 22 22 21 23 22 22 22 22 22 22 24 22 24 24 23 22 23 23 23 23 23 24 23 22 23 22 23 23 22 23 23 22 24 24 24 24 25 24 24 25 24 25 25 24 25 25 24 24 24 24 24 25 25 24 25 24 24 25 24 25 24 24 25 24 24 25 24 24 24 24 24 25 26 25 25 25 25 75 90 101 112 110 122
-9999 25 25 25 25 21 22 21 24 24 24 24 23 21 21 21 22 24 25 22 22 22 23 22 22 23 24 24 22 23 25 23 25 22 25 23 22 25 23 23 23 23 23 23 23 23 23 24 23 24 24 24 24 24 25 24 24 24 24 24 24 24 24 24 24 24 25 24 24 25 25 24 25 25 25 23 24 24 24 24 25 25 25 24 24 25 25 26 27 27 27 74 92 113 128 138
-9999 24 25 22 23 22 25 25 21 25 22 25 23 22 24 24 24 21 22 22 22 24 21 22 22 23 22 22 22 24 25 22 21 22 25 22 22 25 25 22 24 24 23 24 23 23 24 24 24 24 23 23 23 24 25 24 24 24 24 24 24 24 24 24 25 24 25 24 24 25 24 24 24 24 25 24 25 24 24 24 24 23 24 24 24 24 26 26 25 26 26 66 83 104 123 128
-9999 25 25 22 23 25 23 23 22 25 22 23 23 23 25 24 22 23 24 24 25 22 21 22 22 22 22 22 23 23 25 22 23 21 22 22 22 25 25 23 23 23 24 24 23 24 23 23 24 24 24 24 24 24 25 24 23 24 24 24 24 24 24 23 24 24 24 24 25 24 24 24 24 24 24 25 25 23 24 24 24 24 23 24 23 24 24 26 26 26 26 25 70 92 124 144
-9999 24 25 25 22 21 25 24 25 25 25 25 22 21 23 23 22 22 23 24 25 22 23 22 22 22 22 22 25 25 25 25 23 22 22 22 23 22 23 23 23 22 23 24 23 24 24 24 24 24 24 23 24 24 25 25 24 24 24 24 24 24 25 24 24 24 24 24 24 24 24 24 24 24 24 25 24 23 23 24 25 24 24 24 24 24 24 24 25 26 26 27 67 85 119 144
-9999 25 25 22 21 22 22 25 25 25 22 22 22 23 25 24 23 24 23 21 24 22 22 24 22 22 25 21 21 25 25 24 24 24 22 23 23 22 22 22 22 23 23 23 24 24 24 24 24 23 24 24 24 24 25 24 24 24 25 24 24 24 24 24 24 24 24 24 24 24 24 25 25 25 24 24 24 24 25 24 24 23 24 24 23 25 25 25 26 26 26 26 25 68 85 118
-9999 25 22 22 24 22 25 25 25 22 24 24 24 24 24 24 24 24 24 23 23 22 22 22 25 22 22 22 25 22 22 22 24 24 22 25 21 22 22 23 23 23 23 24 24 24 23 24 24 25 24 24 24 24 24 24 24 24 24 24 24 24 24 25 24 24 24 24 24 24 25 24 24 25 25 24 25 25 24 24 24 24 24 24 24 24 24 24 24 24 25 25 25 27 73 100
-9999 22 21 22 22 22 22 22 22 22 22 24 24 25 24 24 24 24 23 23 23 22 22 24 25 25 22 22 22 23 22 22 22 22 22 21 21 23 23 23 23 23 22 23 23 24 24 24 23 25 24 23 24 24 24 24 24 24 24 23 23 24 24 24 24 24 24 24 24 23 24 24 25 24 24 25 25 24 24 25 24 24 23 24 23 23 24 25 24 24 25 26 26 26 67 80
-9999 22 25 25 22 22 22 25 23 22 24 24 22 24 24 24 24 24 24 22 22 23 22 22 22 22 25 25 25 22 22 21 22 22 23 23 22 23 24 24 23 22 23 23 24 24 23 24 24 25 24 23 24 23 23 25 25 24 23 25 24 24 24 24 24 25 24 25 24 24 25 24 24 24 24 25 25 25 25 24 25 25 24 24 24 25 25 24 24 25 25 25 26 27 26 70
-9999 22 25 25 24 22 25 25 22 24 24 22 22 24 22 24 22 23 24 23 22 22 23 24 22 25 22 25 22 23 22 21 22 22 22 21 23 23 23 23 23 23 23 24 24 23 23 24 23 24 24 23 24 24 24 23 23 23 24 24 24 24 24 24 24 24 24 24 24 25 25 24 24 24 23 25 24 24 24 25 25 24 24 24 24 24 24 23 24 24 25 25 25 26 29 25
