examples/data/proba_v_italy_sicily/probav_s10_toc_x19y03_20141111_333m_ndvi_v001.txt
ncols         1127
nrows         589
xllcorner     12.348214285714
yllcorner     36.598214285714
cellsize      0.0029761904761905
NODATA_value  -9999
[rows 408 to 458 of 589, columns 864 to 959 of 1127]
176 158 132 147 185 177 189 206 189 193 193 207 202 175 167 181 180 197 195 198 180 183 172 246 198 209 186 183 185 205 184 185 186 185 180 168 156 156 168 182 188 169 166 158 181 190 186 176 186 167 153 156 146 156 178 192 197 177 157 164 169 166 175 171 158 177 176 143 121 130 130 132 137 135 149 156 162 183 182 191 188 138 149 151 173 123 112 167 195 215 233 237 212 192 195 152
179 174 178 165 188 166 164 196 196 192 178 174 164 143 162 165 165 191 204 200 208 209 231 217 184 190 200 219 211 223 219 205 177 172 168 154 154 158 174 188 202 183 163 160 161 179 157 158 173 184 178 159 145 150 167 176 179 172 167 160 149 158 184 184 187 186 174 158 126 120 133 133 149 149 156 135 115 132 163 189 200 211 207 200 165 148 162 179 193 183 207 246 238 183 133 93
159 185 179 171 183 194 190 194 207 167 144 159 182 158 144 150 141 162 182 170 190 201 200 199 207 207 191 204 200 200 196 192 185 175 154 164 175 180 180 165 180 198 162 161 182 178 144 130 144 176 180 167 157 159 147 138 121 120 154 157 143 165 183 184 191 193 181 181 161 145 149 156 126 106 106 129 112 130 173 194 208 200 190 189 175 162 174 169 177 197 192 203 181 113 84 62
177 190 185 186 177 177 168 150 163 183 183 176 171 151 124 139 139 156 181 204 206 224 191 194 206 205 198 196 168 170 177 191 201 182 169 192 191 165 169 164 166 156 161 172 171 152 150 145 175 147 165 195 164 159 112 96 90 119 160 159 109 113 127 149 156 181 183 198 198 149 147 139 125 90 86 119 137 135 166 197 198 186 176 193 179 151 170 176 175 183 207 193 199 145 122 136
187 188 174 183 179 166 177 179 181 196 191 178 165 161 149 130 115 107 139 177 197 195 156 160 184 201 208 201 178 178 191 199 166 181 192 181 152 135 145 149 166 146 131 164 154 146 152 147 153 159 188 177 179 162 126 128 121 135 136 110 102 108 137 154 177 184 174 189 212 204 153 138 137 127 122 124 134 153 158 168 165 164 155 186 167 105 131 189 182 184 177 145 148 186 207 208
181 179 176 188 194 158 134 148 171 167 177 185 175 191 194 144 111 119 141 157 167 171 181 184 196 200 198 203 206 208 213 171 160 188 205 174 128 129 142 168 164 116 135 157 139 148 152 142 142 162 175 175 170 155 127 126 120 122 167 162 152 158 175 174 184 174 189 200 212 216 212 166 143 129 118 129 117 128 158 178 168 148 140 160 164 177 174 151 152 181 188 168 112 101 150 197
181 183 182 184 193 148 96 90 154 166 166 185 184 186 186 174 163 150 152 171 192 193 188 197 208 206 201 202 203 164 181 156 155 193 193 165 111 132 175 197 176 168 146 126 130 156 163 159 166 173 173 166 166 150 129 130 119 130 158 164 170 163 154 148 146 161 198 218 217 198 203 206 197 169 131 132 127 140 140 144 164 146 156 155 98 108 133 123 166 198 191 184 184 163 156 159
195 183 167 153 174 187 180 156 179 189 179 179 155 154 162 168 139 114 134 149 145 178 191 192 188 201 215 185 122 127 167 172 161 181 158 159 139 153 163 179 182 154 130 133 140 156 167 160 165 172 170 164 161 163 156 156 156 158 170 155 145 146 158 165 166 187 182 176 170 143 172 199 175 123 101 135 136 123 133 121 137 158 150 149 122 115 139 151 156 184 199 194 170 187 174 182
174 177 174 169 169 174 181 178 182 181 197 175 151 157 164 169 153 142 171 176 167 179 193 191 186 160 185 180 141 123 143 142 132 163 164 142 142 153 166 188 177 147 151 175 155 170 190 179 186 188 186 178 173 177 171 165 178 185 172 157 159 153 160 183 185 200 193 188 167 179 179 193 175 109 78 114 146 164 169 152 135 129 142 132 131 169 180 169 139 156 212 204 179 167 209 210
181 189 202 193 204 199 183 167 171 164 161 165 173 171 179 174 170 168 175 194 193 205 201 197 198 167 145 162 163 128 117 119 134 166 165 133 142 160 168 176 148 144 157 174 174 161 178 179 167 185 181 166 161 153 159 181 177 173 177 174 164 154 158 172 176 184 196 190 195 196 182 180 164 149 149 58 125 170 186 204 175 168 161 159 145 156 176 166 182 164 163 188 186 173 200 201
188 187 178 182 189 201 206 191 168 101 134 190 193 177 181 185 180 184 195 197 205 197 206 208 208 190 175 162 141 130 132 122 122 157 155 127 148 131 127 131 130 133 150 149 153 154 158 172 165 164 160 162 165 167 186 201 187 185 162 151 173 181 167 174 179 169 167 178 179 160 158 178 187 171 153 154 206 212 206 214 179 176 170 178 162 146 166 174 231 227 187 171 160 158 152 167
178 190 192 180 194 212 182 182 167 165 164 200 192 187 214 218 191 187 214 208 219 209 190 185 197 200 189 176 160 154 131 158 159 141 132 137 160 186 195 180 157 157 159 159 149 148 160 176 180 176 159 149 154 175 186 185 180 180 168 174 169 184 168 166 176 151 150 144 109 111 143 169 207 200 188 168 187 222 211 203 198 188 198 199 169 187 172 175 207 214 214 213 174 158 166 139
167 190 193 195 195 196 187 195 188 171 179 211 218 197 204 218 171 139 168 189 178 196 179 157 173 194 169 154 171 164 142 143 116 110 123 152 144 136 185 191 168 171 175 178 176 173 187 177 176 197 200 177 152 166 158 155 175 188 199 197 184 168 163 163 149 100 67 58 67 107 146 192 227 209 205 180 165 222 233 177 173 199 208 196 198 208 182 205 221 211 226 237 206 172 173 138
168 186 189 192 193 184 185 187 183 185 173 181 201 154 147 139 149 142 152 180 158 167 171 156 174 173 175 173 159 140 141 132 126 142 141 127 111 171 214 182 149 141 168 179 195 187 177 163 147 151 171 181 173 174 176 181 190 189 188 179 167 171 167 158 163 132 89 85 106 130 143 185 219 222 201 187 194 198 223 184 139 183 192 208 203 198 201 209 198 179 174 175 211 201 196 172
153 164 193 200 198 191 195 177 167 182 175 158 159 138 141 139 126 116 112 137 154 149 135 112 157 173 160 185 187 169 152 158 185 162 129 145 184 211 211 156 140 166 173 200 205 176 151 166 173 156 161 150 173 195 184 179 186 193 193 194 181 177 169 163 166 166 166 173 190 194 188 163 199 215 219 223 210 158 172 224 142 182 202 209 222 220 198 193 193 164 144 159 216 202 210 170
156 152 161 171 168 179 185 177 160 189 174 140 151 157 145 120 76 95 115 119 127 115 104 119 121 151 143 142 153 171 161 181 206 172 140 154 191 210 207 191 171 174 138 167 186 155 147 163 195 190 181 169 158 172 185 176 159 166 165 170 141 133 158 175 171 186 181 186 200 205 205 166 165 207 224 198 175 132 123 146 136 148 182 208 206 193 204 198 187 220 212 217 197 193 198 187
146 160 152 158 148 141 152 151 158 189 161 137 141 123 108 98 118 113 135 125 110 87 111 119 100 101 128 136 152 156 160 163 124 98 97 122 168 191 197 205 206 196 167 162 172 189 171 178 185 193 190 179 173 161 151 121 108 134 167 203 186 171 191 195 170 190 184 171 177 197 206 194 140 127 170 180 106 119 126 110 105 142 188 213 219 201 197 207 207 224 229 232 222 221 220 184
163 159 163 163 142 111 124 149 159 173 151 109 98 129 120 112 146 154 166 173 141 125 85 85 137 151 135 129 150 165 157 142 122 113 130 137 155 169 173 185 170 145 165 162 170 194 176 168 170 172 175 172 168 173 169 157 140 116 123 174 167 160 180 202 193 184 163 163 178 188 199 210 192 187 181 182 80 90 80 91 92 100 131 174 209 226 221 226 224 222 225 218 223 231 247 203
115 120 151 148 128 157 148 154 173 169 161 147 151 140 110 82 107 164 169 180 134 83 80 90 158 173 189 186 174 183 184 148 142 132 140 134 154 154 153 152 143 147 155 165 152 155 175 187 196 191 167 174 178 180 174 168 161 141 149 142 140 176 174 176 179 171 156 155 157 177 195 218 215 216 202 211 141 66 57 59 66 104 162 195 184 215 220 214 214 232 237 225 204 209 236 236
163 166 153 170 150 157 166 179 178 158 136 137 144 128 115 114 120 164 139 104 114 107 106 135 128 127 162 177 160 154 158 150 108 117 147 153 158 160 137 118 122 176 177 179 169 150 174 198 190 178 175 163 195 175 177 174 166 161 168 151 156 173 166 168 195 186 175 151 148 179 201 207 211 209 217 194 168 140 112 115 75 79 161 194 193 188 208 208 203 221 230 196 205 234 243 234
159 152 154 153 153 164 166 167 141 108 106 133 154 145 147 159 141 180 143 104 115 145 155 164 146 140 128 107 120 156 177 161 115 108 136 138 146 167 152 148 171 185 186 185 177 160 151 166 166 167 169 160 152 156 169 168 166 160 160 162 164 170 167 160 195 203 160 171 166 156 197 220 234 234 214 175 178 195 196 196 155 138 143 137 121 125 158 175 192 205 221 222 207 167 188 217
161 160 160 152 142 160 156 168 134 107 116 147 173 177 173 172 155 141 139 145 151 154 150 155 170 164 154 145 123 135 132 109 95 94 94 123 136 143 135 135 151 136 123 108 106 100 111 144 156 123 119 115 137 168 168 147 134 138 138 139 143 141 140 141 176 184 190 177 188 194 203 214 223 222 199 198 209 225 195 169 197 236 232 218 199 202 209 198 174 164 192 207 172 155 185 210
159 162 168 164 167 172 166 170 150 139 122 143 175 187 181 176 155 159 162 146 128 137 154 161 165 158 160 162 151 138 138 121 113 145 139 127 143 150 168 166 155 117 105 100 114 114 112 133 147 146 153 132 135 166 165 156 157 157 161 134 123 147 200 205 167 165 177 159 159 179 193 209 211 221 231 213 210 212 215 198 234 201 204 216 224 207 218 229 234 233 223 222 200 175 174 212
178 184 183 171 168 167 165 170 171 155 142 139 158 165 157 152 152 154 155 140 122 129 137 141 150 152 151 146 135 128 116 119 121 129 153 167 157 153 168 157 145 147 166 138 148 142 109 122 163 154 111 95 99 143 165 165 168 168 233 152 148 168 181 189 201 186 190 176 167 165 202 214 191 194 226 221 218 203 200 198 214 191 209 204 188 132 174 227 225 231 223 220 216 214 213 233
169 173 178 178 161 161 164 172 182 140 135 142 138 140 144 131 129 145 158 141 122 117 115 113 140 162 171 154 143 136 129 120 144 102 115 156 155 101 130 175 159 145 159 152 164 163 142 114 135 203 164 157 157 145 201 250 174 173 179 177 173 163 199 197 192 174 192 206 202 200 197 206 200 173 180 172 202 211 196 199 206 210 208 203 185 130 166 231 237 229 232 216 191 194 205 211
157 162 175 187 174 157 172 184 176 145 147 161 161 149 150 136 158 133 135 126 128 129 118 128 140 139 155 179 180 155 143 149 133 145 132 146 152 137 147 180 167 144 154 166 186 220 181 169 152 168 172 153 184 179 164 170 164 152 156 172 180 167 160 193 201 187 172 195 207 212 217 219 195 193 187 211 206 195 204 212 202 190 202 211 194 126 145 196 222 193 199 196 188 177 159 170
169 175 173 176 169 154 168 183 171 164 163 169 166 158 161 120 151 135 98 100 111 124 146 149 160 151 156 168 190 184 157 167 145 132 129 147 146 152 166 168 165 162 184 187 219 186 188 183 151 146 158 178 182 194 147 163 173 163 158 168 171 152 156 180 196 186 191 208 215 222 229 221 210 232 211 202 210 218 217 217 200 176 197 202 189 177 190 180 182 150 147 186 202 187 150 167
180 180 177 168 160 166 167 172 200 199 205 166 186 134 129 129 137 121 107 108 121 124 138 145 157 170 171 157 161 176 180 178 166 152 142 156 159 144 148 153 162 149 169 194 190 152 177 180 162 176 165 140 147 214 165 156 157 178 188 185 169 171 181 201 198 194 206 217 222 225 225 229 240 236 168 171 187 206 199 204 203 206 204 204 201 195 209 194 185 181 175 183 179 176 190 203
181 175 172 162 153 156 176 153 164 152 141 165 190 121 159 170 148 119 125 105 87 96 128 149 156 154 157 165 145 136 150 168 183 186 183 179 168 152 148 144 146 143 155 186 176 146 155 171 145 141 162 149 151 170 196 155 141 168 156 132 132 157 175 188 193 198 213 217 219 216 223 224 233 234 213 204 187 194 174 176 182 188 207 202 209 201 201 193 177 178 187 203 186 181 199 178
179 173 157 158 169 161 177 160 175 187 148 163 149 143 134 147 134 137 154 138 116 114 138 138 151 164 154 154 142 151 153 143 133 134 153 160 166 174 159 143 147 152 152 171 175 163 169 175 165 126 149 141 147 159 190 130 120 146 128 116 143 203 198 174 145 145 172 200 215 202 202 208 216 220 201 200 172 169 159 151 186 196 206 200 206 212 220 219 190 174 193 209 197 201 205 182
192 162 167 176 165 144 173 144 160 199 166 218 203 198 158 172 143 146 156 148 113 107 135 143 143 160 166 168 128 118 132 138 148 149 153 135 149 178 169 151 161 169 148 157 179 229 165 166 165 138 133 167 175 190 181 177 150 144 123 152 169 182 179 163 137 126 114 104 157 171 202 223 214 217 217 206 203 201 195 192 208 199 214 209 206 217 216 195 180 175 196 201 182 159 161 178
178 169 180 186 171 181 199 160 172 216 211 142 148 141 146 166 158 161 166 212 177 106 134 143 138 143 141 133 120 142 142 132 166 177 173 180 173 180 174 169 190 214 204 221 180 248 243 243 246 195 152 197 197 198 216 219 191 137 155 165 172 183 179 176 170 161 158 153 151 169 200 214 210 223 231 216 202 205 210 200 215 190 182 170 206 211 210 178 174 168 170 185 179 169 184 199
177 184 191 168 180 187 206 188 156 146 132 108 117 109 113 124 140 165 156 218 156 150 157 188 181 182 186 175 138 148 141 142 184 204 202 204 186 192 188 180 173 192 173 190 199 187 184 191 183 240 231 229 224 214 192 210 178 125 144 184 192 192 184 165 163 167 167 158 168 175 196 211 208 206 213 211 214 210 221 198 214 212 182 180 194 213 218 160 121 181 195 174 208 224 218 207
146 195 201 206 186 188 220 152 161 147 150 161 120 114 107 104 121 150 134 135 160 165 161 152 173 186 180 174 160 200 190 155 154 149 164 194 198 184 192 178 189 236 173 193 186 181 174 155 163 192 212 195 223 128 120 171 173 127 117 133 147 183 215 204 182 178 174 185 182 187 200 201 206 202 205 214 209 206 205 195 203 195 180 172 154 183 198 156 117 185 207 206 208 206 185 177
165 200 209 178 161 153 184 198 199 197 201 198 157 134 115 119 114 128 131 112 130 154 137 122 123 134 138 120 142 171 196 184 153 173 194 178 180 174 231 188 191 198 189 210 171 201 159 100 113 181 207 196 170 189 176 168 132 122 142 162 168 185 213 206 198 166 184 192 183 184 188 188 173 167 185 186 178 196 216 220 186 129 120 169 171 167 192 189 149 164 167 199 205 191 154 151
161 176 192 176 177 177 196 205 195 200 196 193 148 108 96 121 152 115 106 118 131 135 144 140 115 102 105 101 131 149 131 154 167 170 187 191 192 197 196 192 185 181 174 206 200 209 158 112 84 97 177 201 231 234 169 177 186 171 162 150 171 192 210 210 204 179 177 174 197 196 194 193 187 182 173 169 188 222 238 236 201 169 162 186 206 206 200 216 236 213 174 187 189 148 162 181
160 175 167 202 207 212 205 184 191 197 188 162 137 151 151 128 146 180 165 158 187 175 175 179 151 144 121 101 126 156 145 142 142 158 182 193 191 185 184 191 217 191 181 183 178 177 168 164 160 98 99 174 189 221 233 222 213 207 192 191 207 203 202 207 215 212 192 188 209 205 202 198 191 185 184 185 192 189 218 228 214 184 157 166 195 203 186 157 191 221 183 155 140 136 179 205
156 154 153 140 141 170 202 192 170 200 151 157 151 155 154 139 143 176 167 153 147 164 191 169 166 181 156 119 128 131 146 148 151 183 194 181 184 174 158 158 175 169 159 173 168 171 173 187 245 196 141 135 153 204 222 219 216 203 196 197 204 208 168 144 138 177 191 193 220 213 233 211 192 189 184 189 192 195 185 198 205 150 129 163 188 202 200 173 180 189 192 167 150 177 216 199
146 145 158 146 125 152 185 179 172 158 130 143 162 153 152 152 152 154 155 138 128 139 147 137 148 178 172 146 167 164 154 154 156 166 176 182 173 165 157 154 154 156 130 148 174 192 186 171 161 173 218 218 204 206 216 218 213 219 214 188 191 194 146 119 142 152 163 187 184 194 199 175 145 172 187 185 191 194 198 183 175 168 185 198 180 179 194 196 192 192 184 191 196 191 203 199
160 142 159 149 163 177 166 165 169 166 162 153 148 133 138 141 146 150 150 148 136 121 108 110 156 182 161 119 134 172 149 142 148 131 129 156 171 168 164 208 177 160 167 177 184 191 178 164 167 171 219 225 213 208 215 218 211 212 214 204 201 199 182 151 152 164 177 178 153 134 157 184 168 177 184 177 175 174 187 204 180 190 184 154 150 158 165 174 177 181 155 156 170 175 194 217
156 116 100 120 141 165 157 155 182 169 159 163 144 146 147 142 138 142 132 147 151 141 123 125 145 152 95 80 87 145 159 117 111 123 152 173 178 182 184 190 199 182 187 186 180 218 204 173 157 154 189 195 204 197 206 217 219 206 200 212 205 190 196 180 163 172 188 192 161 115 127 200 215 200 197 194 207 212 210 220 205 169 191 160 151 154 154 156 181 180 196 197 178 182 191 195
137 107 106 140 159 157 135 143 175 158 136 150 147 147 150 143 128 154 148 148 160 160 122 135 137 126 104 98 110 149 166 140 133 143 158 157 157 171 185 194 191 173 193 199 180 168 170 157 151 131 141 173 183 203 207 205 191 191 213 207 203 203 212 213 214 208 222 199 196 151 128 154 170 189 201 210 215 210 202 210 214 189 198 187 190 192 181 195 199 163 122 145 172 191 185 179
161 143 117 141 159 157 153 128 162 172 130 141 142 140 147 153 151 163 169 151 159 156 155 147 153 159 148 123 126 159 157 144 146 149 138 149 158 166 188 191 180 182 182 186 173 165 158 159 167 142 141 173 170 191 200 198 198 196 195 196 202 196 201 189 188 181 182 186 181 181 161 115 165 209 205 202 206 190 186 182 194 188 192 186 184 197 181 169 169 154 93 106 164 186 191 196
176 154 124 113 117 134 157 145 132 164 188 169 167 160 142 134 147 165 180 167 165 162 166 160 158 159 161 152 152 159 171 161 147 147 125 135 161 159 170 182 164 144 171 181 166 177 167 160 153 135 144 146 170 179 175 183 167 163 173 170 182 203 211 184 185 169 169 180 187 198 188 163 179 206 224 214 192 204 190 187 185 190 177 179 176 189 176 155 163 181 152 135 169 181 194 204
176 178 145 114 102 133 165 165 152 157 162 149 162 165 152 137 123 132 166 171 165 158 145 138 140 142 134 143 154 158 162 169 154 151 157 146 157 161 157 171 161 155 169 181 169 176 178 175 160 174 151 173 181 178 174 171 168 155 166 182 192 213 181 197 192 182 182 184 181 181 198 176 168 183 201 192 209 205 194 192 187 177 178 181 162 147 185 209 192 186 173 184 187 204 202 188
175 151 132 154 151 146 140 151 154 143 112 133 124 132 140 145 164 159 141 142 130 124 122 121 131 138 130 132 124 133 159 179 175 178 149 148 153 171 175 171 162 134 170 186 175 170 167 166 184 188 182 180 169 166 175 186 187 177 175 185 220 209 193 178 168 162 154 153 182 155 168 163 156 175 181 182 176 198 194 193 187 181 173 162 120 112 166 191 184 181 165 151 145 147 182 202
162 116 116 139 156 156 155 165 163 171 151 143 142 152 144 135 149 166 150 145 146 143 145 141 141 137 135 139 134 125 137 157 176 185 142 150 165 176 164 162 140 139 140 168 176 156 157 168 167 180 174 172 184 187 195 182 163 184 185 185 204 211 186 143 121 94 101 113 104 100 147 169 178 175 189 207 186 177 182 176 170 179 208 182 130 142 174 179 197 191 157 114 126 127 156 166
159 129 133 134 133 149 158 155 166 169 146 163 164 160 156 145 142 165 163 165 171 158 157 156 145 151 144 136 145 143 128 119 151 164 154 162 186 186 158 142 150 161 180 149 159 184 186 163 165 170 160 170 180 193 194 176 161 182 194 193 192 222 165 107 85 75 75 98 93 88 99 134 131 130 154 182 172 180 180 181 188 163 175 132 93 124 178 180 190 181 176 183 199 182 172 141
145 128 160 152 141 148 154 156 177 166 144 137 174 145 107 110 140 141 144 163 167 166 162 153 141 151 170 186 166 151 180 111 117 141 188 184 179 173 159 139 176 187 173 174 161 184 179 149 123 151 172 183 169 162 171 179 155 171 179 182 186 186 210 190 165 126 123 119 118 138 118 103 104 110 144 202 204 186 167 169 171 172 173 151 103 116 152 176 196 189 179 187 181 187 195 183
156 159 157 117 97 132 191 174 165 157 184 120 120 118 121 146 148 155 148 158 152 155 143 163 152 142 183 169 129 142 158 128 132 159 169 176 176 183 175 173 179 173 189 205 160 128 133 126 136 145 139 153 162 158 166 183 186 173 166 177 179 184 186 194 209 211 208 210 213 214 206 209 202 202 215 194 196 187 179 197 205 227 228 217 212 211 188 161 169 136 116 143 168 212 219 223
169 172 140 142 156 164 170 174 172 151 145 114 108 116 145 171 144 125 135 160 169 146 137 168 171 160 150 145 149 144 114 151 152 149 166 167 183 191 188 197 191 174 181 198 185 171 173 140 140 157 169 162 157 158 175 180 178 154 169 192 188 173 199 197 202 192 188 190 189 196 188 190 192 187 197 198 203 203 200 211 214 197 235 222 179 172 189 168 162 170 157 159 181 191 219 237
