examples/data/proba_v_italy_sicily/probav_s10_toc_x19y03_20141021_333m_ndvi_v001.txt
ncols         1127
nrows         589
xllcorner     12.348214285714
yllcorner     36.598214285714
cellsize      0.0029761904761905
NODATA_value  -9999
[rows 318 to 370 of 589, columns 672 to 767 of 1127]
134 132 132 147 160 161 149 152 156 111 91 130 158 201 227 205 214 223 209 189 176 179 167 203 240 226 179 183 190 192 193 165 144 168 206 196 167 121 105 96 90 107 83 77 66 77 83 79 69 76 90 97 81 63 64 66 63 60 63 81 86 106 108 77 74 72 64 63 69 59 60 64 77 72 61 60 65 67 63 58 59 61 60 55 60 78 78 64 77 125 97 69 63 88 101 70
121 120 136 159 162 139 131 154 187 121 102 141 171 215 180 184 187 204 196 167 148 152 122 148 204 212 158 156 198 189 194 185 164 152 193 223 204 134 100 97 95 92 92 77 76 72 73 67 73 77 80 86 83 74 80 91 80 80 83 82 76 80 88 89 79 71 63 80 70 68 75 69 67 67 68 64 71 68 62 59 58 58 57 59 60 54 93 96 61 78 79 71 97 86 86 68
106 120 144 170 149 135 149 112 160 147 131 161 152 162 167 164 149 148 151 131 149 155 160 147 178 201 195 180 209 197 176 214 201 156 143 165 135 75 69 78 81 70 69 68 69 68 68 68 64 72 105 122 103 83 75 78 85 71 59 60 66 74 74 71 69 64 73 74 64 69 66 69 66 69 72 76 67 65 65 59 59 56 60 62 60 59 63 76 68 68 70 77 120 122 85 113
142 122 122 141 141 137 142 171 144 110 122 176 139 131 157 153 159 141 122 128 157 160 146 171 189 189 186 183 206 203 139 133 184 184 146 134 147 84 78 90 71 60 69 70 103 99 133 122 95 84 86 78 63 55 61 66 69 66 61 60 64 71 62 56 62 61 75 86 78 69 66 65 68 72 71 64 69 66 61 58 55 54 64 62 58 63 62 73 75 104 133 111 100 123 94 90
151 121 129 166 165 139 126 114 109 135 143 146 144 154 168 132 141 160 139 170 185 166 139 191 173 135 170 191 216 214 170 120 166 195 157 113 102 100 113 80 90 99 98 100 95 87 96 80 64 51 48 55 66 70 63 65 63 64 66 66 64 64 66 69 76 69 75 78 77 74 68 67 62 63 64 63 64 62 61 57 59 61 56 54 59 61 80 125 112 95 123 102 76 78 73 72
107 120 127 150 154 128 90 78 95 139 172 175 178 185 189 154 160 185 157 199 186 133 149 165 114 124 209 216 205 211 210 151 162 192 163 115 78 94 125 124 156 98 80 81 64 70 78 76 69 56 63 64 73 66 53 63 63 74 72 67 70 65 66 69 70 69 63 67 64 60 60 69 65 61 61 59 57 58 65 57 57 61 56 64 67 66 71 94 101 62 68 71 69 64 65 69
102 127 140 144 155 129 92 77 104 137 165 165 165 191 195 151 154 198 185 208 167 138 162 160 117 127 201 197 187 172 159 139 176 206 183 135 105 88 84 82 74 85 100 73 69 76 74 74 72 68 70 76 69 59 62 75 83 85 72 70 59 60 60 65 63 63 61 59 59 57 66 68 63 61 59 63 67 67 59 70 74 66 63 67 73 71 69 77 76 72 70 73 72 63 65 63
116 121 135 131 112 70 70 76 90 117 143 140 145 169 175 130 145 195 171 196 184 170 176 160 119 105 176 199 159 122 151 155 151 180 165 137 122 92 69 67 76 69 67 68 68 70 71 78 77 74 97 83 77 90 90 84 90 87 75 72 63 59 57 60 62 61 63 68 64 59 70 84 65 60 62 66 68 63 58 71 71 62 66 79 94 94 81 112 115 105 93 100 112 82 68 65
127 133 137 144 140 125 91 88 122 129 113 116 138 155 191 171 155 180 176 178 206 150 123 126 123 109 155 193 155 133 172 158 147 172 173 134 116 121 98 76 70 70 70 70 73 73 68 83 93 85 86 78 81 82 84 74 71 75 83 82 74 69 61 47 61 58 57 67 69 66 68 96 79 65 66 62 59 58 63 63 65 68 69 105 145 157 99 107 148 140 125 119 114 89 96 87
156 173 172 163 137 126 111 84 110 124 143 134 148 156 161 174 160 155 180 196 164 126 115 148 140 112 121 156 152 154 177 166 159 179 186 150 119 115 87 96 87 81 92 89 82 82 74 86 95 68 61 85 87 81 80 70 74 67 65 84 88 79 79 55 60 58 62 64 68 68 67 74 78 66 67 65 61 60 64 61 53 53 72 80 115 130 97 113 119 124 161 157 145 117 101 91
164 166 147 137 116 105 92 91 101 110 144 157 140 154 174 173 132 137 183 194 152 142 142 146 132 119 126 158 171 167 163 150 157 167 169 180 155 132 121 122 103 107 117 113 109 102 88 82 80 74 70 80 85 83 76 81 90 74 59 58 61 72 92 62 62 60 66 59 59 65 74 86 90 76 60 58 68 75 70 83 106 115 117 132 168 189 185 158 169 183 180 131 123 110 101 94
122 139 132 127 134 148 138 100 101 104 122 151 154 148 153 152 137 146 163 168 158 144 162 151 128 127 128 162 181 164 157 153 160 145 143 147 159 167 157 140 117 103 112 105 91 87 78 84 79 78 83 89 93 92 84 80 70 61 61 60 65 66 59 63 77 66 58 58 59 62 63 67 79 91 77 86 115 95 84 159 197 153 162 177 170 176 165 128 164 170 157 159 138 107 116 82
128 144 150 142 151 164 164 158 141 109 108 144 169 166 167 197 182 159 182 202 189 170 179 177 145 130 125 127 164 143 131 133 139 116 104 104 122 145 158 134 128 99 88 98 91 118 116 84 81 93 100 96 97 89 82 78 73 63 63 62 62 61 54 67 81 77 56 57 61 62 63 68 87 112 117 109 117 110 116 126 188 176 153 148 97 88 102 101 74 82 106 144 158 117 139 134
145 177 182 170 153 141 154 153 141 133 132 123 128 149 177 174 168 174 173 197 194 173 161 166 122 91 101 114 149 151 136 121 87 98 125 132 124 101 108 117 114 106 96 100 89 90 79 77 79 81 78 85 92 88 70 65 63 66 68 65 59 55 71 69 69 94 86 76 61 84 105 105 99 98 120 118 100 110 102 95 126 147 108 86 82 85 81 72 69 67 77 93 98 144 183 180
134 140 153 169 161 138 147 148 142 144 131 124 141 187 203 163 132 130 163 194 203 183 162 143 135 120 122 123 154 150 116 99 94 139 146 133 153 157 149 155 117 82 76 58 109 110 80 70 78 85 86 85 85 79 81 63 56 68 78 76 62 54 61 64 61 74 98 86 70 84 99 112 121 132 155 155 138 156 138 103 88 85 96 75 75 77 72 65 73 70 74 86 74 113 147 134
146 129 123 143 166 151 144 132 135 126 145 133 144 163 168 148 138 141 195 172 176 206 188 158 151 140 120 129 134 104 102 102 104 137 170 152 145 156 136 120 100 74 72 67 68 99 97 88 85 88 78 71 66 66 67 71 74 70 64 59 54 62 57 57 68 81 84 80 76 68 81 107 132 135 138 153 155 152 141 109 72 77 89 85 71 77 87 83 75 55 63 71 74 90 125 108
111 110 115 141 165 149 149 145 164 150 139 133 134 132 129 169 200 176 177 167 168 151 183 158 162 156 124 131 142 115 114 128 129 121 134 164 144 124 120 111 97 78 67 67 74 88 95 111 106 85 66 68 63 56 66 80 96 75 59 63 72 64 59 59 73 80 75 86 90 69 63 76 116 116 123 171 157 132 98 76 97 129 121 97 80 74 84 97 85 64 71 70 70 73 78 129
96 91 102 112 128 146 147 128 155 139 132 134 146 150 135 150 202 208 159 142 138 140 157 123 122 153 169 170 143 131 133 134 130 131 144 158 132 123 119 139 114 100 103 95 74 97 115 99 84 67 71 78 72 64 63 72 84 78 67 65 73 65 57 57 68 77 69 83 82 74 64 76 93 115 137 151 122 87 75 79 101 132 146 123 103 66 79 82 74 67 77 73 60 69 66 88
96 102 98 96 98 120 128 130 145 129 135 135 138 140 140 149 166 159 115 127 128 154 138 98 103 153 173 170 133 127 137 133 135 157 170 159 126 128 123 112 115 101 78 83 79 81 99 87 73 74 84 83 68 64 63 72 67 67 71 67 68 68 68 65 83 100 80 77 71 83 79 109 132 133 128 99 83 70 65 79 93 105 110 103 86 77 92 122 118 108 75 66 61 67 72 72
95 96 95 120 127 115 121 134 142 111 123 122 123 131 129 146 156 108 113 119 126 146 128 91 112 153 134 118 134 154 134 130 191 190 162 140 97 84 104 99 122 150 141 104 84 99 84 82 74 90 82 75 64 79 84 80 73 56 66 67 69 60 58 62 79 82 70 60 62 79 111 139 142 124 122 109 68 65 74 81 99 117 121 106 105 86 65 82 98 101 79 60 75 77 71 72
95 115 123 111 125 138 150 146 137 121 117 123 129 133 133 154 137 100 104 108 106 141 116 90 140 158 133 106 109 130 133 152 171 155 130 121 99 99 131 133 127 152 134 101 69 78 86 84 67 91 76 66 68 77 81 79 70 61 67 65 59 57 59 58 63 73 63 64 64 95 130 146 137 145 123 112 87 80 84 81 79 90 108 112 82 70 60 67 72 82 84 60 77 78 69 69
88 85 104 106 104 117 116 132 168 126 105 131 144 142 140 150 160 152 169 154 137 134 106 121 164 168 139 127 117 149 171 176 143 176 150 115 134 148 151 130 123 123 101 84 75 87 91 99 88 87 78 67 74 72 63 65 63 68 69 56 77 80 60 61 59 84 122 90 86 154 170 114 83 90 91 80 112 110 95 84 82 85 104 100 73 65 64 73 69 60 63 64 71 80 77 78
96 81 75 94 98 106 109 111 119 133 98 83 114 150 162 158 154 155 151 123 137 130 122 112 127 175 176 157 126 161 177 145 137 166 167 145 172 184 175 141 108 99 89 95 114 134 110 90 82 82 83 88 92 79 78 72 72 65 67 74 87 73 56 63 89 102 126 103 119 172 160 85 64 73 103 109 100 105 116 106 86 76 80 84 70 82 80 76 73 77 73 72 73 77 78 76
83 79 81 84 83 95 92 98 105 107 109 112 123 131 128 139 135 110 107 124 113 110 126 140 146 170 174 166 151 161 160 133 130 139 162 166 221 82 126 159 116 111 83 100 107 104 85 87 100 89 75 70 82 91 106 86 63 62 62 60 74 72 65 97 130 164 180 149 93 85 74 65 70 75 84 88 76 75 84 104 95 85 74 72 80 87 98 89 89 92 77 62 74 79 74 64
81 79 83 88 92 97 89 104 113 109 114 112 111 112 108 100 112 100 94 98 90 92 99 123 131 152 168 158 151 160 147 125 129 118 176 196 202 161 164 163 109 93 87 83 83 86 90 93 110 95 89 78 76 67 69 72 67 58 101 100 72 93 118 166 187 159 145 115 83 98 104 83 79 81 78 69 77 82 80 96 108 95 75 75 81 91 93 96 95 71 75 68 60 77 69 74
93 91 92 90 91 86 76 84 131 127 126 139 105 90 98 94 128 132 115 101 96 116 125 125 129 127 141 167 151 137 117 115 128 109 131 137 120 129 124 95 92 94 82 71 63 67 78 82 86 100 106 87 80 73 71 63 72 70 103 102 49 126 165 183 173 115 88 94 90 78 101 110 88 89 79 68 82 115 114 119 113 91 74 69 84 93 88 87 94 81 72 77 66 78 66 62
92 98 94 90 88 73 79 92 116 132 143 145 111 87 89 106 106 117 117 110 118 137 120 112 119 135 130 127 153 159 132 123 96 73 80 116 105 91 108 91 76 83 84 68 67 65 78 87 84 75 82 84 91 78 72 63 70 123 119 121 131 143 142 124 119 107 115 103 93 119 123 101 82 86 78 71 90 109 125 130 107 82 76 78 76 82 81 86 89 88 81 73 66 78 72 63
94 100 95 98 69 69 86 115 136 177 197 166 136 122 102 119 121 112 122 114 112 113 126 132 128 127 146 146 167 159 151 124 80 82 96 89 79 61 63 68 74 74 73 72 76 73 76 77 75 63 69 75 68 68 76 74 90 170 176 155 160 129 119 99 97 86 72 80 93 123 137 124 92 70 76 102 124 136 145 125 87 85 101 89 80 79 77 84 93 92 84 62 61 67 68 67
102 109 122 113 80 77 106 113 149 182 191 200 178 141 112 100 124 108 101 113 106 106 126 142 134 124 136 154 145 152 159 143 132 124 107 108 85 91 93 75 82 89 83 87 77 72 71 64 48 62 67 82 75 91 85 123 148 158 136 118 96 93 97 81 79 81 72 78 97 105 111 111 106 115 98 95 135 149 133 107 95 104 110 108 90 80 77 83 90 91 87 71 68 72 79 67
108 104 108 101 81 78 90 100 109 157 185 190 163 172 139 125 123 108 105 121 116 108 137 144 133 137 139 137 129 154 161 147 168 159 125 106 74 113 117 99 95 114 110 85 80 87 80 70 47 57 71 74 73 118 137 143 115 118 109 113 90 72 85 80 78 104 98 96 95 94 101 90 107 116 108 103 112 106 88 114 120 90 81 95 90 89 86 86 92 95 78 74 73 75 75 78
110 108 109 97 100 87 82 95 144 144 145 148 138 167 143 136 109 84 89 100 102 105 119 137 116 107 118 119 130 168 188 191 188 144 102 106 115 111 98 90 78 70 76 66 64 73 65 53 54 76 66 86 140 157 137 100 74 73 77 80 72 75 99 93 99 104 98 116 88 83 123 118 87 79 81 91 97 105 99 113 98 72 81 82 86 76 73 74 77 81 78 85 81 72 66 83
115 122 122 126 110 99 99 131 151 147 135 132 150 142 112 92 109 106 70 122 102 94 99 128 106 87 96 99 117 158 179 188 178 162 111 126 111 102 108 91 73 72 67 62 65 66 63 57 62 79 108 137 163 147 143 100 67 73 83 85 96 109 116 106 97 93 89 113 100 91 94 94 82 86 89 90 86 79 82 100 100 89 89 80 74 77 77 75 76 87 92 88 91 84 73 81
88 99 130 117 117 121 126 126 140 137 132 134 146 142 135 111 129 105 94 98 71 81 74 95 91 74 82 86 116 142 159 167 176 174 137 100 87 116 113 94 72 69 74 68 73 66 58 60 61 76 125 141 164 151 132 97 70 105 140 118 94 104 98 94 104 93 73 112 117 104 96 102 98 97 99 88 76 76 91 108 105 89 86 73 67 78 83 76 78 84 86 78 74 71 70 84
84 80 83 89 103 117 110 109 115 125 141 152 149 106 110 111 64 111 110 109 87 68 96 93 77 70 67 73 118 137 155 98 150 148 120 87 83 108 103 88 81 66 69 69 79 79 70 52 47 50 80 114 136 149 124 72 68 89 120 115 79 72 76 83 85 76 93 93 88 94 61 91 99 101 109 104 87 89 97 100 110 90 75 81 83 81 92 110 136 124 93 67 63 83 78 77
87 89 82 87 82 75 63 70 61 124 146 157 142 62 105 75 130 127 93 85 83 96 86 79 75 68 74 75 126 110 102 92 105 112 113 87 77 94 98 82 65 65 68 70 64 74 65 54 57 46 51 103 88 101 102 73 69 66 59 70 86 83 77 76 83 67 58 60 72 89 93 79 72 75 85 98 90 88 89 95 110 87 74 78 80 70 66 94 137 135 84 67 70 80 84 79
81 97 91 91 84 78 73 72 82 90 109 123 134 108 53 82 94 109 79 63 63 94 91 75 72 78 86 69 103 104 81 69 49 81 98 71 58 69 100 118 101 129 98 71 61 69 63 53 74 48 102 128 104 104 110 62 49 58 72 73 78 82 76 70 80 71 49 87 69 79 77 53 50 76 74 83 76 76 87 87 99 91 74 72 73 72 63 61 84 116 103 73 66 66 67 72
111 104 88 77 77 134 103 126 91 72 79 72 71 86 72 79 89 80 66 98 95 81 72 65 70 98 58 58 98 104 70 72 70 70 69 56 68 73 79 109 130 128 121 128 98 75 83 72 98 86 62 75 84 98 93 57 48 51 71 87 79 76 81 83 69 80 82 70 85 76 73 55 59 71 67 77 90 80 81 90 98 94 70 67 75 74 71 69 70 103 120 94 87 71 58 87
108 103 107 109 98 92 75 109 132 83 78 71 68 86 85 94 84 71 73 93 98 101 89 65 86 121 92 60 71 69 68 60 71 61 53 61 57 61 86 135 118 116 115 122 77 60 81 86 69 66 65 84 116 104 89 81 54 66 62 87 90 86 83 85 67 83 90 83 88 102 94 95 95 93 79 74 93 99 98 102 90 73 72 73 71 74 76 74 61 60 70 102 120 96 79 113
96 102 114 107 99 83 60 76 95 93 93 88 63 69 108 96 78 65 70 74 74 75 95 104 106 121 66 63 74 78 72 74 77 83 67 69 63 74 121 98 117 152 116 80 73 70 74 84 62 65 91 102 93 99 89 70 70 77 75 84 90 77 68 78 65 98 86 81 71 88 92 86 99 82 77 74 87 83 87 99 117 98 139 149 88 77 79 67 70 69 72 68 72 106 88 72
104 97 103 98 97 87 65 78 96 110 101 80 75 73 62 62 72 69 75 75 78 73 69 84 80 73 55 58 73 72 79 84 100 89 88 84 90 111 101 82 90 105 67 60 64 64 66 62 67 66 64 76 71 74 79 73 71 85 88 95 79 66 59 78 83 63 88 75 55 54 64 62 95 77 76 85 82 72 63 63 91 135 177 193 138 73 71 72 68 66 71 71 67 65 75 72
136 133 140 104 116 109 99 92 102 105 106 102 92 84 95 86 72 63 59 61 83 94 100 108 119 105 70 74 76 70 80 86 83 89 75 77 93 103 94 77 74 86 70 63 60 61 59 53 64 85 50 68 72 93 76 78 65 62 60 75 71 64 64 99 76 64 77 86 75 65 50 102 101 85 76 78 75 84 80 68 66 95 106 148 134 73 71 72 76 80 66 82 85 76 77 128
92 109 160 132 114 92 88 103 100 109 142 149 122 100 106 90 85 75 74 78 92 122 123 137 135 131 101 68 82 88 95 114 128 111 84 89 104 99 84 71 78 86 62 55 58 61 74 77 84 106 84 87 91 77 62 60 62 68 68 70 72 67 63 69 72 64 72 84 77 73 77 74 96 84 69 67 69 69 67 74 77 75 75 82 107 123 102 78 84 84 70 69 92 114 141 175
78 110 127 136 120 92 109 96 95 137 176 168 139 105 100 91 76 84 115 115 115 137 115 104 122 99 84 83 91 84 124 116 104 110 115 106 97 73 70 68 96 84 74 65 75 85 81 83 98 105 91 78 72 74 100 89 78 64 68 70 74 74 73 94 88 81 70 86 72 68 67 83 97 94 93 79 77 73 68 66 74 79 73 71 103 148 140 113 92 85 79 86 110 136 172 204
88 89 90 100 123 104 85 90 105 146 173 166 141 105 104 105 106 103 141 141 138 167 192 191 161 160 154 102 69 59 115 101 87 97 107 102 94 88 88 89 100 84 72 85 81 77 79 91 103 94 83 79 82 99 94 82 66 70 81 84 87 84 74 82 97 95 73 84 86 84 73 64 75 87 89 86 70 70 77 75 74 81 79 73 71 79 81 127 113 82 104 133 189 220 221 218
83 88 100 137 63 76 79 89 123 142 158 156 166 134 113 104 119 139 139 135 142 150 110 88 167 155 119 74 87 76 83 82 43 85 104 131 105 122 140 93 79 75 87 83 74 83 108 94 84 82 82 82 73 69 67 66 62 59 62 66 78 82 86 96 106 98 80 84 77 72 68 67 64 74 85 102 94 95 110 99 92 83 86 71 68 73 76 106 145 159 169 183 205 224 229 219
124 135 154 125 92 86 109 125 144 163 164 164 177 159 111 111 120 155 92 92 104 103 78 70 98 138 127 99 109 72 61 103 76 95 122 128 70 146 123 86 86 87 92 90 79 85 107 83 73 85 81 69 76 74 68 67 70 65 65 71 85 90 89 97 114 93 72 78 80 87 83 81 79 76 84 100 92 97 117 110 98 80 83 89 81 90 87 116 159 165 171 197 222 239 238 209
196 192 185 117 115 112 112 120 128 147 151 163 151 145 101 103 152 181 64 87 102 100 84 104 140 170 190 165 73 152 138 93 91 101 150 126 71 99 105 85 82 84 89 91 77 73 84 80 70 88 100 91 89 90 87 96 85 73 68 76 80 82 79 84 87 85 68 73 75 88 86 94 97 87 79 94 85 72 89 105 100 87 74 76 90 128 148 140 175 171 194 220 218 224 242 213
129 189 91 93 98 102 103 112 106 106 133 155 158 172 153 134 173 186 77 82 84 98 124 157 175 192 184 191 162 161 185 162 122 88 114 164 155 71 71 74 68 81 76 78 77 71 60 40 76 51 88 85 87 101 109 98 104 111 99 88 95 89 86 79 82 85 81 77 75 70 86 92 99 85 79 91 74 63 77 86 87 78 67 90 124 173 195 189 182 185 216 238 229 223 221 219
85 186 64 67 85 57 77 101 100 83 114 122 146 180 178 150 151 160 161 108 110 121 137 163 184 192 106 177 163 172 194 192 183 182 171 164 100 58 72 71 83 93 76 71 78 69 66 79 83 70 70 70 68 92 112 86 91 94 89 93 86 76 82 101 108 94 85 81 91 79 86 98 97 88 75 80 82 77 75 86 102 102 83 89 144 194 216 211 189 187 210 239 236 221 187 219
124 155 181 164 45 94 69 102 104 133 143 158 154 153 134 136 100 100 111 121 130 135 95 76 64 68 96 115 250 250 250 226 164 122 144 128 52 79 94 87 103 116 109 93 86 69 57 72 56 64 76 91 93 90 101 100 94 90 83 90 98 97 102 102 88 88 87 84 91 78 71 81 78 74 73 72 78 75 83 111 114 100 81 100 182 224 221 193 165 187 213 234 228 227 231 225
85 80 159 137 61 67 86 93 51 64 70 97 77 97 104 132 101 71 80 65 93 141 164 206 122 78 137 250 93 184 81 94 94 69 147 101 74 78 112 107 99 106 119 93 82 87 91 103 44 107 100 96 93 82 79 101 122 107 92 95 117 114 84 73 76 93 94 82 73 59 54 66 73 84 84 78 77 70 75 89 91 91 99 154 202 214 205 191 167 171 218 204 197 198 206 197
54 166 69 125 71 50 53 90 61 63 72 61 102 87 100 112 87 67 36 63 194 197 93 97 126 196 205 167 188 179 141 115 90 147 128 83 63 68 87 68 70 96 106 87 77 83 92 89 89 92 95 84 75 74 82 81 103 115 93 105 146 137 99 82 76 88 100 69 62 61 63 74 86 83 80 83 74 71 80 88 98 109 143 198 202 193 194 184 164 168 203 175 171 212 214 200
169 166 155 132 75 90 47 44 74 58 73 67 90 113 103 108 104 153 62 180 182 187 87 99 101 120 74 124 146 100 77 81 93 108 100 129 104 70 80 77 104 112 93 96 92 88 73 75 89 91 76 88 103 90 82 77 84 102 97 124 111 95 115 98 97 144 170 128 108 87 93 90 101 105 86 82 99 97 84 94 111 144 166 162 182 199 195 175 181 197 202 192 181 187 167 185
