examples/data/proba_v_italy_sicily/probav_s10_toc_x19y03_20150311_333m_ndvi_v001.txt
ncols         1127
nrows         589
xllcorner     12.348214285714
yllcorner     36.598214285714
cellsize      0.0029761904761905
NODATA_value  -9999
[rows 250 to 299 of 589, columns 480 to 575 of 1127]
162 167 193 149 152 166 178 179 181 167 190 202 181 154 152 168 151 156 161 159 159 158 160 181 192 196 199 190 191 201 203 184 180 178 157 143 162 172 163 162 186 186 185 192 190 199 197 190 189 156 139 167 138 136 145 174 193 167 157 180 168 170 169 179 163 142 146 149 165 172 149 125 106 100 116 137 157 158 148 133 145 158 164 163 180 187 186 195 204 220 164 160 137 138 181 185
128 120 140 163 171 172 178 186 209 202 198 182 161 139 148 156 152 144 160 163 164 167 158 184 196 206 218 213 196 191 196 200 178 157 158 169 156 143 148 143 153 161 161 187 195 211 215 208 170 161 161 142 129 135 148 173 192 185 167 170 163 155 158 134 131 140 136 138 149 149 161 89 113 138 148 165 168 159 162 139 139 149 156 155 163 192 177 138 120 106 141 161 126 93 180 191
123 127 159 168 164 168 192 200 201 190 206 176 148 153 162 154 138 132 153 153 173 189 180 196 205 202 202 210 199 197 194 198 191 198 216 198 157 165 168 146 162 202 183 178 182 186 184 169 168 175 151 152 158 156 165 177 174 185 194 176 158 143 138 131 127 141 143 138 155 156 177 184 157 152 154 170 171 185 184 172 162 163 170 162 151 155 152 120 110 116 140 165 130 162 177 177
145 159 148 147 152 161 186 197 191 187 186 172 156 167 169 146 117 99 134 160 168 179 198 203 195 194 176 194 212 209 202 193 189 206 229 212 188 202 197 205 204 190 160 153 164 156 117 115 150 166 158 165 179 176 203 183 179 201 180 160 161 167 149 161 160 139 153 161 161 172 168 150 114 157 169 163 175 197 177 168 159 145 126 121 143 111 103 100 135 129 138 160 154 126 161 173
142 137 145 163 161 175 186 176 170 189 198 176 166 166 168 161 164 161 161 176 179 189 213 210 200 205 185 190 209 205 207 194 186 209 222 213 209 210 223 160 166 171 174 169 165 185 171 144 153 169 171 151 147 173 181 195 197 194 168 158 159 187 172 173 209 183 193 191 188 174 179 171 130 152 155 148 159 163 167 163 166 154 150 139 157 152 119 123 148 157 161 180 220 193 173 177
143 150 157 180 170 180 166 162 173 182 182 210 198 172 172 171 182 179 162 166 168 179 199 213 182 185 196 186 206 214 203 177 179 193 204 215 205 174 165 189 183 185 187 190 185 181 165 170 167 164 164 152 143 147 135 141 152 179 189 187 194 190 164 173 214 196 204 209 187 178 175 153 125 117 126 136 157 150 143 147 152 157 169 186 158 116 97 115 129 150 175 158 159 165 177 210
151 167 168 168 168 170 147 152 186 198 207 217 203 178 156 152 187 189 185 194 176 148 184 202 174 191 195 180 198 214 199 165 166 176 201 203 204 194 202 204 163 173 189 178 169 176 175 185 183 166 150 143 153 157 148 150 153 177 176 193 207 198 167 197 210 176 155 166 163 157 158 168 150 143 143 154 155 144 146 147 153 164 167 171 144 87 81 92 120 132 136 135 128 130 188 189
146 158 146 141 152 161 175 189 196 199 192 190 185 151 139 170 203 201 179 164 185 181 170 174 177 178 170 160 165 196 187 178 179 154 165 208 211 174 172 171 132 149 152 154 161 185 192 192 182 161 150 147 184 189 160 157 167 175 195 211 205 207 162 135 137 183 165 146 153 154 159 160 158 164 169 180 157 150 141 152 158 163 162 127 144 136 71 155 165 162 186 176 110 115 173 158
128 144 145 159 197 203 185 190 193 178 169 185 180 180 175 181 181 198 198 167 161 170 155 146 160 167 172 180 185 201 212 152 168 181 150 200 192 159 166 180 184 190 177 159 177 174 186 189 182 166 165 167 174 184 185 155 142 187 182 196 205 198 165 143 164 173 175 157 148 145 156 169 169 166 161 149 156 139 94 145 176 180 180 169 168 132 146 163 173 174 193 185 144 137 160 159
160 155 165 173 190 190 199 197 181 177 158 168 189 206 194 190 189 188 176 150 138 137 128 132 159 192 232 204 168 177 191 171 130 184 180 200 203 175 190 203 207 198 174 165 162 150 158 169 171 168 185 175 178 214 156 149 140 153 175 195 213 200 200 190 168 185 187 171 165 163 172 178 166 157 149 148 167 164 137 147 157 174 168 105 109 125 168 163 173 176 179 170 156 164 163 147
182 179 175 162 180 191 203 204 164 148 136 168 186 183 182 181 176 163 154 139 133 140 138 170 191 175 207 211 192 208 185 173 176 187 200 190 183 200 205 200 188 169 173 166 157 151 153 174 184 193 206 189 183 198 164 149 163 185 178 192 199 206 203 173 167 194 193 176 170 152 152 161 161 137 133 140 160 161 143 129 123 141 156 110 72 115 119 175 167 170 174 188 182 156 156 170
183 177 180 149 169 179 147 163 161 165 145 164 178 160 145 133 121 128 144 136 129 154 164 171 157 151 183 191 191 200 197 165 191 178 164 164 185 208 209 193 174 182 214 187 173 166 169 183 183 185 200 206 201 182 179 169 195 222 191 178 182 202 191 178 176 184 190 178 169 159 161 150 157 156 158 158 125 140 147 144 128 122 126 123 91 106 101 135 166 152 167 178 156 183 183 183
141 153 161 156 166 165 116 135 146 185 141 153 161 164 159 146 140 148 143 119 109 128 158 158 148 147 155 140 125 134 161 143 187 204 147 154 178 191 180 171 205 218 208 182 177 163 153 163 174 180 175 192 204 179 153 174 195 184 165 169 167 173 168 164 169 170 169 167 171 161 163 162 160 175 168 167 159 182 167 93 105 124 147 162 187 141 155 150 163 147 170 158 164 212 216 183
130 139 142 134 132 138 125 128 139 147 171 121 154 144 140 137 135 121 138 139 129 123 150 162 156 83 128 143 153 157 156 150 146 169 164 163 170 63 90 187 208 206 159 155 160 168 139 117 137 142 141 153 172 202 175 180 178 162 169 186 177 165 161 160 159 143 153 164 174 167 133 142 129 150 158 141 138 134 128 126 134 163 151 146 167 126 148 129 159 156 174 190 183 162 148 145
170 170 151 171 114 132 90 151 131 137 147 114 125 120 119 124 126 108 123 144 143 146 153 173 93 131 147 158 172 173 175 152 136 148 150 151 168 144 159 175 149 162 160 161 183 182 150 154 170 161 177 176 127 130 188 175 169 168 163 175 193 202 205 183 161 142 141 174 179 170 150 153 131 115 153 135 140 124 116 127 152 169 160 138 146 141 133 142 166 165 128 150 151 129 139 147
180 182 174 141 112 105 74 72 135 141 129 121 106 123 119 106 123 128 126 149 138 137 149 163 91 120 173 162 163 171 175 156 133 141 159 156 145 168 95 148 155 174 193 177 170 158 160 168 134 162 175 142 135 126 123 162 169 146 125 166 180 197 205 187 159 124 118 166 176 156 142 128 133 165 176 145 137 137 130 134 150 169 185 175 174 175 151 149 143 141 165 185 170 129 133 128
184 192 181 148 122 114 124 176 159 159 143 144 152 132 102 98 118 130 110 124 125 114 127 169 135 106 157 162 173 181 165 140 124 109 132 155 143 66 63 141 185 194 179 156 166 170 179 200 199 195 175 128 136 151 165 161 136 124 133 161 168 173 187 196 164 137 134 156 158 149 116 113 138 159 166 126 105 99 101 122 149 171 171 143 164 162 113 109 132 150 139 179 186 193 134 142
194 176 147 156 148 119 137 168 155 164 163 150 142 134 123 147 157 150 133 128 130 121 119 137 150 98 120 115 134 157 173 137 127 128 133 144 55 151 145 126 177 184 198 173 173 177 189 204 203 156 159 148 144 152 176 168 124 106 134 168 180 155 149 156 143 131 132 149 150 132 132 123 124 129 121 109 100 123 150 163 160 165 178 158 158 131 114 160 146 141 166 190 209 179 151 166
187 181 179 182 179 154 135 132 147 154 146 136 127 129 147 136 130 154 158 171 138 132 137 124 139 119 106 112 126 134 144 145 138 138 121 118 148 150 129 120 132 139 164 183 169 173 190 200 202 185 190 198 178 152 172 191 177 154 147 145 146 151 165 163 148 111 120 148 163 131 124 126 151 146 137 127 138 166 174 174 192 171 126 144 179 146 162 162 136 146 136 156 163 172 167 150
180 191 196 183 177 148 134 130 141 146 143 135 142 148 148 138 148 174 150 151 138 141 151 135 145 104 114 118 126 121 108 132 136 130 125 127 142 144 127 115 107 134 171 181 162 169 181 203 209 184 163 160 185 147 139 183 188 167 132 134 148 146 158 154 127 101 128 135 170 175 157 142 135 157 140 155 174 139 141 127 179 164 141 186 187 149 133 165 149 131 138 141 157 159 165 166
174 167 179 182 159 142 156 156 154 145 127 141 141 140 135 128 166 184 184 176 156 158 145 127 126 129 91 109 111 111 124 149 153 137 123 160 159 156 130 124 134 167 178 176 155 172 193 205 204 198 197 193 183 170 130 146 131 184 174 154 154 146 139 165 162 135 106 127 140 143 150 153 143 145 130 144 151 122 164 171 183 195 180 181 147 122 118 136 145 129 122 137 155 160 171 178
168 161 170 173 161 157 160 161 160 141 134 133 135 131 121 125 142 133 131 140 133 130 129 123 122 116 92 114 118 128 147 151 150 144 128 66 170 145 121 122 155 159 161 188 175 186 199 208 193 190 203 201 156 132 127 119 93 108 128 140 151 172 173 168 183 145 100 87 119 122 137 136 122 138 146 135 162 154 178 174 187 184 173 187 150 143 140 171 171 161 157 157 131 147 162 182
163 166 171 173 169 128 153 156 161 161 155 150 147 134 130 145 136 108 97 126 124 107 116 124 145 152 138 120 120 130 152 138 117 137 138 177 84 144 112 136 178 153 143 159 174 176 179 181 189 194 208 206 180 116 117 115 113 102 115 170 190 188 174 167 171 163 144 128 120 137 146 131 144 185 176 174 178 175 174 173 186 166 163 145 150 166 133 135 169 175 178 126 131 156 153 180
186 176 181 174 133 150 153 172 165 158 159 172 176 154 134 132 147 148 143 151 126 121 149 158 153 172 180 173 153 150 160 132 116 136 144 69 82 121 99 135 160 152 136 165 202 181 171 171 178 195 196 181 181 148 120 150 166 136 151 159 156 161 170 170 180 171 160 147 145 174 174 146 144 164 160 169 183 167 157 161 202 201 187 165 159 162 108 135 153 161 160 167 145 148 146 152
187 188 180 173 148 159 160 172 158 162 172 178 160 146 154 149 161 161 155 166 136 136 180 179 138 121 133 144 149 153 145 142 131 135 75 164 160 104 124 116 122 159 191 185 174 174 167 171 164 184 193 162 152 185 129 115 108 125 175 177 184 176 174 184 191 170 140 155 156 156 160 161 139 141 144 138 152 147 149 189 209 194 187 174 176 169 121 165 154 150 168 148 139 122 132 144
176 181 176 168 163 180 157 156 174 162 148 148 154 156 153 155 154 154 145 137 129 135 160 164 138 115 115 117 123 143 142 128 127 130 79 171 128 102 102 152 176 188 189 147 153 158 192 179 171 178 191 189 139 167 127 90 100 145 174 161 148 154 159 182 190 172 132 141 170 182 165 175 165 142 139 119 129 154 161 179 192 181 183 166 143 151 161 129 155 154 169 153 135 124 142 157
170 179 184 187 179 181 167 157 171 161 165 148 154 155 138 139 152 150 130 112 138 148 163 171 154 142 132 128 145 153 156 135 119 130 79 63 126 146 148 181 186 180 173 175 177 191 198 173 161 175 196 202 182 148 139 140 151 138 145 163 150 151 162 168 175 192 167 160 187 191 144 141 159 154 157 157 130 123 130 125 141 154 157 172 151 134 180 182 171 193 177 168 187 176 142 139
166 175 169 179 215 194 191 190 186 180 187 165 166 153 118 107 136 159 144 142 160 146 136 120 131 164 151 138 149 143 135 125 104 146 145 163 141 185 190 191 190 182 166 169 176 178 180 168 174 189 195 196 179 153 149 168 189 182 184 185 179 174 172 173 171 169 164 182 173 177 183 166 156 151 145 148 123 110 128 162 172 172 157 168 137 125 164 172 190 180 187 184 176 167 167 157
155 163 147 165 203 195 176 184 183 161 168 170 134 107 116 108 105 101 97 133 149 128 123 136 130 134 152 123 97 106 105 109 125 155 155 142 186 190 199 201 191 184 181 179 179 158 150 161 171 175 171 178 173 157 158 172 178 181 180 180 183 172 176 179 173 167 164 190 180 164 182 167 176 163 163 161 141 128 143 164 179 175 159 157 164 112 131 158 176 184 197 201 185 163 136 154
152 146 167 181 189 182 165 162 137 126 138 150 137 156 163 135 142 138 123 140 158 144 121 123 118 124 137 107 87 93 109 113 115 173 175 134 172 184 187 183 186 185 181 174 147 123 123 141 153 158 172 169 154 140 162 174 176 183 176 169 170 158 130 152 174 150 141 158 179 155 153 166 156 150 175 170 138 139 164 183 163 165 127 128 161 142 144 180 174 147 147 162 174 175 154 157
154 141 143 153 160 161 146 128 108 118 145 144 171 186 162 162 183 184 197 196 178 147 119 107 119 144 115 99 99 107 115 106 175 190 192 159 174 187 187 187 177 178 160 138 147 156 162 151 146 143 150 163 177 145 193 190 185 183 177 177 173 167 157 171 192 182 162 154 173 142 147 144 157 169 169 162 164 157 154 158 159 164 149 137 158 140 130 138 177 163 154 159 133 124 150 171
150 132 124 115 115 132 122 111 135 156 157 176 193 182 167 143 133 148 179 191 184 151 128 115 103 117 115 115 116 115 85 103 192 192 143 138 157 176 181 181 166 149 134 151 176 190 190 191 169 140 174 191 175 174 178 173 173 171 171 186 180 176 177 191 209 188 174 134 142 176 189 137 168 179 164 156 148 149 143 134 160 167 136 160 160 161 160 150 172 179 165 141 114 134 140 147
145 157 162 164 149 152 154 137 132 134 136 171 200 191 168 135 115 127 134 161 165 176 130 114 104 114 135 136 140 137 116 124 146 136 126 107 130 132 132 130 138 143 134 165 179 179 182 183 154 129 147 186 196 187 167 160 173 183 188 161 131 132 172 198 185 171 139 99 125 140 139 137 146 170 168 167 144 132 133 134 155 156 154 157 155 148 148 150 166 176 177 144 140 162 155 166
151 173 181 173 162 164 169 167 157 150 159 187 192 178 168 147 120 106 116 128 166 160 155 150 120 115 116 136 135 145 137 119 129 142 143 150 143 111 103 104 142 169 161 173 179 173 179 157 118 109 124 174 198 164 125 135 135 167 189 172 169 162 138 173 178 159 128 129 154 155 142 149 170 174 183 172 145 140 155 140 128 142 158 154 150 153 146 147 181 166 143 132 147 150 153 156
146 165 166 139 145 153 183 184 159 166 166 145 138 142 142 122 127 123 129 161 150 134 126 132 123 109 112 149 147 147 155 131 131 143 149 155 150 124 110 118 141 143 129 134 162 164 160 155 125 123 163 169 137 103 72 88 154 172 138 121 108 63 136 183 181 166 168 164 168 153 152 155 166 171 174 171 153 141 130 118 134 159 171 154 146 155 166 177 187 147 109 140 174 167 147 140
149 164 152 133 159 145 161 180 174 176 161 138 122 153 152 167 126 125 122 138 155 150 126 111 128 137 135 160 129 113 130 138 134 135 133 159 183 174 162 129 131 123 132 118 106 106 137 169 161 154 154 146 128 133 127 139 179 202 80 87 126 118 136 177 188 175 173 162 183 171 147 167 157 151 155 156 170 179 165 168 174 163 150 143 158 160 179 177 178 151 119 162 175 176 161 162
149 174 144 146 186 184 170 177 177 144 105 116 139 127 139 164 117 127 123 116 115 153 139 122 135 150 121 94 102 113 101 163 180 119 127 144 123 125 160 181 155 140 139 134 103 113 118 137 140 150 154 163 159 163 169 166 165 170 167 132 127 129 114 129 175 163 151 146 170 170 120 136 142 150 141 163 182 187 172 168 188 178 148 153 165 151 152 164 196 134 127 147 139 137 159 153
148 169 177 186 173 181 164 137 137 148 157 143 114 162 168 113 97 110 152 118 109 142 147 144 124 111 98 109 139 155 154 150 159 124 126 105 110 100 116 136 152 133 121 120 112 129 133 141 138 144 177 168 150 148 161 156 159 154 117 152 78 91 164 153 142 140 129 102 93 127 129 127 133 141 146 159 167 151 179 167 161 166 129 113 145 168 152 155 152 136 106 105 104 90 98 95
134 127 151 159 145 161 158 133 135 168 180 135 121 77 90 124 119 114 120 145 113 134 148 170 154 112 126 130 151 159 143 157 113 132 141 111 117 107 142 125 135 141 136 134 146 149 147 144 140 138 162 181 177 170 171 163 151 144 104 154 143 82 141 138 124 126 138 130 126 140 141 121 123 106 141 172 165 165 158 140 156 163 152 136 144 159 158 141 131 124 97 70 74 70 77 79
145 148 126 138 149 152 159 148 134 159 170 146 121 105 162 140 131 118 121 138 145 141 146 133 128 102 84 87 112 113 133 115 126 161 164 116 95 88 90 114 130 137 136 127 131 138 127 125 130 129 112 129 146 164 160 146 142 153 134 123 127 112 124 124 132 131 149 170 147 127 113 84 89 79 105 140 143 154 160 150 145 159 163 148 135 134 137 117 96 90 83 79 78 83 83 78
155 170 157 148 157 165 168 163 145 162 167 175 181 166 154 127 131 137 128 142 157 170 163 133 126 109 89 93 89 93 131 133 123 126 143 139 120 87 81 89 108 115 124 130 115 107 105 112 111 122 110 116 108 111 134 140 144 152 138 117 91 93 123 131 137 144 138 140 135 114 90 90 88 91 91 118 119 134 143 160 161 156 138 141 139 127 118 118 121 114 92 86 96 90 89 79
168 177 168 146 147 153 164 178 169 157 170 167 150 146 144 149 149 153 146 162 154 146 153 139 124 118 101 96 103 125 118 115 94 70 105 144 128 83 85 85 109 115 116 136 129 135 119 131 130 144 173 136 116 106 110 141 156 138 135 115 109 129 159 143 126 134 134 137 141 119 82 68 80 121 140 154 147 139 149 167 159 159 161 170 167 135 127 148 142 107 81 109 123 110 109 93
159 148 140 167 166 148 169 191 182 162 171 151 134 142 152 165 169 160 148 163 169 165 142 138 144 121 113 110 101 106 141 136 109 137 143 144 157 133 137 119 119 129 136 127 130 126 129 131 147 147 126 132 135 128 121 119 145 148 136 130 134 157 173 156 120 134 143 138 130 105 77 80 121 164 164 156 146 158 159 153 157 159 149 161 171 153 139 138 149 127 93 150 139 126 101 121
136 131 145 151 145 153 161 148 162 160 148 142 129 119 139 165 158 131 138 163 169 156 127 126 117 108 106 97 98 98 123 136 110 106 122 126 150 170 153 125 124 154 141 112 138 136 121 121 133 126 114 134 130 137 149 137 140 149 134 120 114 115 128 137 117 129 131 126 105 101 110 117 124 150 171 157 156 159 165 175 178 171 152 148 149 141 143 151 143 135 110 123 144 105 90 129
139 147 159 152 146 166 163 142 140 142 127 130 171 175 161 168 167 172 158 136 136 144 139 133 139 119 113 107 106 108 123 105 116 131 165 158 125 114 105 106 105 115 107 101 140 132 114 117 107 117 126 138 129 131 136 138 152 158 150 135 121 107 124 141 134 121 116 111 103 116 118 114 112 119 145 167 170 166 167 146 121 158 171 163 141 134 146 173 169 172 159 144 122 94 127 119
151 126 145 165 155 152 151 145 158 143 147 152 172 174 167 165 151 208 196 158 143 153 146 138 150 125 117 118 126 122 119 116 112 126 184 192 141 111 117 120 126 130 109 118 166 162 144 134 130 128 135 131 130 120 100 127 142 148 134 127 128 117 124 136 140 133 142 121 109 121 119 138 148 121 90 143 154 140 148 116 110 153 155 156 143 143 150 157 156 164 159 166 154 138 133 107
149 139 139 154 146 140 133 123 135 149 168 168 162 153 160 163 153 186 158 128 146 185 158 128 119 107 87 92 99 118 126 131 127 115 130 170 155 116 121 131 159 130 107 124 134 129 126 128 125 134 130 122 136 135 118 132 148 147 128 120 125 130 142 151 146 136 127 133 127 118 117 120 143 145 129 139 156 140 137 154 163 170 157 146 141 149 138 126 116 142 165 163 152 105 95 104
162 164 153 151 137 126 110 107 131 146 148 146 159 151 140 170 177 143 142 131 140 130 107 106 94 119 134 140 140 145 123 129 130 117 124 161 169 122 129 147 155 125 117 137 132 119 124 103 105 147 120 113 141 158 150 149 149 133 146 131 112 126 140 137 140 135 138 151 147 124 117 121 120 104 105 126 149 153 150 175 181 163 154 149 150 168 161 131 141 156 170 151 115 70 71 99
149 147 133 149 148 130 148 147 144 116 109 134 135 144 163 171 162 124 119 104 87 87 85 100 118 132 130 111 125 145 128 139 130 121 126 120 123 141 129 126 119 122 103 124 142 145 140 117 109 141 138 131 133 144 139 134 124 116 138 131 130 126 125 136 147 120 119 136 134 125 114 112 101 73 75 108 142 153 162 166 168 163 170 174 169 166 161 147 176 171 151 144 84 65 71 121
154 151 136 130 133 126 138 159 146 134 138 141 140 143 141 149 148 128 129 137 118 127 133 111 107 110 109 104 104 119 148 139 111 117 137 147 134 130 126 131 122 126 136 147 132 125 129 118 102 115 136 127 102 98 104 84 106 119 116 135 152 134 125 122 132 148 139 123 126 129 140 140 142 123 117 121 151 178 173 163 163 170 177 166 164 174 170 166 166 157 170 164 96 95 99 135
