examples/data/proba_v_italy_sicily/probav_s10_toc_x19y03_20140711_333m_ndvi_v001.txt
ncols         1127
nrows         589
xllcorner     12.348214285714
yllcorner     36.598214285714
cellsize      0.0029761904761905
NODATA_value  -9999
[rows 104 to 155 of 589, columns 96 to 191 of 1127]
113 120 102 104 94 80 76 87 81 88 102 102 112 107 93 102 115 107 95 104 121 121 126 118 108 106 100 108 115 96 94 87 85 78 75 70 64 59 56 72 87 97 106 105 102 99 96 92 101 101 93 88 91 107 128 105 98 99 100 103 111 119 120 112 105 118 121 111 110 120 115 111 115 104 103 106 95 92 88 73 43 31 31 31 32 32 32 32 33 35 35 35 37 38 35 36
97 108 100 105 99 89 79 94 99 93 96 103 92 101 103 113 116 114 99 89 104 107 92 92 87 107 113 119 115 109 103 92 79 81 71 80 91 84 69 64 79 91 95 103 105 109 77 73 100 103 97 100 105 114 122 90 84 97 112 117 121 130 131 136 121 101 101 108 116 126 116 119 122 101 85 87 93 95 85 64 41 29 31 32 32 33 36 36 35 38 39 38 39 37 36 34
109 105 94 101 98 103 93 98 107 101 89 88 99 104 116 117 114 107 102 95 99 106 99 89 90 98 107 106 126 118 99 88 84 84 92 98 98 98 95 90 88 81 85 83 84 103 95 82 98 96 96 87 98 95 95 95 96 95 110 103 99 112 117 116 114 109 109 117 118 130 119 109 110 100 96 94 87 74 78 69 49 32 29 29 32 31 33 39 41 40 42 39 40 40 37 37
114 117 100 99 108 108 100 95 97 99 96 86 92 95 111 111 109 107 101 103 104 110 101 87 85 97 115 118 107 104 106 102 100 100 100 99 101 95 101 102 100 85 88 86 85 97 114 117 117 120 106 99 101 115 115 116 130 133 112 104 110 117 125 120 117 121 111 118 120 109 111 116 118 113 106 96 79 71 68 68 77 70 39 30 33 34 34 37 40 41 42 44 43 42 42 41
106 107 109 105 104 110 107 97 93 91 91 88 93 98 112 110 115 102 90 105 101 106 103 90 105 119 121 130 124 121 105 103 102 102 109 101 96 91 97 102 93 84 90 110 115 117 127 136 133 132 115 113 127 140 129 126 142 149 130 130 137 129 124 126 131 117 112 117 121 113 105 108 119 129 115 95 75 69 71 69 85 95 73 44 43 41 34 31 33 33 32 38 45 44 42 40
100 100 98 102 99 100 97 84 92 102 103 102 104 104 96 100 96 85 85 102 100 94 105 102 119 115 109 112 104 115 104 96 97 93 101 96 89 84 90 104 100 97 108 116 121 109 116 117 112 109 102 111 112 128 134 129 138 133 133 116 105 113 116 127 128 121 117 127 130 122 110 112 123 129 119 100 79 70 74 73 87 104 88 56 65 72 52 31 26 25 26 25 29 36 34 34
88 107 107 103 96 101 108 105 107 113 113 95 95 96 93 88 88 87 85 91 93 85 86 112 115 109 98 90 88 104 105 91 99 94 97 83 82 81 94 99 98 100 100 88 107 102 93 98 95 93 98 95 93 88 105 113 118 123 120 115 118 129 121 121 116 114 109 121 122 122 131 126 119 108 90 82 82 87 91 91 107 113 71 47 59 70 83 93 74 70 66 85 91 86 83 74
88 92 94 90 95 99 99 105 117 107 117 87 82 94 90 82 81 93 99 93 86 91 80 97 116 95 98 102 100 104 97 85 86 101 106 105 100 93 93 99 102 92 86 94 99 88 81 86 86 94 103 106 111 102 90 102 116 119 112 124 138 148 129 117 118 117 117 111 115 125 133 132 120 98 81 95 109 113 115 115 121 119 94 63 51 67 90 111 107 107 111 123 123 110 106 95
86 96 99 87 90 93 99 92 93 95 112 102 95 104 104 95 110 122 130 115 92 88 99 95 106 99 97 101 96 90 77 83 95 93 103 99 89 81 74 86 97 104 99 95 95 99 84 90 100 98 102 117 113 103 93 93 94 107 125 128 142 132 130 131 127 116 123 116 138 145 148 139 118 88 111 131 151 132 135 132 136 144 131 104 79 70 82 99 98 116 130 132 121 134 121 103
94 98 96 87 87 86 88 99 98 86 85 103 116 111 106 106 110 114 124 115 93 83 97 98 97 108 102 90 84 80 78 81 89 95 105 100 92 102 102 102 96 95 107 102 90 92 80 98 115 109 94 92 101 101 95 97 106 141 155 157 147 136 133 137 141 135 143 133 138 144 136 124 115 126 151 172 160 163 173 151 137 150 126 128 104 78 79 98 142 140 138 115 107 115 143 126
110 113 128 114 88 81 89 105 104 104 94 100 105 106 97 99 111 101 87 83 88 96 109 100 98 103 97 102 97 98 92 91 94 107 107 87 86 109 108 104 91 89 105 119 110 87 87 101 105 107 106 103 96 91 99 105 121 154 175 164 145 137 138 127 107 136 159 147 131 118 118 130 145 157 182 209 199 194 176 146 111 105 125 136 112 92 94 109 145 143 147 132 120 112 120 121
103 111 122 123 107 94 106 110 112 102 89 87 92 98 97 99 111 112 105 92 92 112 104 94 104 106 102 98 105 100 101 110 105 108 107 96 89 108 123 113 101 102 110 112 107 99 103 99 95 83 90 95 88 87 97 101 111 130 166 173 160 156 139 120 107 129 140 147 153 129 114 124 141 165 211 190 200 183 151 136 117 104 124 130 114 108 103 106 108 107 132 148 152 120 104 125
108 112 111 103 97 96 98 86 72 74 87 94 92 89 82 91 104 113 112 104 101 122 119 101 101 103 99 98 108 109 103 106 107 104 100 93 90 97 118 114 101 117 125 100 95 106 93 104 112 108 106 113 94 91 100 90 89 104 146 170 156 157 148 130 137 154 169 171 173 138 120 123 139 153 183 160 168 185 151 118 102 99 117 132 123 106 105 101 100 114 140 144 134 115 106 117
95 81 86 95 96 89 87 98 89 85 90 94 94 87 94 92 105 116 111 108 116 131 115 94 100 95 105 109 104 106 109 100 104 108 87 85 84 80 84 103 113 112 125 135 142 180 172 111 109 103 102 91 89 104 93 87 87 94 110 150 144 144 157 168 170 179 189 172 168 153 117 103 110 148 177 165 159 146 139 123 120 116 115 130 129 139 123 109 114 130 153 148 143 132 120 117
86 84 86 91 88 84 91 100 97 93 88 96 99 104 109 100 95 108 112 110 104 100 99 93 99 98 104 108 102 98 113 106 100 106 98 102 100 89 89 97 106 104 109 140 168 183 167 114 94 106 100 85 97 102 96 88 85 88 104 130 148 144 156 169 161 157 144 120 114 130 127 104 118 139 112 98 113 133 156 152 139 144 136 134 126 142 123 104 106 113 138 146 160 156 146 131
89 86 80 86 93 84 81 85 95 93 89 85 80 90 108 104 96 97 111 113 92 99 104 100 97 97 92 84 96 92 92 99 101 116 109 111 109 109 113 121 118 109 150 158 111 111 142 116 96 107 94 83 88 103 108 101 90 86 81 111 119 109 107 117 134 128 110 104 114 122 126 117 120 131 101 90 101 108 111 124 141 135 124 125 102 113 116 112 105 106 108 119 135 133 132 120
104 99 87 87 93 90 83 74 74 84 102 100 98 105 102 103 104 106 119 101 94 106 106 101 103 99 103 92 96 88 92 94 97 109 96 94 102 109 120 114 107 135 162 155 121 109 94 93 97 100 105 103 118 102 110 99 90 95 87 89 87 103 103 104 110 114 108 115 126 127 125 131 128 127 108 99 110 106 103 109 104 89 93 95 98 108 138 128 106 101 123 125 134 135 134 124
97 101 93 87 79 86 87 90 91 98 111 99 90 93 91 92 98 98 100 98 102 116 105 108 109 107 97 90 91 90 90 86 82 86 89 88 90 98 101 102 150 164 156 164 153 154 125 127 109 103 90 98 120 123 113 111 101 97 97 100 105 124 110 95 100 110 102 118 125 115 120 127 118 108 103 102 99 101 115 123 105 87 87 95 102 102 118 117 103 109 130 112 107 119 139 129
79 85 105 114 100 104 102 101 102 109 110 103 104 109 107 107 109 101 94 87 98 114 102 95 100 95 84 94 95 94 99 98 87 83 84 89 89 88 98 132 149 144 131 133 156 176 192 192 183 165 133 108 110 109 115 112 91 82 92 111 111 113 115 117 118 94 101 114 124 120 134 121 109 103 118 101 100 111 128 99 87 93 91 98 109 115 112 114 105 118 120 105 99 110 130 127
91 90 94 113 119 108 102 102 106 101 104 104 96 100 108 103 101 96 96 91 103 99 107 101 98 96 97 103 102 98 102 102 101 97 88 89 90 87 97 106 116 150 152 157 149 160 179 208 213 203 162 101 79 89 104 103 98 89 92 116 122 122 128 134 130 108 98 117 133 124 99 88 98 106 115 114 111 120 105 93 94 104 98 112 120 120 107 111 113 119 116 122 115 121 118 111
85 86 85 96 104 100 98 90 96 98 95 102 100 95 103 105 105 96 91 95 100 95 91 106 102 101 105 107 101 96 96 95 107 111 94 88 86 84 98 107 92 111 142 158 166 165 183 207 207 174 124 99 82 108 100 96 113 119 106 112 118 124 122 118 107 112 121 88 115 117 110 101 103 100 108 115 106 101 96 89 98 104 107 127 124 106 102 106 116 92 99 114 118 129 126 103
75 73 79 85 90 92 85 82 92 108 104 105 113 104 103 116 106 95 102 106 99 89 101 111 104 101 106 99 88 93 94 92 96 98 92 94 92 88 104 97 92 96 105 153 174 168 173 193 168 125 112 97 102 98 96 97 113 123 104 102 108 113 119 112 105 113 113 94 112 125 119 109 105 96 98 108 103 88 76 84 100 103 129 127 135 123 110 107 105 115 115 127 127 137 118 84
92 84 76 76 91 90 83 89 107 107 100 116 129 119 108 109 100 110 120 109 87 85 86 85 81 98 107 92 98 93 90 105 103 101 92 93 97 91 93 107 107 138 168 174 174 171 155 146 117 105 104 108 114 106 103 92 101 109 94 104 102 97 101 101 103 115 124 100 99 114 120 109 97 96 101 105 97 88 85 91 100 132 145 125 110 105 108 111 99 120 148 133 98 99 90 111
91 83 87 88 90 89 92 93 87 90 100 105 100 97 121 112 102 111 123 108 87 91 90 88 90 85 94 91 94 96 102 102 105 93 90 87 112 123 113 121 101 106 139 156 164 135 118 110 102 98 91 94 94 97 91 88 94 102 97 97 92 95 95 90 95 103 108 95 93 111 123 120 100 100 102 100 94 96 101 100 109 127 132 123 118 109 111 116 132 147 134 104 85 99 96 137
92 83 87 90 86 86 96 94 87 105 107 106 107 100 110 122 124 119 108 108 101 94 97 101 93 89 81 95 101 95 97 96 102 97 92 93 103 117 102 99 98 112 129 139 126 134 122 116 111 99 96 100 98 88 91 102 101 93 96 97 94 95 98 88 90 100 107 99 92 108 109 112 100 92 87 87 92 104 108 109 121 124 131 108 112 109 112 120 131 112 105 96 86 99 113 140
86 81 78 82 85 101 112 101 94 109 111 101 107 113 98 105 98 94 94 90 91 94 99 100 97 100 91 100 110 112 106 99 103 99 92 93 98 107 113 107 112 117 126 119 124 120 108 101 95 98 109 112 98 89 88 98 102 95 90 90 88 101 114 88 91 90 81 86 96 97 103 113 117 91 75 83 90 110 114 122 127 118 111 97 90 121 125 120 109 102 88 92 93 82 75 97
85 88 95 90 95 98 90 88 90 97 90 82 91 113 112 116 99 93 101 101 97 95 100 104 107 98 92 102 100 112 116 103 99 93 85 84 106 119 117 102 102 109 96 99 110 110 89 101 104 112 128 126 103 84 84 99 104 97 85 95 101 99 102 94 110 97 72 78 94 99 111 113 118 119 96 95 99 104 117 112 111 109 108 128 142 142 124 98 117 124 105 95 98 88 89 124
74 86 88 92 100 100 95 96 94 92 93 91 90 95 93 103 101 83 104 116 112 91 87 97 102 98 93 105 118 97 96 104 94 77 81 104 108 101 105 97 95 97 98 94 97 101 93 97 89 95 119 118 123 110 94 96 90 98 94 94 109 96 98 104 114 100 80 86 95 94 107 119 117 112 103 105 105 103 117 117 130 132 126 139 143 119 103 94 105 129 116 100 113 110 88 128
80 84 77 83 92 91 91 92 89 83 87 90 101 110 103 105 117 101 104 100 94 100 94 89 103 108 106 111 110 112 110 90 73 79 89 94 89 86 90 91 90 85 82 82 79 85 84 84 89 105 110 119 120 107 95 104 103 112 101 104 104 85 96 100 108 106 109 100 104 106 106 108 95 99 103 101 120 118 119 131 139 147 110 111 112 104 104 105 97 115 125 117 125 111 93 113
80 85 86 86 84 77 79 82 74 76 83 96 99 111 107 99 110 108 95 96 90 107 106 105 109 97 102 116 111 117 104 82 87 91 82 73 77 82 90 91 88 83 83 89 96 96 94 90 97 106 104 106 111 118 97 94 105 107 101 103 89 94 97 92 90 101 117 102 98 113 104 91 94 94 89 115 136 133 136 150 148 147 140 112 108 113 120 118 113 120 126 113 99 114 114 117
77 85 99 93 86 87 85 79 73 73 89 103 96 92 91 97 105 102 87 93 91 91 98 109 116 106 98 123 132 130 121 101 95 89 84 75 78 78 80 84 89 88 95 92 101 103 106 98 96 89 102 120 108 109 101 91 92 90 91 93 106 106 99 91 87 94 105 102 94 87 99 95 98 95 94 111 130 133 140 140 153 157 169 174 171 144 124 123 113 107 119 99 90 111 126 119
84 84 91 98 84 83 84 77 76 80 85 104 107 99 99 99 117 115 104 84 81 87 91 94 112 112 106 126 129 127 123 101 89 107 89 77 78 81 84 81 75 88 102 98 99 103 117 101 96 90 92 110 104 99 96 100 101 100 92 103 115 107 112 114 107 102 107 113 101 86 89 92 98 107 104 114 128 149 158 148 161 174 170 187 202 164 122 111 104 116 127 108 88 107 121 113
92 82 81 84 79 81 86 83 81 82 80 80 99 114 109 117 114 104 104 85 85 86 96 116 124 119 106 108 112 100 109 97 88 85 82 81 78 89 100 81 82 89 106 94 106 131 112 92 100 104 101 127 107 81 86 96 110 112 98 95 106 113 124 127 126 104 100 112 103 95 98 112 119 113 98 105 130 154 174 160 157 180 165 166 193 172 124 111 108 111 108 104 97 99 115 127
96 87 85 79 77 92 90 87 87 91 83 87 95 103 113 116 118 93 87 94 92 94 92 110 115 112 95 102 112 107 117 93 84 84 83 78 75 90 106 97 102 106 102 93 105 122 95 88 104 108 101 95 95 97 92 97 120 111 100 97 101 105 118 134 134 112 103 95 96 114 119 115 127 115 112 108 122 152 163 164 158 148 139 177 196 188 133 128 118 99 96 112 107 102 112 121
106 84 88 92 78 85 105 96 90 114 126 116 113 106 115 106 81 76 77 93 93 104 105 105 87 85 88 99 109 106 98 83 84 90 85 82 79 94 109 101 109 115 98 91 87 99 92 87 91 95 100 85 84 94 101 110 119 120 118 106 95 115 135 135 125 132 117 106 104 120 122 108 112 119 128 117 122 158 166 148 157 145 136 182 207 199 150 113 109 99 103 110 107 103 108 127
76 72 82 93 91 89 94 100 97 109 115 104 103 112 111 92 82 80 82 90 94 98 114 123 121 117 101 98 115 119 95 88 86 78 81 88 79 82 89 91 106 115 112 100 90 97 102 98 95 98 107 106 110 108 116 115 118 120 116 115 111 121 122 119 120 124 141 143 115 111 119 114 105 124 126 127 127 134 170 157 134 139 161 184 196 182 145 113 106 102 104 108 117 113 118 125
83 83 78 83 85 86 85 87 86 88 91 93 100 109 116 103 90 91 101 104 96 87 103 118 119 113 94 89 91 90 89 95 83 74 79 79 77 80 79 84 93 99 109 106 97 104 102 89 94 98 94 94 96 99 106 98 102 109 111 119 102 85 89 106 116 133 145 157 142 124 128 131 131 141 144 139 152 153 144 130 132 167 197 193 187 152 119 115 106 97 105 114 116 126 136 119
106 109 96 93 84 85 79 82 89 95 100 98 95 99 104 98 99 115 132 119 114 118 127 113 101 87 77 94 112 101 92 92 84 80 83 82 75 77 76 80 89 102 106 97 99 103 100 80 78 82 79 79 85 97 104 102 105 103 111 99 87 89 97 124 135 145 159 165 157 133 132 150 149 145 162 154 153 161 152 144 128 144 158 149 130 119 111 102 93 94 101 107 115 123 126 108
93 103 104 93 84 82 76 79 92 85 79 97 101 89 100 105 96 108 125 116 90 109 122 105 92 85 80 99 105 104 94 93 83 77 79 78 78 92 93 102 110 115 99 95 103 111 106 87 83 94 96 88 87 94 98 92 97 101 107 107 107 100 107 138 174 182 166 143 137 122 122 143 151 146 155 154 152 165 153 133 122 136 156 138 104 95 94 93 108 104 106 111 116 114 120 113
98 83 84 97 116 87 90 95 95 94 86 99 119 106 112 122 112 101 110 115 93 91 101 89 84 89 100 98 91 92 95 95 80 78 81 79 82 108 130 101 99 98 101 113 123 115 98 94 88 94 102 106 98 100 114 100 97 94 100 105 107 107 116 138 164 155 134 128 139 132 143 156 155 146 142 147 150 143 158 139 132 136 128 107 94 101 93 91 90 109 115 116 124 120 125 110
102 98 92 86 106 114 109 110 108 119 121 105 118 116 118 120 113 108 106 100 100 100 103 93 93 101 98 83 89 102 107 95 75 78 81 83 80 94 110 98 92 82 75 84 90 85 87 91 85 86 93 96 101 125 132 102 86 94 105 103 96 101 112 126 123 126 149 150 140 141 153 159 158 153 148 157 151 141 157 144 134 131 128 104 89 86 94 94 102 113 120 107 104 104 111 115
98 89 99 103 105 112 115 120 122 105 90 97 110 120 127 103 84 93 101 94 95 95 91 90 92 94 88 75 78 89 91 86 75 81 81 91 95 100 95 89 90 88 72 88 117 93 88 94 87 89 93 87 91 104 105 91 85 96 107 97 99 109 112 124 126 144 167 172 146 157 159 158 170 154 154 163 154 129 129 132 129 125 120 120 106 104 102 99 106 104 111 103 100 105 106 102
103 98 99 108 101 97 112 122 120 117 114 117 123 126 123 105 90 105 118 102 87 84 78 83 92 89 81 80 73 78 87 89 81 76 81 87 95 100 101 91 81 107 87 92 100 90 98 91 88 93 84 87 92 100 93 91 92 100 107 99 101 116 137 143 137 133 147 158 151 141 144 137 147 152 137 136 131 116 93 102 128 118 123 124 121 121 126 118 111 110 105 95 92 102 103 105
117 127 106 112 123 115 107 124 120 121 131 127 117 105 88 81 83 93 99 92 91 88 80 79 86 84 77 88 88 93 81 80 86 86 87 96 104 97 89 100 86 95 90 101 96 86 106 116 107 104 79 58 67 93 99 85 83 95 105 103 107 117 133 143 141 154 142 142 153 140 123 108 115 151 154 146 90 72 73 90 104 98 98 102 101 97 107 99 104 100 100 104 106 105 99 101
113 128 121 124 135 149 141 131 118 106 112 109 85 92 98 81 71 76 76 75 85 92 98 84 85 86 93 109 102 97 90 85 85 101 106 113 120 91 80 82 87 89 97 95 89 95 103 123 107 93 83 70 70 79 95 112 106 93 91 92 99 113 115 124 142 136 130 155 154 141 126 120 135 136 115 120 123 129 129 103 92 108 101 106 105 97 109 101 110 112 107 94 100 110 107 104
123 124 135 119 121 148 147 114 113 91 90 110 109 94 86 80 92 85 75 71 82 96 106 109 92 92 93 99 97 85 95 106 108 112 94 98 99 80 75 77 90 89 81 74 79 101 102 94 89 77 87 92 85 78 79 92 91 82 79 97 105 106 89 105 118 122 122 141 155 130 123 119 109 131 142 135 119 123 147 132 121 123 98 110 123 117 106 95 94 100 101 100 106 110 96 94
110 114 108 83 82 111 142 119 107 101 102 111 110 96 79 91 93 76 75 78 79 80 97 112 93 86 92 87 91 88 115 150 120 104 87 84 84 81 92 100 96 93 88 87 104 121 110 101 108 107 94 87 76 82 101 106 112 101 80 80 89 97 104 95 112 113 127 134 128 109 98 105 105 109 138 138 130 151 136 141 133 125 115 101 106 106 85 79 87 88 81 91 100 83 93 91
114 98 85 102 115 124 136 125 111 118 105 106 93 93 89 79 74 76 79 76 75 79 83 91 84 85 86 86 97 100 96 108 110 96 89 101 119 109 110 132 128 122 104 103 103 100 105 106 111 89 77 77 74 77 92 101 118 99 77 71 80 95 97 98 101 108 122 117 115 109 84 74 88 117 139 139 140 143 144 138 136 135 127 106 86 72 69 77 84 92 84 87 92 86 90 110
129 126 115 104 116 130 134 134 115 108 102 93 85 79 79 78 68 65 74 75 70 79 86 79 82 95 88 88 111 122 86 65 97 90 110 149 153 162 157 155 161 155 134 126 135 119 90 104 118 113 80 74 75 74 81 96 121 120 85 69 84 82 79 83 87 115 123 112 125 129 105 86 95 119 134 134 145 133 141 140 125 141 128 121 116 91 88 98 95 98 95 101 103 100 104 111
135 137 132 116 106 114 131 135 120 93 86 91 88 82 83 77 70 67 74 73 81 80 79 92 101 90 92 107 96 60 62 87 91 96 125 168 166 145 143 149 163 150 133 135 153 141 118 132 131 120 98 85 79 85 99 131 146 151 165 120 90 91 87 96 113 117 125 111 107 126 140 109 104 127 143 146 141 127 146 154 142 163 158 141 135 128 104 92 95 90 90 101 105 108 114 117
140 125 107 120 122 113 127 135 117 97 97 94 94 84 86 81 76 72 77 93 101 81 79 92 84 88 96 111 78 0 80 82 76 85 104 118 120 114 122 146 153 163 151 139 152 136 142 142 144 149 152 121 126 145 156 153 130 120 100 98 93 95 96 100 125 129 117 118 111 104 109 118 131 126 142 149 130 114 137 149 137 149 161 155 128 122 108 97 104 90 76 90 105 103 97 91
134 144 121 110 109 120 119 111 103 101 102 109 95 83 78 73 72 75 78 86 89 84 78 80 80 77 57 41 20 33 98 105 92 96 103 106 109 135 139 141 143 145 144 142 141 134 143 143 157 166 161 144 130 137 142 147 128 104 102 106 105 92 101 103 104 109 129 129 121 106 115 120 138 142 142 159 167 140 137 144 125 130 174 163 138 141 118 90 86 83 77 87 107 108 87 91
