examples/data/proba_v_italy_sicily/probav_s10_toc_x19y03_20140611_333m_ndvi_v001.txt
ncols         1127
nrows         589
xllcorner     12.348214285714
yllcorner     36.598214285714
cellsize      0.0029761904761905
NODATA_value  -9999
[rows 196 to 244 of 589, columns 96 to 191 of 1127]
115 125 115 96 126 159 126 111 113 116 137 149 134 114 103 119 112 93 113 131 133 127 119 115 114 124 140 126 121 124 123 125 116 114 144 159 132 103 94 111 129 143 119 96 104 116 119 124 129 129 132 137 139 156 132 107 115 126 125 126 128 127 111 116 123 137 131 137 137 142 160 143 141 130 123 132 122 108 103 87 93 103 98 84 87 115 119 104 114 130 126 125 118 123 128 142
134 122 112 94 80 104 112 108 121 129 123 123 123 118 114 105 92 93 110 137 127 123 132 124 121 134 138 130 129 131 105 94 103 110 127 154 137 117 108 98 101 109 119 111 122 128 128 118 125 128 142 151 128 119 128 131 110 110 114 119 124 125 125 132 129 124 117 111 124 121 127 125 126 123 114 112 105 108 106 90 108 121 120 95 86 109 121 119 125 129 117 126 125 123 130 121
125 120 93 94 113 103 113 124 121 118 118 120 108 104 98 86 85 97 113 124 124 123 130 129 114 121 129 142 134 118 85 80 88 121 123 127 133 113 106 99 98 102 120 128 143 129 108 121 144 157 152 133 123 102 89 105 108 116 121 127 129 114 118 123 115 112 132 121 108 116 121 129 123 111 105 113 111 111 110 113 124 126 112 107 111 125 134 139 130 135 120 124 133 128 134 123
121 119 135 134 119 108 106 117 114 122 116 117 110 95 91 97 109 100 116 120 121 125 121 122 115 112 106 114 102 112 112 111 107 147 164 131 134 126 99 115 111 110 124 122 146 140 126 144 150 154 146 133 133 117 85 99 118 120 122 126 128 119 121 116 109 127 134 125 128 130 125 123 114 113 108 109 119 126 119 114 119 124 111 114 122 117 110 122 123 125 135 132 131 129 135 153
126 121 112 110 106 107 108 120 120 119 129 120 100 103 108 108 122 123 116 118 112 117 111 114 118 113 97 104 124 152 163 133 122 145 141 117 110 116 104 101 102 116 127 138 139 141 131 133 132 115 96 118 126 123 121 131 122 119 124 138 139 140 135 118 120 135 126 116 124 122 106 102 103 102 111 111 114 123 112 108 116 115 111 113 108 120 131 127 133 126 137 135 116 110 120 130
126 117 100 109 117 118 119 118 123 121 138 136 124 109 97 113 132 133 122 102 94 105 107 114 102 87 84 102 150 128 115 113 130 142 125 110 83 96 109 122 109 132 132 126 144 123 118 119 122 111 130 123 125 130 135 135 111 104 113 132 123 133 146 129 128 125 113 119 125 108 96 98 108 107 121 128 123 123 118 126 120 116 109 111 116 135 141 125 126 131 128 121 115 117 121 117
135 130 118 129 124 109 111 123 129 127 139 144 132 114 119 145 143 121 114 115 112 116 118 113 113 106 101 91 112 109 126 127 109 115 134 158 122 89 101 113 109 114 115 124 116 124 121 132 129 129 132 126 124 133 129 126 120 113 124 132 118 125 129 113 126 118 110 108 110 112 115 110 108 117 130 129 119 123 124 132 126 125 125 132 135 124 126 121 129 132 120 126 124 124 128 131
130 138 137 126 114 110 121 125 130 129 131 139 128 114 113 117 121 125 112 122 127 116 120 115 121 111 104 102 100 105 111 104 94 97 112 142 129 122 115 105 112 125 136 125 94 95 125 137 135 126 125 113 123 142 153 148 132 132 131 124 126 128 132 127 120 120 125 118 109 107 97 102 117 120 112 123 124 125 130 142 128 121 128 127 131 129 133 134 140 156 144 140 136 135 133 130
123 134 139 134 128 117 115 112 111 119 128 130 124 122 115 123 123 125 110 116 129 115 122 133 124 118 99 103 110 100 95 114 114 106 101 117 130 129 138 130 125 152 164 121 89 81 104 137 124 121 127 111 117 135 144 136 132 131 132 119 112 110 108 99 106 117 125 125 121 118 115 110 121 126 116 116 124 120 123 132 134 136 138 119 110 121 136 131 137 135 141 143 144 130 131 130
125 141 143 140 131 117 113 109 117 117 127 121 110 120 122 119 120 123 122 121 120 117 113 110 114 120 121 115 125 108 114 128 124 122 120 116 109 112 129 130 124 150 162 129 101 92 102 110 110 113 112 106 114 120 121 121 129 135 128 122 121 123 115 110 132 130 123 129 128 120 121 131 129 134 124 116 119 118 120 122 124 125 122 117 118 121 126 130 127 129 137 141 141 135 127 123
139 132 131 129 106 99 117 118 135 135 121 129 121 112 117 123 125 123 127 113 104 102 104 112 134 140 140 134 120 127 121 129 121 114 117 128 114 112 113 121 133 162 161 104 89 93 92 95 99 103 103 111 116 116 116 122 129 123 116 111 111 120 112 112 130 124 121 131 134 116 123 130 125 130 130 118 117 130 121 105 109 116 119 119 126 123 124 116 117 123 127 136 137 131 118 119
143 142 125 119 117 119 143 152 138 127 120 133 155 124 115 123 114 137 126 108 113 107 99 105 134 138 138 147 126 136 143 138 121 129 131 137 116 105 109 109 111 138 148 123 103 96 99 98 99 111 109 101 111 117 116 119 122 120 107 105 103 99 105 104 113 119 122 120 118 105 113 122 122 129 141 139 121 110 107 114 122 125 123 116 97 97 118 117 121 129 129 131 126 127 128 124
156 128 125 122 119 131 146 133 124 127 121 123 153 150 127 132 112 108 118 110 113 116 115 109 122 116 121 134 121 104 118 132 137 122 103 102 115 110 102 100 113 142 144 118 103 103 109 112 109 114 114 120 118 115 113 119 115 123 113 113 120 118 117 124 116 113 108 123 115 113 115 107 100 106 137 139 123 117 110 112 114 111 105 82 69 89 126 112 116 127 133 135 127 128 128 129
130 129 138 137 137 141 143 146 145 134 112 117 120 120 101 112 114 107 114 106 105 139 118 114 123 121 118 127 134 128 121 133 136 120 99 94 91 99 109 97 98 127 132 107 109 125 123 130 116 129 141 141 132 127 108 99 96 100 106 117 118 118 109 107 108 117 114 107 101 106 104 112 115 112 125 137 133 133 128 114 118 120 109 73 70 85 94 72 89 121 135 140 131 132 128 129
124 133 138 137 123 125 143 139 130 109 109 119 119 111 103 113 110 112 113 115 118 121 119 118 110 110 123 132 123 114 108 112 118 119 97 116 136 121 105 102 108 116 130 114 116 118 115 130 131 127 127 126 110 108 114 104 95 105 114 109 112 102 106 110 109 123 119 113 112 114 110 118 138 125 133 132 133 124 117 117 130 127 116 96 73 79 78 56 67 102 129 140 131 128 134 136
143 140 137 138 130 131 136 123 128 112 101 123 118 101 106 129 120 118 112 116 124 112 110 128 125 118 136 135 129 122 111 113 123 127 124 128 142 138 130 123 115 116 151 133 109 103 98 107 119 124 132 126 111 108 113 118 123 130 117 114 108 105 112 115 108 110 107 107 112 121 134 129 130 125 128 132 132 117 110 115 124 114 96 96 81 79 68 56 93 121 135 142 132 118 131 136
123 120 119 125 130 131 130 133 134 124 114 123 122 105 112 131 124 114 107 117 124 123 109 112 123 132 129 108 101 109 117 126 125 134 127 116 108 127 137 131 122 130 194 165 115 112 103 99 99 102 121 131 118 118 130 143 140 122 112 116 107 101 108 116 121 118 115 120 123 121 129 128 125 120 122 128 121 105 102 115 128 119 114 120 100 83 88 116 138 143 131 128 141 144 149 137
91 91 127 135 139 135 128 128 128 123 113 126 120 115 114 118 106 93 93 99 104 113 127 130 121 118 120 121 115 113 111 119 135 133 117 115 114 121 128 133 131 158 202 186 121 109 106 101 104 107 136 142 132 123 132 149 139 125 122 111 108 121 134 125 114 118 121 118 123 119 121 112 104 117 122 120 114 104 110 129 139 138 140 138 117 112 134 141 143 131 127 122 129 143 142 142
89 99 123 142 139 117 126 140 143 132 118 137 132 134 140 124 122 110 103 105 114 125 130 117 113 117 116 117 131 147 138 128 132 124 113 110 105 109 111 105 63 119 171 149 116 100 106 114 108 96 131 137 137 134 135 136 126 115 105 109 118 122 124 116 111 115 114 116 119 123 135 132 122 114 121 122 122 123 121 123 123 127 132 119 108 104 141 159 157 141 133 119 125 134 143 149
86 91 88 121 157 156 158 148 137 136 129 133 112 110 129 144 116 101 123 119 114 128 120 107 114 126 113 118 121 138 149 144 128 129 128 120 105 117 108 73 0 56 130 127 106 99 105 113 119 108 123 134 145 151 150 128 118 116 108 113 129 118 108 109 117 128 132 123 121 120 123 107 107 114 115 117 120 123 128 130 134 128 121 117 100 93 138 148 149 139 127 134 133 135 137 132
87 86 92 100 121 136 143 144 136 130 126 130 122 108 112 125 120 107 114 116 108 115 125 114 114 125 114 120 124 128 140 142 123 113 106 111 117 120 121 60 0 44 129 136 120 114 98 110 118 110 118 134 131 120 121 130 116 112 114 119 113 95 115 129 130 128 137 141 136 121 118 114 106 116 112 113 127 126 138 128 114 129 123 118 113 90 122 151 144 134 126 132 130 130 130 119
89 92 88 102 117 105 134 135 121 110 135 132 120 109 97 95 100 100 115 129 126 119 106 103 97 111 107 112 129 138 135 138 125 125 114 109 122 124 118 91 10 40 107 122 114 106 109 97 87 95 111 124 131 126 127 132 115 109 121 114 81 75 104 117 124 121 127 134 124 109 117 132 124 126 119 117 117 105 112 133 124 131 127 132 120 102 111 145 160 143 132 139 136 131 126 128
102 108 92 110 136 115 128 140 125 116 118 123 125 108 104 100 103 104 116 129 136 126 109 115 96 111 123 109 104 115 124 124 119 135 128 116 117 113 105 97 50 0 60 101 106 101 115 99 87 106 113 126 123 116 114 116 113 113 117 105 91 98 106 119 118 135 144 118 130 132 127 128 126 110 100 96 98 91 113 127 125 116 119 121 114 119 122 120 149 148 119 131 145 139 118 111
131 141 115 126 150 136 125 122 119 121 104 96 118 118 110 102 103 97 106 118 130 138 120 123 128 121 119 105 101 120 111 100 106 102 106 108 103 110 120 89 40 37 92 113 115 100 105 106 102 111 108 115 118 109 105 116 115 106 107 102 98 95 89 91 87 105 120 93 99 95 89 94 98 89 91 101 107 93 100 114 104 105 113 115 111 125 126 102 128 149 150 150 145 131 119 119
130 117 113 117 125 129 119 117 119 107 102 106 118 131 121 118 127 127 105 102 122 143 114 106 120 120 111 111 110 125 111 99 108 100 95 100 98 104 115 92 21 65 96 120 118 109 108 116 117 110 108 118 121 104 93 110 101 89 108 110 88 84 82 79 75 81 103 89 85 79 85 92 95 89 106 140 142 95 90 108 99 99 113 107 100 117 125 109 104 121 121 128 132 128 133 130
120 114 116 111 113 111 105 110 122 114 109 114 123 126 121 124 116 111 114 107 110 116 130 128 143 131 125 127 119 102 98 97 108 109 89 84 92 102 109 93 77 102 104 119 115 112 107 111 109 110 110 107 103 96 97 99 89 83 115 134 104 74 83 78 87 99 109 111 116 108 107 106 92 99 112 136 116 92 86 100 98 99 115 116 115 117 117 118 115 116 118 130 140 135 144 136
138 128 118 119 120 111 108 105 111 110 105 107 112 114 121 142 126 120 136 119 106 115 120 110 104 111 118 126 118 100 90 92 100 101 91 86 93 106 115 122 136 138 120 117 115 115 106 118 116 119 132 105 89 85 90 89 83 112 128 124 113 104 104 104 120 132 137 140 151 143 128 124 118 120 129 136 122 108 95 108 112 117 116 111 114 114 119 118 125 132 150 162 139 121 130 145
139 129 114 107 100 99 100 100 114 119 111 110 111 110 120 146 141 129 136 128 119 131 125 119 114 112 111 109 115 118 111 105 108 124 115 116 119 127 138 138 143 145 146 134 111 116 115 115 115 115 109 92 87 86 66 74 88 115 125 126 123 123 123 119 113 123 140 130 121 125 123 126 132 116 118 121 118 120 127 122 128 126 125 121 121 124 138 124 119 133 145 135 122 138 148 159
138 123 111 113 109 111 106 95 109 121 113 109 110 121 129 129 134 131 133 124 118 117 119 126 115 129 140 133 130 128 131 131 134 146 139 142 142 131 131 134 156 144 147 139 129 127 112 104 117 116 104 85 73 71 62 71 99 134 117 112 105 93 92 110 114 126 136 113 114 125 126 134 136 127 124 131 133 134 137 146 134 128 136 142 141 140 150 150 153 175 147 139 144 152 169 168
125 127 116 115 119 118 116 108 105 115 122 122 121 123 139 135 128 125 121 114 118 115 118 123 111 125 141 146 129 118 131 129 129 125 125 126 131 132 131 137 148 152 150 136 126 132 129 132 141 130 94 77 71 68 55 77 102 123 130 111 88 78 87 126 127 141 140 123 131 138 127 131 134 122 124 127 123 109 116 133 132 130 138 136 134 142 154 153 137 149 147 143 140 144 169 169
132 133 128 122 116 116 117 106 106 126 136 135 131 117 123 133 141 127 121 127 125 118 119 117 127 139 134 157 160 151 148 125 122 126 122 125 138 152 150 146 155 146 124 124 114 121 129 125 127 111 78 72 63 65 61 74 98 120 149 139 114 108 95 113 122 133 142 151 149 132 130 138 128 129 144 134 118 121 126 130 135 126 118 124 139 140 136 139 132 142 149 131 136 154 178 163
140 124 116 112 105 110 116 108 118 147 167 150 134 116 125 142 140 133 122 115 120 117 116 124 129 139 141 149 155 149 146 140 133 131 121 116 145 159 142 130 138 128 99 122 122 119 130 121 124 101 77 66 64 63 62 74 109 125 122 144 131 98 75 102 124 122 137 125 127 133 138 130 113 140 154 133 121 127 130 132 130 124 130 127 135 151 133 137 132 133 148 130 148 189 190 146
127 124 128 133 129 114 110 113 115 118 130 134 131 136 120 106 111 125 113 115 125 123 127 133 154 138 137 127 125 112 105 107 120 141 135 122 112 119 122 129 131 126 101 105 127 119 120 108 95 110 107 79 70 81 77 68 97 126 103 87 86 75 68 97 123 117 139 133 130 134 133 141 132 117 131 142 126 113 124 133 131 127 138 132 123 138 142 139 135 138 143 138 167 181 171 130
132 132 137 138 136 125 118 120 120 113 112 120 116 107 108 109 104 113 123 110 123 122 128 145 156 147 131 126 120 107 99 110 132 141 125 137 131 126 130 120 121 140 130 113 121 126 121 110 82 100 99 71 68 85 98 104 109 117 108 82 69 69 80 110 125 120 124 125 125 124 123 130 116 119 127 141 123 119 141 141 146 129 120 131 141 136 136 115 115 131 141 146 161 165 165 128
135 128 127 133 126 133 122 113 121 125 122 106 108 120 125 132 119 105 112 121 146 135 127 135 139 126 109 120 128 135 97 91 115 132 136 135 134 131 138 126 114 117 130 115 125 135 129 114 113 104 75 60 69 93 113 138 130 128 97 71 73 87 113 129 144 136 123 119 120 127 122 124 128 132 139 132 137 117 120 128 131 134 119 117 132 134 134 135 118 124 148 162 153 141 135 135
120 130 125 125 125 142 150 120 114 126 117 110 113 124 134 132 123 115 122 134 132 129 126 124 118 117 111 116 126 127 111 95 111 126 139 118 127 131 134 130 122 126 128 141 135 129 123 113 107 91 70 74 85 92 123 150 131 111 78 69 81 105 115 129 147 134 126 120 128 134 126 125 122 125 136 135 139 126 122 125 129 137 123 108 120 109 113 159 161 156 148 155 153 147 137 143
115 118 108 112 131 134 125 104 102 125 120 120 116 125 119 116 105 124 165 148 132 129 119 101 102 99 104 104 102 103 107 118 128 125 130 124 129 124 124 130 134 126 118 124 114 113 110 98 81 72 73 93 105 124 133 146 139 131 91 76 92 111 125 118 138 136 126 137 141 140 139 127 122 132 130 127 134 123 132 140 147 138 139 137 129 123 115 154 159 138 127 124 131 133 150 156
124 105 105 122 126 132 118 94 98 118 116 117 115 127 131 121 99 122 160 166 151 146 145 139 134 117 108 105 101 102 107 126 129 115 119 142 132 121 122 116 122 118 115 121 121 129 121 98 84 82 88 96 108 133 137 145 122 122 118 101 110 109 121 121 121 125 115 117 113 119 129 127 131 143 138 127 130 130 128 138 142 134 124 127 128 121 117 133 157 134 113 115 116 136 147 131
110 114 124 120 128 129 115 110 113 125 124 124 117 119 126 129 115 117 116 127 122 111 120 147 152 137 123 115 102 103 108 119 121 132 134 137 128 115 115 112 108 116 121 116 99 112 104 90 82 81 101 113 109 122 126 132 130 129 139 137 149 147 127 121 115 124 123 118 119 123 135 130 124 129 132 121 124 137 124 125 138 149 126 122 125 127 130 135 129 144 138 136 127 109 115 120
117 117 131 131 121 109 106 115 122 113 117 117 110 119 121 112 105 101 108 115 111 109 124 139 129 131 134 118 114 104 105 115 126 133 129 125 119 119 118 112 103 107 116 111 89 88 86 84 88 101 120 125 115 132 137 125 124 138 138 140 130 122 120 132 115 133 148 132 126 121 128 128 129 137 139 123 118 138 136 129 129 118 108 117 117 117 102 127 129 134 130 124 127 127 133 142
123 123 129 125 112 118 124 124 114 112 122 119 130 133 131 121 127 125 128 125 108 104 129 146 125 109 126 125 125 113 119 130 134 130 130 124 115 118 119 112 103 103 111 112 99 90 83 84 94 103 120 132 128 129 130 123 123 126 133 129 121 139 139 135 131 134 132 126 124 112 109 117 127 128 127 124 125 129 144 134 125 127 121 118 120 129 143 151 149 133 146 156 146 139 134 145
127 127 133 135 132 131 120 111 116 116 118 117 128 133 121 117 124 116 121 129 121 125 122 130 133 121 124 118 106 114 118 126 128 113 112 107 98 104 109 117 112 104 95 82 74 77 77 95 120 122 125 115 107 119 126 114 115 123 120 126 138 135 134 127 137 131 123 124 127 128 120 126 157 151 123 123 126 126 133 130 133 136 116 109 120 127 153 151 138 126 119 136 125 138 151 147
134 128 123 113 115 109 114 108 106 113 112 111 104 106 116 107 112 121 119 120 116 109 107 122 133 115 115 112 112 121 125 116 110 123 128 133 124 114 100 102 92 83 76 75 70 78 102 131 151 139 126 107 102 123 126 115 133 140 139 139 139 135 134 112 122 138 139 140 138 123 121 128 141 138 120 127 141 139 135 140 147 146 116 114 127 138 140 149 142 127 121 127 132 133 133 144
131 134 123 102 93 84 90 101 100 100 103 104 104 93 98 99 103 106 87 86 87 86 88 103 108 104 123 121 124 124 119 123 106 113 121 134 128 103 77 73 69 61 69 78 82 101 115 133 135 130 121 116 123 128 129 116 143 159 152 142 144 156 156 126 117 130 131 124 124 115 113 124 115 120 111 107 130 153 158 145 146 149 132 125 131 142 160 165 145 133 131 131 122 122 130 137
120 111 108 117 114 91 89 91 87 84 88 99 109 92 86 92 104 115 109 99 85 76 85 104 116 116 127 110 119 115 117 141 130 112 105 104 121 99 67 57 60 69 82 93 96 103 120 133 129 122 121 125 136 127 118 126 148 148 130 123 140 165 160 132 121 127 128 117 126 117 125 143 131 125 112 108 111 120 129 132 143 142 129 124 151 149 132 132 139 129 111 110 128 126 140 134
121 119 113 114 125 117 112 111 86 74 80 98 106 93 98 101 101 103 111 107 88 81 95 104 121 116 117 102 109 118 132 144 117 106 118 127 127 93 61 55 77 85 84 93 100 108 114 133 135 131 120 118 144 127 112 133 134 131 122 123 145 159 136 126 120 125 131 124 127 137 129 136 121 103 107 119 120 121 127 118 110 107 107 124 160 158 127 118 134 130 114 113 121 123 120 112
134 142 121 104 104 125 144 147 115 82 77 79 84 82 82 92 114 114 99 91 89 94 89 99 115 115 115 127 130 140 141 138 127 132 137 137 126 93 67 62 60 70 76 92 109 117 121 129 138 132 134 140 133 125 121 129 137 136 141 151 162 166 150 140 132 133 129 126 129 130 117 119 120 122 132 138 144 145 148 146 129 114 116 132 163 161 136 116 133 121 106 117 125 131 143 139
126 139 132 126 119 121 119 137 140 105 79 80 77 76 74 72 76 87 91 92 108 119 104 104 111 107 112 126 148 151 130 137 139 134 142 138 118 98 92 75 65 69 77 102 120 128 120 121 132 138 167 173 169 137 131 121 129 139 142 143 154 155 152 140 133 131 125 109 125 127 121 125 129 126 120 127 128 132 126 117 129 140 153 158 156 133 111 111 116 116 119 123 121 126 121 132
135 137 137 125 114 126 134 128 131 132 106 78 84 82 76 75 76 77 82 86 102 118 103 98 107 117 136 150 154 135 128 130 133 127 125 133 126 93 81 74 75 91 101 102 111 130 125 139 144 144 144 156 146 147 142 121 117 138 134 124 139 143 143 135 137 129 126 119 114 122 111 125 122 116 110 112 118 118 114 109 137 158 157 134 123 115 125 130 114 103 113 126 114 107 115 106
