examples/data/proba_v_italy_sicily/probav_s10_toc_x19y03_20141011_333m_ndvi_v001.txt
ncols         1127
nrows         589
xllcorner     12.348214285714
yllcorner     36.598214285714
cellsize      0.0029761904761905
NODATA_value  -9999
[rows 0 to 51 of 589, columns 384 to 479 of 1127]
25 27 28 28 26 22 17 15 13 12 16 25 26 23 22 17 14 14 13 10 7 7 9 9 8 7 8 8 8 8 8 8 8 9 8 8 9 7 7 5 9 9 9 9 7 7 9 8 9 9 9 7 9 7 8 7 10 9 8 8 9 9 27 28 24 31 35 10 10 10 10 10 30 31 30 23 21 16 11 23 19 22 10 12 22 17 11 11 11 11 10 10 29 27 28 25
32 31 29 28 26 20 9 7 14 29 38 30 19 15 14 13 8 10 10 9 7 8 9 9 7 8 8 7 8 8 9 8 8 9 8 8 7 5 8 6 8 8 8 6 6 17 13 9 8 19 16 6 7 7 10 8 8 7 8 8 8 8 19 26 25 21 26 9 8 8 30 32 31 29 34 30 24 19 16 25 25 19 10 9 8 13 17 11 13 11 11 12 12 29 32 27
24 27 22 27 26 24 22 22 28 30 23 15 14 14 11 13 9 8 8 8 9 9 7 8 8 8 8 7 8 8 8 8 9 8 9 9 9 8 8 8 8 8 6 6 7 23 19 16 16 17 19 16 7 10 8 8 7 9 8 8 20 17 23 26 28 27 27 29 27 7 23 22 26 21 19 25 23 10 11 9 11 8 8 8 7 11 6 18 17 22 13 18 19 27 32 35
24 22 27 32 28 36 43 37 26 18 17 15 15 13 12 13 10 8 7 8 7 9 8 9 8 8 8 7 8 9 9 8 9 8 9 9 9 8 8 8 9 7 6 6 7 18 24 23 24 19 17 21 15 8 8 8 8 20 18 21 24 19 22 27 27 28 9 8 7 7 11 25 31 25 21 26 9 9 8 6 8 9 6 7 9 11 10 20 19 29 30 18 13 14 23 35
28 29 30 28 29 31 28 22 20 18 16 15 13 15 12 11 10 8 7 10 9 9 9 8 7 16 8 8 8 8 8 8 8 8 7 9 5 8 9 8 7 7 18 9 7 9 9 24 31 27 20 18 19 16 8 8 8 23 24 26 25 26 25 28 26 9 8 7 7 11 11 7 21 26 23 24 6 6 6 8 6 7 7 9 10 8 29 24 16 12 24 29 25 12 14 23
24 32 30 30 30 27 22 18 18 16 18 16 15 13 11 10 8 7 8 8 7 8 9 9 9 9 7 8 8 9 8 9 9 7 8 8 8 8 8 8 7 9 9 7 7 7 8 8 23 30 27 19 16 18 21 15 8 8 22 26 29 32 29 27 30 30 30 11 9 11 11 7 9 8 24 29 30 28 8 8 7 32 40 37 36 30 21 20 11 7 7 11 8 9 13 13
11 13 27 27 22 27 20 18 18 16 18 13 15 12 11 9 9 7 8 7 8 9 16 10 9 9 10 8 8 8 9 8 8 9 7 9 8 6 8 7 7 9 6 6 9 10 9 9 7 9 17 18 17 18 21 25 20 16 18 21 23 23 24 10 9 8 9 11 9 10 10 7 9 9 7 7 7 26 26 8 8 21 21 23 23 22 23 12 8 6 5 7 9 12 17 17
11 11 11 11 12 27 24 18 16 16 16 15 13 12 11 9 9 8 14 9 7 7 19 7 7 8 8 8 9 8 9 8 7 9 7 8 8 6 6 6 9 9 7 7 7 7 9 9 9 7 8 8 16 16 17 22 25 23 22 20 22 26 8 8 9 9 11 10 10 10 10 11 7 11 9 9 9 11 7 16 9 9 18 20 26 29 35 7 9 14 14 11 12 11 11 13
13 11 11 11 12 12 22 22 18 16 13 15 13 12 10 7 9 8 7 6 9 10 10 9 7 9 8 9 8 8 9 7 8 8 7 8 8 8 7 9 9 9 9 9 9 7 7 9 9 10 8 19 22 22 21 21 27 27 25 23 23 27 10 9 9 11 10 10 10 13 10 10 9 9 10 10 9 9 7 7 9 10 9 12 16 20 29 23 21 18 12 11 9 9 11 13
11 11 12 11 11 12 12 12 16 13 15 15 15 11 10 7 8 11 11 10 7 5 9 11 9 9 9 8 8 6 8 8 8 8 7 8 9 8 9 7 6 7 9 7 9 9 7 9 9 10 8 18 22 26 26 23 21 26 29 28 26 31 36 33 33 31 10 10 13 13 29 10 9 10 9 9 9 11 7 9 9 9 9 7 29 10 24 20 21 27 18 30 11 15 14 13
11 13 12 12 12 12 13 12 20 14 10 12 11 12 7 9 6 20 14 17 18 12 7 7 9 8 8 8 8 8 9 16 14 8 9 8 9 8 7 6 7 7 7 9 8 9 9 10 10 10 8 8 14 20 20 18 17 20 21 23 22 23 29 31 31 29 24 24 25 24 12 9 7 9 10 10 9 9 7 6 36 24 9 25 21 26 23 18 15 30 26 19 15 13 13 14
9 12 11 11 12 12 12 12 12 12 11 11 11 11 7 9 9 8 9 9 11 11 19 17 15 8 8 9 8 9 24 28 26 16 9 8 9 17 7 7 11 13 9 9 9 7 9 10 15 14 13 18 17 20 21 21 25 29 31 30 29 26 29 25 21 23 23 23 21 25 12 11 8 10 10 10 9 11 7 20 19 18 9 9 9 8 18 6 24 18 17 9 13 13 15 16
9 9 9 12 11 12 12 12 12 12 10 11 10 7 7 8 8 10 10 9 10 9 8 8 8 8 8 9 8 8 24 21 20 16 12 8 24 23 18 16 18 16 7 9 12 9 10 8 19 26 23 21 21 21 25 26 24 27 28 30 30 23 23 26 21 19 24 27 24 25 12 12 11 10 10 9 9 7 6 7 9 9 9 9 9 8 8 10 10 8 8 8 11 14 14 18
11 9 9 9 11 9 12 11 12 12 10 12 12 7 9 9 10 10 8 9 9 9 9 7 9 8 7 8 8 9 25 24 24 25 23 23 20 25 24 8 8 13 17 17 21 23 8 17 20 28 28 28 25 17 15 10 10 9 7 7 10 23 24 29 27 19 21 26 24 13 13 12 10 10 9 9 11 7 7 7 9 9 9 9 9 9 10 9 6 8 9 12 11 14 14 14
11 9 11 16 9 9 12 11 11 12 10 14 10 9 9 9 10 9 10 9 10 10 8 7 8 9 8 8 9 8 23 33 30 29 24 20 22 26 9 8 8 9 9 12 7 7 8 10 19 25 30 28 27 23 20 16 9 9 8 7 10 24 21 21 31 25 18 24 11 11 11 28 10 10 10 9 7 7 7 6 9 9 10 31 30 29 26 24 25 24 26 11 11 11 13 13
11 9 11 14 13 12 12 12 14 12 10 9 10 9 9 9 9 9 9 10 10 10 8 9 8 8 8 9 9 9 9 25 29 28 29 26 24 33 37 35 9 7 9 23 14 7 11 10 8 7 22 24 23 23 25 24 7 7 7 10 10 26 24 21 19 25 21 11 13 11 10 8 10 10 10 10 9 11 7 6 9 9 10 21 19 24 23 18 21 22 21 26 12 11 38 37
11 9 9 9 11 12 11 12 12 12 11 10 8 8 9 7 7 10 10 10 10 8 11 9 8 9 8 9 9 9 9 9 11 9 24 27 26 29 29 33 36 32 30 29 16 8 10 11 8 9 8 7 9 8 6 7 9 8 5 8 10 22 22 21 18 20 11 11 11 11 10 32 29 35 10 9 9 7 6 9 7 9 10 12 9 11 17 15 11 20 25 29 28 24 26 29
9 5 6 10 14 14 12 12 12 11 10 6 7 8 10 9 9 10 9 9 9 8 10 9 8 9 8 8 8 8 9 11 9 9 9 9 8 23 28 28 28 27 25 21 17 11 10 7 8 8 7 7 8 6 6 7 7 10 8 10 21 22 27 28 31 29 11 13 10 13 25 34 26 27 10 10 9 9 9 7 7 31 24 9 14 24 10 15 12 13 13 18 18 21 18 12
11 13 9 12 12 12 13 12 12 12 12 3 4 8 9 9 9 9 9 12 22 26 19 9 8 8 7 9 8 7 9 9 9 9 9 8 9 8 22 27 29 21 18 20 23 10 7 8 8 8 8 8 8 9 9 9 7 8 10 9 30 27 27 32 38 11 10 11 10 8 14 22 23 24 10 10 9 9 9 9 36 37 39 27 7 18 15 9 12 12 11 11 18 23 24 17
11 16 18 13 12 11 12 12 12 12 11 6 5 7 7 11 9 10 9 9 9 8 11 22 23 16 8 8 10 11 11 9 9 9 8 9 9 9 21 22 21 16 14 9 8 11 10 8 8 8 8 8 9 9 9 9 8 8 11 9 9 9 10 11 39 31 10 11 13 10 22 27 30 25 33 41 36 9 9 24 21 19 18 9 8 5 7 9 19 12 10 12 13 13 13 19
9 9 19 20 18 12 9 12 12 11 12 10 9 9 9 11 10 10 10 9 9 9 9 8 37 41 31 8 10 9 9 9 9 8 8 8 9 9 8 25 25 19 17 21 15 10 10 10 7 8 8 8 8 10 10 9 10 8 9 8 11 10 10 31 34 44 39 11 10 9 9 30 33 30 25 30 28 9 6 7 11 7 7 16 13 9 6 8 7 9 12 15 18 14 17 21
11 12 11 11 14 12 12 14 10 15 13 11 10 11 10 11 9 9 12 12 27 29 10 9 10 10 10 9 9 9 9 8 25 31 8 8 8 9 9 15 24 21 18 22 17 10 11 10 10 8 8 9 8 9 7 7 10 10 9 8 11 10 10 10 32 40 45 35 10 9 10 9 26 29 39 35 6 9 11 7 13 8 9 7 8 11 10 8 11 12 13 14 21 18 26 23
11 11 11 11 17 14 11 12 15 16 13 12 9 10 9 9 7 12 22 9 11 11 11 7 6 7 10 8 9 9 9 9 8 33 30 8 8 9 24 25 30 26 17 19 20 8 8 7 7 8 8 8 10 10 9 7 10 10 9 9 11 9 10 28 29 27 15 11 10 9 10 10 35 27 15 20 11 9 9 9 9 9 7 13 10 8 11 13 10 9 33 28 20 15 19 23
11 11 9 9 18 16 11 16 15 17 15 11 8 8 10 12 10 10 9 10 9 10 10 11 10 9 7 10 9 8 9 8 9 37 35 35 37 38 34 24 30 27 17 18 7 7 8 8 7 8 8 8 8 10 9 9 10 11 8 7 9 11 22 48 23 38 32 11 10 10 9 11 11 21 27 9 9 9 9 7 9 9 9 12 16 30 30 37 13 11 20 17 12 17 15 13
11 11 11 11 11 12 11 19 22 21 20 15 13 11 12 10 9 9 11 9 12 10 9 9 11 10 10 7 8 8 9 8 8 23 44 46 37 8 25 27 19 15 9 10 10 8 8 8 8 8 8 8 8 10 9 9 7 11 9 6 4 0 32 29 25 33 51 48 33 8 8 9 8 24 9 9 9 9 9 9 4 7 9 9 11 31 23 26 28 31 28 25 20 17 14 13
11 11 12 11 11 11 22 19 16 14 7 7 9 12 10 10 9 9 10 9 9 11 10 9 9 10 7 7 9 9 8 9 9 8 8 7 7 9 7 16 18 15 10 10 10 7 8 7 8 7 8 6 8 9 9 7 10 11 10 10 8 11 15 27 29 27 26 48 70 63 48 43 13 12 10 10 9 6 7 7 6 7 9 7 9 10 11 20 26 26 29 29 28 27 24 21
12 12 11 11 11 9 11 18 13 12 11 10 8 8 10 9 9 11 9 10 10 9 9 9 8 10 9 7 10 9 8 8 9 7 7 7 7 7 27 31 24 18 15 11 7 10 8 11 8 8 8 8 8 9 7 7 10 10 13 15 23 13 10 15 19 18 12 2 6 50 31 6 7 9 9 9 11 7 7 47 6 9 9 7 9 7 8 26 18 20 23 25 27 29 27 27
12 12 9 11 11 11 11 11 15 16 16 13 12 10 9 9 11 9 7 11 11 10 7 10 10 9 10 9 7 11 9 9 9 8 9 9 9 8 9 15 20 18 23 29 8 10 7 11 8 7 8 8 8 10 9 7 10 11 13 23 40 35 31 26 25 25 15 4 3 27 29 6 7 33 7 7 7 8 7 20 52 43 41 7 8 7 6 25 20 18 13 18 21 24 23 25
12 12 12 12 11 11 13 8 7 13 15 12 8 6 11 9 9 10 8 10 10 10 9 9 9 9 7 10 7 7 10 9 9 8 9 9 9 9 25 16 17 8 9 32 39 10 7 32 24 13 8 8 8 10 7 7 10 9 7 12 32 43 36 33 30 33 26 31 4 18 37 33 7 8 8 7 7 8 6 16 35 31 32 40 11 12 27 10 10 20 15 14 15 20 21 26
13 12 12 12 12 12 9 28 18 17 18 15 12 7 7 11 9 9 11 8 11 11 9 10 9 9 8 7 10 9 8 9 7 6 9 9 9 8 34 30 26 9 9 9 36 37 33 41 42 26 8 22 21 23 22 22 10 9 6 9 9 9 9 38 34 21 25 22 21 31 30 29 6 7 8 7 6 8 6 7 9 24 29 28 29 27 11 12 11 19 23 17 10 19 15 22
12 12 12 13 12 12 12 23 23 17 12 15 14 11 6 5 11 11 8 7 10 11 9 10 11 11 9 10 11 10 11 8 10 11 7 8 8 9 30 42 39 32 27 9 18 35 27 7 7 24 18 22 39 31 19 18 29 23 11 12 31 30 9 11 36 34 36 42 27 25 21 13 9 9 8 9 6 6 6 6 9 7 7 29 36 10 12 15 14 14 23 16 13 14 14 19
11 12 12 12 13 12 16 21 20 13 10 13 16 14 14 8 5 8 10 9 10 10 8 9 10 10 10 9 9 10 9 11 9 11 9 8 18 9 9 25 46 46 39 35 18 10 10 10 11 11 8 8 9 30 21 21 24 28 27 11 9 7 23 28 47 40 25 36 36 32 19 22 15 6 5 6 6 6 7 6 9 9 9 11 13 10 9 11 15 11 24 23 22 13 7 9
9 13 13 13 12 22 17 11 14 13 9 9 15 15 15 15 9 6 10 11 10 8 8 8 9 9 8 7 9 11 20 17 9 23 9 10 8 22 16 9 8 33 34 40 34 10 10 10 7 8 8 8 6 34 30 29 26 11 37 38 10 21 13 4 29 48 35 12 12 52 15 19 17 13 9 7 7 6 6 9 9 9 10 10 12 13 9 4 8 14 14 14 27 18 13 11
22 27 25 23 22 20 17 15 13 15 14 12 13 12 13 17 18 13 6 4 10 9 9 8 8 7 6 8 5 6 11 11 9 9 9 8 9 8 7 8 9 9 9 10 8 7 10 11 8 8 9 9 9 10 9 8 11 11 11 12 13 31 27 22 7 28 45 48 8 8 8 9 7 9 9 7 6 9 9 10 9 7 9 10 11 13 16 13 9 10 13 9 10 14 16 14
25 27 26 21 20 20 17 12 13 11 14 12 15 13 13 17 17 16 13 8 7 10 8 8 10 10 8 10 8 4 6 9 8 8 8 9 9 9 9 8 9 18 9 8 8 8 10 11 11 9 8 9 9 10 10 9 9 6 8 6 8 16 26 20 13 6 33 34 55 50 44 9 8 6 6 6 6 6 9 9 9 9 33 34 11 13 18 20 16 19 16 10 10 12 9 12
29 30 30 21 12 14 19 13 9 10 10 9 10 15 16 19 14 10 11 14 11 9 5 5 8 10 5 7 15 14 9 9 9 9 8 9 9 9 10 9 9 26 7 10 11 10 10 10 8 9 8 9 14 10 10 9 15 12 20 22 17 12 16 23 23 21 17 18 4 6 9 8 10 10 10 6 8 6 6 6 6 11 22 38 14 16 16 18 16 14 18 14 12 11 12 18
29 29 32 28 18 13 21 18 13 13 13 12 14 14 15 16 22 18 16 14 10 10 10 3 1 13 12 5 7 8 8 9 8 9 8 8 8 9 8 9 9 8 9 8 8 8 8 9 8 9 18 17 23 31 25 13 15 15 23 30 33 31 33 20 18 18 17 10 9 11 8 9 8 9 11 11 8 6 7 7 7 7 11 11 10 15 18 21 20 14 23 24 19 11 26 23
21 21 22 28 27 14 11 20 16 15 16 15 16 15 14 11 14 17 17 14 12 14 18 15 7 5 8 7 3 0 5 6 8 9 8 9 9 9 8 9 9 8 9 8 8 9 8 8 31 33 25 19 19 27 29 8 9 12 11 24 24 25 45 36 24 20 23 15 5 7 8 6 6 9 9 8 4 4 6 6 7 6 9 9 11 16 19 24 31 26 21 28 25 19 19 25
15 19 23 24 24 19 11 14 15 17 15 15 18 14 12 15 17 13 10 9 9 9 14 21 25 27 23 19 18 13 7 8 4 6 8 8 11 10 9 10 10 9 9 9 8 8 9 9 8 46 46 37 9 9 11 10 8 30 26 29 39 25 34 38 15 19 19 24 19 12 11 11 9 9 8 6 8 6 6 6 6 6 9 7 9 14 17 18 19 23 23 26 23 17 11 13
16 17 16 15 16 19 14 11 13 16 17 12 10 11 11 13 13 9 10 10 9 9 13 16 16 18 21 22 23 18 10 11 10 8 8 9 9 9 10 9 9 21 9 9 9 8 9 9 8 9 21 35 39 7 9 12 9 6 12 14 25 22 22 13 9 9 7 7 10 10 10 11 10 8 9 40 8 7 6 6 6 9 9 9 9 14 17 18 18 18 15 10 14 11 11 12
14 14 17 19 18 20 18 12 11 18 16 11 14 17 9 7 13 14 11 12 9 10 8 10 11 11 12 13 16 17 16 13 12 11 8 8 9 9 9 9 9 22 21 10 11 9 7 8 8 26 23 19 35 10 41 40 19 20 18 13 23 31 33 8 8 9 9 11 10 10 10 10 10 10 9 11 8 7 9 9 9 9 9 7 11 9 16 18 17 19 24 20 19 15 17 12
15 20 22 17 14 17 19 18 15 14 17 15 11 16 16 6 9 13 10 8 10 7 8 7 9 10 8 9 9 11 11 8 7 8 8 9 10 10 10 9 9 9 25 11 11 10 9 29 26 24 25 11 30 24 15 39 41 43 36 29 34 23 32 9 8 8 9 10 10 10 11 11 10 11 9 8 8 7 9 9 9 9 7 12 12 8 14 18 14 19 23 28 25 23 22 13
15 15 18 19 15 13 15 18 20 17 15 15 11 9 18 12 2 3 6 5 8 8 8 10 9 7 8 8 9 10 11 11 10 9 9 10 9 9 9 9 9 9 8 8 8 8 11 32 41 33 10 10 10 9 7 10 18 28 37 38 36 30 9 9 9 9 10 9 7 10 10 11 10 10 9 6 8 7 6 7 9 9 7 12 14 15 11 11 19 16 17 20 25 26 25 22
13 14 15 17 17 14 17 15 17 20 16 15 16 9 10 18 8 5 9 8 10 9 8 10 10 8 8 8 9 9 7 7 8 8 9 10 9 9 9 9 9 9 8 8 8 11 8 8 43 50 38 37 14 11 14 15 17 19 13 14 8 6 8 9 8 7 6 8 9 9 8 11 10 10 11 8 7 11 6 9 9 9 10 12 10 20 21 22 20 21 20 22 24 23 11 12
15 16 18 19 19 20 16 16 16 16 17 17 17 13 7 16 13 11 16 10 9 9 9 8 8 8 8 8 8 9 9 9 8 9 9 9 8 9 9 10 9 9 8 8 11 11 8 8 9 45 47 39 48 52 45 42 31 29 14 12 11 11 8 9 11 9 10 9 10 10 8 7 8 8 6 7 7 7 7 7 6 6 7 10 10 10 17 29 36 38 35 32 27 18 13 13
21 17 16 19 21 18 13 14 20 22 21 17 18 22 17 17 17 9 5 5 8 9 9 9 9 8 8 9 9 9 7 7 7 9 9 8 9 9 10 10 9 9 10 8 11 8 8 8 9 33 44 30 12 13 17 9 10 11 12 7 10 9 9 8 10 11 12 10 7 4 9 10 11 7 7 6 7 7 6 7 7 7 9 10 10 10 12 13 13 17 18 17 23 25 28 22
20 21 19 17 16 19 24 23 20 20 19 20 20 27 33 27 21 12 9 7 10 10 8 9 9 8 9 9 8 9 7 8 10 9 8 7 9 9 10 10 9 7 7 8 11 8 7 9 9 7 40 48 11 15 14 10 11 9 8 8 10 10 8 10 11 9 9 12 7 1 0 4 7 6 9 9 7 6 7 7 9 7 10 10 10 8 10 11 13 13 17 24 40 40 39 44
25 24 21 16 16 17 21 23 18 21 26 26 19 8 16 26 27 21 14 8 10 10 9 8 9 9 8 8 7 8 8 7 8 8 8 9 9 9 9 8 9 7 8 8 8 8 7 8 8 33 22 10 9 9 12 10 9 7 7 7 34 48 7 6 8 9 11 19 21 21 12 0 3 9 6 6 7 7 7 7 9 7 7 9 7 11 11 15 13 11 16 18 23 30 26 25
23 26 27 22 23 19 12 12 14 21 27 21 16 15 13 14 20 18 13 10 11 10 10 9 8 8 7 8 8 10 8 7 9 7 7 8 10 9 8 8 9 9 10 10 10 6 8 7 34 42 39 9 7 9 9 9 8 39 9 8 20 21 18 10 7 8 10 15 18 23 24 11 3 5 9 7 6 6 6 6 9 10 9 9 10 11 13 15 13 11 11 7 7 29 25 28
17 17 25 32 18 43 34 27 20 11 17 35 27 12 11 10 11 11 14 12 12 10 10 9 9 8 7 9 9 10 10 9 9 9 7 10 9 9 8 8 9 9 7 9 8 9 9 8 9 42 8 7 8 9 12 11 10 8 9 7 8 9 13 16 12 8 7 7 5 5 19 20 9 49 9 7 7 6 9 9 7 10 9 9 7 10 13 16 15 15 15 19 13 4 20 8
26 17 12 42 48 35 28 35 34 22 15 20 35 31 11 12 14 12 11 11 11 10 10 10 9 9 9 9 9 8 9 10 9 9 8 8 7 8 8 7 9 10 10 8 7 8 9 10 10 56 32 10 9 11 12 11 13 33 8 11 6 7 9 9 8 9 8 8 5 0 4 17 13 6 7 7 7 6 9 6 7 9 10 10 8 10 13 11 11 15 17 19 19 16 11 11
17 15 10 13 49 37 17 19 16 13 12 12 12 12 13 11 11 13 11 13 11 11 10 10 9 9 10 10 9 9 9 9 9 7 10 9 9 9 9 10 9 7 6 9 9 8 10 9 10 61 51 9 9 9 12 11 34 37 9 9 9 6 7 7 11 12 18 22 27 19 7 6 7 6 6 6 7 9 9 6 9 9 7 9 8 9 12 14 13 11 19 19 19 14 10 12
