examples/data/proba_v_italy_sicily/probav_s10_toc_x19y03_20150211_333m_ndvi_v001.txt
ncols         1127
nrows         589
xllcorner     12.348214285714
yllcorner     36.598214285714
cellsize      0.0029761904761905
NODATA_value  -9999
[rows 48 to 95 of 589, columns 0 to 95 of 1127]
-9999 37 37 37 37 37 37 37 37 37 37 37 37 37 37 37 37 37 37 37 37 37 37 37 37 37 37 37 37 37 37 37 37 37 37 37 37 37 37 37 37 37 37 37 37 3 27 37 37 37 37 37 37 37 37 37 37 0 37 37 37 21 5 0 0 37 33 40 60 69 43 31 19 20 0 0 37 14 0 4 10 0 12 30 10 0 0 0 22 23 23 18 24 5 0 37
-9999 37 37 37 37 9 0 37 37 37 37 37 37 37 37 37 37 37 37 37 37 37 37 37 37 37 37 37 37 37 37 37 37 37 37 37 37 37 37 37 37 37 37 37 37 37 47 57 37 37 37 37 37 37 37 37 16 3 37 37 4 38 43 40 20 5 37 37 37 29 29 23 14 23 11 6 5 15 26 20 46 17 1 18 42 47 62 63 37 14 12 10 0 3 10 21
-9999 37 37 37 37 37 37 37 37 37 37 37 37 37 37 37 37 37 37 37 37 37 37 37 37 37 37 37 37 37 37 37 37 37 37 37 37 37 37 37 37 37 37 37 37 37 0 0 1 0 37 37 37 37 33 40 24 9 0 0 4 1 0 28 37 0 0 0 6 0 6 6 4 11 31 35 34 7 29 0 62 57 48 35 37 37 37 0 9 19 3 16 37 37 20 29
-9999 37 37 37 37 37 37 37 37 37 37 37 37 37 37 37 37 0 0 37 5 0 0 37 37 37 37 37 37 37 37 37 37 37 37 37 37 37 14 0 37 37 37 37 37 37 0 0 0 18 0 0 37 33 20 26 26 0 37 33 51 4 37 37 37 37 37 7 0 11 24 24 20 20 19 8 17 6 11 0 0 37 38 7 0 37 56 39 27 16 17 37 37 37 37 12
-9999 37 37 14 9 37 37 37 37 37 37 37 37 37 5 37 37 37 14 9 8 12 5 37 0 37 0 37 0 0 0 0 14 26 37 37 37 37 2 20 39 0 37 0 37 0 0 0 0 6 9 0 0 0 11 0 0 8 0 0 26 39 7 37 57 48 40 48 28 23 48 36 38 31 12 24 35 31 39 34 25 0 0 26 6 0 0 14 33 47 14 0 0 37 37 35
-9999 37 37 37 37 37 37 37 37 37 37 37 37 37 37 37 37 37 37 37 15 37 37 26 41 20 5 37 29 14 15 31 0 0 6 26 37 37 32 0 1 0 37 0 37 0 0 43 37 17 16 12 9 1 20 10 3 30 32 25 26 83 112 92 69 28 17 24 15 16 23 20 24 47 39 25 18 7 29 51 29 2 0 3 20 0 8 0 0 0 30 26 21 0 0 3
-9999 5 0 37 37 37 37 37 37 37 37 12 1 0 14 37 37 24 5 0 37 37 37 37 37 40 30 37 62 44 9 3 37 37 11 0 0 0 63 32 16 12 13 12 4 0 0 0 7 0 8 28 13 31 0 6 2 0 0 0 0 37 37 37 14 58 3 7 31 37 111 53 20 29 41 52 36 0 12 8 0 0 0 0 0 0 12 19 2 17 2 10 11 5 10 10
-9999 30 12 0 37 37 37 37 37 0 0 0 39 42 63 54 37 20 35 13 37 14 0 0 37 0 0 0 37 63 56 61 39 27 30 12 21 18 9 36 0 23 32 35 23 0 0 0 24 26 26 20 28 35 34 10 6 10 11 15 0 0 0 37 37 8 4 0 0 0 0 0 26 29 17 28 88 65 0 0 0 0 0 0 0 0 29 37 44 43 30 29 41 33 32 14
-9999 28 14 12 15 37 37 37 16 19 37 37 37 0 0 46 24 30 52 37 5 53 43 37 37 37 0 0 0 0 0 0 16 0 13 41 43 19 10 28 43 51 51 59 37 0 0 0 11 45 30 28 48 37 37 1 0 22 37 29 37 37 37 37 0 39 65 57 50 0 0 4 26 16 20 16 0 37 105 71 65 76 55 48 56 0 43 60 8 18 20 20 26 26 19 20
-9999 44 37 46 22 12 37 37 18 29 37 37 37 37 37 0 16 7 0 0 20 37 81 0 0 0 11 7 0 6 15 2 30 44 31 20 24 36 35 45 0 0 33 37 0 0 0 21 21 41 36 11 11 40 54 52 50 52 51 52 51 37 37 37 17 20 3 14 54 55 50 40 37 0 0 0 26 35 0 37 37 37 80 44 55 50 42 49 46 37 34 41 13 13 15 18
-9999 23 47 38 67 37 37 37 37 64 51 37 37 37 37 37 37 29 37 37 37 37 37 0 11 11 20 44 34 23 26 24 11 0 4 8 5 20 0 22 39 24 6 0 37 37 38 39 31 21 32 44 57 49 27 25 20 17 0 0 23 40 52 47 37 24 42 35 27 52 59 20 0 20 13 0 15 22 2 0 0 0 0 37 37 88 12 8 11 8 31 35 23 5 18 10
-9999 7 14 2 0 37 37 37 5 40 94 59 37 37 37 59 46 37 37 37 37 37 37 37 13 20 14 37 26 11 0 37 37 24 0 0 0 0 0 1 7 40 21 15 0 0 0 30 45 5 1 14 0 0 0 18 0 0 24 37 37 37 37 0 20 8 0 0 23 13 16 54 39 52 47 0 0 0 0 0 0 0 11 37 37 37 20 32 15 3 10 12 19 27 9 14
-9999 15 34 21 37 37 37 37 0 0 0 30 67 60 37 2 37 37 37 37 37 37 37 37 37 0 37 37 37 37 37 37 0 25 7 8 35 25 37 37 17 10 7 39 33 30 53 39 48 40 31 22 30 33 7 7 37 25 39 37 37 37 37 62 17 0 0 0 0 1 5 20 29 4 89 100 80 50 0 0 0 0 0 0 0 0 0 37 8 17 20 3 8 39 20 20
-9999 0 20 31 37 37 37 68 37 37 17 5 7 62 69 37 37 37 45 71 82 77 37 37 37 37 37 37 30 37 37 0 21 21 9 0 1 37 37 37 26 29 0 0 37 15 9 15 15 17 22 34 32 33 37 37 37 37 37 50 49 49 0 37 37 0 0 41 0 15 18 0 0 24 8 20 40 24 34 45 65 0 0 0 0 0 0 0 0 25 24 2 5 15 15 18
-9999 0 37 32 37 37 37 37 87 79 51 33 20 4 22 37 37 49 37 0 0 0 14 29 62 37 37 37 37 37 37 0 31 22 37 37 37 37 37 24 13 3 0 11 1 0 0 7 49 31 4 3 23 37 37 37 37 2 23 29 25 15 65 46 50 49 25 22 41 17 41 7 4 30 26 0 0 11 34 17 8 82 47 29 0 0 0 32 13 10 15 4 1 6 14 13
-9999 8 0 0 37 37 37 37 37 37 39 33 27 35 49 59 66 69 37 37 37 16 16 23 58 37 37 37 37 37 37 0 0 37 24 30 35 37 35 27 24 21 25 25 11 0 21 14 0 3 23 24 9 21 0 37 25 34 29 26 25 37 0 37 37 37 31 33 35 11 0 42 0 19 22 0 0 17 17 53 55 20 69 59 0 37 32 21 30 28 5 13 5 0 7 0
-9999 5 3 37 37 37 37 37 37 37 37 14 8 37 37 37 0 43 86 62 55 48 31 15 13 21 37 37 37 68 28 0 0 0 37 37 37 37 37 0 26 42 37 33 20 1 48 40 37 16 14 31 37 37 0 13 34 35 20 26 36 37 37 37 45 45 31 23 112 31 0 0 0 0 0 23 24 28 17 8 0 4 37 60 42 23 26 0 25 26 29 25 7 0 32 24
-9999 0 37 37 37 37 0 37 37 37 37 37 8 15 13 6 0 37 37 37 20 32 41 52 53 34 32 78 36 23 41 0 0 37 37 49 75 37 37 37 10 18 11 15 11 20 8 22 42 50 30 22 43 37 37 37 15 11 8 37 21 45 53 47 33 42 42 20 37 64 0 0 0 0 0 0 0 12 5 12 4 0 5 20 42 44 69 43 26 18 25 52 47 37 23 73
-9999 37 37 37 37 37 4 4 10 1 4 37 9 0 10 20 15 0 3 8 8 14 10 3 37 46 39 17 23 30 64 37 0 0 34 0 0 44 40 15 21 15 15 15 4 7 35 25 0 4 39 28 37 37 22 41 39 31 37 38 30 23 27 11 5 0 11 0 0 34 69 0 0 0 36 62 0 0 0 11 25 18 6 13 26 24 24 28 46 21 20 25 37 37 13 13
-9999 37 37 37 37 37 37 37 20 16 4 37 16 11 10 37 10 11 5 0 37 0 14 0 0 0 10 34 30 20 40 72 58 34 29 25 0 6 16 22 0 3 20 15 6 2 4 60 64 39 20 43 33 18 43 27 38 50 36 42 38 13 11 33 41 25 18 0 0 10 22 0 0 0 0 6 25 0 42 33 43 40 16 10 0 0 19 37 34 22 37 30 37 32 34 24
-9999 37 3 37 37 37 37 37 37 5 37 37 37 14 14 37 37 4 37 37 37 17 18 0 0 4 5 3 20 24 7 37 88 66 47 69 53 34 21 0 0 12 15 33 33 17 7 0 37 6 9 15 51 45 34 40 24 39 36 20 57 45 38 73 33 20 37 49 40 31 34 26 19 38 46 0 0 35 46 27 0 1 2 10 24 26 10 11 20 11 15 22 27 37 37 37
-9999 37 37 37 37 37 37 0 0 7 0 0 0 37 8 0 0 20 4 0 0 25 33 40 22 5 37 14 0 30 6 0 0 0 8 0 20 42 39 0 0 0 15 35 6 35 20 5 3 1 14 13 37 37 37 37 37 20 20 8 0 37 9 26 45 62 73 24 0 17 57 0 0 0 0 23 25 13 13 26 18 15 18 12 9 10 15 20 25 11 24 37 37 37 37 37
-9999 19 0 37 37 37 0 17 7 20 3 7 0 0 0 7 11 20 39 23 15 12 9 20 38 18 0 3 30 52 37 37 0 16 8 2 6 42 31 15 29 12 0 0 1 12 17 4 5 1 0 0 6 0 0 0 37 37 37 31 8 0 13 15 13 3 44 69 48 23 74 64 0 0 0 0 38 37 23 8 21 43 50 30 9 4 14 20 15 18 37 29 37 37 37 37
-9999 37 37 37 37 37 17 25 14 15 23 37 27 12 0 3 30 20 20 36 32 20 29 10 11 27 37 0 9 36 33 35 37 0 0 30 17 20 37 29 41 58 32 18 10 5 32 21 9 10 10 17 19 37 37 37 37 0 0 24 35 21 35 31 32 24 9 37 46 28 37 99 63 45 64 52 47 25 57 35 17 0 12 65 51 32 20 32 20 22 37 37 28 37 37 37
-9999 37 37 3 37 37 37 37 37 37 37 37 56 30 15 14 8 8 5 4 3 0 9 35 47 39 37 37 26 32 30 37 27 0 0 0 0 15 15 15 10 9 60 38 9 2 16 17 11 20 20 24 24 38 37 37 37 18 11 2 0 0 0 0 14 0 0 15 7 16 10 37 9 0 0 0 1 19 11 34 55 33 15 37 37 37 37 37 37 13 20 37 37 33 37 37
-9999 37 3 37 37 37 37 37 37 37 37 37 37 37 37 37 20 14 20 10 8 4 0 37 20 13 31 26 29 29 45 46 29 30 37 0 0 0 0 0 0 0 3 11 10 33 37 13 14 2 40 40 27 34 17 37 34 19 22 30 37 16 23 4 0 7 0 1 20 6 5 14 51 24 11 22 23 62 47 34 30 16 6 15 37 37 37 37 37 37 19 25 22 24 37 37
-9999 37 37 37 37 37 37 37 37 37 37 37 37 37 37 37 37 37 37 37 37 8 9 33 53 37 37 37 12 16 26 27 0 17 39 37 0 0 0 6 13 14 17 29 25 31 31 25 14 4 0 23 43 58 11 52 32 0 30 47 38 24 53 38 31 33 0 5 0 9 7 16 20 54 34 23 20 37 37 12 28 34 27 20 37 37 37 37 37 37 20 20 37 37 37 37
-9999 37 37 37 37 37 37 37 37 37 37 37 37 37 37 37 37 37 37 37 8 8 3 9 75 56 50 48 34 17 33 0 0 0 0 26 27 39 48 6 3 8 9 3 16 32 29 37 37 18 37 15 9 0 0 25 38 30 0 0 1 6 4 27 0 35 35 24 18 14 20 28 16 5 26 24 9 3 14 20 29 31 37 37 37 37 37 37 37 37 37 37 37 37 37 37
-9999 37 37 37 37 37 37 37 37 37 37 14 11 2 8 37 37 37 37 37 37 37 37 14 20 46 52 45 26 37 0 44 10 11 8 12 37 18 15 0 3 6 43 16 28 33 51 40 29 36 35 34 16 37 5 9 13 37 37 15 3 22 30 20 30 49 33 35 40 25 31 31 20 20 20 32 23 20 37 37 37 37 37 37 37 37 37 37 37 37 37 37 37 37 37 37
-9999 37 37 37 37 37 37 37 37 37 37 37 30 20 37 37 37 37 37 37 37 37 37 37 8 14 14 43 55 44 42 48 71 27 25 5 7 48 46 41 0 0 3 38 30 22 13 23 29 36 28 34 46 37 20 28 37 37 37 27 16 18 20 18 12 28 13 7 13 20 20 20 37 37 20 37 37 37 20 0 1 37 37 37 37 37 37 37 37 37 37 37 37 37 37 37
-9999 37 37 37 0 0 37 37 37 37 0 37 37 37 37 37 37 37 37 37 37 37 37 37 37 37 8 37 37 37 20 7 47 45 52 53 29 0 26 11 7 4 35 23 22 20 32 24 15 26 28 45 46 44 39 40 34 30 37 2 32 34 22 29 11 12 16 8 0 0 0 37 37 37 20 20 37 37 39 30 16 37 31 10 0 3 37 37 37 37 37 37 37 37 37 37
-9999 37 37 0 0 0 0 37 3 8 37 37 37 37 37 37 8 37 37 37 37 37 37 37 37 37 8 14 15 15 20 20 26 37 37 24 14 0 17 15 15 4 20 16 0 0 31 37 15 20 31 50 35 56 56 43 52 40 37 11 37 21 31 27 24 27 10 0 0 0 15 1 0 30 30 20 14 14 37 37 37 37 40 24 12 20 37 37 37 37 37 37 37 37 37 37
-9999 37 37 5 3 0 0 0 0 37 37 37 37 37 37 37 37 37 37 37 37 37 37 37 37 37 37 37 14 20 31 16 11 15 56 46 14 15 27 29 13 3 0 23 33 17 2 5 16 7 15 11 2 37 37 34 34 69 61 37 37 28 37 8 11 67 37 37 0 0 29 37 20 13 39 6 15 20 37 20 37 37 56 58 46 37 17 7 2 16 37 37 37 37 37 37
-9999 37 37 37 6 0 0 5 0 37 37 0 37 37 37 37 37 37 37 37 37 37 37 37 37 37 37 37 37 37 37 25 16 29 31 19 37 62 40 24 32 20 9 12 0 45 28 4 3 3 6 20 20 0 0 37 37 37 78 90 44 30 41 44 24 43 67 62 67 64 35 50 30 0 6 20 9 14 14 37 37 37 37 37 37 37 52 32 24 45 37 37 37 37 37 59
-9999 37 37 10 0 0 0 0 0 0 37 8 37 37 37 37 37 37 37 37 37 37 37 37 37 37 3 0 0 7 0 1 12 12 37 31 9 5 0 5 15 11 6 37 37 5 10 0 9 5 0 5 58 31 37 0 37 37 37 37 36 15 10 8 9 13 37 37 37 37 34 10 20 11 14 37 37 37 37 37 37 37 37 37 37 37 37 84 48 37 37 37 37 37 37 65
-9999 37 0 0 0 2 4 5 0 0 3 0 8 37 37 37 37 37 37 37 37 37 37 37 37 37 37 0 6 17 17 10 32 30 38 39 26 12 0 0 5 45 5 37 37 18 22 22 37 24 11 2 0 49 37 37 3 0 0 10 48 27 17 35 45 20 1 0 8 4 56 30 24 15 4 37 15 20 37 37 37 37 37 30 37 37 37 37 37 37 37 37 37 37 37 76
-9999 37 23 15 10 5 1 0 3 0 0 0 3 0 37 37 37 37 37 37 37 37 37 37 37 37 37 37 20 0 37 37 37 37 32 48 36 4 15 34 0 35 44 37 37 28 35 21 36 36 35 37 25 24 37 37 37 37 37 12 43 32 17 4 5 37 30 13 5 20 46 38 32 26 14 29 25 12 26 20 21 6 37 37 31 37 37 37 37 37 37 37 37 37 37 37
-9999 37 37 23 22 16 9 3 3 0 0 0 3 0 0 0 37 37 37 37 37 37 37 37 37 37 37 37 37 37 37 37 37 37 37 37 37 37 9 10 21 9 114 52 6 19 46 40 35 25 17 40 53 44 34 34 17 37 10 9 13 40 42 30 14 44 52 33 14 24 20 52 53 24 12 25 26 16 20 3 15 11 32 37 37 37 37 37 37 37 37 37 37 67 56 37
-9999 37 37 15 9 15 14 11 1 0 3 3 3 8 8 8 8 0 8 37 37 37 37 37 37 37 37 37 37 37 37 37 37 37 37 37 37 37 9 4 10 33 10 40 48 30 10 20 29 37 25 17 14 46 2 13 26 37 35 23 15 6 31 42 22 11 32 37 19 20 31 9 41 38 30 11 5 23 32 28 31 12 32 37 37 37 33 37 37 37 37 37 37 37 27 30
-9999 37 11 15 10 12 9 12 7 0 0 0 8 37 3 7 0 37 37 37 37 37 37 37 37 37 37 37 37 37 37 37 37 37 37 37 37 4 4 4 37 20 32 20 37 37 13 3 37 15 41 22 21 20 30 36 42 41 36 28 12 0 0 5 52 23 4 6 10 1 8 26 14 37 46 43 32 39 26 30 23 16 11 11 17 17 37 33 37 37 37 37 37 45 6 29
-9999 34 23 21 11 6 7 0 23 18 12 7 15 37 14 10 8 37 37 37 37 37 37 37 37 37 37 37 37 37 37 37 37 37 37 37 20 4 4 0 37 37 37 37 37 37 37 28 20 25 40 40 36 43 41 26 17 26 44 54 26 37 11 16 3 41 37 37 37 22 25 34 30 25 25 26 20 30 39 53 45 3 37 37 37 21 37 26 37 37 37 48 65 36 20 25
-9999 17 14 19 37 27 13 7 3 0 6 0 0 3 0 8 8 8 37 37 37 37 37 37 37 37 37 37 37 37 37 37 37 37 37 37 3 28 23 23 22 16 37 25 20 37 37 37 37 37 14 37 39 46 47 35 23 8 2 24 69 37 37 37 27 31 78 58 53 45 31 35 30 25 30 20 20 37 37 16 37 6 40 37 37 18 17 28 38 45 45 65 75 20 7 13
-9999 37 32 24 16 32 38 35 28 21 16 19 5 1 0 0 0 9 0 0 9 37 37 37 37 37 37 37 3 37 37 37 37 37 37 21 15 19 22 12 37 37 37 37 37 37 37 37 37 37 37 37 20 20 46 63 49 37 32 11 15 44 50 33 27 17 0 11 20 16 28 16 15 26 26 26 14 37 48 37 37 33 37 37 48 33 43 16 30 43 49 61 70 76 57 0
-9999 17 27 13 9 20 27 49 46 37 26 37 37 16 8 0 0 0 0 1 0 0 3 37 37 37 37 3 4 3 37 37 37 19 21 20 19 14 20 0 37 37 37 37 37 37 37 37 15 15 9 37 37 37 54 20 4 17 27 23 22 35 44 37 26 25 19 15 27 26 22 20 20 26 26 39 39 50 63 67 53 43 37 45 45 44 36 35 35 53 70 76 83 86 0 63
-9999 19 20 22 16 17 37 25 14 22 37 36 32 37 37 21 11 0 0 6 1 6 0 0 37 37 37 37 37 37 20 23 16 15 14 19 22 0 0 37 37 37 37 37 37 37 37 37 14 20 37 37 37 37 37 57 29 19 26 20 20 24 34 31 17 18 26 29 36 43 34 29 39 28 30 32 45 45 37 37 56 28 31 48 45 45 56 61 70 83 76 80 84 87 0 88
-9999 34 32 34 33 11 3 9 33 35 29 33 24 29 34 37 27 18 11 0 0 0 0 3 0 37 37 37 37 23 17 13 18 18 18 20 24 0 37 37 37 37 37 37 37 31 12 10 32 37 37 37 37 0 0 0 25 28 35 29 26 28 26 34 38 33 15 12 9 26 49 43 46 39 41 37 37 40 56 72 57 45 45 36 53 59 74 86 80 80 86 84 90 84 0 74
-9999 22 23 5 12 23 13 6 22 20 11 16 21 21 12 10 26 32 3 37 37 3 0 3 8 37 37 37 37 18 18 16 16 10 7 8 25 32 37 37 37 33 37 24 18 19 22 16 19 27 26 28 18 25 30 13 24 17 26 30 30 25 43 38 27 40 43 48 26 17 21 39 47 52 59 56 76 61 14 37 45 84 66 43 50 84 87 91 90 74 35 50 82 86 90 110
-9999 0 30 32 18 19 29 22 42 25 37 26 42 26 15 16 11 6 6 0 0 0 9 37 37 37 37 37 20 37 37 37 37 37 15 12 12 27 27 11 12 26 18 20 37 37 18 18 23 22 14 64 39 40 45 38 28 30 25 17 16 13 0 34 33 27 58 83 41 26 33 84 48 78 105 122 143 149 137 136 90 58 77 85 78 37 37 37 87 63 63 110 160 143 127 158
