examples/data/proba_v_italy_sicily/probav_s10_toc_x19y03_20150411_333m_ndvi_v001.txt
ncols         1127
nrows         589
xllcorner     12.348214285714
yllcorner     36.598214285714
cellsize      0.0029761904761905
NODATA_value  -9999
[rows 282 to 328 of 589, columns 0 to 95 of 1127]
-9999 20 21 22 21 21 30 30 29 29 29 21 21 22 22 22 23 21 21 21 24 23 21 21 21 23 23 21 19 21 21 27 27 24 24 30 28 24 24 22 24 22 22 22 22 25 23 24 24 24 24 25 25 25 23 23 24 23 24 23 23 23 22 22 23 24 24 30 30 29 30 29 47 49 46 42 39 37 32 25 30 32 30 30 30 29 29 27 30 28 26 30 26 30 30 30
-9999 23 21 20 21 21 20 29 29 20 30 21 22 20 21 21 21 21 21 22 22 23 21 21 21 30 23 23 21 21 21 29 27 27 27 30 28 27 24 24 24 24 23 23 23 24 24 23 24 24 24 25 24 24 24 23 23 24 23 23 24 22 22 24 23 23 23 29 29 29 29 29 29 29 29 29 30 50 44 41 38 32 29 30 29 30 29 26 26 27 26 26 26 25 30 25
-9999 22 21 21 23 22 21 30 30 22 22 22 23 21 21 23 22 21 22 23 23 22 23 21 22 30 19 24 21 20 29 29 27 27 27 30 28 23 25 24 24 23 24 23 22 23 23 21 23 23 23 23 22 22 23 23 22 23 23 22 24 23 23 24 27 29 29 30 29 29 29 29 29 29 29 30 29 30 29 29 30 48 47 40 34 29 30 29 29 29 29 26 31 32 30 30
-9999 22 21 29 30 30 29 30 29 20 21 22 22 22 23 21 22 23 23 22 21 21 22 23 23 21 21 21 30 20 21 29 29 27 28 30 23 23 24 25 25 24 24 23 24 23 22 23 23 22 24 23 22 22 22 23 22 23 25 23 23 22 22 27 30 22 27 30 29 29 29 29 31 30 29 30 30 29 30 29 29 29 29 30 29 29 29 29 29 29 30 32 30 26 26 26
-9999 29 30 30 29 22 29 30 21 21 21 21 22 23 23 22 22 23 23 22 21 21 22 23 22 22 23 21 21 21 22 29 29 29 23 23 24 24 25 24 24 24 23 23 23 24 24 23 24 24 24 23 24 24 23 24 24 23 23 23 23 23 23 23 24 30 30 30 27 30 29 29 29 30 27 30 30 30 30 29 29 29 29 29 30 26 30 29 29 30 30 30 30 26 27 27
-9999 29 30 30 22 21 29 29 22 21 22 22 22 21 21 23 23 23 22 22 23 21 21 21 22 22 21 21 21 30 30 23 20 30 28 22 25 24 24 24 23 21 23 23 23 24 23 23 24 23 23 23 23 23 22 22 22 23 23 22 23 22 23 24 24 22 27 22 22 27 29 26 29 30 29 30 30 30 27 27 27 30 29 30 30 29 30 30 30 30 29 29 30 28 26 26
-9999 30 29 30 22 29 30 29 21 21 21 20 21 22 22 23 23 24 23 23 23 23 23 22 23 22 22 22 21 22 23 22 21 30 28 22 22 23 24 24 25 22 21 22 23 23 24 24 23 24 24 23 23 24 23 23 22 22 23 23 23 22 23 23 21 23 24 27 30 27 29 29 29 29 30 29 27 29 29 27 27 30 30 29 29 29 29 30 28 29 29 29 29 27 29 30
-9999 22 23 22 21 29 28 22 21 21 22 22 21 22 23 23 23 23 22 23 21 23 23 22 22 23 22 21 22 23 21 21 21 30 21 21 21 21 23 23 24 26 22 22 23 23 24 24 23 24 24 23 24 24 23 22 23 22 22 23 23 23 22 23 21 23 22 22 29 30 31 31 30 30 29 30 30 27 27 29 29 29 29 29 29 29 28 29 29 29 29 29 29 26 30 30
-9999 31 32 22 22 32 30 21 21 21 21 22 21 21 22 22 22 21 21 23 23 22 22 22 22 23 21 21 22 22 21 21 21 19 20 21 21 23 23 23 23 24 24 22 25 23 23 23 23 22 23 23 23 23 22 24 24 22 23 23 23 23 23 23 23 23 23 22 27 29 31 29 27 26 26 30 30 30 27 27 26 29 30 29 29 29 29 29 29 29 30 29 29 29 29 29
-9999 31 21 21 21 29 29 21 21 21 21 20 21 22 23 23 23 21 22 23 23 22 23 23 21 21 23 21 21 21 21 21 21 21 21 21 23 23 22 23 24 24 23 22 22 23 23 23 23 22 22 23 23 22 23 22 23 22 21 22 23 22 23 21 22 30 22 22 29 29 31 31 30 30 30 30 30 27 27 27 30 27 29 29 29 29 29 30 29 30 30 29 29 29 30 29
-9999 31 21 21 29 30 30 21 22 22 22 23 22 22 22 22 22 19 19 21 23 22 30 21 20 20 22 24 22 22 22 23 23 23 22 21 22 22 22 21 24 24 23 23 24 24 22 21 22 22 22 23 22 23 23 23 23 21 22 23 23 23 23 22 21 21 22 22 27 29 29 29 24 23 29 30 25 24 27 27 27 27 27 29 29 26 29 30 29 29 30 29 29 29 30 29
-9999 19 29 30 29 30 21 23 23 21 21 22 21 23 20 21 20 21 21 22 21 19 21 22 22 20 21 21 22 22 22 22 22 23 24 22 22 23 21 22 23 23 23 22 22 24 23 22 22 23 23 23 23 23 22 23 23 22 23 23 22 22 21 21 22 23 22 21 29 22 29 29 29 29 30 30 27 25 22 27 27 27 30 30 29 29 29 29 28 28 29 30 29 29 30 30
-9999 21 21 21 29 29 20 30 21 20 21 22 23 23 23 21 21 21 21 23 22 22 21 22 22 22 22 22 21 21 22 22 22 22 23 23 22 22 19 30 19 22 23 22 22 23 23 22 22 23 24 23 23 23 23 22 21 22 22 22 23 23 22 21 21 21 30 30 29 29 31 25 30 29 30 29 30 30 29 30 27 27 27 27 27 29 29 29 29 30 29 30 29 29 29 30
-9999 29 29 29 30 28 20 21 22 21 21 21 22 23 21 21 23 22 22 22 22 21 21 23 22 23 24 23 22 22 22 22 22 23 23 23 23 24 23 22 21 23 24 22 23 23 23 23 23 23 23 24 24 23 22 22 21 22 22 22 22 23 23 21 22 21 22 21 21 20 30 29 29 22 30 29 31 30 29 29 30 27 30 30 27 29 29 29 28 29 23 29 30 29 29 29
-9999 21 21 30 29 21 21 21 22 21 22 23 23 22 21 21 21 21 21 22 21 21 22 22 22 22 22 22 24 25 24 23 23 23 23 24 22 22 22 22 24 23 23 22 24 24 23 22 22 22 22 22 23 22 23 23 23 22 22 22 22 23 23 23 22 22 22 23 23 23 23 22 27 21 30 29 29 30 30 30 32 30 30 27 30 30 30 31 29 29 30 30 29 30 30 30
-9999 20 20 29 28 21 20 21 21 21 21 21 22 21 21 22 21 21 21 21 21 22 23 21 21 22 22 21 21 22 23 23 23 23 24 23 30 24 23 23 22 22 22 23 23 22 22 23 22 22 22 23 23 23 22 23 22 23 23 23 23 22 22 22 22 21 23 22 23 23 22 22 30 27 27 30 29 29 30 27 27 27 27 27 27 27 30 29 29 29 29 29 30 30 30 30
-9999 19 19 29 29 20 21 21 19 21 21 22 22 21 21 22 21 21 21 21 22 21 22 23 22 21 22 22 22 22 22 22 21 23 23 23 22 23 22 23 22 21 22 22 22 23 24 24 23 22 23 24 22 23 22 23 23 22 22 22 23 22 22 22 24 23 20 21 29 30 27 22 27 27 27 30 29 26 27 27 27 30 27 27 27 27 27 30 29 30 30 30 30 30 25 25
-9999 20 29 29 21 21 21 21 21 21 21 22 21 21 22 22 22 22 21 21 20 21 21 22 23 21 21 22 23 22 21 21 22 23 22 22 23 23 23 23 23 22 22 23 23 22 22 23 24 22 24 23 22 23 23 22 22 22 22 22 22 23 22 22 23 24 21 20 22 22 30 29 30 30 26 30 30 26 27 27 27 27 27 30 30 30 27 30 30 30 30 30 29 30 30 30
-9999 20 29 28 22 23 21 20 21 23 22 22 22 21 20 20 21 22 22 21 21 20 21 21 21 21 22 22 22 23 22 22 22 22 22 22 23 24 24 23 23 22 22 22 22 22 23 22 23 23 22 23 24 23 23 22 23 23 23 23 23 22 22 21 23 23 23 30 22 23 23 21 21 30 27 27 29 30 29 29 27 27 27 30 30 27 27 29 30 29 30 30 29 29 29 29
-9999 20 29 29 21 23 20 20 21 22 22 22 22 22 20 22 22 22 21 22 22 21 21 21 21 22 22 22 23 23 23 22 22 23 23 22 22 27 22 23 23 23 22 22 22 23 21 21 22 23 23 22 23 22 23 23 22 23 24 23 22 23 22 22 23 23 21 23 22 23 23 23 24 25 23 20 29 29 29 27 29 29 27 27 30 27 30 27 30 29 26 31 30 29 29 29
-9999 31 29 29 21 22 21 20 22 22 21 21 21 22 22 22 22 22 22 21 21 21 21 21 21 21 22 23 22 23 23 22 23 24 22 22 23 23 23 23 23 22 20 21 21 21 21 18 21 22 23 23 23 24 23 23 22 23 23 23 22 22 23 23 22 22 22 22 23 22 21 21 22 24 24 23 30 29 27 27 27 27 27 30 30 27 30 27 27 30 29 30 30 30 29 29
-9999 28 28 21 21 20 20 21 23 22 21 22 21 21 21 22 22 22 21 21 22 22 21 21 21 22 21 22 22 23 22 22 23 23 23 21 22 24 23 23 21 22 22 21 21 22 23 20 20 23 23 23 23 22 23 22 21 22 24 25 22 21 22 21 21 22 23 23 23 23 20 21 21 23 24 22 21 27 27 29 29 27 24 23 29 30 27 27 27 29 29 29 30 30 30 29
-9999 30 29 21 21 20 20 22 22 21 21 21 21 21 22 22 22 22 22 22 22 22 21 22 22 22 21 22 22 23 22 23 22 22 23 22 22 23 23 23 23 23 23 22 23 23 23 21 19 21 23 23 22 23 23 22 22 21 22 22 22 22 22 22 21 21 23 23 23 23 21 21 21 22 24 25 25 21 17 29 29 27 27 30 29 29 27 26 30 30 29 30 30 29 29 29
-9999 29 29 22 21 20 20 21 22 22 22 21 21 22 22 22 22 21 21 22 21 21 21 21 23 23 22 22 22 22 22 23 23 23 22 21 22 23 23 24 22 23 23 23 24 24 23 21 21 21 21 21 22 22 22 21 21 21 22 23 23 23 23 23 21 21 21 23 21 23 22 21 22 22 23 28 24 25 24 30 27 22 25 23 29 30 30 29 29 29 30 29 30 30 30 29
-9999 29 21 21 20 20 21 21 20 21 22 21 21 21 21 21 20 21 21 21 22 22 22 21 22 23 22 22 22 22 22 23 23 23 23 22 22 23 24 24 23 23 22 22 23 23 24 22 22 22 23 22 21 21 21 21 22 23 21 22 23 23 23 23 21 21 22 22 23 22 22 23 22 27 29 29 31 27 25 23 30 27 26 29 23 29 30 29 17 19 30 30 30 29 29 30
-9999 30 21 21 20 20 22 23 21 21 21 22 21 22 21 21 21 22 21 21 21 22 22 23 23 22 22 22 21 22 22 22 22 22 22 23 23 22 23 23 22 23 23 23 23 21 21 23 22 23 23 21 21 22 21 21 23 22 22 21 21 22 22 21 22 21 21 23 23 20 21 21 20 30 21 24 23 23 22 21 27 25 27 30 30 30 30 21 17 23 29 29 30 30 30 29
-9999 28 20 20 21 20 22 21 21 21 19 20 21 21 21 21 22 22 21 21 22 23 22 22 22 22 22 22 23 22 22 22 22 22 22 23 22 21 21 22 22 23 22 23 23 22 21 23 22 22 22 21 21 23 21 22 23 22 21 23 22 21 23 21 30 22 22 22 22 21 21 21 21 21 23 23 19 21 22 15 20 22 27 24 30 29 17 26 22 29 29 29 30 30 30 29
-9999 30 20 21 22 21 22 21 23 23 21 19 20 21 21 22 21 21 21 22 21 21 21 21 21 22 22 22 22 23 22 22 23 22 21 21 21 22 22 22 23 22 21 23 22 21 19 22 23 23 22 20 21 21 21 21 21 21 21 23 22 21 21 21 21 22 23 21 22 22 21 21 21 22 24 24 20 20 23 23 21 27 27 27 26 30 19 25 30 23 22 29 30 30 30 29
-9999 21 21 30 29 22 30 20 21 19 20 19 20 21 20 21 22 20 21 22 22 22 23 22 21 21 22 22 22 22 22 23 23 22 22 22 23 22 22 21 22 22 22 23 23 22 22 23 23 22 21 19 20 22 22 22 23 21 21 22 23 22 21 21 21 21 22 22 21 21 22 21 20 20 20 19 18 20 20 21 21 21 22 27 23 20 22 33 32 19 30 29 29 29 29 29
-9999 20 23 22 29 30 19 18 20 22 21 20 20 21 21 21 21 30 21 22 21 22 22 22 21 22 22 22 23 23 22 22 23 22 23 23 22 21 22 22 22 22 21 23 22 22 22 23 23 21 20 20 19 21 23 21 23 22 21 22 23 21 21 21 22 21 22 21 21 21 21 21 24 27 22 17 15 19 20 21 19 30 21 21 24 25 22 20 29 23 29 30 29 29 29 30
-9999 19 22 26 25 21 22 22 21 21 21 22 19 21 20 20 20 21 21 22 22 22 21 22 22 22 21 22 22 23 23 22 22 23 22 23 23 23 22 23 29 22 22 22 22 22 23 22 23 22 22 22 20 21 21 21 21 23 22 21 21 21 22 21 23 23 24 22 22 22 21 21 25 30 29 23 19 22 22 23 21 21 21 13 24 32 24 21 29 17 29 29 29 29 29 30
-9999 29 22 23 23 24 23 20 21 22 20 21 20 20 20 20 30 30 20 21 21 21 21 21 22 22 22 23 22 23 23 22 23 22 21 21 22 22 23 22 27 18 22 22 21 22 23 23 23 23 22 21 27 29 21 21 21 22 21 21 23 22 22 22 22 23 23 22 23 22 22 21 21 23 21 22 24 22 23 22 21 23 30 30 30 30 20 21 29 27 17 30 29 29 29 29
-9999 21 20 22 22 23 23 20 30 21 21 21 21 21 20 21 21 21 21 21 21 20 20 21 22 21 22 22 22 22 22 23 22 22 22 21 21 22 22 23 22 18 22 22 22 21 22 23 22 21 21 19 19 20 21 21 20 21 21 21 23 22 21 21 23 22 23 23 22 23 21 22 26 26 25 23 23 23 22 23 17 14 26 18 24 22 29 29 29 18 30 29 29 30 30 22
-9999 20 29 30 29 22 24 22 21 19 19 21 29 21 20 30 21 21 21 22 21 21 21 21 21 22 22 22 22 21 21 22 22 21 22 22 22 22 28 25 21 19 18 22 21 22 22 22 23 22 21 21 21 34 21 21 20 22 21 22 21 21 21 21 21 22 21 23 22 21 22 21 29 22 20 21 21 21 29 26 19 21 21 35 28 21 17 30 20 29 29 29 22 30 30 29
-9999 17 19 30 30 30 19 21 22 20 30 30 20 27 27 30 21 22 22 21 21 22 21 21 21 21 22 22 21 22 21 21 22 21 21 22 22 22 22 17 19 26 22 22 22 22 22 22 22 22 22 21 21 21 25 19 20 22 21 23 21 20 21 22 21 21 22 21 21 21 21 21 20 21 21 21 21 36 35 33 31 17 19 20 29 29 32 19 29 29 29 29 21 22 22 22
-9999 21 21 20 19 20 30 19 22 21 21 21 21 29 29 21 20 21 21 21 20 21 21 21 22 22 21 22 21 21 21 22 23 21 21 22 22 21 22 18 17 25 23 21 22 21 21 22 23 22 21 22 21 22 39 21 21 22 22 21 23 21 21 23 21 20 21 20 20 21 30 26 24 24 22 22 32 34 34 33 30 30 22 21 20 18 42 19 20 28 28 26 29 27 32 23
-9999 22 21 23 24 22 30 21 21 22 21 22 20 27 20 21 22 22 22 21 21 21 21 21 21 21 22 22 21 22 22 22 22 21 21 22 22 17 17 19 29 23 23 22 21 21 21 22 22 22 21 22 20 19 21 31 19 22 21 20 21 22 20 23 23 21 21 20 21 20 19 19 33 27 18 21 30 33 28 30 22 23 24 23 22 23 20 39 29 29 29 30 21 22 29 29
-9999 22 20 19 21 20 20 30 30 30 21 23 22 27 29 29 21 21 21 21 21 21 20 21 21 21 21 22 21 22 22 21 21 21 21 22 19 20 21 21 37 31 20 22 22 22 22 22 21 22 22 22 21 20 20 33 22 21 21 21 20 20 21 21 21 20 28 35 22 21 21 39 28 26 21 21 22 23 22 23 22 21 22 22 21 22 21 40 29 29 13 20 21 21 29 29
-9999 22 19 22 21 21 21 21 30 21 22 21 21 29 21 21 21 20 19 19 19 21 21 21 22 22 22 21 21 21 21 21 21 26 21 18 21 21 15 21 22 49 36 22 23 23 21 20 21 22 21 22 22 23 21 38 21 21 22 22 21 20 21 30 38 35 20 28 19 29 35 32 22 19 23 23 24 23 23 22 23 21 21 21 21 21 19 57 29 29 29 21 21 21 29 22
-9999 19 18 20 20 19 21 20 19 29 19 21 22 29 30 30 22 21 19 20 21 21 21 22 22 22 22 20 20 22 22 21 21 25 28 25 24 24 20 21 21 22 42 38 22 22 22 21 21 22 22 21 21 23 22 22 32 23 19 21 21 20 22 22 21 20 18 19 21 19 27 28 24 30 22 30 30 21 21 21 21 21 22 21 20 21 22 20 39 29 20 22 22 29 20 30
-9999 17 16 17 18 30 21 19 20 19 30 27 21 22 19 30 19 22 21 19 21 22 21 21 22 21 21 20 21 21 21 22 31 31 28 25 24 24 23 21 21 21 22 23 22 21 21 20 21 21 21 19 28 21 22 21 21 21 21 30 37 21 20 21 19 19 18 21 21 19 27 27 21 27 22 22 22 21 22 22 21 21 22 21 23 23 21 30 34 28 29 29 22 22 22 23
-9999 20 18 19 19 18 19 19 19 20 26 21 21 21 21 21 21 21 21 21 21 21 21 21 19 21 21 21 20 19 19 21 21 34 24 21 22 21 22 21 20 21 21 21 22 21 22 21 22 31 21 21 20 21 23 22 22 22 22 22 21 21 20 21 22 22 21 19 19 20 21 33 27 30 22 30 30 22 23 22 23 22 21 22 22 21 19 29 38 30 29 22 22 30 23 22
-9999 22 20 20 20 21 21 18 18 29 26 27 23 21 19 19 21 19 20 19 21 21 21 21 20 21 20 21 21 20 21 21 21 32 21 20 21 21 21 22 21 19 20 21 21 22 22 22 22 31 28 22 21 21 22 22 22 21 22 21 20 21 21 20 23 22 21 21 30 29 28 48 36 29 22 29 24 23 21 21 21 20 29 21 22 23 21 29 50 30 29 33 29 23 23 29
-9999 22 19 18 19 19 21 20 19 19 27 27 30 24 22 21 20 21 21 19 19 21 21 21 22 21 20 21 21 21 21 22 20 36 43 30 21 23 32 21 22 22 21 20 20 20 21 22 21 21 21 20 20 21 21 21 21 22 21 21 21 21 21 20 21 22 21 21 20 53 27 27 30 22 29 23 30 22 21 21 30 20 21 22 22 29 29 29 28 29 30 30 29 24 22 29
-9999 24 21 19 21 20 21 20 18 29 20 20 20 19 23 24 22 21 20 19 19 19 21 20 19 21 20 19 20 21 24 21 21 21 20 49 37 21 21 21 20 19 21 22 22 21 22 21 19 21 22 21 22 30 22 19 21 21 21 21 21 22 22 20 20 21 21 27 26 26 27 27 29 29 29 29 22 22 21 21 27 30 29 29 29 29 30 29 28 16 30 29 26 23 27 22
-9999 25 24 22 22 21 21 21 17 17 20 21 23 19 18 20 21 20 22 21 21 21 22 21 21 20 21 19 19 19 19 21 20 20 21 19 20 22 21 21 21 20 22 22 19 21 22 21 19 20 22 22 22 21 40 22 21 21 20 22 21 22 22 21 21 20 19 27 27 27 27 27 29 29 29 29 29 22 29 29 26 26 29 28 29 29 29 29 29 28 30 28 36 30 21 27
-9999 24 23 23 21 20 21 20 20 17 29 18 24 23 21 21 21 21 20 23 20 20 21 23 24 21 20 19 19 18 18 19 21 20 20 21 21 21 21 21 21 21 22 23 22 21 21 21 21 21 22 22 20 21 21 21 20 22 22 22 22 21 20 22 22 21 29 26 27 26 27 29 29 29 28 29 30 31 30 29 29 30 29 29 30 28 28 26 29 29 30 29 27 28 29 22
