examples/data/proba_v_italy_sicily/probav_s10_toc_x19y03_20140721_333m_ndvi_v001.txt
ncols         1127
nrows         589
xllcorner     12.348214285714
yllcorner     36.598214285714
cellsize      0.0029761904761905
NODATA_value  -9999
[rows 408 to 458 of 589, columns 480 to 575 of 1127]
28 28 28 28 28 27 27 28 28 33 32 33 35 34 34 35 33 35 37 37 40 52 66 78 82 73 73 73 77 73 58 58 59 67 73 76 77 66 66 79 81 76 59 54 49 50 61 98 79 56 55 61 65 82 72 60 68 71 75 78 75 65 65 72 78 71 60 58 61 60 65 74 86 92 86 74 71 77 76 83 91 95 88 90 95 113 92 86 100 98 79 78 92 81 87 94
30 27 27 27 27 27 28 27 27 27 27 31 31 30 31 34 31 33 36 36 38 38 42 71 87 81 79 68 61 63 68 72 71 75 72 68 68 67 66 64 59 52 52 53 52 55 57 82 92 64 52 60 75 78 72 74 73 72 80 78 75 65 63 68 66 61 58 58 53 62 72 73 75 82 76 71 81 86 81 84 85 83 83 91 109 113 100 105 112 122 97 74 78 74 88 95
33 27 26 26 26 26 26 26 27 27 27 27 28 32 31 32 32 32 32 34 35 38 37 41 62 84 83 74 73 71 73 68 65 72 81 65 64 66 67 61 57 50 55 55 55 54 56 75 101 74 64 67 60 63 82 91 75 65 78 76 72 64 60 67 62 60 67 65 64 65 67 65 73 75 82 85 92 88 80 77 84 91 94 90 93 100 106 99 95 103 96 85 68 65 77 86
33 26 26 25 25 26 27 26 26 27 27 27 27 30 30 29 31 33 33 31 34 36 36 33 39 69 90 80 70 58 58 61 54 59 74 76 79 78 70 63 64 58 50 54 60 57 60 71 90 70 69 73 51 45 59 90 86 71 74 71 68 61 60 61 59 64 73 73 73 71 65 63 70 69 83 88 92 91 86 81 82 83 84 85 79 83 86 91 86 81 81 87 75 62 72 83
25 31 25 26 26 26 26 26 26 26 27 27 25 26 30 29 29 29 33 31 34 34 34 35 33 42 69 83 64 45 44 49 59 63 66 71 82 74 58 69 74 56 50 51 63 70 76 59 73 92 71 65 57 60 72 86 86 73 66 62 68 64 60 61 67 71 75 69 73 70 68 70 73 66 63 71 80 76 76 81 84 77 79 85 73 75 79 88 85 72 70 68 64 63 69 76
25 26 26 26 26 26 25 25 26 26 26 27 26 24 26 26 26 29 31 32 33 33 31 33 36 32 43 71 75 63 51 49 55 63 68 73 76 61 52 63 70 62 64 71 73 68 76 65 68 95 94 71 65 74 85 83 78 70 67 63 62 61 69 68 72 73 73 67 69 69 66 63 66 71 71 75 69 66 64 73 84 82 78 82 68 66 81 96 79 70 66 63 61 65 64 60
24 25 25 25 25 25 24 23 25 26 25 25 26 26 26 26 27 26 26 31 33 33 32 33 36 33 29 51 82 77 59 60 61 65 72 77 79 67 60 56 57 63 68 74 75 73 75 70 65 70 87 82 57 58 62 62 72 70 69 76 66 66 82 70 70 76 72 70 68 70 63 56 68 76 79 83 71 66 69 72 74 76 73 68 65 68 81 72 56 63 66 64 61 60 62 56
25 18 24 25 25 26 23 25 25 25 25 25 26 25 25 25 25 28 24 30 30 29 28 31 34 33 30 36 68 74 58 69 81 74 77 87 90 69 61 68 63 67 65 66 68 65 68 67 65 67 79 110 95 77 62 57 67 68 72 65 65 62 69 70 73 70 66 66 71 72 71 65 82 84 75 76 75 82 83 69 66 70 73 66 64 68 63 65 68 68 71 70 63 57 48 69
30 24 18 25 25 25 25 26 25 25 25 25 25 26 26 26 25 30 25 27 25 28 27 27 31 33 35 38 63 78 79 83 85 71 88 105 97 85 85 85 71 83 85 75 77 75 71 67 64 58 54 59 79 95 79 60 63 67 62 51 53 60 61 66 79 77 73 74 79 86 89 80 90 93 78 76 76 84 82 76 77 82 92 81 68 72 73 76 71 75 70 69 66 67 46 52
27 26 24 18 25 25 25 25 26 24 26 26 25 26 25 25 25 25 26 26 25 26 26 26 26 28 34 33 35 54 59 74 84 85 105 107 100 94 100 111 116 114 113 106 102 100 99 86 81 64 49 49 60 82 89 63 58 59 54 61 66 74 82 76 76 78 69 63 61 64 61 56 57 59 53 54 54 56 59 66 75 86 92 72 65 62 72 90 77 64 59 60 75 67 36 40
25 25 24 24 25 24 22 25 25 25 24 24 24 25 26 22 24 26 25 27 26 26 26 26 26 26 31 35 35 33 31 41 59 72 86 99 98 96 98 100 112 124 125 123 115 112 122 110 106 97 81 68 50 55 65 64 53 50 59 73 76 80 81 71 58 44 34 23 28 28 29 34 36 39 41 34 40 47 49 45 43 40 40 37 38 40 50 61 54 31 32 37 40 28 10 11
25 19 24 23 25 25 23 23 24 24 24 24 24 25 25 24 25 25 26 26 25 25 25 26 25 26 26 32 33 35 34 33 33 42 54 59 74 94 104 98 97 107 112 113 110 104 120 113 97 102 104 99 75 57 52 57 61 57 63 64 56 48 47 36 26 14 36 40 44 40 40 39 39 38 39 34 34 41 42 35 38 38 37 34 38 32 17 12 26 23 15 15 16 17 17 15
19 19 19 17 24 24 25 25 24 22 24 24 24 25 24 24 24 25 25 24 25 25 26 26 26 26 19 26 26 31 33 34 34 35 37 38 62 84 94 98 102 102 105 107 116 106 102 101 77 83 90 95 98 80 58 62 56 51 40 27 11 29 38 25 16 17 35 44 45 42 43 43 37 37 40 38 33 34 40 37 35 36 43 31 28 14 29 28 29 31 16 16 18 17 16 17
19 19 19 19 19 24 24 25 24 24 24 24 24 25 25 25 25 24 24 18 25 25 25 23 25 26 26 26 26 26 27 32 34 33 35 37 40 45 51 71 74 68 83 96 101 90 71 57 35 40 38 45 62 68 51 48 45 35 10 13 16 34 38 29 31 44 40 37 46 39 37 40 38 39 40 38 37 39 37 31 34 46 31 28 26 15 26 31 25 14 14 15 17 17 16 16
19 18 24 20 20 19 18 23 24 25 24 24 24 24 24 24 25 24 17 18 24 24 19 17 24 25 26 25 25 25 26 26 26 31 32 32 34 38 42 42 41 39 50 55 49 32 27 19 19 18 17 20 38 36 27 33 24 18 16 16 16 17 17 17 26 41 39 36 37 40 37 36 35 42 40 37 36 42 41 31 31 39 28 25 13 15 32 31 25 15 15 16 16 16 16 16
19 19 19 19 19 19 18 24 25 24 24 24 23 18 18 17 24 17 18 18 24 25 18 18 17 19 18 26 26 25 25 26 26 27 21 31 33 33 36 36 39 37 36 39 41 27 28 27 19 19 18 19 21 25 23 21 20 18 17 16 17 26 26 27 25 41 38 39 43 45 40 38 33 34 36 35 31 31 35 34 44 15 15 13 39 39 35 32 24 23 23 15 16 16 17 18
21 21 21 19 19 19 19 24 24 24 24 24 24 24 24 18 19 17 18 17 24 23 25 17 18 26 18 26 26 25 19 19 25 26 26 21 26 31 34 34 34 33 34 29 28 27 27 28 25 18 19 18 19 21 32 19 32 21 18 26 26 26 26 26 27 32 38 34 26 44 40 40 38 39 42 38 32 26 15 33 49 46 26 33 32 31 29 28 27 26 26 28 24 16 16 16
23 22 21 20 19 18 19 19 17 24 24 24 24 18 24 18 18 18 24 24 24 19 19 18 17 17 18 17 25 25 19 26 25 25 19 19 26 26 20 31 33 34 28 29 28 29 28 28 27 19 19 18 17 16 20 20 19 16 15 26 26 27 27 27 32 27 36 27 27 37 34 33 36 33 33 32 29 29 25 29 35 42 40 37 35 29 25 33 31 28 27 29 26 24 16 17
22 22 22 21 21 20 19 19 17 24 23 23 23 23 24 24 18 17 24 24 24 24 17 18 24 24 25 18 25 26 25 19 20 19 24 24 19 26 27 27 21 21 27 28 27 27 28 28 27 26 19 18 18 18 17 16 15 24 25 25 26 26 26 19 18 27 26 27 26 36 35 36 41 35 31 33 34 36 31 31 33 43 44 32 30 31 27 31 33 29 27 26 25 23 16 17
26 25 23 22 23 20 19 18 25 24 23 24 24 24 18 17 18 17 18 18 18 17 18 18 19 19 18 18 19 25 18 24 24 24 24 18 26 19 26 20 27 28 21 28 28 27 27 27 29 27 19 19 18 18 18 24 25 25 25 25 17 18 26 26 19 26 26 25 24 26 25 25 35 38 35 35 31 36 34 31 26 26 32 31 25 26 26 26 33 33 32 30 29 25 21 16
29 28 25 24 23 19 24 17 18 24 24 24 24 17 18 18 19 17 17 17 17 18 18 18 19 19 18 17 18 18 25 18 19 24 24 25 19 19 20 20 27 26 19 27 26 26 26 25 27 28 26 19 18 18 19 19 20 21 21 20 25 18 25 24 24 25 25 26 26 24 29 31 33 32 30 25 25 26 29 31 27 33 26 24 26 26 26 25 29 33 35 33 31 29 26 23
27 27 25 25 23 20 17 19 18 18 17 16 17 17 17 17 19 17 17 17 18 18 18 24 18 18 19 25 18 18 25 25 25 24 21 19 24 19 26 26 25 18 19 18 26 26 26 24 25 26 26 26 19 19 21 20 20 20 21 24 25 25 24 25 26 26 25 18 19 19 34 34 25 25 25 26 26 31 30 31 35 37 30 26 27 18 17 25 26 29 29 29 30 16 25 27
28 28 27 25 23 22 21 21 21 20 19 18 17 17 18 17 17 17 16 17 17 18 18 17 19 18 18 18 18 18 18 18 18 21 21 24 24 19 20 20 24 21 21 19 19 25 25 25 26 26 25 25 25 19 20 20 32 32 29 18 23 16 24 23 25 26 26 26 25 26 26 26 26 26 26 25 24 34 30 26 25 35 33 26 27 18 17 17 30 32 33 33 18 18 32 30
29 28 27 24 22 25 25 25 24 23 21 18 17 18 17 17 17 17 18 18 18 18 18 18 17 18 18 18 19 18 18 18 25 25 24 19 19 24 22 21 20 19 19 19 19 18 18 24 24 19 25 24 18 18 30 29 30 31 26 26 22 22 22 19 19 24 25 26 26 26 26 26 26 18 26 26 26 26 24 25 25 26 26 26 25 17 26 25 29 31 31 34 33 33 33 31
24 23 24 24 23 23 25 25 23 26 21 19 18 18 18 19 18 19 19 18 19 18 18 24 18 24 25 19 19 18 18 25 17 25 18 19 24 21 22 20 25 21 24 20 19 19 19 24 19 24 24 24 25 18 38 37 35 33 27 24 23 24 27 22 23 23 33 28 26 26 25 26 26 26 26 26 26 25 25 19 19 25 25 26 17 26 26 25 29 30 29 30 32 31 30 30
24 24 24 24 24 24 24 23 23 23 21 20 18 18 17 17 18 18 17 18 19 18 18 18 19 19 18 18 18 25 18 18 18 18 18 19 20 20 21 24 24 18 19 24 25 24 19 18 18 19 25 25 18 18 18 19 38 36 31 26 25 23 26 27 25 22 24 24 25 26 25 24 26 18 26 19 26 25 24 26 26 18 17 18 18 16 28 27 28 30 30 30 31 30 30 30
24 24 25 23 24 24 23 24 24 24 23 23 20 18 18 18 18 18 18 18 24 19 19 19 19 19 18 24 18 17 24 18 18 18 18 25 19 21 21 25 24 24 26 26 25 25 18 18 19 19 19 19 18 18 19 18 30 29 26 25 26 26 26 28 28 23 17 24 25 25 24 23 24 26 26 17 25 24 25 26 25 18 25 18 17 17 27 28 30 31 29 30 31 33 33 33
23 23 24 23 24 24 24 23 24 24 23 22 22 23 22 24 20 20 21 20 20 21 21 21 19 19 19 18 18 18 17 18 25 18 19 21 20 19 19 19 19 19 19 19 18 17 19 19 18 18 19 19 19 18 19 19 38 34 29 28 26 26 26 25 17 18 25 18 17 24 25 25 26 18 18 17 26 18 18 17 18 17 18 18 17 18 25 28 27 29 30 29 30 31 30 30
24 27 24 24 25 24 24 23 24 24 24 24 24 21 20 20 21 22 22 21 21 20 20 19 24 18 18 19 19 17 18 18 17 19 21 20 19 19 19 18 19 19 25 19 19 18 17 18 17 24 18 18 24 24 19 19 27 31 30 30 30 29 27 25 23 25 22 17 17 25 18 17 26 18 18 17 18 18 18 17 18 18 18 18 17 17 17 28 28 28 30 29 27 29 29 28
24 30 28 27 26 24 23 24 24 24 24 23 24 22 22 21 22 22 22 19 19 20 19 18 18 18 21 20 18 17 17 18 18 18 19 21 22 21 19 19 19 19 18 18 18 18 18 18 18 24 18 33 35 35 29 27 25 27 28 27 30 30 29 29 26 26 27 24 23 18 19 18 18 18 17 18 19 19 18 26 17 18 18 18 18 18 18 17 28 27 30 30 27 28 31 30
29 28 29 29 29 28 24 24 24 23 23 24 24 23 22 22 22 21 20 19 18 18 18 19 19 18 18 18 18 18 18 18 18 19 19 20 20 19 18 19 18 18 18 17 18 18 17 18 18 18 19 18 18 19 34 36 35 31 29 28 27 28 28 29 28 28 29 25 25 26 19 35 29 18 18 18 18 17 18 18 19 18 18 18 18 17 17 17 18 18 19 28 19 19 28 30
30 29 29 28 29 29 28 28 27 26 24 24 24 23 22 21 21 19 18 18 18 18 19 19 18 18 18 18 25 19 18 18 18 19 20 19 19 18 19 19 18 18 19 18 18 18 18 18 18 18 18 18 17 17 30 24 26 29 27 28 28 29 27 27 28 28 29 28 27 29 25 18 19 17 18 18 18 18 18 18 19 18 18 18 18 17 17 18 18 19 19 21 20 20 21 30
30 29 29 29 27 29 29 29 29 28 27 26 23 22 21 19 19 18 18 19 19 18 18 18 18 18 24 24 25 19 21 19 19 19 18 18 18 19 19 17 18 19 21 18 17 18 18 19 19 18 19 19 17 17 35 37 32 31 29 26 26 24 24 25 27 29 27 28 29 30 28 24 18 18 18 19 18 19 18 18 18 17 17 17 17 17 16 18 18 19 20 20 20 19 21 22
30 31 29 29 29 27 28 28 28 29 29 25 23 21 21 19 19 18 18 19 19 18 18 17 18 19 19 20 20 19 21 21 20 19 18 18 18 18 18 19 21 20 19 18 17 18 19 18 18 19 18 18 18 18 30 34 36 34 34 32 32 31 29 28 29 31 30 30 29 27 27 28 23 18 18 18 19 19 18 18 19 18 18 17 18 18 17 18 19 20 21 21 21 19 21 21
30 29 30 30 30 28 30 29 29 28 27 27 26 24 21 19 19 19 25 18 17 18 18 18 18 19 19 21 20 20 19 19 19 19 18 18 18 18 19 19 20 21 19 19 18 19 21 21 17 18 18 18 18 26 26 28 28 30 35 36 34 33 33 31 26 24 29 31 30 30 28 28 28 25 19 23 22 22 22 20 19 18 18 24 24 19 25 19 20 21 21 21 20 21 21 21
30 29 29 30 29 28 29 31 30 29 29 28 27 24 21 20 19 18 17 17 18 19 18 25 19 19 19 19 20 20 19 19 19 18 18 19 19 18 18 20 20 20 20 18 19 19 19 18 18 18 18 18 34 37 35 33 31 26 28 31 27 26 32 34 32 28 26 29 30 31 29 30 30 19 20 19 18 19 20 20 20 19 26 26 26 23 29 25 22 22 21 19 19 19 19 19
30 28 30 30 30 31 31 31 30 29 29 29 28 25 23 23 21 19 18 18 18 18 18 18 18 18 18 19 19 19 19 19 18 19 19 19 19 18 18 19 19 21 20 19 19 19 17 18 19 18 18 20 19 28 28 31 32 31 18 18 18 27 31 32 34 33 28 29 30 31 31 33 32 21 20 20 20 19 18 20 19 19 20 27 26 24 25 26 22 21 18 19 19 18 18 19
29 30 29 30 29 30 30 30 30 29 28 29 29 27 26 25 23 20 19 18 17 18 18 17 17 18 19 19 19 21 21 19 19 19 20 21 20 19 18 19 18 18 18 19 21 19 18 18 18 18 19 20 32 34 32 32 32 34 19 19 20 29 30 34 32 31 30 30 29 28 28 31 32 19 20 20 21 21 20 21 19 19 19 22 30 28 21 22 21 25 20 20 20 19 19 20
30 30 30 30 28 27 27 28 30 30 29 28 28 26 26 24 21 20 20 19 20 20 19 19 18 18 19 18 19 20 19 19 21 21 20 21 19 19 18 19 19 19 18 20 22 20 18 18 19 21 21 19 34 37 39 35 21 20 21 19 19 26 24 27 29 31 30 28 22 20 21 21 20 20 20 20 21 21 21 21 22 21 21 21 23 30 28 27 29 21 22 23 21 21 22 22
29 29 30 29 29 29 29 29 29 29 28 28 27 26 26 25 22 21 19 20 21 22 21 19 19 19 19 19 19 21 21 21 21 21 21 20 19 18 19 19 19 19 18 19 21 20 21 21 20 21 21 20 21 34 37 37 37 35 33 34 19 20 21 21 27 30 32 21 21 21 20 20 21 20 20 20 20 19 20 22 21 21 21 22 25 23 26 21 22 22 24 23 21 22 23 24
30 27 30 29 30 30 29 30 29 29 29 29 29 27 26 25 22 21 21 21 21 21 20 20 20 19 21 22 22 21 22 22 21 21 21 18 19 19 20 20 20 19 20 19 19 21 22 20 21 21 22 21 21 21 33 30 31 20 19 21 21 19 34 33 33 34 34 34 34 21 19 19 19 27 19 21 21 20 20 21 22 20 22 22 22 25 25 25 23 23 23 22 22 24 25 24
29 28 29 26 29 28 29 28 29 30 29 28 28 26 26 25 24 24 23 21 20 21 20 20 21 21 22 22 22 21 21 20 19 19 19 19 20 21 22 20 19 20 20 20 20 20 19 19 19 20 20 19 31 33 33 33 21 21 20 20 21 19 28 29 29 31 31 30 32 33 21 21 21 32 21 19 21 21 21 23 22 20 21 22 22 27 26 28 27 26 25 22 23 25 26 27
27 28 28 29 29 29 28 27 27 30 29 28 29 27 27 26 26 25 24 22 22 21 21 21 21 21 21 21 19 19 19 19 19 21 20 22 21 21 21 21 19 21 20 20 20 19 19 19 19 21 21 21 20 38 38 38 37 33 21 36 21 21 21 22 21 21 30 32 32 33 33 28 22 31 20 19 20 21 19 20 21 21 21 21 28 25 25 25 28 25 25 23 25 25 26 26
31 25 28 27 29 28 29 28 27 27 27 28 28 30 28 27 27 25 24 24 23 22 21 22 22 22 21 21 19 19 21 21 21 22 22 22 22 22 20 20 20 21 21 21 21 21 19 19 19 20 20 19 21 21 37 38 39 37 34 20 21 21 21 21 22 22 23 22 23 23 32 27 24 30 21 21 26 26 21 22 38 19 21 21 27 25 26 25 25 25 24 24 25 25 25 25
27 29 29 28 29 28 29 28 28 28 26 26 27 27 27 27 28 27 24 23 22 22 22 21 22 21 22 22 22 22 22 22 21 22 22 21 21 21 21 21 21 21 22 21 20 20 20 21 20 20 19 20 22 22 21 21 38 37 36 21 22 22 22 22 23 23 21 22 23 22 31 31 25 25 31 28 24 21 22 22 21 21 21 23 24 24 23 25 26 23 26 24 25 25 25 25
28 28 29 31 27 28 28 28 27 27 27 25 27 28 28 29 28 26 24 22 21 21 21 21 22 22 23 23 23 23 24 23 22 22 20 20 20 22 22 22 22 21 21 21 21 20 21 20 19 20 20 21 21 22 21 22 34 37 38 36 21 21 22 22 22 22 22 23 23 34 27 27 32 28 28 25 31 23 23 23 22 21 22 23 24 24 29 29 31 27 24 30 25 25 26 25
27 27 27 28 29 28 27 27 27 28 28 27 28 29 28 29 28 26 23 21 21 21 21 22 23 25 24 24 24 24 24 24 23 22 21 21 21 22 22 22 22 21 21 21 22 20 21 20 20 20 20 21 21 21 20 20 21 37 37 37 35 22 21 21 23 23 23 23 24 38 27 23 34 31 26 22 23 23 22 23 23 21 22 23 24 26 24 25 25 26 25 26 26 24 25 25
28 26 27 27 27 27 29 28 27 29 28 29 28 28 30 30 28 25 24 24 22 23 22 23 25 25 25 25 25 25 24 23 23 23 22 21 22 22 22 22 22 22 22 21 21 21 21 22 22 22 22 22 22 22 21 21 21 22 36 35 35 21 22 23 23 23 24 24 24 36 30 23 23 35 26 22 24 25 24 33 24 23 24 25 26 26 26 25 24 25 26 27 25 27 26 25
27 27 28 28 26 27 28 28 28 27 27 30 29 30 29 29 29 28 26 26 25 25 25 24 25 25 24 24 24 25 26 24 24 24 23 22 22 22 22 22 21 22 22 22 22 21 20 20 21 22 21 22 22 21 22 23 23 23 37 41 37 21 23 23 23 23 24 23 24 24 24 23 24 38 23 22 23 25 24 33 24 22 23 24 24 25 25 26 25 25 28 28 26 28 25 26
28 27 27 28 28 27 27 29 27 28 28 27 28 29 29 29 29 29 29 27 27 27 27 28 26 26 25 25 26 25 25 25 24 23 23 23 23 24 23 23 22 21 22 22 22 21 21 21 21 21 21 21 20 20 21 22 21 21 22 36 35 22 23 24 23 24 23 22 24 24 25 24 24 23 23 24 24 24 24 24 23 23 24 24 24 24 25 25 25 26 26 26 26 26 26 25
26 28 27 28 26 27 27 27 28 27 27 28 28 29 28 28 28 29 29 29 29 28 28 28 27 26 25 25 26 24 25 25 24 24 24 23 23 23 23 23 23 22 22 22 22 21 22 22 21 21 21 20 21 21 21 22 23 23 22 39 41 39 38 23 23 23 23 23 24 24 24 24 24 23 23 24 24 24 24 24 23 23 25 25 24 24 25 26 25 25 24 24 24 25 27 27
