examples/data/proba_v_italy_sicily/probav_s10_toc_x19y03_20141001_333m_ndvi_v001.txt
ncols         1127
nrows         589
xllcorner     12.348214285714
yllcorner     36.598214285714
cellsize      0.0029761904761905
NODATA_value  -9999
[rows 104 to 155 of 589, columns 480 to 575 of 1127]
20 25 28 23 20 19 20 18 27 27 30 27 25 26 16 24 28 26 43 24 24 24 24 24 24 24 24 16 20 24 20 24 24 24 24 24 24 20 16 28 28 24 24 24 28 24 28 24 24 28 71 24 29 29 33 33 33 34 34 43 42 37 27 44 46 45 51 53 53 47 51 57 53 59 49 43 59 57 62 60 59 36 40 44 48 52 32 45 42 43 37 49 31 39 39 39
20 28 26 24 16 16 15 19 35 31 21 24 24 24 20 20 28 28 24 24 28 24 24 24 20 20 24 24 24 24 24 24 24 20 24 24 28 28 24 28 28 28 28 28 28 22 20 20 20 43 25 25 28 28 20 19 19 37 37 41 37 42 48 49 50 54 62 72 53 51 59 68 54 72 43 75 45 45 49 47 56 36 50 84 129 96 54 23 37 48 59 59 62 64 68 62
20 20 16 28 20 22 18 25 39 31 20 24 24 16 28 15 19 20 20 20 20 20 20 24 24 20 28 24 24 24 24 28 24 24 28 24 20 28 28 24 24 28 28 28 29 28 29 31 63 28 32 35 32 32 32 37 40 34 29 54 59 56 57 64 63 59 37 37 45 46 45 43 46 46 63 58 48 81 48 36 40 50 73 100 109 109 95 103 114 62 79 89 9 37 37 49
20 20 20 20 20 20 20 20 32 40 33 24 17 16 24 28 16 28 20 20 20 20 20 16 24 28 28 28 24 28 28 28 24 24 24 28 28 28 28 32 28 28 28 28 30 66 56 40 35 33 32 33 42 42 47 49 38 45 29 51 39 58 48 34 74 101 117 99 55 113 51 49 53 89 136 114 70 81 97 99 80 72 80 97 107 122 131 118 104 68 9 9 109 37 37 37
20 18 18 19 24 20 26 22 24 20 24 24 24 20 21 20 16 20 24 24 20 20 20 28 28 24 24 24 28 28 28 28 28 28 28 28 32 28 24 27 28 24 32 32 9 37 37 33 30 30 33 52 56 36 38 45 48 97 104 108 103 98 105 111 116 125 128 119 102 96 116 128 138 133 130 113 110 140 149 147 111 96 101 116 119 136 155 151 136 135 99 69 37 37 37 17
57 52 20 17 16 20 24 24 20 20 20 20 20 28 20 20 24 24 24 20 20 24 20 24 28 24 28 20 28 28 28 24 28 28 28 32 28 24 28 31 23 23 35 36 36 39 29 34 34 47 57 40 47 53 49 49 66 113 129 139 144 149 145 146 143 138 131 117 128 131 121 139 167 163 154 145 151 148 153 144 127 127 160 157 153 162 155 161 177 155 150 156 116 90 58 19
20 20 20 28 29 23 30 32 20 20 24 20 20 20 20 20 20 24 20 20 20 24 28 24 24 24 24 28 24 28 28 24 27 28 32 32 28 28 28 28 19 19 35 32 43 34 35 41 42 35 34 39 35 37 58 88 134 144 140 136 140 149 161 157 152 149 144 133 130 141 152 161 168 174 183 169 167 165 155 162 154 143 137 138 154 168 167 155 171 184 169 167 160 151 117 71
16 25 20 20 24 20 11 30 43 50 47 46 20 20 24 20 24 24 20 24 24 28 28 24 24 28 24 24 32 28 28 28 28 31 31 31 31 22 31 28 22 31 77 33 36 34 40 42 45 47 43 43 60 83 116 162 169 148 129 137 149 151 164 171 163 168 172 171 165 160 171 179 189 201 191 171 175 176 168 165 179 179 167 146 159 176 184 182 177 196 201 185 167 166 160 125
22 16 24 20 24 20 14 11 41 38 27 20 24 17 24 24 27 24 24 27 28 28 28 32 32 28 24 24 31 32 32 32 28 32 32 32 35 35 35 27 27 40 36 39 36 38 46 50 46 53 84 104 102 128 162 167 152 138 130 139 148 143 144 151 153 160 165 154 166 158 171 189 203 212 191 179 189 196 182 171 184 188 175 163 172 188 197 207 211 198 195 177 162 174 185 174
25 24 20 20 24 24 11 24 20 37 14 25 20 33 48 24 24 24 20 24 24 20 28 28 28 28 31 24 31 28 31 28 28 31 31 35 35 28 26 33 37 39 39 38 41 41 35 44 75 96 132 147 141 140 144 137 136 131 128 139 147 159 162 155 155 156 155 156 149 153 172 192 203 206 190 181 182 175 178 194 194 190 168 160 176 185 198 210 201 185 182 181 181 181 194 199
20 37 49 37 20 24 20 24 24 20 30 29 22 22 16 19 18 16 24 24 24 31 31 31 28 31 31 31 35 35 27 31 35 35 35 31 35 21 40 37 38 41 43 39 36 49 67 80 108 120 123 134 144 139 133 106 123 152 152 149 150 151 141 124 139 152 152 153 147 148 153 156 176 188 170 164 168 172 178 173 167 169 156 162 182 190 199 207 199 196 199 202 196 179 181 188
24 20 77 38 24 24 30 30 24 30 26 17 19 24 19 24 24 24 24 31 35 31 31 24 27 27 31 31 27 27 35 35 31 31 34 37 43 68 87 41 41 38 32 54 76 86 101 102 122 135 116 127 151 149 151 145 131 133 146 138 123 120 118 136 158 177 183 170 148 148 155 151 154 166 171 167 165 182 184 154 162 165 152 169 189 197 204 198 185 183 174 192 205 188 184 195
27 30 46 20 24 30 27 24 21 24 24 29 24 24 30 24 27 24 24 28 31 27 35 35 24 31 31 31 35 27 35 31 38 40 46 33 33 36 34 37 37 60 75 90 104 101 112 125 129 144 157 158 157 160 154 146 136 129 128 126 122 117 141 166 169 167 166 169 163 166 163 160 160 159 162 165 175 186 184 184 181 166 151 150 174 187 194 184 190 206 195 189 195 194 200 191
24 25 67 38 23 21 23 27 30 24 26 28 26 27 27 24 22 25 22 22 24 27 19 22 31 27 31 27 23 34 37 43 33 30 31 35 45 36 57 73 86 100 102 107 114 125 134 142 147 153 153 151 142 123 135 149 140 127 127 141 148 162 176 171 178 147 137 141 167 162 176 186 200 181 149 154 182 178 174 182 180 173 174 179 185 182 180 192 206 219 187 180 207 214 203 192
21 18 30 60 26 30 27 30 30 39 33 27 30 27 27 24 23 20 20 20 26 30 30 31 31 34 23 28 27 45 32 31 31 42 17 31 60 96 108 108 110 111 118 131 139 149 153 159 157 161 158 143 141 143 116 106 120 151 156 166 168 158 162 163 169 148 152 148 160 184 200 160 145 151 128 108 171 168 157 182 185 189 204 200 204 199 197 194 197 188 200 189 194 178 192 204
29 27 23 29 31 28 26 25 32 21 30 34 33 27 23 20 17 20 20 23 29 28 24 22 21 28 25 48 30 33 33 43 25 42 62 80 99 112 116 114 114 129 144 153 161 168 162 154 149 146 151 137 151 161 155 132 124 153 164 161 162 159 169 175 175 176 171 150 159 203 177 168 133 120 120 102 131 156 172 200 202 201 190 202 212 220 195 183 185 186 175 196 184 164 162 192
26 22 25 28 23 26 27 22 24 30 30 31 27 23 23 20 20 23 34 30 21 27 32 31 31 34 29 30 39 17 35 58 76 83 96 105 100 117 150 143 149 161 159 153 150 161 159 162 172 170 152 146 154 156 154 162 159 153 173 171 166 179 165 174 186 183 167 172 195 202 186 171 135 96 108 121 124 126 145 175 196 188 185 200 202 178 153 165 144 167 184 189 186 204 178 193
22 28 47 29 26 20 23 24 33 29 29 26 26 29 33 26 30 33 36 43 43 46 46 33 31 27 23 31 51 66 74 107 117 114 122 129 93 88 156 158 154 158 154 151 160 161 156 160 170 172 151 157 148 138 139 136 143 154 185 196 190 184 189 171 164 157 142 176 192 184 169 175 172 114 109 131 138 117 125 188 198 196 198 194 171 149 162 163 176 176 183 170 161 200 198 184
17 20 41 32 25 29 26 23 23 20 23 26 29 32 26 36 39 41 30 50 31 48 37 31 31 50 59 63 81 96 91 109 120 137 167 138 79 88 149 154 152 156 160 166 157 154 152 148 152 143 134 152 162 155 152 146 141 160 197 206 192 184 183 190 160 151 149 179 198 184 139 152 160 132 134 134 135 142 162 199 196 187 199 181 150 144 162 172 185 188 173 170 174 188 175 163
23 20 66 23 46 23 26 23 26 28 34 33 43 37 42 33 37 38 32 33 34 52 49 68 83 84 79 86 100 121 136 140 151 166 162 119 97 95 130 165 164 155 155 169 169 160 162 148 144 146 142 142 137 151 162 146 118 122 177 205 206 204 166 163 169 158 142 147 168 153 160 153 149 138 157 156 134 137 177 197 195 182 207 230 163 157 201 191 187 176 152 154 167 171 165 185
43 23 26 23 23 31 34 32 33 33 35 40 33 26 54 75 63 66 69 72 88 107 91 97 99 88 95 115 141 144 147 156 162 158 156 158 152 136 119 121 146 146 144 153 150 145 148 147 143 147 144 134 134 147 140 120 111 111 133 169 190 197 170 157 146 171 168 156 157 159 156 151 151 136 144 158 138 139 193 217 206 197 212 183 142 156 179 191 191 157 136 174 189 181 182 172
35 42 36 36 49 37 33 43 37 26 29 44 63 77 100 117 103 111 114 106 103 106 101 101 120 136 148 150 160 160 146 136 128 137 157 160 156 151 152 122 141 167 156 147 137 126 121 123 138 146 120 110 134 136 132 121 124 116 103 113 155 187 178 177 154 168 162 145 110 112 120 125 115 123 129 171 199 177 187 200 205 194 184 164 149 158 179 189 190 180 173 177 173 185 196 146
40 29 23 30 32 43 42 36 42 60 65 75 103 111 110 114 114 125 112 96 92 100 126 139 143 146 136 133 157 181 147 116 116 124 139 146 152 148 154 164 160 165 162 143 129 131 133 116 102 110 108 104 143 145 129 118 139 144 113 104 120 144 164 176 166 180 161 122 104 94 116 120 126 129 128 136 131 151 155 161 176 183 201 195 184 179 187 185 186 180 162 163 173 174 184 172
50 62 62 64 65 59 54 53 56 72 82 93 95 112 128 130 126 130 114 95 88 90 115 151 172 151 118 116 121 133 143 138 141 134 134 155 154 136 127 129 150 154 163 166 154 151 145 117 93 118 108 83 109 161 161 157 159 148 139 129 120 127 142 159 135 139 129 115 104 89 66 71 103 120 121 137 110 136 194 173 166 165 184 192 201 204 202 179 163 151 154 164 168 164 185 189
51 84 88 69 73 68 84 94 82 85 86 99 124 131 121 96 120 147 137 117 80 86 102 123 147 156 143 126 119 117 121 140 152 151 140 145 157 151 132 125 138 152 159 151 159 152 133 119 126 127 118 108 106 139 155 156 178 173 162 135 141 157 169 154 142 133 128 111 86 84 85 85 95 111 112 118 100 114 128 158 161 163 166 180 190 193 180 170 158 148 160 172 168 175 178 174
81 112 107 92 82 72 70 88 99 104 120 127 136 121 85 76 113 160 130 132 128 128 119 94 94 112 120 104 78 98 133 151 141 142 148 147 161 152 136 131 140 144 154 156 140 144 139 130 129 121 116 110 100 102 117 130 179 190 150 142 167 184 189 169 160 116 90 98 88 90 130 115 109 125 151 151 118 115 100 113 116 126 141 131 138 155 153 151 153 158 155 179 193 190 181 176
123 126 114 110 111 113 112 107 114 129 137 132 113 115 98 85 109 139 148 133 124 131 123 92 70 84 121 126 87 79 112 139 146 141 156 150 158 169 151 136 137 133 142 158 137 108 140 151 140 129 115 99 90 83 101 134 176 188 171 170 166 169 186 165 148 107 85 108 111 112 110 106 125 144 126 132 104 96 102 127 137 116 110 107 103 125 144 134 153 182 175 183 176 166 154 141
141 141 129 97 117 150 139 118 97 99 120 125 127 125 115 110 132 133 137 120 89 65 75 81 71 89 121 114 95 81 82 90 109 136 141 127 143 149 130 111 118 233 146 137 126 124 127 152 159 146 125 97 94 101 101 118 149 164 176 191 190 178 178 180 158 138 131 120 120 135 120 106 111 95 90 92 90 100 128 155 164 132 121 124 121 138 133 127 139 170 192 166 139 124 123 116
158 138 128 110 108 136 141 104 85 74 75 99 136 146 136 111 106 144 146 117 102 96 68 73 88 103 115 113 99 82 83 91 105 126 139 135 142 148 122 93 104 135 131 122 124 135 135 125 113 131 143 126 135 134 122 128 150 168 165 180 206 207 190 180 171 143 114 98 82 85 88 86 88 90 92 87 89 116 116 112 163 163 147 151 140 124 121 113 124 122 139 181 163 147 141 127
121 116 113 125 126 132 154 132 85 72 73 103 140 140 117 79 69 108 145 141 114 90 70 72 92 100 119 143 128 102 83 89 114 134 146 152 153 155 151 134 111 104 111 106 127 123 114 120 94 125 140 157 146 142 145 162 177 193 192 186 198 213 199 174 168 125 86 95 98 88 85 83 84 86 88 87 91 118 126 114 150 154 133 145 133 128 120 107 111 113 118 146 161 158 153 157
135 138 132 125 132 136 150 146 100 78 74 86 112 95 82 78 70 85 133 139 104 84 73 72 80 81 81 92 109 121 119 123 136 144 138 136 142 149 145 143 135 122 101 99 111 102 102 120 124 152 165 148 157 132 138 167 183 186 183 186 196 218 211 182 182 109 89 105 104 91 81 78 87 85 83 91 98 100 101 123 152 151 149 147 139 140 118 116 123 104 110 124 143 161 175 163
117 118 132 115 101 105 113 107 87 72 68 66 68 87 93 89 86 92 120 137 109 85 83 92 92 98 95 94 99 114 136 141 122 105 110 121 121 119 129 148 144 114 81 83 87 87 95 113 130 163 176 147 140 129 133 173 198 206 201 193 174 193 215 182 190 110 85 88 97 87 83 81 92 99 94 97 98 97 113 142 167 169 149 163 167 153 126 112 116 110 130 150 156 161 151 142
119 128 137 121 104 97 89 83 76 63 58 61 61 66 82 84 80 82 111 128 117 93 95 90 107 137 115 90 96 100 105 112 100 78 71 83 95 108 121 129 114 86 80 80 98 104 101 100 102 123 136 136 138 133 138 170 194 203 204 197 195 208 219 217 206 201 82 85 81 78 81 89 112 119 111 105 105 108 139 168 171 154 159 158 171 165 143 136 127 123 129 157 167 159 156 146
124 132 149 138 117 106 85 73 65 57 55 57 61 69 104 113 81 68 73 109 132 109 82 99 108 108 94 73 78 79 74 69 58 61 75 76 81 102 123 112 78 73 78 76 86 97 91 95 90 113 116 130 141 155 163 169 180 182 190 202 197 209 211 208 200 190 87 79 80 85 96 100 101 115 149 144 135 98 114 168 159 158 160 147 145 133 121 134 122 111 109 119 133 137 158 165
118 125 135 127 110 96 91 87 76 67 66 63 65 73 106 129 114 98 86 119 121 120 109 92 101 85 73 70 71 65 71 84 70 63 70 73 86 110 116 90 79 79 89 88 78 80 81 91 113 128 123 129 136 147 153 161 186 175 165 164 170 174 176 190 179 145 120 93 90 91 117 107 114 109 142 157 148 130 133 156 145 141 137 144 145 152 143 125 110 115 122 114 135 143 149 154
118 134 126 117 121 117 112 104 106 100 91 78 72 93 113 122 107 82 78 101 104 114 126 114 104 110 87 77 73 65 100 131 97 77 77 87 110 109 105 103 96 105 104 90 81 86 79 105 115 102 114 131 140 151 171 180 181 158 166 188 173 151 131 134 168 168 149 125 92 96 106 116 121 134 152 138 141 153 156 163 139 124 123 141 160 161 155 156 157 156 148 144 143 164 157 145
125 136 130 110 115 128 125 97 83 83 70 65 72 92 100 117 97 99 91 77 75 82 87 113 95 95 91 79 82 80 72 67 74 89 92 97 102 94 101 113 98 94 93 101 101 92 98 99 101 85 114 130 137 154 172 191 202 189 192 207 183 149 136 172 185 175 162 125 105 130 140 143 154 160 153 142 142 142 130 134 136 118 132 158 164 176 182 189 196 184 144 118 126 132 119 124
112 123 131 109 92 99 107 92 71 62 63 61 81 96 111 114 103 101 96 76 86 96 101 128 122 98 116 119 103 103 104 97 88 81 73 107 124 109 116 121 111 109 100 100 98 80 82 93 95 100 125 154 152 146 159 180 200 186 192 206 204 167 160 171 180 197 164 141 137 162 179 170 154 151 153 151 133 116 96 97 128 130 134 148 161 176 183 195 197 171 111 84 79 77 85 93
104 115 134 125 103 97 97 77 67 63 69 84 92 89 100 105 99 85 99 103 112 120 131 135 138 116 128 151 154 157 150 141 119 76 69 80 121 133 132 123 97 89 99 91 77 83 89 106 114 133 138 141 148 147 161 175 188 186 192 198 190 177 194 197 182 166 139 144 143 164 167 169 171 163 157 153 157 144 124 132 123 133 140 153 158 157 153 153 137 104 88 83 78 79 83 84
116 122 123 114 111 98 98 102 96 86 86 88 83 82 95 103 118 124 108 118 135 135 125 129 141 127 116 137 138 130 133 140 132 111 78 98 120 115 105 103 91 72 83 78 70 89 100 113 117 122 129 124 145 152 146 158 159 155 158 174 190 205 208 183 155 148 144 160 180 163 120 153 169 162 147 140 154 150 130 116 125 140 153 149 164 167 144 149 123 109 92 90 91 87 86 83
139 145 115 84 85 83 81 94 105 99 87 82 86 94 95 108 121 130 135 140 145 130 127 144 139 132 110 109 129 137 133 138 145 126 87 98 114 108 81 74 71 76 71 71 74 93 107 122 123 128 124 121 135 119 91 102 136 154 146 134 176 204 217 218 198 180 180 213 228 226 194 152 143 135 149 163 157 140 117 126 156 163 157 163 166 160 152 166 159 122 105 101 98 94 102 106
146 123 87 67 67 71 83 91 77 66 68 68 87 114 110 105 125 141 139 138 142 134 135 128 124 125 116 103 145 149 135 134 138 116 82 77 101 93 77 73 84 88 78 85 102 116 116 101 96 119 103 96 122 109 90 114 152 158 129 104 151 202 211 197 207 189 178 198 221 233 225 184 167 159 161 168 164 149 141 159 181 177 166 163 171 148 117 104 108 126 129 112 102 96 127 138
131 132 99 86 88 103 109 100 90 88 98 105 93 112 123 114 115 133 142 135 137 136 131 129 132 118 118 105 128 144 143 122 84 76 76 76 79 81 80 81 88 82 75 77 81 107 114 102 105 100 97 107 117 97 101 122 129 127 125 127 158 212 218 212 208 201 196 206 188 228 225 215 202 208 182 174 178 176 175 186 182 191 181 135 138 141 114 111 109 103 102 111 104 105 169 203
126 131 118 100 99 99 100 100 100 98 95 111 120 122 122 119 112 108 112 122 129 135 139 133 122 119 129 96 115 153 131 106 91 78 72 73 75 80 86 87 74 72 82 88 81 89 100 107 93 91 104 115 124 122 117 131 123 121 116 137 185 220 222 224 226 223 230 241 234 227 228 231 233 226 196 177 167 160 208 216 206 189 140 134 120 135 142 141 115 99 101 102 105 122 198 228
120 98 85 93 109 105 86 88 94 95 87 89 109 109 108 118 107 86 94 112 120 114 112 133 145 152 140 125 132 132 112 101 102 76 68 71 96 111 94 94 97 95 88 93 96 95 102 103 94 100 114 131 138 138 131 149 167 161 144 114 132 170 206 225 229 225 229 227 223 217 210 209 220 227 214 200 195 204 192 180 154 126 133 164 164 144 152 198 159 114 112 112 111 136 219 233
108 86 73 72 74 69 78 97 97 100 101 83 68 83 102 109 78 75 97 104 107 117 130 144 146 128 119 128 133 100 72 75 81 79 98 116 144 153 137 122 108 100 98 108 108 100 108 104 93 98 106 117 130 132 132 134 153 143 155 141 116 124 180 207 218 213 219 215 212 216 198 194 210 225 228 229 230 207 173 138 116 149 201 229 191 200 215 188 167 162 124 113 110 121 184 237
88 74 70 66 72 74 71 74 96 108 113 118 84 76 103 102 77 83 109 109 113 130 142 132 110 116 122 118 105 76 70 68 67 74 84 94 143 161 178 121 109 108 110 96 81 90 102 97 100 105 98 103 135 145 176 195 169 155 148 157 150 112 134 187 199 205 217 225 210 207 210 219 228 224 222 227 224 221 150 133 148 214 220 174 172 211 218 228 237 228 145 117 110 110 124 179
66 64 57 60 95 96 68 66 78 98 104 117 97 69 85 93 87 85 89 108 112 115 119 117 108 112 124 115 105 85 79 78 79 84 77 71 108 136 133 112 97 93 104 112 90 85 103 114 122 124 103 111 128 131 137 167 196 213 207 193 202 171 155 194 230 230 229 233 230 216 225 229 226 218 197 203 219 214 183 145 130 130 149 184 203 225 224 215 165 150 163 123 102 113 134 136
83 78 67 65 88 90 73 72 82 102 102 102 106 100 101 98 82 72 92 105 108 94 105 120 109 103 113 125 108 86 76 81 86 82 75 104 122 156 155 116 109 95 83 99 106 103 111 112 118 125 114 111 119 122 110 105 104 133 159 170 194 217 222 218 215 221 231 234 235 234 235 230 220 173 136 162 216 217 165 137 136 196 197 169 189 205 177 162 163 165 167 129 108 132 194 182
100 99 76 73 83 72 76 83 80 79 91 95 108 118 110 97 94 82 79 79 73 75 76 75 77 71 103 133 118 101 99 95 76 90 102 90 79 112 122 121 133 138 97 79 92 91 86 100 98 100 103 113 128 130 116 103 91 88 85 95 138 154 156 153 121 132 181 207 231 234 230 238 234 208 165 151 161 181 153 132 120 143 165 188 193 177 192 224 219 165 126 112 108 136 188 198
77 94 81 69 75 69 71 78 78 80 88 105 113 109 97 97 106 91 79 76 79 68 82 83 87 83 97 127 107 108 130 125 108 113 106 82 77 91 98 104 118 129 142 129 91 73 66 71 77 73 78 84 106 123 122 120 117 103 83 84 87 105 134 119 132 143 169 208 231 234 232 236 221 205 209 207 187 169 130 102 102 127 148 156 183 190 211 211 150 122 147 133 113 103 145 202
65 81 82 65 60 64 80 82 80 89 97 104 107 110 110 109 102 89 82 83 83 69 83 90 103 88 82 101 109 114 130 125 115 111 102 100 109 124 103 76 97 134 139 125 101 82 80 79 78 76 75 81 86 106 117 113 108 97 100 90 81 100 109 115 135 133 141 123 167 182 187 191 164 163 152 217 229 201 141 121 125 165 167 145 139 140 165 156 158 155 193 163 154 133 159 203
