examples/data/proba_v_italy_sicily/probav_s10_toc_x19y03_20140911_333m_ndvi_v001.txt
ncols         1127
nrows         589
xllcorner     12.348214285714
yllcorner     36.598214285714
cellsize      0.0029761904761905
NODATA_value  -9999
[rows 371 to 423 of 589, columns 960 to 1055 of 1127]
83 93 68 61 60 47 47 60 87 81 73 89 91 82 72 52 23 26 29 32 30 24 43 24 23 20 15 14 14 30 25 16 16 17 16 16 19 21 20 22 23 25 22 24 23 22 28 25 25 23 19 21 23 23 20 22 22 22 23 25 17 19 23 17 11 23 12 11 25 23 13 13 21 18 15 12 12 12 13 13 23 21 13 14 14 14 15 15 15 15 17 18 16 16 20 24
71 31 37 38 51 47 62 77 45 74 87 88 96 89 88 90 81 60 24 24 27 25 21 20 29 25 29 29 18 27 25 24 30 26 15 15 18 21 21 22 22 20 19 20 24 23 25 28 27 17 18 27 27 20 20 20 23 23 23 17 20 19 21 21 15 12 11 14 12 25 29 12 17 16 18 17 12 12 13 12 12 12 13 14 14 14 13 13 14 15 15 16 17 16 24 28
42 27 18 42 48 48 50 42 37 41 86 88 93 87 88 89 76 46 25 23 23 24 24 22 23 21 19 13 24 27 27 26 29 28 26 30 26 19 19 21 22 31 35 20 19 18 27 27 25 19 19 18 18 18 19 18 19 19 22 13 18 19 18 19 15 14 12 25 12 12 27 13 16 18 14 20 15 24 14 13 12 12 12 26 12 26 12 13 12 14 16 15 14 20 24 24
34 33 32 36 56 43 36 0 37 29 49 91 90 86 87 87 70 24 24 25 23 23 24 24 23 22 19 17 26 24 25 25 24 25 29 30 28 16 19 22 22 23 22 24 42 19 26 24 16 18 19 19 19 18 19 19 19 18 17 14 16 20 21 21 14 14 13 11 27 27 27 25 19 18 15 17 17 13 24 13 13 22 25 20 22 20 24 24 24 12 14 17 16 18 21 19
27 27 22 32 53 72 31 37 34 57 37 47 88 87 84 74 60 27 22 25 23 22 23 22 21 19 15 29 24 26 28 27 27 25 25 24 24 27 19 20 20 20 20 25 22 22 21 18 15 15 19 19 18 19 20 19 18 18 15 13 15 17 19 21 18 14 16 14 14 27 25 24 15 13 27 25 23 23 24 26 27 27 27 23 25 27 27 26 12 22 24 26 27 13 15 15
28 25 28 30 53 60 55 37 27 36 25 37 16 63 59 27 28 24 21 22 22 20 21 18 17 17 15 13 27 27 25 25 27 22 23 27 24 27 18 22 19 19 14 21 22 17 17 19 20 17 17 18 20 20 20 20 19 18 16 12 14 17 18 20 19 13 14 15 15 11 23 27 16 24 25 29 27 24 28 24 24 26 28 26 24 24 22 24 26 22 24 26 22 20 14 14
24 24 29 31 47 42 40 31 37 32 37 37 37 19 21 20 25 26 21 20 23 30 23 22 19 17 17 13 24 22 25 23 25 25 25 23 27 26 22 18 21 21 17 17 22 19 16 13 13 17 14 13 16 17 19 20 17 15 16 14 14 17 17 18 19 15 11 25 14 17 23 23 17 25 27 27 27 26 26 30 28 24 28 24 20 27 22 26 27 22 22 17 20 27 23 20
33 35 37 35 44 42 38 52 37 37 24 17 19 16 37 18 20 26 24 20 20 21 26 31 20 15 31 25 19 25 23 22 23 27 25 25 27 24 18 20 24 28 26 22 22 23 19 16 15 16 17 11 12 17 18 19 19 16 15 14 14 14 17 20 18 16 13 11 27 13 13 22 23 27 24 24 27 29 25 28 26 25 25 25 25 23 27 25 27 26 20 17 20 23 26 26
29 29 28 33 40 45 44 33 30 31 30 37 37 25 35 37 19 19 25 23 23 22 22 25 23 30 26 29 27 23 18 23 22 23 23 22 24 24 22 18 19 22 24 23 21 19 18 16 15 15 19 19 12 14 17 20 18 17 15 13 15 16 15 20 18 14 12 22 26 26 15 14 22 29 27 22 24 26 24 24 24 25 27 25 25 27 29 27 29 28 30 25 28 25 23 23
20 26 26 30 44 61 64 61 31 37 29 30 26 21 30 37 18 27 19 18 28 25 24 26 20 16 23 25 27 21 25 24 30 22 26 30 24 24 22 14 21 21 21 22 22 21 20 22 13 13 13 16 17 15 16 18 19 18 17 14 12 14 16 18 21 16 14 21 27 16 12 14 23 24 26 30 29 26 28 28 24 24 29 29 27 24 27 22 26 22 25 28 23 26 17 23
18 24 22 25 25 67 61 59 26 37 25 28 29 27 26 23 18 22 21 19 17 21 21 22 36 23 27 27 30 23 23 22 22 31 26 24 22 22 22 18 19 21 21 25 21 19 19 16 16 14 16 16 15 15 16 18 16 17 14 13 13 23 16 17 20 19 18 16 13 12 14 13 22 24 24 23 27 25 24 25 25 29 30 28 26 24 24 27 27 25 23 23 27 27 23 27
26 23 27 24 28 28 26 26 31 37 38 11 19 22 24 32 20 25 24 24 23 21 20 18 19 34 32 23 25 25 22 23 35 30 19 25 31 26 26 20 26 19 17 22 23 20 21 20 19 13 12 17 18 16 14 16 18 19 15 14 13 17 20 17 19 18 15 14 14 27 15 17 24 22 20 16 20 22 22 25 25 25 26 26 24 27 22 25 25 23 26 20 20 23 26 23
32 38 36 29 36 19 19 42 37 33 32 22 22 27 26 26 15 17 21 23 22 14 15 16 15 40 25 22 22 22 22 16 26 20 27 29 26 22 22 24 21 21 20 21 21 21 17 17 19 17 25 30 15 19 17 15 15 16 15 13 20 22 24 17 19 19 16 14 21 16 15 17 15 20 24 19 18 24 24 24 24 26 26 24 20 25 23 25 26 28 28 14 11 29 31 28
35 34 35 32 28 38 37 40 24 22 37 37 37 37 23 31 27 22 16 19 20 15 15 45 37 32 29 23 19 22 25 20 20 20 24 26 22 20 22 28 20 23 20 21 21 22 20 18 17 19 15 12 20 13 18 18 15 15 15 13 24 24 26 28 18 18 18 17 12 22 18 20 20 20 16 22 24 24 26 26 24 22 20 27 25 23 20 23 28 23 23 14 18 17 16 12
37 25 30 30 22 41 38 37 35 42 37 37 37 37 18 21 17 17 23 19 22 17 13 35 34 35 29 29 20 30 24 16 16 18 22 20 26 27 24 27 16 20 21 19 19 19 18 20 21 19 17 17 18 12 22 14 14 15 15 13 22 24 20 22 17 32 33 18 15 26 23 25 14 18 22 14 22 22 22 26 22 22 26 22 27 23 23 20 20 23 20 20 23 16 19 20
51 48 37 13 18 31 38 34 36 35 37 17 16 15 15 21 19 15 14 16 23 19 30 28 21 28 26 28 31 30 24 20 15 18 20 25 25 27 27 17 20 19 19 17 18 19 16 15 18 19 16 17 22 19 17 16 14 14 15 16 26 27 30 27 16 18 17 30 17 13 25 20 27 24 24 19 15 20 24 22 24 29 27 22 17 17 20 23 26 26 20 23 20 23 23 23
37 39 37 37 37 37 36 30 37 35 25 23 15 25 22 22 22 18 14 37 17 20 28 26 18 22 33 32 32 31 25 26 25 25 20 20 24 29 27 15 16 18 21 16 15 16 16 12 15 20 14 22 24 22 15 14 20 27 14 14 14 29 25 27 18 17 18 16 14 15 24 22 22 22 22 22 17 17 14 24 24 24 22 22 26 26 23 26 26 26 26 14 12 20 11 23
22 23 37 37 37 37 37 37 37 25 22 46 26 16 19 21 19 19 14 23 32 37 37 16 37 23 19 32 37 37 16 21 27 24 24 16 22 25 21 21 17 20 22 20 16 13 15 14 22 17 15 20 22 20 24 29 22 15 14 14 12 29 29 29 16 17 17 17 22 24 22 24 22 22 22 22 24 13 17 14 24 22 25 23 26 29 29 29 28 28 23 14 17 17 19 18
37 19 17 18 39 37 37 15 17 31 30 18 30 37 37 20 18 15 21 10 37 33 24 19 40 30 26 19 19 37 24 31 27 24 20 15 20 26 21 26 17 20 20 19 19 16 14 16 20 24 24 22 22 22 15 26 14 16 18 17 13 26 24 22 15 14 12 16 16 17 22 24 26 24 24 24 22 15 18 17 29 25 25 28 26 31 29 20 25 23 26 23 25 28 15 14
30 37 12 18 24 25 14 15 19 17 45 37 16 37 37 37 19 17 37 37 37 14 37 34 32 38 34 37 37 16 16 37 5 20 11 24 20 20 20 29 22 19 18 17 16 16 13 13 11 22 22 22 20 24 20 22 28 24 17 16 24 26 24 22 18 15 13 14 21 24 22 27 24 22 24 24 24 15 26 24 24 20 25 25 28 25 11 20 23 13 13 13 14 13 12 12
29 17 15 21 14 14 13 44 15 21 37 37 37 37 37 37 37 18 33 16 12 27 37 18 18 27 42 30 37 23 37 37 5 28 18 20 23 13 16 19 23 19 16 15 15 15 15 12 11 25 25 22 20 20 20 16 22 22 22 15 26 28 22 16 20 18 13 23 22 25 30 27 26 12 26 24 24 15 24 20 22 20 26 26 20 23 25 31 23 13 14 13 15 21 21 19
28 35 30 30 32 31 23 19 43 22 37 37 18 20 19 17 22 23 40 21 20 18 22 25 37 37 22 16 20 22 37 37 23 37 23 12 20 23 18 18 20 22 16 16 17 17 17 14 12 20 24 20 25 22 20 22 24 20 18 18 22 24 22 24 21 23 13 22 26 22 24 29 27 24 15 27 22 28 23 23 28 25 23 28 28 28 28 25 28 26 26 23 23 26 16 17
35 41 37 32 18 26 35 27 24 29 29 31 24 28 24 23 37 37 37 37 24 24 24 27 37 23 23 37 37 24 37 37 37 37 37 26 30 27 17 22 17 20 18 17 18 20 20 18 16 18 18 20 22 24 24 22 20 20 24 24 24 20 20 26 21 20 12 26 24 24 24 24 24 24 24 22 25 23 25 23 25 29 27 25 31 25 27 22 20 20 23 23 25 28 28 27
19 41 37 20 21 27 30 37 21 21 30 23 22 31 29 30 31 22 26 23 37 37 37 17 15 16 37 37 37 37 26 25 37 37 26 25 37 27 17 25 28 20 20 16 17 18 16 16 18 16 16 20 15 18 20 20 20 22 22 24 28 22 20 24 19 19 15 26 26 24 22 24 22 27 22 20 20 25 28 27 25 24 26 29 27 27 28 25 22 27 27 27 22 25 25 27
21 41 30 29 35 37 29 20 14 37 36 37 37 22 22 37 37 37 39 34 24 39 33 37 37 37 37 37 37 37 37 37 37 37 26 20 30 29 22 18 27 22 18 18 16 17 15 14 15 20 15 21 12 22 25 18 20 20 20 20 24 24 22 22 16 16 17 13 22 22 20 22 27 29 25 24 22 22 27 29 27 24 27 25 22 25 27 27 25 25 27 22 22 22 25 25
26 26 29 25 37 37 27 25 25 23 21 37 37 37 24 26 25 25 32 37 37 37 25 21 26 17 27 19 31 37 37 37 37 20 24 25 23 23 15 15 21 22 17 16 14 14 15 13 15 15 20 27 18 23 29 28 18 26 24 22 24 26 22 24 14 14 14 13 20 24 22 20 22 27 13 20 22 22 24 24 22 26 27 27 22 25 27 25 25 30 27 14 14 12 13 22
37 37 37 42 37 28 31 29 31 28 24 37 37 37 19 37 27 27 37 37 37 37 37 37 37 37 37 22 27 28 25 44 32 30 22 20 25 28 15 15 26 19 18 17 16 13 14 14 15 19 27 28 27 23 22 27 26 28 24 24 22 24 26 15 17 14 15 13 20 20 20 20 20 20 20 20 22 22 22 24 24 22 26 22 27 25 25 30 27 22 28 23 16 13 17 13
37 26 42 40 41 37 37 37 37 37 37 37 37 37 19 26 25 37 24 37 37 37 37 37 37 37 37 37 37 37 27 24 32 37 37 15 27 22 17 40 14 18 20 19 28 25 18 25 25 16 27 22 22 23 23 22 25 24 26 27 25 24 26 18 19 14 13 12 20 20 20 20 22 22 14 18 20 20 18 22 22 26 22 20 22 22 27 24 22 22 27 27 22 14 14 15
45 40 40 37 37 37 37 37 37 37 37 21 37 37 37 21 15 16 27 37 37 37 37 37 37 37 37 37 31 37 37 23 33 37 31 30 19 29 18 31 15 15 18 17 15 31 20 12 18 22 20 18 20 24 25 27 27 25 24 18 22 22 24 26 19 16 13 20 22 24 22 20 24 27 15 19 22 20 18 15 15 13 13 22 24 22 20 22 23 27 29 22 22 22 16 16
44 33 29 57 52 37 37 52 45 19 34 34 37 37 37 37 23 25 37 27 37 30 37 37 37 37 37 13 40 30 20 31 31 15 18 28 22 24 31 21 19 27 30 29 30 37 37 13 20 22 22 15 22 22 24 26 26 22 22 20 24 26 24 20 17 17 14 18 20 20 20 18 20 20 20 18 18 15 15 17 17 15 14 13 22 22 20 24 24 24 22 20 22 28 14 13
46 32 31 29 56 37 59 64 61 60 51 16 29 37 35 37 37 18 21 37 37 24 33 24 26 28 37 29 17 25 25 17 36 32 22 19 21 21 24 21 21 19 19 33 30 26 21 14 24 22 20 20 24 26 24 20 22 22 22 22 22 20 20 22 17 18 15 13 22 26 22 22 22 14 22 20 20 20 18 16 16 15 15 13 12 24 22 20 22 20 22 18 17 18 18 15
61 48 24 22 19 37 33 57 65 66 63 47 37 37 35 38 37 20 33 30 25 37 18 37 37 28 25 37 37 37 37 22 21 16 28 16 19 25 25 26 18 19 20 19 17 26 12 12 11 22 16 16 18 22 22 24 24 22 20 20 24 24 22 20 17 18 17 15 24 24 24 25 22 20 16 18 20 14 14 14 14 14 15 14 12 24 22 22 20 20 22 21 20 15 18 18
81 65 55 35 20 50 16 13 50 70 68 57 29 44 37 22 33 32 37 37 37 37 11 28 26 37 24 37 37 37 37 37 18 17 27 22 17 23 14 14 15 19 18 20 18 17 16 15 16 10 25 24 22 22 22 24 28 24 22 20 24 22 22 22 22 15 15 15 20 22 24 23 21 20 20 18 18 15 14 14 12 14 15 14 14 22 20 18 18 20 22 26 24 25 17 16
93 77 69 58 42 41 26 37 37 69 68 59 50 30 16 25 37 37 37 37 37 11 37 37 37 37 37 37 37 37 37 18 17 17 23 24 20 18 18 22 17 20 18 19 21 17 17 15 17 12 22 24 22 24 24 24 26 24 18 20 24 26 21 20 22 22 24 24 22 20 20 22 22 20 22 22 14 15 15 17 20 17 18 16 15 13 20 18 20 22 20 24 22 19 27 19
72 97 112 80 53 33 36 39 36 31 29 63 57 32 37 37 37 37 37 37 37 19 30 19 13 33 37 37 37 37 15 19 25 29 20 25 24 27 29 25 17 22 23 19 20 19 16 13 10 10 11 15 13 22 24 24 24 24 24 24 26 25 24 21 22 22 22 20 20 22 22 22 20 20 22 24 15 20 18 16 20 20 13 20 19 17 12 24 20 22 22 24 15 18 20 26
79 100 133 93 85 59 43 29 27 37 18 17 37 31 37 25 23 29 24 32 40 27 37 37 37 11 27 37 37 37 27 25 23 23 23 29 20 21 28 16 15 18 24 31 28 20 20 21 17 14 12 11 17 16 22 22 24 26 22 22 22 24 20 18 22 20 20 20 20 22 24 20 20 20 20 20 24 19 21 22 20 18 24 24 22 22 26 26 17 14 22 19 17 15 16 14
80 105 118 79 57 26 37 49 46 37 20 36 37 34 34 30 32 29 37 28 37 18 37 37 37 37 22 24 24 37 24 23 15 26 24 19 22 19 21 24 26 29 25 20 30 20 21 20 19 18 17 15 13 26 26 24 24 27 24 22 22 22 22 20 22 22 22 24 20 20 22 20 20 18 20 24 28 19 19 20 24 20 20 24 24 28 28 24 22 14 14 15 14 15 16 19
57 68 111 104 82 31 30 45 44 20 39 32 20 24 37 21 37 37 54 30 37 37 16 17 54 30 16 37 22 27 24 37 37 15 26 26 27 22 25 19 21 25 22 20 24 16 19 20 19 18 16 15 12 24 24 20 22 22 20 20 22 22 22 24 24 22 24 22 20 20 20 20 20 20 20 22 22 24 26 24 22 20 20 20 22 22 25 24 24 14 14 15 14 19 21 22
54 65 79 71 55 42 20 24 54 25 22 27 37 21 32 24 25 21 37 37 37 37 37 37 25 39 25 22 18 29 31 34 25 17 25 24 17 19 23 16 15 15 19 22 26 35 38 19 19 18 16 15 12 20 20 22 20 20 20 22 22 26 24 22 22 22 24 22 22 24 20 18 20 22 20 20 20 22 22 20 22 24 22 22 22 20 22 23 15 15 15 15 18 15 16 29
50 63 54 62 47 34 22 38 44 42 35 37 37 26 14 24 19 37 37 37 37 37 37 23 39 22 21 25 27 24 19 17 32 23 17 18 29 26 19 17 17 16 17 20 21 27 23 27 16 16 15 15 22 22 20 22 20 22 22 22 24 24 22 20 20 22 22 20 22 22 24 26 24 22 20 22 22 24 22 20 24 25 24 25 23 25 23 22 15 15 15 15 20 14 17 18
59 48 49 67 61 51 41 42 36 48 27 29 33 37 22 29 37 13 41 37 14 28 15 26 25 36 30 21 32 25 27 26 10 22 17 31 34 26 15 18 19 18 18 18 22 27 18 19 19 17 16 12 24 24 20 22 22 24 22 22 26 24 22 24 22 20 18 20 22 24 22 22 24 22 22 20 20 20 22 22 22 22 25 27 25 25 22 20 23 16 15 15 15 22 15 16
58 41 44 44 46 48 50 40 41 36 37 34 28 37 22 28 25 32 34 35 35 19 25 23 14 9 30 27 32 34 37 17 17 22 25 21 28 15 12 15 16 18 20 16 26 32 30 16 16 13 12 20 24 26 24 22 22 26 26 20 20 22 20 22 24 24 22 18 20 22 22 22 22 20 24 24 22 20 24 24 22 20 22 23 27 23 23 22 15 16 15 17 17 16 17 17
80 48 44 42 34 35 43 45 34 30 30 38 25 27 38 37 37 45 37 37 37 37 21 21 19 19 14 31 28 42 32 24 24 20 15 20 17 21 18 16 22 14 17 18 18 27 24 24 31 15 14 11 22 22 26 24 20 22 22 20 24 24 26 26 24 26 26 18 18 24 24 26 22 20 20 20 22 22 24 22 20 20 22 22 23 23 22 22 16 16 15 17 19 19 18 19
84 68 51 46 41 38 41 45 47 41 37 34 38 33 39 38 37 46 37 37 24 37 44 21 16 30 37 22 23 32 34 27 23 27 25 20 18 25 18 20 19 17 16 16 16 16 18 18 17 37 18 22 18 18 20 20 20 24 22 24 22 18 24 24 22 24 22 26 22 20 22 24 24 22 22 24 24 26 26 20 18 22 22 25 27 23 22 16 17 17 17 29 19 18 18 19
85 85 80 84 67 49 65 65 46 48 56 59 44 35 33 30 31 19 37 46 20 34 37 29 21 22 26 20 18 22 31 30 21 31 29 27 19 17 24 20 20 19 18 16 16 16 16 17 13 10 32 20 18 18 18 18 20 26 24 24 22 20 24 24 22 22 22 24 22 24 22 26 24 22 24 24 22 22 22 22 24 25 23 25 25 23 23 24 28 29 18 18 19 19 18 18
98 103 106 105 85 67 67 60 49 53 53 51 55 57 48 39 33 34 37 35 36 20 24 24 23 24 32 27 22 20 19 23 24 24 23 23 15 18 20 18 17 17 16 16 18 20 19 18 18 13 26 35 22 20 20 24 24 26 26 26 24 26 26 24 22 24 24 24 22 20 20 20 22 24 24 24 22 25 25 25 25 22 23 25 23 20 25 25 22 17 19 18 18 19 19 18
93 82 90 83 68 59 68 55 52 59 56 53 50 52 54 53 56 54 40 38 39 37 30 31 36 60 62 52 33 27 23 19 25 28 18 24 25 12 17 21 18 21 15 14 17 20 24 20 14 24 28 39 30 22 22 26 26 26 28 26 26 26 26 26 22 22 24 22 22 20 20 22 22 22 22 22 24 24 22 24 25 23 22 25 25 23 23 22 23 15 18 18 19 20 19 18
86 84 81 77 79 71 77 76 67 67 63 60 72 67 59 49 53 59 56 53 60 65 70 68 71 70 68 66 63 56 48 28 23 28 20 22 24 16 18 22 18 22 19 14 15 18 23 22 17 15 28 28 36 22 22 24 22 24 24 22 26 22 24 24 22 22 24 24 24 24 25 25 24 22 22 24 24 22 22 20 22 22 22 22 22 23 23 22 23 16 18 18 17 18 18 18
75 77 76 81 95 95 83 73 79 77 63 65 90 79 64 71 76 72 64 68 75 76 68 63 74 77 67 67 62 57 56 43 22 26 25 24 24 25 17 19 19 23 22 15 12 15 20 20 20 17 18 26 31 34 22 22 24 24 22 20 20 24 26 24 24 24 24 22 20 20 24 22 22 22 24 24 25 23 24 25 23 23 20 20 23 23 22 22 14 12 17 17 18 18 18 18
83 94 86 85 87 77 78 84 91 84 82 91 106 107 96 89 83 81 80 83 76 59 57 60 74 76 67 65 60 53 57 56 27 28 23 20 20 25 22 22 22 19 21 19 19 17 19 16 14 14 26 24 16 28 20 22 26 24 26 26 24 22 24 25 25 25 27 22 20 20 24 25 22 25 25 27 27 23 23 25 23 23 22 20 20 20 23 23 25 23 18 18 18 19 18 18
82 91 92 82 86 79 104 131 101 81 72 68 74 83 72 69 72 79 79 73 69 64 61 56 59 59 64 64 55 54 62 63 47 29 36 34 18 20 19 18 13 13 13 19 18 19 19 16 13 20 22 22 22 24 22 24 26 24 24 22 22 24 24 26 25 25 23 25 22 22 25 25 27 27 23 25 23 22 23 23 23 19 23 22 20 22 25 28 25 23 17 18 19 18 18 19
69 72 78 93 114 98 92 105 80 68 67 65 63 67 71 69 67 72 70 63 63 65 57 53 51 55 58 53 52 55 52 51 45 27 22 23 20 22 21 18 15 14 12 13 18 19 18 18 16 22 22 20 20 18 24 22 24 22 24 25 24 24 26 26 27 29 29 27 24 24 27 27 29 25 22 20 22 18 20 25 26 16 20 23 19 23 23 23 25 23 23 17 18 18 19 19
83 59 60 73 96 115 97 80 70 69 71 77 75 69 70 70 64 61 71 63 62 62 67 72 53 53 61 53 56 64 51 50 47 31 22 32 21 21 18 20 20 18 15 16 18 17 16 16 26 24 24 24 22 20 18 24 26 24 22 25 24 22 27 25 27 27 25 24 27 24 25 25 27 23 22 20 22 23 22 23 22 18 22 23 15 23 20 22 23 23 23 22 32 18 19 22
