examples/data/proba_v_italy_sicily/probav_s10_toc_x19y03_20150101_333m_ndvi_v001.txt
ncols         1127
nrows         589
xllcorner     12.348214285714
yllcorner     36.598214285714
cellsize      0.0029761904761905
NODATA_value  -9999
[rows 408 to 458 of 589, columns 768 to 863 of 1127]
89 83 101 131 121 109 96 93 106 102 110 114 109 108 121 109 110 113 119 130 142 128 127 122 128 155 143 129 105 107 128 129 106 122 162 151 142 126 116 116 98 97 100 123 147 124 123 122 126 138 157 149 148 158 166 161 139 120 118 131 124 120 145 155 153 146 141 134 139 145 145 162 173 159 165 168 171 175 177 170 179 182 185 195 200 191 188 185 175 180 188 204 198 174 167 176
95 85 87 94 132 131 104 85 99 96 90 112 127 126 131 123 105 98 105 100 123 115 128 139 143 149 165 169 129 103 138 170 137 134 162 143 132 135 128 136 126 92 93 133 155 142 124 134 133 148 173 170 167 167 167 165 138 110 101 126 148 133 149 161 155 157 161 149 138 145 148 165 176 163 159 163 152 161 176 170 178 183 183 201 193 180 179 180 171 184 192 196 193 181 175 173
115 113 98 103 119 121 96 99 93 106 128 144 123 111 117 124 101 95 119 117 111 104 118 126 124 149 178 151 137 134 133 156 155 161 182 191 175 167 170 177 162 140 143 146 141 144 122 123 140 159 166 149 162 168 165 173 157 125 138 172 183 165 152 154 147 158 173 166 145 141 158 173 175 177 175 165 169 173 174 181 178 182 194 185 177 180 186 181 182 192 192 187 184 183 185 176
128 108 98 93 77 92 102 115 121 129 126 126 111 100 98 89 93 91 96 94 73 24 41 81 97 120 164 138 124 128 136 142 141 157 190 200 188 175 175 160 156 161 172 160 133 147 156 149 159 160 165 169 167 172 171 171 173 174 164 172 172 167 165 162 159 159 171 173 166 165 173 177 152 146 173 177 172 184 194 186 175 184 185 189 188 187 183 183 178 180 182 180 180 180 183 184
113 98 90 125 92 80 103 125 147 114 118 139 120 128 139 122 97 56 34 57 86 124 141 166 179 162 160 149 138 140 138 124 144 181 189 193 182 175 184 190 180 171 191 167 143 142 163 170 163 150 137 156 164 159 161 163 164 179 172 165 165 158 162 169 167 172 178 186 177 166 159 141 88 64 116 164 153 174 181 184 187 190 193 200 199 189 179 182 185 184 178 174 168 170 172 175
100 123 107 118 127 106 105 117 143 102 107 149 153 158 166 152 156 158 154 170 166 170 174 175 187 196 176 169 154 151 164 164 168 190 192 187 182 180 190 180 156 148 191 198 173 156 151 167 178 170 154 161 168 139 158 159 157 174 180 176 171 159 156 165 176 181 181 183 178 183 180 184 185 166 150 143 161 184 181 184 188 181 185 203 204 196 185 181 181 179 164 157 163 175 178 179
87 115 127 131 107 90 101 126 125 107 118 162 191 192 148 139 146 152 150 154 150 149 158 166 179 170 152 162 185 174 162 152 162 186 186 185 173 160 146 122 118 119 134 148 158 160 153 163 173 170 170 171 166 159 161 149 141 153 179 187 165 157 159 173 194 207 205 192 185 191 189 171 160 181 183 174 177 181 184 183 187 189 188 199 200 194 184 179 182 171 174 181 176 184 180 171
103 127 124 109 86 76 88 119 118 130 141 139 150 143 138 143 140 144 148 145 145 159 160 148 148 134 153 175 183 195 189 180 186 188 174 176 163 142 127 106 112 115 124 125 126 150 162 149 136 133 142 156 161 170 172 177 182 173 136 147 157 159 159 175 203 202 198 192 191 189 179 167 164 191 196 190 198 202 193 194 192 189 186 196 203 201 206 196 186 182 180 183 186 188 190 180
119 147 114 106 117 124 120 135 149 147 144 133 139 129 139 156 153 152 147 149 159 156 158 154 151 143 164 174 191 198 192 194 190 156 151 161 157 133 108 107 119 130 124 122 119 133 139 136 131 124 127 147 169 179 163 162 166 157 135 164 175 173 170 178 201 213 196 190 198 190 182 195 193 186 181 189 218 223 196 198 199 191 185 183 179 189 204 192 180 184 188 181 183 185 175 163
118 142 118 114 113 133 151 148 147 149 149 145 154 129 112 129 144 152 161 151 151 148 154 156 157 163 163 163 186 203 196 186 173 154 156 154 148 136 117 131 157 156 139 133 141 135 130 136 141 159 153 156 162 165 157 151 157 170 183 196 194 199 197 183 183 183 200 211 205 195 193 194 188 183 189 209 219 223 221 212 207 196 185 193 199 190 181 173 172 183 192 180 174 174 174 169
97 146 136 106 129 165 168 150 123 146 151 137 135 128 113 112 160 158 143 155 165 159 154 142 145 173 190 173 172 191 190 174 173 166 155 149 152 138 144 138 133 161 171 156 154 151 147 150 145 146 150 153 153 155 156 146 164 187 196 205 194 196 212 199 182 171 175 199 211 190 180 181 186 196 192 182 192 213 218 217 212 210 200 204 198 189 187 185 184 183 182 177 180 174 175 185
124 145 132 118 139 174 169 142 136 154 153 144 143 125 122 127 159 152 142 143 144 139 136 137 144 151 169 196 184 189 192 184 181 176 169 173 168 150 142 146 158 164 144 136 150 156 161 165 144 132 143 142 155 176 166 165 196 210 206 212 200 185 201 195 188 211 189 192 215 195 178 185 192 188 172 183 199 193 187 190 190 193 213 216 212 202 202 201 192 181 176 166 156 159 186 194
172 167 143 143 145 141 141 143 127 130 132 135 142 140 138 147 154 153 146 136 144 146 148 147 156 169 160 175 189 193 193 182 189 179 174 164 147 142 146 124 114 124 137 126 130 137 135 129 140 146 162 155 161 188 164 167 200 214 207 201 192 180 189 198 206 216 189 179 199 202 208 214 209 193 190 193 189 183 188 185 174 183 204 200 181 170 178 181 178 170 149 141 154 172 176 165
136 130 153 165 141 139 157 148 112 111 133 142 141 134 166 186 169 161 150 151 160 153 124 120 147 171 161 156 180 195 196 184 185 179 178 162 133 151 165 128 118 127 145 146 136 146 156 127 135 144 162 158 123 168 191 180 191 211 210 197 189 200 197 203 199 198 188 181 196 198 207 218 212 185 182 189 187 177 173 181 188 178 178 169 148 140 145 157 167 173 169 153 155 165 165 150
115 123 146 132 115 125 141 142 130 118 122 130 145 141 152 169 179 172 156 156 157 161 137 134 140 148 159 161 179 199 199 192 180 181 196 205 220 193 172 154 150 162 157 146 151 156 146 136 147 149 161 162 137 181 194 181 198 189 187 198 202 218 191 188 184 183 182 199 217 211 211 210 207 196 192 183 181 174 174 182 196 187 173 174 167 180 183 173 161 152 155 153 149 155 164 165
96 108 109 101 119 146 144 135 129 124 122 114 106 116 146 153 149 153 160 158 161 177 179 155 154 164 151 153 176 200 199 206 203 204 221 236 196 166 157 153 138 103 122 115 106 140 155 151 156 159 155 150 153 174 173 172 187 193 182 203 213 216 204 207 219 211 198 208 215 210 212 204 194 201 188 181 179 170 171 177 194 193 187 195 186 179 179 172 168 164 170 176 181 184 173 166
73 85 98 106 143 145 131 126 140 145 158 130 119 130 138 135 131 125 141 168 159 158 157 142 133 141 152 184 198 197 194 200 199 200 213 221 194 172 165 153 148 123 130 83 73 99 150 161 145 145 142 139 159 177 183 188 179 177 185 197 206 218 212 200 192 188 192 201 202 212 216 214 200 187 184 170 166 173 173 160 177 184 180 177 168 158 168 181 188 187 181 179 170 164 159 152
120 144 136 123 141 133 116 114 147 173 166 143 119 142 141 124 118 149 161 153 138 140 155 131 113 126 190 209 203 195 172 176 202 193 205 213 178 162 166 158 157 157 147 125 97 115 136 141 142 141 145 133 151 168 172 193 187 176 188 195 192 205 209 185 180 185 183 188 194 201 213 213 203 181 174 167 162 171 169 162 176 184 184 158 116 122 164 182 180 180 168 159 151 150 167 182
147 171 167 142 147 148 134 133 126 148 150 138 131 151 147 139 133 144 158 143 146 170 185 164 123 143 198 206 205 194 173 171 214 193 189 200 175 164 157 156 151 156 147 143 138 154 149 144 134 143 152 164 166 167 149 157 159 171 180 175 170 195 204 184 183 191 195 199 188 181 192 200 196 178 156 145 148 154 168 181 180 182 184 176 142 155 185 187 180 178 171 167 171 152 139 155
132 153 147 126 145 134 113 134 125 141 166 161 141 144 146 132 142 167 159 140 129 147 156 165 146 145 196 211 217 209 187 184 202 176 177 172 154 151 152 159 167 150 145 146 140 153 145 152 151 150 154 171 175 181 178 164 152 189 170 160 175 199 209 190 187 194 189 188 186 179 174 159 155 179 184 170 164 164 165 156 158 166 178 203 193 173 172 182 186 176 171 160 162 173 150 130
87 106 124 129 131 131 139 169 149 140 153 159 155 145 149 160 163 123 99 127 123 131 151 165 157 163 208 221 223 210 197 196 190 173 168 161 150 142 150 162 164 140 135 159 151 119 126 157 171 169 161 147 160 165 177 169 173 183 167 156 171 173 189 190 185 185 185 190 187 178 173 180 170 175 172 162 173 179 169 164 155 162 177 178 178 170 168 173 176 171 165 152 147 166 171 164
105 98 115 125 110 101 135 157 135 141 156 150 149 168 177 179 171 135 123 146 155 154 162 168 162 173 204 225 213 205 207 189 169 178 163 161 171 156 150 151 155 147 148 159 140 105 127 153 150 151 146 143 140 162 172 161 162 177 175 170 174 146 145 167 173 173 176 178 167 138 140 185 194 178 175 147 128 153 166 158 173 174 180 196 189 189 189 183 181 180 171 158 163 158 163 177
102 94 100 111 107 110 118 142 136 156 168 146 141 147 153 161 160 179 159 131 137 148 155 155 142 163 196 205 203 213 216 198 168 163 150 152 164 159 156 174 191 171 155 148 139 118 123 158 156 136 128 148 141 143 146 157 162 170 177 159 165 155 138 156 172 171 174 183 150 112 117 160 179 190 188 144 130 151 157 155 163 175 196 202 185 180 182 178 175 174 176 167 179 149 151 154
95 108 100 124 138 156 132 171 175 150 142 134 135 145 150 131 113 140 154 149 146 145 141 151 156 165 170 171 187 209 208 188 153 162 154 159 168 161 189 199 195 187 164 146 140 125 103 133 163 140 112 110 138 150 121 124 169 172 160 155 159 161 140 142 165 154 139 140 121 123 149 170 175 174 162 174 168 166 162 166 174 177 171 175 174 164 161 168 170 166 189 155 113 108 119 168
121 121 106 146 168 163 158 149 147 134 134 143 130 138 140 122 118 137 147 159 159 165 140 131 145 158 159 180 219 221 213 208 191 177 159 161 171 173 196 198 197 192 180 154 132 120 117 138 164 126 147 164 109 156 126 119 154 170 162 159 158 155 149 135 130 117 110 103 145 164 150 143 153 165 161 165 163 162 153 138 146 169 168 168 183 180 179 179 188 195 146 99 104 116 141 183
121 133 159 165 188 189 160 134 127 147 148 156 134 148 152 136 136 130 129 142 153 171 141 138 151 155 159 190 203 203 200 201 206 202 165 158 179 203 199 201 191 180 174 162 150 144 130 135 149 141 106 104 157 158 150 145 152 157 155 157 161 141 144 158 151 138 141 132 150 123 132 161 175 176 140 133 143 134 142 147 173 170 173 172 168 173 181 173 182 134 73 66 96 144 169 180
121 128 160 173 176 177 164 139 134 144 135 131 142 146 148 141 138 141 128 123 131 155 152 144 144 160 163 181 187 187 196 204 206 179 149 151 165 190 177 177 182 173 162 159 163 167 148 138 166 171 133 115 125 128 135 140 132 145 149 153 167 145 140 148 132 144 143 144 164 155 170 189 170 176 178 136 145 147 157 165 181 170 162 167 174 186 175 177 151 99 82 83 79 85 120 160
141 175 158 166 170 157 153 142 130 134 153 157 147 143 144 137 136 132 122 136 138 138 129 131 145 151 157 180 201 197 195 201 205 172 152 151 136 157 175 177 177 164 164 161 152 142 151 158 163 170 172 163 132 118 125 148 145 146 148 143 137 134 146 149 128 147 140 124 133 166 195 209 180 162 167 169 175 156 158 181 173 174 166 135 174 184 164 163 165 147 147 152 154 140 128 167
141 148 145 157 171 168 144 127 141 153 148 151 154 153 153 139 141 126 126 134 141 141 148 145 142 149 167 184 185 195 195 198 196 164 152 148 137 146 187 190 179 169 170 161 152 144 148 159 160 166 169 168 158 133 121 144 132 133 133 125 120 133 140 137 137 148 125 117 117 147 174 187 173 166 173 165 182 181 159 179 172 151 166 162 165 182 179 164 167 184 182 176 184 185 173 163
138 148 140 142 118 109 163 175 155 149 129 129 150 151 153 140 132 107 122 134 127 136 143 144 148 164 183 175 173 185 190 188 163 148 147 144 154 192 202 197 187 173 163 160 157 157 162 158 151 153 162 168 169 137 110 116 126 139 130 124 123 135 153 146 136 153 119 104 107 112 144 175 188 179 182 168 149 140 126 162 148 134 151 152 178 193 187 171 157 182 183 173 178 186 190 184
145 153 161 154 90 99 167 162 151 162 140 123 143 150 152 143 140 121 109 129 141 142 143 129 139 181 190 187 193 201 189 157 142 140 148 140 140 186 202 192 161 160 162 142 151 163 174 173 158 153 167 177 163 99 63 92 137 145 127 145 148 152 149 144 130 141 137 136 143 128 146 170 173 178 187 191 163 145 160 181 166 156 180 172 177 184 182 172 169 178 178 180 186 183 188 190
167 172 156 153 143 136 143 141 143 171 162 121 125 145 145 160 153 124 122 145 141 124 126 124 130 152 188 193 183 182 179 150 164 156 150 154 169 200 189 188 172 165 163 160 182 199 194 185 173 154 159 161 155 130 98 118 132 132 121 143 155 152 156 153 143 170 195 185 171 164 165 147 144 171 178 201 176 157 186 187 180 166 163 184 163 174 183 182 172 154 159 175 169 169 177 160
170 188 174 173 184 176 156 137 140 162 156 146 129 133 153 161 172 175 162 154 142 139 136 125 137 168 193 190 193 187 155 137 157 176 156 157 185 191 174 169 161 161 178 180 184 195 200 192 166 159 161 159 151 137 113 133 144 153 140 147 154 140 135 150 158 170 181 168 156 151 158 157 151 166 183 186 141 152 181 184 188 155 109 118 138 156 181 178 174 170 167 161 164 171 183 184
148 172 185 175 155 151 127 134 146 157 153 167 182 162 172 174 150 162 155 130 133 133 127 138 158 177 180 186 194 168 141 152 154 155 152 160 185 182 166 164 165 175 181 189 194 200 196 191 166 154 158 171 172 158 136 128 119 129 146 145 144 125 120 144 156 152 157 161 156 161 166 177 177 168 173 199 205 177 166 186 185 148 126 119 149 171 177 177 176 182 171 146 156 164 173 181
134 146 170 147 122 118 109 135 154 177 192 180 170 158 166 157 139 153 159 139 116 133 146 158 189 180 169 184 184 161 153 153 151 153 154 158 158 154 160 162 174 187 192 196 198 202 201 173 152 138 143 151 162 177 156 127 117 104 127 130 127 133 136 126 130 153 156 172 163 144 157 168 172 172 157 153 160 162 148 157 164 134 134 169 170 184 193 186 179 178 184 187 179 171 165 174
118 113 146 168 155 160 161 172 165 175 176 167 143 151 167 176 171 171 182 175 147 130 108 94 147 177 185 181 180 162 154 148 156 162 160 157 151 148 158 156 161 185 198 196 197 193 177 157 157 149 162 154 137 148 152 140 138 120 136 130 133 135 126 126 135 137 139 162 161 137 152 156 145 154 166 161 141 147 152 167 170 133 111 134 147 168 190 173 180 191 194 193 191 194 189 186
128 141 134 143 154 151 160 176 170 158 131 95 111 161 174 180 173 148 156 174 159 132 102 75 91 155 195 184 156 145 152 147 139 140 154 166 153 154 173 193 179 159 159 164 179 183 179 182 193 168 155 154 142 146 156 160 158 143 138 134 119 108 109 132 159 146 140 158 165 137 140 146 150 148 162 183 174 149 111 146 154 120 108 132 188 182 188 187 195 190 188 190 189 189 192 177
137 136 126 133 152 153 164 169 161 157 138 135 172 174 154 164 194 137 99 133 146 163 171 140 131 133 179 172 151 155 167 155 143 148 161 174 169 161 158 161 155 150 149 153 171 191 192 194 196 178 154 160 159 154 161 162 160 149 131 140 147 139 124 141 153 136 128 161 160 152 164 160 138 147 165 158 148 169 137 141 156 124 145 165 176 187 177 158 164 179 189 185 177 180 170 167
172 159 146 147 163 149 123 137 165 172 181 181 202 207 190 154 173 153 116 137 140 149 178 172 176 169 179 171 151 158 162 159 172 179 180 188 185 169 161 157 147 146 159 183 193 193 184 185 183 169 149 145 144 159 187 181 155 153 140 139 165 154 157 163 158 156 142 154 140 137 158 154 139 140 142 155 132 125 130 172 161 131 176 150 110 135 153 160 154 168 166 174 183 183 158 148
160 142 167 169 161 134 110 128 153 166 161 197 197 166 159 167 224 215 179 167 158 161 189 186 172 169 162 159 155 159 162 154 152 160 167 187 186 180 187 182 166 174 193 188 173 188 191 178 170 161 146 124 109 123 191 190 163 164 147 141 169 151 132 158 169 153 142 157 164 168 168 151 148 151 156 160 124 107 122 150 141 134 182 189 137 122 126 158 181 182 158 150 165 170 178 166
128 133 172 175 151 92 108 170 165 155 164 210 220 190 182 195 207 211 198 181 159 180 200 194 180 185 163 152 169 172 167 166 169 168 163 170 172 174 186 183 165 160 166 162 147 156 185 188 163 155 144 136 125 136 186 192 154 144 145 132 162 160 142 153 153 139 152 158 161 171 165 156 151 157 176 169 160 132 102 115 138 142 163 160 169 165 150 141 127 137 161 150 168 182 188 183
152 152 154 163 149 144 181 196 184 187 199 203 189 182 190 213 216 192 174 201 187 193 183 168 182 174 157 161 167 164 164 159 159 177 179 171 170 158 163 177 163 161 164 156 155 160 174 190 178 155 152 148 146 154 155 170 161 143 148 143 175 149 137 141 156 168 170 157 140 150 134 146 158 161 145 140 149 148 120 119 157 154 171 188 186 175 175 179 121 112 140 148 147 171 179 185
156 149 150 163 191 209 196 188 209 208 190 195 188 186 195 208 212 194 177 206 204 199 204 175 169 176 167 169 170 165 167 160 157 163 153 169 165 153 151 160 151 161 167 169 190 191 195 195 191 171 160 151 151 194 213 226 207 164 150 142 171 158 135 131 166 195 169 139 136 139 136 151 148 131 124 138 147 160 170 126 136 182 182 159 144 147 140 161 158 148 153 174 181 185 176 173
156 144 170 190 209 206 197 195 194 208 206 191 180 183 176 189 185 176 160 184 193 181 198 189 172 176 164 169 174 169 163 163 157 170 165 177 179 171 165 180 180 176 172 189 208 199 197 193 181 172 164 141 157 205 214 212 186 133 127 135 155 149 140 159 172 190 183 176 167 164 166 152 142 140 128 137 150 140 158 175 156 151 145 116 126 160 151 135 125 136 172 189 184 188 178 174
147 139 163 200 222 207 188 187 187 197 203 189 185 179 166 185 167 170 171 179 191 188 191 162 158 170 163 162 164 162 157 167 172 166 166 176 186 190 180 181 197 200 192 196 201 186 182 186 175 166 161 144 141 192 222 202 167 160 144 138 144 157 158 168 154 149 141 150 156 146 145 151 157 161 152 147 156 142 138 171 160 165 172 122 114 142 128 133 141 124 130 150 159 163 187 191
149 144 162 175 159 162 189 188 178 151 184 190 183 191 185 185 174 178 192 188 179 200 196 163 171 177 172 166 170 163 160 162 168 161 171 188 175 180 187 186 190 185 182 184 191 175 174 183 176 173 166 161 144 168 207 177 157 141 140 155 155 155 146 155 154 142 120 126 151 134 142 159 168 169 164 157 144 144 155 156 184 197 174 143 144 141 114 140 131 112 134 140 146 171 191 184
142 137 159 160 148 143 169 171 178 174 181 175 176 192 206 191 175 163 159 187 186 191 171 164 180 181 175 175 174 182 185 176 165 174 175 182 162 164 179 186 189 177 166 170 178 174 168 176 165 166 174 182 181 185 180 160 163 139 123 150 166 156 154 156 166 162 151 153 161 137 152 170 177 181 148 119 121 135 125 123 125 154 159 170 180 162 131 147 136 117 149 170 139 136 153 145
153 166 174 174 187 167 152 186 202 206 209 199 194 172 182 189 178 176 176 183 177 162 149 168 177 169 162 170 170 172 172 175 170 182 190 184 165 172 179 188 193 159 150 160 174 183 164 167 170 170 174 175 182 165 150 143 150 162 151 166 175 167 161 158 172 176 168 165 171 153 155 165 140 150 152 150 147 126 132 152 126 107 130 182 180 156 158 142 137 127 140 188 197 162 114 138
169 173 174 184 198 169 143 181 196 182 184 174 177 180 199 199 179 175 176 170 165 162 170 175 175 168 163 169 166 162 165 166 164 166 177 190 187 180 185 179 171 139 122 147 172 197 177 171 178 172 171 172 150 147 162 162 150 160 177 173 165 158 156 167 162 164 168 148 125 135 145 135 98 113 141 132 113 103 98 104 116 110 111 136 185 199 152 104 107 130 137 163 172 177 170 183
169 192 207 191 196 160 162 184 193 181 158 172 177 182 188 165 180 185 167 170 172 166 178 178 161 157 163 169 157 160 161 155 161 164 171 176 174 187 191 180 173 173 132 139 170 168 157 145 155 169 173 165 159 155 162 167 159 162 151 131 138 173 184 164 144 152 156 152 143 156 141 108 112 121 132 141 124 107 93 84 79 89 130 132 164 187 131 102 103 117 128 159 176 181 186 190
161 170 162 137 123 167 176 177 182 171 163 177 192 179 170 175 189 188 168 180 185 179 168 163 153 155 152 155 159 149 169 161 140 143 167 178 161 165 164 171 165 182 152 124 134 136 155 158 145 133 158 167 165 160 166 176 176 162 152 153 160 154 155 164 156 158 162 163 149 146 149 128 110 118 131 158 170 137 106 98 85 96 114 116 141 149 126 144 143 126 141 171 181 170 169 184
