examples/data/proba_v_italy_sicily/probav_s10_toc_x19y03_20150201_333m_ndvi_v001.txt
ncols         1127
nrows         589
xllcorner     12.348214285714
yllcorner     36.598214285714
cellsize      0.0029761904761905
NODATA_value  -9999
[rows 0 to 47 of 589, columns 960 to 1055 of 1127]
13 13 12 12 13 41 8 12 26 30 33 13 13 13 10 6 12 7 6 27 24 21 14 10 33 6 36 36 35 58 26 14 23 22 15 12 13 18 11 4 10 4 10 10 10 10 25 10 10 4 17 15 31 40 38 39 14 32 17 17 13 13 25 28 21 18 13 16 20 9 16 18 19 16 16 16 20 19 20 16 28 26 20 14 24 24 30 24 16 20 25 29 28 28 20 20
9 12 20 15 7 8 12 9 24 12 12 16 27 26 16 16 13 0 21 11 12 6 6 12 13 30 26 28 10 6 39 21 35 44 25 10 10 10 10 10 6 6 26 22 10 10 23 10 10 10 11 11 16 13 11 47 38 13 10 10 13 9 17 28 26 18 16 20 13 13 22 18 20 16 20 18 16 20 24 24 25 20 20 20 16 20 16 20 19 19 30 30 31 29 24 20
4 4 15 20 15 12 13 25 24 11 11 18 12 18 25 16 12 25 20 15 16 13 27 29 31 26 21 6 6 10 6 10 13 10 39 33 32 31 32 25 19 18 10 10 10 11 13 18 10 10 10 16 14 13 12 12 12 40 26 21 16 13 11 21 36 16 16 28 23 23 28 16 16 20 20 24 24 16 16 22 20 16 20 20 20 16 16 15 20 23 26 27 31 29 16 20
8 3 3 20 25 16 13 20 15 20 16 9 18 12 20 9 13 25 24 16 30 41 13 12 39 25 10 10 10 6 31 17 9 10 13 7 6 10 9 9 8 16 9 10 13 14 13 12 12 11 13 13 13 10 12 10 13 13 39 13 13 16 16 26 27 16 21 22 20 18 31 16 20 20 16 20 20 24 20 23 8 20 20 16 16 20 20 30 21 14 27 30 32 31 20 16
9 12 16 13 18 11 12 5 4 11 28 22 29 12 9 9 13 13 13 13 20 36 20 19 40 26 13 13 10 10 32 13 14 14 13 16 9 6 13 16 17 15 13 16 18 17 13 12 12 13 17 12 8 9 11 12 15 19 26 13 49 38 20 16 20 20 16 20 20 20 24 20 20 20 13 20 20 20 20 20 20 23 17 16 24 17 10 15 17 20 26 31 30 29 20 20
5 9 21 15 9 15 12 7 14 10 29 26 24 3 6 10 6 10 10 24 24 23 23 24 35 16 13 13 13 13 24 17 24 14 11 12 9 6 24 16 16 12 12 9 9 13 29 18 16 19 13 13 13 13 12 14 16 15 18 24 51 40 20 16 16 20 20 20 20 22 24 20 20 20 20 14 24 24 20 21 15 20 24 24 13 30 32 21 19 11 24 24 20 28 20 24
12 13 13 12 17 9 8 14 10 11 33 26 7 8 26 6 6 7 9 6 16 31 31 31 13 20 20 13 13 10 9 20 24 17 8 8 16 12 8 8 16 12 12 12 12 35 30 13 16 14 19 29 16 16 13 20 13 12 11 14 44 35 24 33 43 22 20 20 16 20 20 20 20 20 32 20 20 22 24 24 23 23 18 11 13 25 38 22 24 14 17 24 28 19 29 14
34 20 9 20 21 13 13 16 14 30 23 18 10 13 21 12 33 21 23 21 14 26 23 13 17 20 16 17 12 13 16 30 13 14 9 16 16 12 12 16 16 12 20 16 20 33 16 20 20 16 11 23 29 24 20 20 12 12 12 35 33 33 16 21 40 20 20 20 20 20 20 20 24 28 34 30 30 24 24 24 34 20 24 20 24 28 26 13 20 23 21 21 28 25 30 24
21 26 16 22 32 18 19 13 27 14 25 25 21 13 19 36 22 8 14 24 19 22 10 16 20 26 18 9 16 33 26 20 20 23 16 20 16 16 16 16 16 16 20 20 34 34 10 11 11 13 17 16 12 15 15 16 11 10 14 17 30 30 28 20 39 28 20 24 20 20 22 24 24 26 28 28 24 20 33 43 31 31 28 20 20 20 32 24 20 23 28 24 24 28 32 32
15 13 7 17 34 21 24 23 47 27 29 14 15 17 26 26 21 11 20 31 26 13 13 13 10 10 38 18 29 22 16 16 16 16 23 20 20 26 16 13 18 23 27 31 28 20 16 13 5 20 10 20 16 20 20 16 20 26 22 23 18 16 20 20 20 28 22 28 33 31 30 37 20 20 28 28 32 10 24 32 29 32 34 29 32 13 21 37 17 26 20 24 33 24 24 24
20 15 24 32 30 24 28 25 17 18 24 22 17 14 12 35 35 12 19 11 15 15 18 12 12 50 34 17 7 16 8 8 16 16 20 22 17 20 12 12 18 13 24 33 16 20 20 16 10 20 16 20 24 16 25 17 24 33 20 17 19 18 15 20 28 30 45 20 20 23 37 33 32 34 35 38 30 21 20 28 24 35 33 29 31 17 20 19 20 32 20 24 28 28 24 24
24 28 24 20 37 27 24 26 17 7 3 20 41 13 17 22 32 9 13 17 18 15 8 19 16 21 16 16 16 16 16 16 11 16 28 28 25 16 12 8 12 16 23 24 20 20 21 12 16 16 16 20 20 20 20 29 24 28 16 29 32 31 43 20 20 28 42 46 27 28 32 37 34 42 33 33 33 37 32 24 24 24 32 28 17 18 24 28 19 20 20 29 21 33 33 24
22 32 20 20 12 20 29 21 12 6 20 20 38 13 13 15 17 14 15 20 43 24 16 20 20 33 10 9 24 8 16 16 16 20 20 16 20 26 20 16 16 16 20 12 26 20 28 7 16 20 20 20 20 20 20 38 34 16 20 24 31 28 26 42 28 26 28 36 28 24 24 28 24 28 28 36 32 28 24 28 24 24 33 33 18 18 24 32 32 28 35 29 20 24 24 28
22 24 25 24 24 20 33 28 16 24 16 16 16 16 16 27 25 27 21 22 8 16 8 16 16 20 20 8 11 24 16 14 15 11 19 29 7 16 16 13 18 28 20 20 24 23 18 13 20 20 16 20 20 20 25 27 34 34 24 13 22 20 28 28 20 20 27 24 20 24 24 28 28 36 32 33 33 24 32 37 37 32 32 18 18 33 28 28 33 37 32 33 18 28 28 27
19 23 26 26 25 24 20 20 24 24 24 20 20 38 29 16 24 24 16 16 16 20 16 16 16 16 24 24 15 11 19 30 16 12 20 20 28 28 20 20 10 24 20 13 31 21 16 13 8 12 10 20 24 20 20 29 23 25 24 22 28 23 28 20 28 20 34 28 28 32 23 32 32 32 37 33 33 33 33 37 37 33 33 15 15 24 28 32 33 28 20 30 28 28 24 24
18 18 21 24 27 27 20 33 34 37 36 36 16 17 16 20 24 28 24 28 20 20 16 11 11 16 16 16 16 13 21 20 28 20 28 20 20 20 20 20 5 20 20 30 15 29 24 12 20 6 20 15 18 25 18 24 33 31 23 17 32 30 20 24 24 26 33 28 24 22 21 24 37 32 32 37 32 28 29 35 33 37 28 36 18 32 28 37 32 25 23 30 18 20 23 24
19 20 20 20 24 20 20 20 20 20 20 16 20 24 21 22 23 16 24 24 20 20 16 16 20 16 20 20 20 20 13 17 20 20 20 20 20 17 22 18 14 5 20 33 20 24 28 28 28 14 25 27 19 19 24 24 30 26 22 17 17 22 24 19 20 16 24 28 35 30 33 13 34 38 33 33 24 24 20 29 37 37 17 18 32 32 32 44 27 37 33 29 24 33 33 33
15 25 29 24 24 25 20 20 28 24 24 20 25 28 25 23 25 23 19 17 20 20 20 24 28 24 16 20 16 16 20 20 20 22 28 20 20 20 24 24 14 8 33 29 20 24 21 20 22 29 29 22 27 24 24 26 24 20 25 29 24 17 22 24 21 17 33 27 41 20 20 20 12 33 44 33 34 29 29 24 28 28 17 15 28 41 37 46 29 42 33 33 29 38 38 38
20 20 29 34 29 20 24 20 24 24 24 20 20 20 26 22 24 29 26 23 22 20 20 20 24 16 20 20 16 20 24 33 14 20 30 20 20 20 20 20 20 11 20 22 24 27 29 24 24 23 33 28 32 32 24 33 30 25 20 27 24 22 37 33 33 28 32 22 46 29 25 29 33 16 45 41 38 29 25 29 29 29 15 20 17 36 37 30 38 38 38 38 38 38 42 33
29 20 29 24 24 25 25 25 29 29 25 20 15 25 25 25 15 20 15 16 11 15 20 20 20 11 16 20 33 28 33 29 25 25 18 20 25 24 20 20 20 10 20 29 25 28 25 25 26 28 28 24 24 24 29 33 31 30 26 23 25 28 37 29 21 29 29 24 29 40 38 31 20 11 19 42 20 17 15 38 33 18 19 24 22 20 20 23 20 34 39 34 34 33 28 28
29 34 24 24 34 34 34 30 30 30 25 25 15 20 20 20 15 15 20 20 20 15 20 20 20 16 20 24 24 20 33 24 24 20 20 20 20 29 24 29 25 11 16 15 33 28 24 31 30 23 24 23 20 20 32 32 33 25 25 33 24 29 31 24 23 20 30 30 25 45 29 29 24 30 29 35 38 38 42 25 34 18 30 26 25 34 30 33 34 38 34 30 29 29 28 28
29 34 29 25 30 35 35 30 30 30 25 30 30 30 30 30 20 25 30 30 20 25 25 20 20 20 20 20 20 20 24 24 20 20 20 25 25 25 24 29 24 15 24 32 32 28 15 24 25 31 30 25 24 24 11 25 20 33 38 19 24 19 18 14 29 19 18 30 34 34 34 27 24 29 29 25 33 31 33 34 33 18 42 30 29 36 30 39 34 38 29 15 20 24 32 28
25 29 20 30 25 30 30 30 30 30 30 20 34 30 30 20 20 20 20 25 20 25 20 20 20 20 25 20 16 14 25 29 20 20 25 25 29 25 25 29 29 11 17 33 33 29 25 20 29 33 16 27 23 33 22 26 30 31 27 18 16 19 19 16 22 23 29 29 38 37 42 43 24 30 25 25 21 30 39 39 28 31 44 23 19 20 30 30 34 34 29 15 20 16 28 29
30 30 20 20 35 35 34 25 25 24 11 20 20 30 30 34 34 34 25 25 25 30 30 20 20 34 25 22 22 25 29 29 25 25 41 29 29 34 29 34 29 12 12 12 8 33 25 29 33 33 16 19 18 27 41 37 19 20 19 17 16 19 20 18 38 25 20 38 38 29 34 29 29 32 29 25 29 23 32 43 18 18 30 35 30 28 25 25 20 30 35 40 30 15 31 34
35 35 34 18 30 30 20 12 0 0 0 0 0 4 24 24 24 29 25 25 34 34 29 39 34 34 34 31 18 34 19 25 25 29 29 34 38 39 35 25 29 25 25 24 5 37 33 37 37 37 19 25 26 33 29 24 21 17 17 16 17 18 19 18 25 29 21 23 29 28 18 19 30 19 31 21 34 27 27 35 18 18 30 25 32 34 40 32 43 43 44 37 32 38 31 0
35 30 24 34 34 0 0 0 0 0 0 0 0 0 8 12 16 16 20 23 25 18 25 34 34 34 39 31 34 25 23 35 29 29 28 30 32 33 32 30 31 29 29 33 34 33 35 29 29 38 24 24 20 21 22 24 24 21 18 15 38 18 20 19 19 34 23 22 34 37 43 24 33 26 26 27 46 41 41 18 20 30 25 25 37 37 44 44 40 45 32 30 35 0 25 68
34 37 25 56 32 0 0 0 0 0 37 0 0 0 0 8 20 20 20 30 26 26 15 25 30 25 25 25 23 31 25 35 39 39 30 36 37 30 25 26 26 28 27 26 28 28 30 32 30 27 21 19 18 16 18 22 19 19 18 18 16 16 22 18 22 23 23 21 26 32 30 33 26 28 7 17 18 16 36 18 20 23 18 20 48 31 54 56 54 48 44 30 28 52 103 195
34 39 44 37 0 0 31 57 138 156 151 76 13 7 20 25 25 25 30 35 35 32 26 19 30 30 35 35 25 23 17 30 30 34 40 30 33 31 28 25 28 27 24 25 25 23 22 25 24 24 23 20 18 20 31 24 16 18 17 11 19 16 30 18 19 25 28 22 27 36 22 39 20 17 19 35 35 13 12 20 25 34 37 28 28 29 31 31 33 37 45 42 61 109 181 197
30 25 29 9 0 0 54 87 100 126 181 200 122 37 40 35 35 35 30 30 35 30 25 25 30 35 35 35 35 35 10 41 40 30 35 41 30 26 21 27 26 25 27 27 28 28 26 26 24 24 25 25 13 28 23 29 18 21 16 17 18 21 39 17 16 23 25 26 31 37 35 26 24 24 25 35 41 47 19 28 30 48 47 51 48 33 34 36 64 55 71 116 167 195 203 212
30 25 29 3 0 0 0 0 0 37 143 183 182 51 37 46 40 30 25 34 34 43 30 25 29 25 25 30 35 19 8 30 35 35 47 17 14 42 13 35 33 24 18 31 25 23 24 24 23 23 29 22 15 19 23 18 42 18 7 15 18 22 26 18 16 27 26 29 35 35 41 36 31 30 41 41 35 41 20 22 36 50 48 48 34 36 34 0 43 82 146 214 228 233 219 222
30 29 33 37 27 28 0 0 0 0 67 138 177 151 7 26 40 45 35 30 38 43 40 34 29 30 25 25 26 26 12 25 35 41 23 37 23 36 28 16 24 27 24 18 27 25 27 29 28 29 20 19 16 37 41 37 33 31 34 31 25 21 28 39 39 46 32 34 46 26 48 28 41 47 36 25 30 30 23 28 28 28 43 23 31 19 16 78 116 210 235 228 228 233 225 249
40 24 39 26 0 23 24 24 32 0 68 166 202 204 128 37 28 51 46 30 34 36 46 41 35 40 30 30 45 45 50 40 20 26 47 47 42 42 43 34 30 23 28 29 26 20 20 28 16 42 27 24 16 18 19 36 26 35 35 11 11 22 34 39 39 27 40 39 27 30 46 41 41 35 35 30 35 23 28 30 33 33 34 36 0 64 107 158 202 220 224 218 211 222 228 227
38 44 35 16 0 0 0 27 30 25 89 171 199 195 178 130 28 38 43 32 37 36 41 41 43 36 40 46 24 22 51 53 42 36 31 27 24 36 29 46 41 36 36 42 29 17 36 45 47 47 30 20 42 19 42 19 42 53 57 47 17 17 46 46 46 41 33 33 29 43 41 41 41 30 30 30 37 30 30 32 33 38 32 32 63 104 190 209 198 220 250 223 230 229 250 250
48 41 36 24 6 2 0 30 30 31 99 189 204 191 196 185 56 28 30 27 51 38 28 30 43 41 36 46 46 39 42 34 35 22 19 53 53 53 13 48 43 37 50 56 39 43 48 42 42 47 47 42 43 43 32 37 42 48 47 47 30 17 22 17 17 16 19 47 47 58 36 30 30 46 35 34 45 30 32 33 33 0 41 106 170 194 220 224 209 204 235 244 230 235 231 216
30 34 41 37 5 9 10 29 31 28 81 171 201 190 180 189 161 48 26 31 39 44 41 33 36 50 53 37 41 42 42 42 49 48 28 26 65 47 42 48 48 43 43 43 49 48 48 47 29 40 41 42 42 42 42 38 38 38 40 36 47 24 42 42 36 42 42 47 41 61 31 31 46 43 37 24 34 33 0 0 18 93 161 202 219 221 214 224 208 194 205 234 231 220 219 214
40 30 40 39 16 2 0 0 27 0 65 148 198 196 187 192 172 40 28 38 33 43 46 39 26 34 53 51 37 37 42 36 37 37 43 28 19 53 53 47 36 42 42 43 45 48 48 47 24 36 33 22 48 48 53 51 56 56 53 42 42 42 48 42 41 36 37 42 42 64 60 26 24 17 27 39 29 17 22 26 48 147 200 187 207 216 203 223 216 214 209 212 207 208 214 210
40 35 30 20 32 37 40 49 40 27 31 72 111 166 174 174 164 45 37 57 46 40 36 20 42 55 34 45 42 42 48 36 46 37 32 53 36 22 47 41 15 36 36 43 33 36 31 24 29 32 47 53 53 53 53 53 53 53 43 43 37 43 43 43 42 42 42 53 50 34 47 27 31 37 0 37 21 50 88 102 98 104 128 159 206 201 207 223 213 216 218 212 211 202 199 206
35 41 30 12 0 0 38 53 46 39 48 29 84 180 200 178 76 37 45 47 29 35 38 30 24 48 48 43 48 42 42 43 39 42 53 53 31 22 47 47 23 42 48 30 28 29 31 26 43 48 53 53 53 47 47 54 54 43 43 43 37 42 26 19 53 51 50 34 20 150 62 29 51 68 75 136 113 96 103 133 170 161 165 179 214 219 213 219 225 220 202 202 212 195 178 196
35 40 34 0 0 23 0 44 41 33 52 55 109 176 183 168 39 45 46 43 44 33 32 32 23 49 44 37 42 41 42 48 48 43 61 61 48 20 21 25 25 37 34 25 28 33 24 43 56 48 48 47 53 53 54 49 43 48 48 48 37 42 28 32 30 43 36 0 0 92 51 73 108 128 126 138 133 135 131 183 189 202 242 218 208 228 222 215 200 214 209 198 208 210 194 195
36 25 21 25 22 22 0 0 0 32 26 72 144 184 167 158 36 40 40 40 58 47 20 20 54 44 42 48 30 47 48 48 56 39 61 56 43 43 29 19 29 50 16 24 25 50 37 43 48 45 47 56 50 23 24 45 29 32 27 32 57 31 21 13 6 37 0 44 75 106 125 132 162 153 120 120 77 119 165 195 216 209 227 236 202 198 205 208 166 157 196 210 229 222 203 200
35 11 0 0 0 0 31 34 53 31 37 80 146 147 128 130 32 37 38 63 56 58 42 34 46 41 56 56 46 61 61 61 56 41 56 43 27 22 23 57 56 56 61 38 33 19 23 29 61 56 50 57 50 46 48 35 28 36 24 9 59 35 28 22 35 46 89 109 109 121 129 128 147 128 99 164 144 154 154 171 202 204 212 227 220 166 180 204 204 185 193 203 216 199 191 195
25 7 0 0 0 27 0 0 32 0 47 93 134 107 99 52 31 32 33 50 50 63 51 45 39 35 56 25 50 50 15 13 57 50 50 31 30 57 61 70 63 57 22 34 41 37 35 22 63 63 50 56 57 52 25 20 67 28 37 29 20 13 55 84 106 94 86 97 117 161 212 198 175 144 107 163 200 191 201 198 180 193 209 218 222 219 213 208 202 183 183 187 192 188 189 197
17 3 0 0 5 26 0 0 0 21 43 75 88 62 33 31 31 31 32 35 49 53 54 46 43 30 24 34 24 48 52 52 46 47 50 50 36 46 53 57 63 26 37 38 30 29 52 47 36 61 61 48 30 31 28 27 19 31 0 11 39 67 115 141 142 150 154 182 209 211 194 199 201 181 134 179 193 189 217 206 192 199 206 209 208 190 195 207 234 233 179 178 193 205 197 204
30 3 0 0 5 25 22 0 0 42 63 71 62 37 25 28 26 39 31 31 47 38 37 40 35 28 21 52 35 35 56 56 15 46 46 65 61 50 40 40 46 37 38 44 43 38 50 56 33 51 20 33 29 23 20 54 63 54 52 113 182 189 194 210 197 205 200 197 207 216 173 152 204 168 154 185 202 211 218 200 190 208 193 168 192 197 199 202 196 196 192 191 190 195 192 198
35 31 0 44 43 36 37 36 32 50 67 61 57 44 30 28 24 25 27 33 28 37 37 37 37 39 34 36 37 37 46 43 57 65 54 54 54 56 49 12 56 42 52 52 42 34 44 44 39 34 26 22 23 80 67 85 107 130 155 179 216 227 219 217 211 200 203 207 213 218 221 204 213 186 158 176 205 215 210 213 207 207 209 181 179 200 203 189 184 189 195 207 190 183 190 192
35 42 35 27 32 42 33 35 29 56 82 64 51 49 55 27 25 24 46 27 24 24 24 40 37 48 33 39 64 66 48 56 39 42 51 56 59 71 59 56 51 41 41 70 54 38 43 41 60 81 82 82 85 100 101 91 141 188 211 200 211 230 222 218 221 212 208 200 211 220 222 223 193 190 175 191 213 218 214 217 216 211 213 209 199 197 194 189 181 189 192 199 195 184 188 188
36 33 22 24 24 58 51 36 51 82 118 139 76 54 65 57 26 26 22 24 24 25 26 25 25 36 33 29 39 37 27 45 44 42 49 64 56 60 57 55 68 101 99 77 91 128 133 113 131 138 124 96 102 108 114 128 162 214 222 225 212 226 230 218 214 216 217 212 215 224 222 220 199 189 198 201 210 216 220 218 209 211 205 186 193 197 187 219 195 200 203 200 200 204 198 183
41 28 30 24 20 57 52 55 66 145 179 170 118 88 83 64 43 33 29 31 29 35 42 42 37 43 59 49 28 31 48 60 42 42 32 64 75 80 94 132 159 141 145 164 164 178 150 127 118 127 110 77 84 167 170 173 194 212 203 224 237 230 231 230 231 212 205 198 199 211 216 214 191 187 204 206 212 229 224 239 217 220 214 189 192 199 197 196 208 203 200 199 202 213 217 199
