examples/data/proba_v_italy_sicily/probav_s10_toc_x19y03_20150511_333m_ndvi_v001.txt
ncols         1127
nrows         589
xllcorner     12.348214285714
yllcorner     36.598214285714
cellsize      0.0029761904761905
NODATA_value  -9999
[rows 188 to 234 of 589, columns 480 to 575 of 1127]
228 227 232 235 225 213 200 204 222 224 205 187 191 199 205 201 218 221 193 210 224 214 196 195 209 217 213 212 226 221 214 214 211 214 231 236 228 213 222 215 214 227 230 192 229 244 214 196 185 186 203 215 233 226 209 207 186 184 185 201 212 214 225 223 192 179 178 196 212 214 218 208 197 216 223 203 200 219 222 213 199 193 197 205 191 173 181 170 141 188 212 211 216 219 209 199
217 219 226 223 195 162 170 195 213 213 205 184 192 208 196 174 197 226 203 209 216 222 220 226 224 216 231 225 210 215 230 226 216 231 246 242 224 214 221 226 244 234 204 197 223 218 196 214 193 191 202 200 218 222 212 210 196 192 198 192 218 218 233 235 215 202 158 157 183 202 219 211 194 196 214 224 205 212 226 224 227 231 209 192 169 145 155 157 149 179 197 208 213 227 233 216
225 230 247 233 191 163 170 178 180 199 193 188 185 186 170 146 159 220 240 205 178 191 192 216 237 243 232 187 189 224 242 227 228 243 227 226 219 208 208 209 231 235 211 180 205 225 215 215 198 178 194 214 221 213 224 215 208 184 196 201 221 225 230 228 224 210 176 175 194 207 207 181 180 200 212 240 232 228 234 208 207 236 222 193 177 160 161 167 136 161 186 190 183 196 218 209
211 222 250 241 207 202 189 184 184 200 210 210 217 194 208 220 185 187 215 193 167 191 207 217 241 245 231 216 224 233 249 240 219 214 205 219 234 233 231 205 200 215 223 214 217 229 208 195 195 203 211 207 206 213 221 210 196 191 188 209 217 215 224 217 208 207 198 183 190 194 190 182 179 204 227 241 232 225 235 222 196 196 208 220 209 199 205 202 158 115 151 197 209 203 195 205
195 225 249 222 208 207 203 199 205 198 186 199 223 220 216 220 206 194 210 210 202 216 240 234 228 225 231 236 228 214 224 226 212 216 202 206 231 248 229 205 206 195 213 223 223 230 231 210 213 218 211 207 211 220 223 197 196 202 201 209 206 202 205 197 188 183 176 170 165 181 188 205 206 214 225 227 229 235 231 229 223 204 217 229 231 221 221 192 164 142 151 190 215 229 217 193
195 209 212 200 191 195 200 210 210 202 197 197 182 180 184 206 224 230 220 215 218 208 216 220 232 238 230 230 218 197 186 201 215 224 219 222 233 240 226 217 223 199 202 221 237 244 241 240 244 221 210 216 218 234 218 207 210 212 223 217 187 174 179 184 190 183 168 162 158 167 163 201 236 234 228 228 226 217 199 190 201 199 210 223 202 195 223 213 210 220 206 189 193 192 207 205
190 205 208 194 183 193 198 203 188 187 202 208 201 202 192 198 214 223 211 210 216 212 217 231 233 240 236 234 200 188 201 206 207 212 214 216 219 210 216 225 229 216 221 237 239 239 235 233 235 225 221 227 211 229 226 227 232 229 219 215 170 172 206 219 222 210 194 185 165 173 161 172 239 241 229 228 225 216 209 218 232 226 212 230 227 215 233 225 208 220 224 192 196 194 194 207
220 211 216 216 199 194 198 196 188 186 194 197 205 219 225 221 194 175 175 188 203 208 225 230 218 234 228 224 226 225 220 203 214 221 219 215 215 206 195 201 204 209 226 239 244 235 224 207 225 248 239 220 218 209 221 224 225 229 214 213 221 230 238 231 229 215 196 189 187 170 170 181 225 240 240 211 179 206 227 221 220 213 209 210 233 230 225 230 203 217 228 210 205 219 211 195
239 213 217 224 220 217 207 203 198 191 200 208 195 212 226 217 195 191 170 193 219 205 182 192 214 234 221 213 215 211 208 217 221 216 212 209 193 185 185 204 211 223 219 218 219 235 242 221 220 246 239 225 230 226 235 245 228 229 229 216 230 239 237 223 204 210 208 204 184 162 159 175 196 229 239 216 186 219 233 221 203 199 210 217 211 214 216 227 212 198 216 216 225 217 192 185
224 200 207 221 233 225 216 211 200 198 221 217 198 208 211 206 212 182 168 196 223 220 214 213 216 212 210 218 220 202 221 230 217 226 214 201 202 214 205 205 215 213 211 219 214 222 228 227 226 232 228 231 221 230 232 235 216 228 236 231 229 223 214 213 199 198 219 225 181 162 148 128 180 233 231 226 216 221 224 227 218 207 213 218 202 199 215 226 225 202 212 212 218 221 177 182
201 202 216 228 234 223 214 208 193 196 201 195 189 185 200 200 198 197 185 195 210 208 193 184 187 188 199 214 210 204 221 218 213 223 216 215 217 217 214 227 236 210 202 233 241 233 223 222 206 211 225 222 211 210 213 234 228 238 245 244 234 226 223 232 238 224 209 205 190 175 162 152 188 216 231 238 221 220 225 241 244 224 210 200 202 232 234 229 221 214 220 218 230 247 237 199
198 205 222 226 220 219 207 214 221 213 197 180 197 202 199 202 212 211 201 184 181 160 154 189 198 192 206 222 209 204 192 183 208 216 215 225 239 246 237 241 245 240 239 249 248 240 235 222 203 225 236 220 217 219 225 229 232 240 239 230 214 234 224 194 214 241 238 223 204 205 216 209 207 211 230 230 216 221 221 216 218 220 229 228 224 236 227 222 219 234 236 225 235 243 235 206
213 206 195 208 217 208 194 207 207 197 192 179 187 213 208 188 191 191 194 195 178 160 166 179 191 211 218 195 163 155 163 166 194 222 218 218 228 228 217 220 236 237 224 207 219 227 227 228 233 238 228 213 219 231 241 228 226 234 230 223 215 235 230 189 203 233 236 239 224 230 228 213 203 192 194 191 199 204 210 204 180 158 170 201 216 218 225 222 225 232 223 208 205 184 178 185
192 200 201 214 213 205 196 206 199 184 181 167 166 182 201 189 175 188 181 192 192 204 207 200 191 202 210 201 219 216 194 198 218 230 221 214 221 232 240 247 243 214 196 208 226 234 230 223 225 226 197 202 208 220 239 233 218 224 226 232 241 234 212 170 196 224 227 225 220 218 227 225 209 201 223 214 201 195 184 204 216 196 181 205 222 204 202 229 238 236 230 235 204 199 192 175
169 201 213 217 217 228 220 224 216 190 186 186 182 159 162 188 167 143 146 176 178 177 197 194 186 196 208 203 215 219 207 203 214 208 178 215 239 220 205 204 205 204 202 233 234 223 224 214 218 238 225 213 224 232 237 227 221 219 213 217 245 250 227 177 192 238 237 191 185 212 212 211 207 218 225 228 213 193 174 170 226 250 248 246 240 236 223 220 227 234 236 234 209 197 164 173
198 210 212 193 200 221 218 216 219 212 209 190 176 176 156 138 111 98 108 130 164 159 174 187 192 199 226 231 225 219 205 200 209 217 221 228 234 208 186 199 205 220 212 223 241 235 212 200 212 228 232 231 228 231 226 222 228 233 227 222 220 222 212 196 193 190 183 162 184 224 213 208 208 215 215 228 231 231 219 202 227 250 250 248 240 240 248 242 247 250 235 214 178 149 146 182
227 233 209 181 200 216 205 204 209 216 219 210 195 163 146 150 136 134 133 147 176 177 201 203 187 187 220 226 206 201 210 215 221 213 203 202 179 185 191 202 213 226 221 223 236 244 225 222 233 233 233 217 222 221 212 218 229 234 229 223 214 219 226 228 223 195 171 172 191 219 213 198 193 194 207 233 232 241 238 224 226 239 245 245 238 230 243 250 250 248 236 228 184 157 161 198
223 230 218 205 223 227 212 215 218 237 229 199 178 159 182 203 184 162 165 191 204 188 189 198 201 193 201 196 191 192 209 211 207 201 194 184 188 192 192 185 214 217 216 232 243 248 242 231 242 244 235 223 219 229 228 219 225 227 230 224 215 222 222 227 230 220 205 210 211 239 250 232 225 221 192 204 223 228 232 225 225 221 217 232 238 234 231 240 235 238 239 230 180 148 185 204
195 213 223 217 225 234 224 217 225 229 225 203 181 179 197 207 198 162 162 192 212 204 194 189 199 189 186 182 193 199 196 193 196 197 209 217 203 187 208 216 222 201 203 220 239 232 225 242 250 233 213 230 232 232 240 238 227 220 227 221 216 219 230 237 247 224 223 219 236 236 240 240 250 242 203 194 203 189 199 211 211 206 203 214 218 214 228 235 232 218 204 204 159 141 195 223
181 184 223 213 214 213 218 225 228 215 206 211 213 214 210 197 186 173 152 155 175 176 193 202 195 181 193 199 189 184 175 175 181 208 213 206 194 174 191 209 210 197 197 215 225 199 198 241 236 205 208 220 225 234 249 246 238 228 217 222 237 233 225 234 245 235 235 229 216 224 237 231 239 240 229 230 230 202 183 208 209 192 184 181 190 202 197 206 220 228 208 187 173 191 222 221
222 212 223 221 215 216 224 233 227 200 191 210 230 213 195 175 183 201 175 181 189 175 175 193 202 195 211 210 198 204 200 194 186 198 199 187 187 198 212 210 195 193 185 196 214 215 218 223 181 195 226 216 207 229 237 219 225 230 216 231 234 227 223 231 239 236 236 223 227 231 224 219 236 247 233 220 221 209 204 220 232 221 219 198 186 183 199 226 224 218 198 177 186 214 234 232
229 218 212 228 224 217 218 217 213 203 201 200 203 205 202 203 168 165 169 176 182 176 163 182 206 202 205 203 194 208 207 195 204 194 180 173 190 208 223 206 187 179 181 194 204 225 236 229 204 232 248 223 190 191 218 201 186 210 210 211 215 220 227 226 215 226 235 238 241 227 207 210 233 239 217 208 224 218 217 213 227 236 231 213 191 180 193 215 222 217 195 180 202 208 224 239
218 231 204 226 243 205 181 164 153 190 199 194 188 179 186 202 180 149 165 169 176 183 177 185 197 207 201 196 201 214 199 174 183 194 204 184 169 165 192 201 200 204 209 216 225 230 232 228 226 236 244 236 219 190 197 201 181 200 224 225 227 234 223 217 214 216 226 237 230 213 221 232 231 224 214 208 224 209 209 226 230 231 231 226 208 183 169 173 184 196 192 222 241 214 210 228
219 209 204 243 250 215 186 191 174 186 205 211 210 209 207 216 202 191 189 177 168 179 198 194 191 189 181 187 178 177 173 186 210 208 215 201 192 190 202 214 224 226 213 215 209 185 189 194 202 208 234 244 228 171 181 200 198 212 238 242 231 236 229 217 222 221 224 229 225 207 218 236 233 226 227 224 221 219 225 239 237 231 230 224 221 206 168 139 151 185 213 215 207 204 196 217
205 216 204 221 226 219 208 212 219 222 214 225 222 222 221 214 213 205 179 150 142 153 187 188 190 194 172 168 175 173 166 165 201 225 226 200 188 200 204 207 212 216 201 198 186 180 196 199 205 219 232 241 222 188 217 238 232 237 245 244 224 225 231 194 200 240 237 235 226 214 213 226 219 221 232 219 215 223 233 246 247 232 219 211 222 221 203 185 173 198 231 223 205 213 223 230
195 209 205 222 230 224 202 201 204 213 225 229 224 223 223 208 190 177 151 143 140 147 188 203 201 194 179 190 219 221 204 186 186 229 226 199 192 219 207 187 197 206 198 193 188 196 216 184 196 223 237 232 212 207 226 237 240 242 227 213 214 221 211 205 203 218 225 225 222 221 222 227 221 228 244 231 219 220 227 239 235 221 213 222 234 238 222 196 177 202 225 222 205 214 228 241
200 201 197 194 221 238 211 204 216 218 211 220 223 221 237 222 156 136 134 130 151 131 153 208 223 216 201 199 224 218 214 222 215 226 230 211 204 217 220 208 192 195 192 190 190 182 196 170 167 228 239 234 221 212 223 236 243 244 221 200 223 224 215 222 215 202 208 225 220 217 212 209 214 213 209 220 219 212 208 205 206 174 170 216 221 217 220 187 175 226 222 182 170 193 217 231
189 187 193 184 193 199 196 197 207 220 203 204 202 168 193 208 140 150 159 147 171 136 120 150 167 196 211 209 225 229 219 234 240 216 209 218 219 214 205 201 205 213 212 203 196 185 175 198 200 222 229 233 236 237 237 238 236 224 213 215 209 215 217 224 229 216 215 223 203 195 201 202 212 203 173 170 204 216 186 180 202 209 219 230 217 213 220 225 206 194 220 206 204 209 203 204
189 201 218 191 193 191 159 161 171 208 222 209 214 201 180 187 175 174 168 170 163 142 133 134 125 126 180 237 242 236 226 222 227 215 209 212 216 212 202 205 204 211 214 203 194 207 194 215 232 232 231 221 233 246 245 246 233 226 230 202 205 210 215 204 209 215 227 226 199 201 222 224 217 208 190 181 203 212 200 190 203 212 206 213 217 207 213 221 218 192 206 225 227 219 206 201
199 202 210 198 194 187 167 160 163 193 209 191 186 186 194 189 190 169 172 178 146 129 137 125 116 121 157 237 232 215 206 208 211 220 209 171 155 190 206 204 177 196 210 213 216 222 206 204 225 238 241 221 219 230 237 232 214 227 237 217 205 194 196 215 213 219 230 228 205 206 228 228 224 218 213 219 212 200 203 206 210 219 210 206 204 186 204 218 207 182 157 189 211 213 219 195
189 195 215 205 182 173 187 199 194 195 213 197 187 190 197 174 166 162 192 203 166 147 133 120 111 121 156 216 210 207 221 224 220 217 213 192 182 197 199 181 169 177 208 226 224 191 202 212 213 228 228 201 217 240 238 226 212 219 212 195 197 199 190 207 213 209 202 211 222 218 223 229 218 205 200 204 206 205 211 216 225 218 198 187 197 178 176 205 223 207 171 160 172 197 230 231
184 194 214 205 203 203 201 175 197 189 187 199 182 195 216 191 184 191 196 188 154 172 160 143 120 137 196 216 201 209 220 226 226 224 207 179 174 188 214 193 171 191 211 224 217 187 203 223 210 185 211 230 237 244 241 230 217 219 223 213 202 190 200 225 221 218 208 203 214 221 219 213 206 190 188 194 215 224 224 215 220 226 209 182 207 235 219 190 190 203 200 176 162 201 207 217
191 196 201 201 216 213 199 178 183 184 171 154 148 153 164 177 198 193 182 168 169 183 188 164 155 154 216 233 217 217 219 218 215 205 211 185 188 217 206 180 171 192 214 210 182 154 198 226 213 189 198 226 239 223 210 210 218 226 234 220 187 187 222 225 201 184 200 210 209 214 219 209 204 197 200 210 210 184 195 209 217 222 191 165 195 235 240 223 192 190 209 191 170 207 201 160
168 176 201 211 217 201 205 206 194 180 176 161 139 149 152 145 179 182 169 190 203 191 177 156 152 152 184 207 217 225 220 199 199 182 199 195 174 204 218 202 207 218 225 228 195 186 194 215 202 187 202 222 226 216 205 196 208 231 234 215 186 208 234 222 195 169 185 208 223 218 226 211 182 192 201 215 210 183 180 206 222 242 219 163 183 207 189 198 217 208 213 209 174 182 217 180
162 170 206 220 207 204 213 191 181 175 160 177 174 178 191 175 159 155 158 177 194 204 188 160 171 167 161 181 192 209 216 208 196 175 190 203 199 216 215 194 197 220 226 223 191 205 232 219 209 204 206 197 187 206 221 191 168 195 233 207 169 214 225 203 203 201 195 218 236 220 211 196 182 197 207 216 213 208 198 206 214 221 217 195 222 232 217 202 202 191 197 215 179 160 187 194
189 192 189 186 177 201 211 171 164 161 165 174 178 160 158 163 160 144 129 134 144 146 176 169 177 187 171 173 171 162 175 186 182 179 193 202 196 224 224 218 225 245 245 205 174 195 228 218 223 213 223 212 204 208 199 180 145 171 217 175 165 209 203 204 204 197 199 215 229 230 224 215 185 192 205 203 194 199 216 223 225 214 205 204 231 237 225 223 232 226 216 218 186 156 178 183
178 164 186 195 212 211 202 171 170 138 152 172 163 132 137 149 134 119 108 108 115 117 136 138 135 174 198 213 200 173 196 204 187 155 174 212 202 214 208 215 232 246 211 159 168 181 201 217 214 199 208 216 214 198 166 146 144 171 218 189 182 198 180 197 188 171 182 204 215 211 219 233 215 181 172 177 177 169 203 214 204 194 188 212 227 222 213 210 211 218 215 223 222 174 182 205
169 167 211 205 199 188 142 127 142 130 138 140 137 141 138 134 149 137 87 91 108 128 150 149 141 167 175 201 217 199 208 201 175 167 179 221 219 204 210 216 211 213 200 171 170 161 155 185 209 221 220 214 215 205 207 189 179 188 204 181 159 158 160 170 165 147 160 194 226 220 205 210 216 188 174 176 189 187 198 220 194 189 183 171 188 184 180 190 212 223 216 213 221 185 175 211
170 179 221 209 199 179 141 141 198 167 146 148 149 146 148 135 144 141 110 131 144 150 159 167 165 203 212 192 171 186 179 124 144 177 167 184 208 215 227 215 208 206 181 177 170 170 174 182 173 191 206 217 211 204 198 192 196 198 202 208 178 158 161 158 170 163 145 161 184 197 198 205 215 227 211 203 206 210 210 202 191 187 199 177 138 108 139 181 176 196 218 223 214 167 154 193
212 203 220 222 179 174 215 216 216 214 178 156 156 155 156 150 148 137 133 134 128 142 171 172 156 163 181 183 151 155 166 153 166 197 192 179 192 191 182 197 193 186 149 140 190 202 199 151 147 165 197 214 207 181 186 195 208 216 204 209 179 152 173 180 201 209 200 198 186 196 216 225 204 202 207 211 218 229 232 213 187 187 200 188 151 138 146 159 160 177 185 191 182 172 175 212
215 176 192 210 190 198 232 232 215 185 178 190 196 197 192 205 198 163 126 140 155 158 169 167 187 205 165 129 159 168 159 165 182 202 205 203 185 177 185 201 197 188 189 192 194 195 206 143 158 181 180 197 215 180 179 206 212 211 221 212 172 163 192 197 194 194 210 212 206 204 206 212 196 200 210 202 213 215 202 196 206 218 205 196 183 175 184 181 172 176 181 165 171 175 185 200
234 195 180 200 185 169 182 197 175 161 181 210 206 202 200 203 197 178 164 188 209 200 204 196 175 191 185 181 199 192 173 201 210 227 215 219 215 202 179 186 193 182 183 179 193 207 220 180 170 188 200 190 204 193 201 225 223 188 198 189 159 155 147 165 193 206 221 209 210 211 194 193 200 217 225 198 191 198 204 220 217 230 229 220 209 213 221 209 193 203 216 214 217 195 174 185
229 237 191 183 191 190 188 177 161 194 196 200 207 183 177 169 175 191 195 181 178 176 197 205 206 209 191 201 197 195 204 218 223 225 215 225 224 208 201 187 188 182 185 197 195 175 183 202 209 199 198 215 203 184 205 213 195 150 115 122 167 190 145 135 154 165 200 201 199 183 165 171 174 195 212 205 198 207 205 207 201 215 221 212 207 207 207 210 207 218 224 215 212 179 170 174
174 201 175 180 207 194 213 222 197 213 224 200 190 185 175 169 193 200 205 211 197 185 207 213 206 210 195 197 207 203 195 190 208 205 196 196 202 197 186 184 190 174 177 200 212 169 168 226 233 217 212 237 197 157 198 218 211 176 167 198 218 204 168 151 124 146 184 187 194 193 181 170 169 164 181 205 201 203 221 223 211 204 202 209 214 209 202 210 217 215 212 195 204 191 208 211
186 196 201 213 206 166 169 197 190 196 221 213 197 188 172 181 194 193 196 208 192 170 189 198 182 192 196 196 205 196 211 221 207 197 201 189 192 214 208 182 171 188 178 215 232 213 198 230 224 224 230 234 215 198 209 208 191 182 200 204 197 195 198 197 169 179 186 181 190 172 174 168 183 193 206 212 199 189 190 200 200 217 229 217 208 211 217 212 228 227 216 223 228 207 195 184
199 191 214 188 169 184 189 179 156 164 183 173 168 179 200 206 191 208 190 169 148 145 138 156 153 152 196 207 187 200 204 180 176 185 191 171 184 212 215 196 166 165 174 195 221 229 187 203 204 186 211 227 231 242 234 223 214 220 211 167 171 179 198 206 196 183 176 183 170 177 200 188 195 190 189 176 170 180 191 192 192 200 218 220 223 235 248 238 236 234 223 225 217 214 213 181
160 156 199 218 208 182 182 179 160 163 146 141 170 190 193 190 198 209 203 212 176 150 108 95 122 143 183 187 160 163 171 169 179 202 203 202 211 222 216 180 179 195 195 185 216 230 222 216 213 197 213 217 223 241 232 211 223 214 206 149 160 190 224 233 205 226 238 226 221 216 217 203 218 197 179 171 186 200 221 226 225 219 208 223 225 232 248 246 232 236 240 238 229 226 220 201
