examples/data/proba_v_italy_sicily/probav_s10_toc_x19y03_20150321_333m_ndvi_v001.txt
ncols         1127
nrows         589
xllcorner     12.348214285714
yllcorner     36.598214285714
cellsize      0.0029761904761905
NODATA_value  -9999
[rows 392 to 440 of 589, columns 480 to 575 of 1127]
114 143 144 149 145 138 146 176 190 207 205 200 199 185 129 99 105 130 105 102 132 123 109 103 115 86 85 133 126 88 91 95 151 177 168 168 188 205 203 199 157 191 228 216 210 212 201 202 219 206 180 206 213 195 197 200 198 195 186 164 131 140 203 232 199 161 192 223 242 241 237 233 232 218 181 202 202 166 146 146 132 143 138 128 139 159 138 186 218 171 171 199 178 117 142 216
97 103 141 146 126 139 156 180 198 203 197 197 202 202 152 133 152 137 115 124 129 104 100 138 165 158 162 192 150 107 97 80 133 187 211 217 200 188 188 211 215 205 200 208 199 202 209 202 194 198 199 199 212 203 201 198 202 203 202 202 179 172 198 193 202 215 208 194 204 209 224 235 229 218 219 187 149 147 143 140 176 170 135 173 146 138 144 188 219 182 168 171 162 116 125 161
152 135 148 143 132 127 142 169 203 210 211 188 166 164 152 179 214 197 140 115 124 127 144 177 203 206 192 158 161 145 112 145 166 142 164 193 193 186 202 221 219 207 197 197 195 197 209 206 197 194 195 197 200 205 208 201 196 190 172 181 187 181 201 167 170 221 228 193 219 208 197 211 205 196 202 204 156 116 116 136 203 248 188 175 184 171 178 152 148 169 181 189 173 139 146 146
138 117 143 152 136 151 134 130 160 185 178 119 110 136 177 200 215 224 203 158 161 185 168 157 188 204 203 207 175 143 126 114 146 173 178 185 188 182 168 163 191 219 224 215 207 203 199 202 204 204 205 203 207 213 220 220 200 186 182 190 195 160 182 190 189 197 199 184 197 198 188 200 217 214 212 210 191 150 143 173 194 212 168 172 217 197 147 113 138 151 139 169 148 123 88 91
129 138 128 143 159 165 129 109 111 151 162 112 113 154 175 180 199 219 229 223 203 208 201 201 199 200 197 195 183 164 196 190 181 209 192 187 184 197 199 196 204 229 237 223 208 210 203 188 189 197 199 191 171 185 182 183 181 178 212 196 187 167 165 207 227 232 209 187 186 186 192 207 227 224 209 220 227 219 201 209 207 198 179 186 193 169 147 109 84 81 77 106 143 139 115 131
137 172 165 154 176 165 132 98 99 122 153 134 132 135 138 134 169 208 216 240 231 219 205 192 188 188 194 190 192 172 155 193 221 212 189 191 196 171 203 196 174 183 197 203 205 216 204 187 181 190 161 117 126 162 160 159 153 182 201 165 157 161 158 205 219 207 209 226 208 190 202 217 216 220 216 214 218 238 219 198 210 220 204 177 140 95 79 82 75 77 90 112 117 129 149 190
178 195 168 140 152 129 119 93 116 146 118 133 162 132 125 163 173 175 201 238 217 201 207 199 195 177 179 199 181 153 159 176 191 198 192 156 153 162 173 189 170 167 173 178 177 162 176 189 182 157 129 124 147 182 175 189 174 175 177 154 153 172 203 225 228 208 236 232 157 163 200 196 210 222 211 200 208 223 218 198 204 204 181 192 177 136 148 115 105 102 91 96 115 152 185 189
146 170 144 119 116 97 93 114 132 132 124 102 105 163 135 131 157 171 189 227 216 202 190 195 198 156 135 194 181 96 131 185 166 146 180 193 160 125 122 168 183 165 156 142 167 183 198 199 197 181 163 168 174 196 190 205 198 170 189 181 199 221 211 225 216 201 240 193 139 178 223 222 218 212 216 226 233 230 235 221 207 204 182 185 187 185 204 178 147 154 148 157 189 183 201 205
135 175 160 127 129 132 127 127 107 112 132 115 94 125 136 117 129 152 170 208 206 187 178 173 155 158 179 173 180 137 140 175 159 123 141 175 171 167 161 176 174 155 128 140 172 218 244 205 158 174 174 176 217 203 185 179 187 190 192 188 199 204 202 210 204 196 201 167 151 188 216 209 153 163 207 220 236 241 228 216 210 214 208 211 195 180 204 198 178 181 181 171 183 163 182 214
151 156 163 149 131 153 166 148 125 118 125 142 138 133 149 161 158 153 153 142 121 120 136 142 132 184 210 155 162 165 216 230 196 168 156 160 152 175 196 177 161 149 150 153 172 191 216 195 155 157 155 178 204 177 174 180 178 187 182 172 176 178 174 165 149 157 161 182 209 182 174 199 202 209 218 220 234 233 220 213 208 215 198 199 207 202 193 194 189 199 201 172 151 155 169 206
165 168 175 186 166 172 184 193 162 137 142 146 152 148 142 130 141 162 133 132 165 162 136 171 178 158 159 157 179 207 201 181 174 187 148 141 204 196 218 219 198 182 198 206 181 185 188 205 216 192 149 160 186 183 173 181 174 169 169 189 184 181 172 166 160 162 168 178 208 178 147 167 183 201 206 189 208 218 204 178 190 220 217 211 207 204 195 196 194 164 149 157 169 157 175 194
140 172 189 185 177 168 162 164 163 150 157 149 145 162 180 176 165 166 159 140 136 184 154 167 216 201 185 170 182 212 208 171 169 194 171 171 196 190 221 211 180 175 209 236 203 186 189 197 192 164 112 136 173 195 183 183 172 134 138 189 202 189 172 169 161 148 166 163 179 203 200 199 192 158 183 180 184 206 192 185 202 210 218 213 213 217 206 216 215 147 136 152 177 174 181 173
132 135 170 168 147 157 189 162 140 132 139 143 140 143 153 159 154 149 149 145 126 167 183 194 196 180 216 223 197 166 153 160 177 183 179 193 189 195 174 140 140 178 200 216 211 185 178 165 161 145 98 122 155 169 160 160 162 175 176 168 172 167 172 163 179 177 138 121 162 165 163 174 182 169 190 209 196 185 161 187 206 206 220 209 201 196 168 185 210 197 173 189 179 175 163 135
81 33 47 56 36 66 117 133 118 101 94 112 116 96 96 134 157 182 163 168 170 147 174 222 209 175 206 206 215 161 110 119 176 176 171 167 172 194 166 130 160 179 188 210 223 193 169 147 174 169 150 164 145 149 172 175 172 210 226 193 191 158 153 159 156 170 187 159 147 148 173 193 190 172 156 173 183 173 157 196 208 183 211 216 198 162 115 139 151 143 180 186 164 152 164 158
9 34 0 6 0 0 28 0 0 37 45 0 0 0 0 0 1 71 117 137 150 120 145 222 210 138 154 187 214 193 153 148 188 156 125 133 117 160 190 140 170 183 155 155 157 141 143 150 127 94 126 159 136 135 150 176 163 183 236 246 233 178 145 150 142 136 150 144 108 167 218 190 161 171 168 164 174 194 202 205 197 171 168 189 173 118 118 134 127 133 181 193 173 144 152 171
0 0 7 17 0 0 38 35 37 43 0 0 0 0 0 0 0 0 21 75 114 141 162 211 177 91 110 178 192 200 172 181 172 145 142 168 115 133 165 152 156 163 156 137 135 159 148 137 130 117 160 194 160 149 162 207 231 194 223 250 242 219 195 178 198 214 181 139 113 135 199 172 142 143 145 149 160 164 167 189 184 171 168 161 170 148 139 129 110 134 153 142 129 152 190 201
0 0 0 15 0 0 36 0 7 18 0 0 0 0 0 0 0 0 0 0 25 74 145 168 144 118 163 220 230 207 186 187 160 165 199 195 158 163 160 155 144 150 157 151 142 161 158 124 123 129 124 156 135 139 170 145 191 214 227 250 244 221 193 185 216 192 155 132 121 141 179 182 169 173 168 166 174 163 169 172 187 172 151 136 150 122 118 154 138 150 152 137 126 147 178 179
30 0 0 0 21 0 0 0 0 0 0 0 0 0 0 35 0 0 11 2 0 0 31 120 188 188 192 183 183 176 180 214 214 198 214 207 190 194 184 179 164 147 143 147 169 140 139 139 150 119 115 149 172 195 208 198 180 189 216 246 235 181 157 184 191 149 131 130 118 127 145 178 178 159 182 195 190 189 190 188 188 151 133 166 169 140 114 118 115 105 116 113 107 139 167 160
26 0 9 15 0 0 0 0 0 0 0 0 0 24 12 4 0 0 0 11 0 0 0 31 100 139 153 131 135 177 214 201 192 183 203 176 163 158 145 136 153 143 152 162 163 136 128 154 162 160 150 152 154 174 210 204 145 165 197 224 224 203 194 191 160 134 146 161 141 140 153 164 173 150 158 175 190 210 208 171 162 183 190 204 176 143 131 127 135 119 124 143 128 163 192 181
0 26 0 6 0 0 0 0 0 0 0 0 0 0 0 0 0 0 0 7 0 20 28 32 0 97 137 122 122 127 145 147 137 123 156 175 161 154 173 173 146 152 138 126 141 143 137 163 147 138 159 163 127 111 140 188 191 189 217 211 200 193 200 179 153 135 142 157 165 153 172 170 178 181 194 196 197 190 192 179 177 190 175 179 192 193 199 183 146 151 181 193 184 199 210 221
0 26 0 0 0 0 0 0 0 9 14 4 0 0 0 0 0 0 0 0 18 34 0 0 0 30 95 121 102 82 77 88 89 84 93 112 148 163 146 154 147 131 111 114 134 150 153 134 136 144 159 140 141 128 123 166 199 192 211 201 188 165 157 138 136 134 135 154 180 165 168 192 201 195 204 192 183 170 177 187 194 209 205 197 194 199 201 201 165 190 212 218 222 223 217 225
0 0 0 0 0 0 0 0 0 0 0 0 0 0 0 0 0 0 15 20 33 0 0 0 0 0 4 98 127 90 74 78 81 96 111 118 143 151 124 125 130 117 107 114 133 124 151 109 114 164 150 129 145 174 167 179 201 197 188 161 158 173 147 127 144 156 158 162 200 207 198 192 162 191 211 200 180 158 168 186 196 208 220 217 211 222 216 208 168 170 224 236 190 193 232 223
0 0 0 0 22 27 0 4 0 0 0 13 0 0 0 0 0 0 12 25 0 0 0 0 0 0 0 37 153 132 88 89 81 85 124 145 141 147 144 114 123 118 124 131 137 124 155 167 135 162 152 136 145 157 185 190 193 179 166 199 177 159 158 141 148 176 206 216 211 199 170 148 145 195 206 176 170 175 189 204 210 219 226 222 215 222 221 189 164 168 226 231 191 188 201 176
0 0 14 18 27 16 10 0 4 5 4 3 0 0 0 0 0 0 17 25 0 0 0 0 0 0 0 0 81 115 89 100 129 145 142 141 143 136 150 154 138 148 149 147 125 112 142 145 127 135 126 138 139 106 105 144 199 197 177 168 145 124 113 118 153 200 210 192 183 167 144 145 181 190 195 195 198 191 182 203 226 220 223 216 220 225 193 197 190 186 213 197 175 168 159 170
18 6 7 0 28 0 0 0 0 0 5 0 0 0 0 0 0 0 18 0 0 0 0 0 0 0 0 0 67 141 134 152 177 154 131 146 153 152 158 180 130 135 147 141 143 127 113 110 106 121 106 94 126 136 124 138 167 162 153 108 80 111 109 110 146 155 151 161 173 166 152 160 197 191 169 202 212 180 168 202 228 200 188 197 217 219 184 164 162 144 176 167 126 126 135 127
4 2 0 0 27 12 12 0 0 0 10 2 16 0 0 0 0 0 19 0 12 8 20 0 0 0 0 0 0 39 98 121 164 158 159 146 146 183 171 176 163 159 150 142 148 152 152 146 133 102 75 87 96 116 150 140 148 137 88 84 94 138 155 132 158 153 112 114 122 116 110 103 110 109 99 118 131 123 137 166 158 118 141 167 156 155 188 201 154 142 137 122 109 89 62 48
0 0 0 16 28 0 0 0 0 0 0 0 0 18 29 0 0 20 0 0 0 0 0 0 0 0 0 0 0 0 0 0 100 150 170 184 170 165 165 166 178 180 160 167 179 182 176 169 159 133 96 89 65 74 105 117 90 69 65 116 141 138 134 126 108 70 16 0 0 0 5 0 0 0 0 0 0 0 0 25 19 26 13 13 13 55 102 118 57 27 5 2 26 0 0 0
0 0 0 16 29 28 0 0 0 9 23 0 0 0 0 0 0 20 0 0 0 0 0 0 0 0 1 0 4 0 2 14 0 14 77 113 149 155 170 187 173 145 128 137 178 187 188 180 169 153 145 134 87 55 56 61 55 68 88 105 99 71 36 29 21 6 0 0 0 0 10 0 0 0 0 0 0 0 0 14 6 21 0 0 0 0 0 0 3 0 0 0 36 0 0 0
0 0 0 21 25 0 30 0 0 2 25 0 0 0 0 0 0 0 0 0 0 0 0 0 0 0 0 0 0 0 0 3 0 18 0 0 31 113 157 171 168 144 143 138 145 158 173 168 165 157 144 156 162 113 62 61 71 85 86 42 0 0 2 0 0 0 0 0 0 0 0 0 3 0 0 0 0 0 0 5 4 0 0 0 8 16 0 0 0 0 2 0 15 2 0 0
0 0 0 15 0 0 0 30 0 0 8 18 15 7 0 0 0 0 0 0 24 30 0 0 0 0 0 0 0 0 2 0 0 0 0 0 0 0 32 77 119 116 127 145 137 130 126 91 43 45 53 64 114 114 65 59 58 28 0 0 0 0 0 0 0 0 0 0 0 0 0 0 6 0 0 0 0 0 8 0 0 0 0 0 0 0 0 8 0 0 19 0 0 0 0 0
5 0 3 0 0 0 30 26 28 0 12 11 0 0 0 0 0 32 32 24 15 23 9 12 33 0 0 0 0 0 0 20 0 0 0 0 7 0 0 0 0 12 9 36 39 0 0 0 0 0 10 0 26 51 19 21 6 0 0 0 0 0 0 0 0 0 0 0 0 0 0 0 0 0 0 0 0 5 16 0 0 7 0 0 19 0 0 0 17 14 26 0 0 0 0 0
5 16 1 0 0 28 30 5 5 5 0 0 0 0 0 0 0 0 0 0 6 2 0 0 0 0 0 0 0 0 23 29 28 0 0 0 25 0 0 0 28 20 0 0 10 0 18 28 0 0 0 0 0 0 13 23 0 0 0 0 0 0 0 0 11 0 0 0 0 0 0 0 0 0 0 0 8 4 0 0 0 0 0 8 0 0 0 0 0 14 13 0 0 0 0 0
23 8 8 18 19 29 7 9 2 1 1 0 3 1 0 0 0 0 0 0 0 19 0 21 22 18 10 10 0 0 0 0 0 0 0 21 29 8 0 0 0 0 0 0 16 18 0 0 0 0 0 0 2 1 10 0 0 1 7 0 0 0 0 18 0 0 0 0 0 8 0 0 0 0 0 0 0 0 3 1 0 0 0 0 0 0 21 0 0 10 0 0 0 0 0 0
7 6 8 35 24 19 32 0 27 33 3 3 6 2 2 0 13 9 0 0 0 0 12 2 0 0 4 13 1 0 0 0 0 0 18 28 0 0 0 0 0 0 0 0 0 0 0 25 24 26 23 11 0 0 0 0 0 0 0 0 0 0 0 21 0 0 0 0 0 0 0 0 0 0 0 0 0 0 20 14 0 0 0 0 0 0 24 0 0 0 0 17 12 7 0 0
8 6 16 16 29 31 31 31 33 14 0 29 8 8 10 9 10 12 12 13 12 2 0 0 0 0 0 0 0 0 26 0 0 0 0 0 0 0 0 0 21 25 21 17 0 20 29 29 0 0 0 17 18 12 12 0 0 0 0 0 0 0 0 0 0 0 0 0 9 0 0 0 0 0 0 0 0 0 19 14 0 26 23 5 0 0 20 0 0 0 0 0 0 8 0 0
9 9 17 10 4 0 38 31 19 33 16 8 11 12 19 18 17 14 10 11 0 0 7 11 13 6 0 0 0 0 0 0 0 0 0 0 0 0 0 0 0 25 0 24 31 0 0 0 0 0 0 19 23 0 12 0 0 0 0 9 14 8 0 22 0 0 0 0 0 0 0 0 0 0 0 0 0 0 9 19 0 0 5 0 0 0 16 0 0 0 0 0 0 6 0 3
9 7 10 17 21 41 35 10 28 34 31 6 10 10 13 8 12 26 23 29 22 11 2 9 20 10 4 15 13 0 0 0 0 0 0 0 0 0 0 0 0 0 0 0 0 0 0 0 0 0 0 0 0 0 17 0 0 0 0 18 0 0 0 0 0 0 0 0 0 0 0 0 0 0 0 0 0 0 0 0 0 0 0 0 0 0 9 0 0 0 8 0 0 11 0 11
7 17 18 21 17 41 6 10 12 19 22 10 6 10 10 6 9 13 10 17 23 13 8 11 22 20 17 18 21 17 0 0 0 0 0 0 0 0 9 6 0 0 0 0 0 0 0 0 0 0 0 0 0 2 22 0 0 17 20 0 0 10 0 0 20 0 0 0 0 0 0 0 0 6 0 0 0 0 16 0 0 0 0 0 0 0 0 0 0 12 0 14 8 10 8 6
19 20 23 23 33 42 8 10 8 18 10 6 10 10 9 7 9 18 16 9 6 8 9 16 11 13 14 17 21 12 7 0 4 0 0 0 0 0 3 10 1 0 0 0 0 0 0 0 0 0 0 0 0 6 18 0 0 0 0 0 0 0 17 17 25 0 0 0 0 0 0 0 11 7 0 0 18 0 0 0 0 0 0 0 0 0 0 0 15 0 0 8 5 11 12 15
21 22 23 20 13 10 41 15 15 9 10 10 10 10 9 12 12 9 8 9 7 8 9 17 15 16 20 16 19 18 7 14 18 14 0 1 0 0 0 0 0 0 0 0 0 0 0 0 0 0 0 0 0 0 14 0 0 0 0 0 6 0 0 0 0 0 0 0 11 11 0 0 7 11 6 0 0 0 0 0 9 0 0 0 0 0 0 0 0 0 0 0 0 0 0 0
20 6 21 15 10 6 35 6 14 10 10 10 10 10 12 9 23 18 10 13 12 5 10 26 24 18 19 19 17 19 10 15 16 15 0 0 5 12 0 0 0 0 0 0 0 0 0 0 3 10 0 0 0 1 0 0 0 21 0 0 0 0 0 0 0 0 0 0 0 0 0 0 0 12 25 23 18 21 6 10 0 11 0 0 0 0 0 0 0 0 0 0 0 0 0 0
37 33 30 28 8 34 32 10 14 10 10 12 12 10 12 3 8 9 10 12 15 8 5 10 27 22 20 22 20 19 20 5 7 8 13 3 12 17 0 0 0 0 0 0 0 0 0 0 0 0 3 0 0 0 0 0 0 0 0 0 1 0 0 0 0 0 0 0 0 0 0 0 0 22 0 15 14 10 2 12 0 0 2 11 13 0 0 0 0 13 13 14 18 9 0 0
21 18 34 28 27 30 10 14 8 8 12 10 10 14 25 12 6 8 7 8 16 8 5 11 12 11 22 23 22 21 18 19 21 17 19 15 18 20 19 10 0 0 0 0 0 0 0 0 0 8 18 27 28 17 25 21 0 0 0 0 0 0 0 0 0 0 0 0 0 0 0 0 0 18 0 0 0 0 15 0 0 0 1 0 4 13 4 12 7 1 0 6 23 7 0 0
21 15 27 32 28 27 36 10 10 10 14 12 12 12 13 16 13 12 17 15 19 25 12 10 11 11 10 10 10 12 11 21 22 19 19 19 18 19 19 10 2 0 0 0 0 0 0 0 0 0 8 5 5 5 31 33 0 0 13 11 10 0 0 0 0 0 0 0 0 0 0 0 0 19 0 0 0 0 16 0 0 0 1 1 1 14 5 7 29 24 0 23 21 14 12 7
24 15 18 30 31 23 29 37 9 12 10 10 10 21 10 0 9 10 5 9 6 7 10 11 10 9 8 24 20 16 18 18 23 22 18 16 5 6 8 3 9 9 0 0 0 4 6 0 0 0 0 4 0 0 17 23 21 34 23 6 1 0 0 0 0 0 0 0 0 0 0 0 0 20 24 0 18 18 16 2 33 32 25 26 20 11 17 2 23 38 25 24 26 35 40 28
24 20 23 24 38 44 44 32 36 9 9 9 10 10 8 12 14 22 18 12 13 10 8 10 12 10 8 30 28 9 24 17 14 24 10 9 8 6 6 8 8 15 8 10 14 7 9 8 3 4 16 6 6 0 0 13 4 1 3 1 1 2 2 1 0 0 9 13 1 16 1 1 1 14 19 13 13 3 19 4 28 4 17 27 10 19 15 0 0 0 26 0 3 4 27 13
20 11 5 26 24 24 32 26 25 34 9 9 12 12 12 16 12 19 22 15 11 13 12 11 11 12 10 10 32 25 24 11 11 10 8 11 10 10 8 7 13 2 4 7 17 16 14 17 18 17 13 11 16 17 3 0 2 1 2 2 3 4 4 4 4 3 5 19 16 10 16 17 20 18 14 17 22 20 26 5 26 27 3 5 26 22 17 1 0 0 0 0 27 31 35 27
13 21 21 23 20 28 31 27 24 26 33 35 28 30 12 23 11 7 10 10 7 9 11 11 11 11 13 12 22 22 23 26 8 11 9 21 21 25 23 23 19 16 18 19 20 19 18 21 22 22 7 14 31 34 27 8 3 5 4 4 4 3 5 6 6 5 5 5 5 5 17 18 22 18 15 4 16 22 27 6 29 5 3 0 3 27 33 27 33 41 1 1 33 12 22 30
26 23 25 30 26 22 26 28 23 20 24 23 33 25 30 18 13 10 8 9 9 11 11 10 10 10 11 11 23 25 23 24 24 25 24 22 20 20 17 20 21 18 20 18 22 20 18 19 22 7 9 9 7 11 13 14 12 7 6 6 5 5 5 18 7 7 18 16 16 15 8 8 22 21 17 22 22 18 20 14 26 6 23 29 21 22 30 30 25 34 53 45 35 12 10 3
