examples/data/proba_v_italy_sicily/probav_s10_toc_x19y03_20140701_333m_ndvi_v001.txt
ncols         1127
nrows         589
xllcorner     12.348214285714
yllcorner     36.598214285714
cellsize      0.0029761904761905
NODATA_value  -9999
[rows 208 to 259 of 589, columns 672 to 767 of 1127]
103 104 111 111 97 111 139 145 114 104 102 96 102 110 107 103 102 105 116 114 103 100 113 139 124 112 115 108 105 120 126 107 99 96 108 128 114 110 105 98 93 93 104 137 172 159 154 161 167 159 124 90 80 97 116 95 81 78 74 73 75 71 78 86 84 86 97 98 85 74 82 91 88 92 98 100 123 138 166 159 126 135 148 166 172 158 138 137 136 143 152 150 133 114 84 74
101 109 106 99 94 99 129 161 154 145 142 128 110 111 107 97 103 106 114 110 103 102 111 130 112 98 109 105 89 95 110 103 97 134 151 130 121 122 120 114 99 102 139 166 169 159 158 158 138 105 86 75 84 118 119 91 85 83 74 74 75 76 87 105 99 84 101 123 97 92 97 105 103 107 133 145 167 167 168 176 177 162 133 117 123 149 175 177 164 164 161 138 132 141 136 98
78 100 101 111 122 126 120 137 164 141 118 133 143 137 128 129 147 150 138 124 109 110 124 118 110 110 98 105 102 105 105 93 97 116 133 124 118 117 125 115 104 104 135 162 161 156 144 126 106 88 84 89 92 99 99 86 83 90 82 77 82 85 79 98 114 97 103 112 104 110 114 119 118 113 131 152 173 174 185 194 152 129 123 119 120 122 146 177 186 178 165 136 141 152 152 140
99 111 109 117 116 115 106 122 153 123 104 104 105 114 119 110 109 130 140 134 123 119 108 92 92 121 114 106 120 126 124 107 105 100 98 108 108 108 112 96 92 118 127 139 148 150 140 118 115 117 95 96 98 80 76 81 87 89 87 80 83 88 80 78 87 90 87 96 100 113 113 106 111 122 151 169 177 166 174 183 153 151 150 143 142 132 112 133 162 178 168 160 166 159 140 127
107 110 124 129 122 110 110 112 103 90 98 117 123 124 129 125 113 114 146 141 113 120 107 84 90 114 107 103 110 106 121 125 121 125 105 94 81 78 96 101 97 131 141 144 146 143 133 107 96 109 108 108 106 93 77 80 76 75 81 77 83 83 81 85 89 89 96 109 95 109 118 105 125 143 160 167 161 158 146 152 157 157 153 145 144 129 120 121 131 140 128 116 135 149 154 155
107 102 100 112 123 108 103 92 88 89 96 121 147 138 126 125 117 126 141 125 115 125 114 101 93 103 105 99 103 92 88 91 102 122 112 82 74 76 82 87 99 122 140 135 138 144 128 90 88 104 114 128 125 95 76 78 79 77 81 84 79 82 85 88 90 91 95 108 115 118 139 144 140 137 133 136 142 146 155 159 144 126 126 125 125 118 120 114 118 134 132 112 109 137 152 159
119 117 111 119 122 115 104 95 91 101 112 127 123 107 96 98 110 113 108 100 103 104 94 97 102 120 132 110 110 114 105 90 85 106 123 86 75 72 79 86 88 95 95 91 97 136 156 134 110 101 98 109 105 86 81 84 90 89 89 95 89 101 114 103 95 98 91 105 121 130 146 143 137 141 154 142 140 153 162 160 127 111 112 116 106 100 101 99 107 120 108 101 105 109 126 155
118 117 114 140 125 138 133 104 104 117 128 125 102 102 102 108 114 102 95 100 99 99 94 96 98 107 121 122 113 106 98 84 80 96 121 103 85 72 73 78 78 88 84 84 89 121 147 153 140 110 92 92 103 89 81 81 86 85 79 88 95 110 123 103 101 119 122 123 133 156 157 137 138 139 152 134 141 163 158 131 116 117 133 129 113 111 105 111 122 108 123 133 125 120 120 135
106 109 115 149 143 146 162 144 130 130 128 117 107 107 103 115 114 99 97 99 96 98 97 101 104 105 103 101 97 98 103 97 90 90 105 105 110 90 72 69 74 87 94 93 82 97 128 129 120 111 96 87 86 79 77 75 73 76 81 99 108 110 118 113 120 137 147 149 146 133 134 124 113 111 131 143 141 131 135 122 113 121 118 124 132 140 123 107 110 117 124 116 103 100 100 105
95 97 108 130 140 124 118 120 111 109 107 109 118 112 96 93 96 95 93 84 79 84 90 91 88 85 82 87 91 94 93 91 90 88 94 99 104 116 80 74 84 108 114 108 80 74 90 111 92 88 95 88 80 82 79 78 77 83 75 86 102 110 108 116 128 130 130 135 158 136 110 119 124 113 99 110 119 128 154 143 128 128 114 105 117 131 126 105 99 104 96 90 77 79 90 92
129 113 109 116 120 119 116 114 112 103 102 113 119 103 95 86 89 92 86 74 72 76 80 81 78 82 82 80 85 87 86 83 86 91 85 86 88 126 135 122 119 104 107 97 85 102 106 106 103 92 91 86 77 76 76 83 86 77 79 84 86 96 103 101 104 111 121 128 153 145 118 120 113 102 103 110 128 140 133 121 134 143 135 120 108 94 86 85 88 83 90 99 88 85 84 75
148 140 122 120 114 105 106 109 108 102 104 97 95 88 96 97 99 97 84 73 73 73 77 81 76 79 87 83 82 84 84 92 109 115 97 86 97 115 120 123 111 100 100 86 83 116 138 114 94 82 77 74 65 71 78 78 79 77 79 86 87 85 96 110 118 123 133 120 123 143 129 118 104 103 110 127 139 127 129 134 135 134 125 108 106 98 82 79 85 83 80 79 78 80 75 71
124 139 148 132 114 111 116 104 102 93 91 84 86 92 90 97 105 102 97 80 74 74 78 72 69 76 84 75 70 76 82 105 129 136 114 91 91 93 90 87 98 110 110 92 86 109 88 76 75 84 84 75 67 75 79 75 79 84 81 78 80 83 96 112 119 120 125 131 129 138 151 133 110 109 100 93 96 102 124 124 107 105 109 97 84 88 81 78 79 79 76 76 73 73 68 70
135 138 136 122 123 115 108 91 92 100 85 81 89 93 88 85 93 100 99 78 72 73 77 77 75 81 78 74 71 72 77 88 97 107 95 86 88 86 86 84 79 85 93 91 85 110 101 88 76 86 78 66 69 90 88 70 74 81 80 79 79 81 90 107 122 134 134 140 147 128 136 142 144 138 116 100 95 98 107 103 84 75 75 74 73 72 73 75 80 74 71 72 68 66 66 67
119 116 98 97 105 109 103 95 85 93 91 83 91 101 91 85 87 92 95 83 80 84 91 97 87 83 81 80 75 66 68 76 92 115 97 87 88 91 82 82 98 109 109 96 84 90 112 123 111 117 88 69 67 78 73 69 72 81 82 86 78 81 85 95 104 108 124 138 132 121 128 122 108 104 123 133 106 89 90 85 77 78 73 69 71 75 75 78 81 81 71 65 65 65 67 72
114 149 107 89 90 90 90 95 98 90 91 88 81 87 79 77 71 75 87 91 85 87 92 85 84 89 92 93 85 74 83 102 122 123 111 101 95 91 84 73 92 108 88 75 78 81 90 114 100 93 97 77 75 76 73 69 73 75 75 82 79 76 75 76 81 82 98 111 127 118 106 105 96 90 95 91 82 86 103 98 77 71 71 72 78 79 74 75 76 77 76 67 65 66 65 76
97 106 102 87 88 95 86 81 92 93 90 93 70 68 69 72 71 84 92 81 88 90 99 99 94 83 86 93 98 102 117 119 111 106 110 94 90 84 73 84 86 83 95 92 94 100 106 105 98 95 111 108 86 68 72 70 71 73 76 80 83 79 74 76 76 88 98 90 94 101 91 75 69 73 84 92 87 93 94 77 73 66 66 68 68 66 70 66 69 71 82 84 77 68 70 73
106 86 86 89 89 93 87 84 97 95 94 94 75 76 85 84 80 96 99 85 82 78 86 94 98 99 102 106 113 129 126 121 133 131 126 96 77 74 73 85 108 84 89 104 112 90 90 91 97 94 83 88 104 89 72 70 69 75 76 75 76 72 77 72 74 95 98 77 87 84 75 79 76 77 109 128 87 78 84 77 73 65 62 64 66 70 72 68 73 76 82 84 91 99 115 107
84 83 87 93 95 93 90 80 79 86 89 96 101 100 114 106 94 93 89 83 80 80 90 102 92 95 94 94 132 135 121 136 139 116 127 134 93 83 99 109 108 101 105 93 77 79 84 78 79 83 82 80 102 111 87 78 99 108 96 93 81 76 84 76 76 85 103 84 75 70 68 79 78 91 116 107 73 69 89 91 71 66 64 65 65 71 80 88 98 95 93 92 104 119 114 96
82 91 93 104 112 94 91 96 103 121 107 94 117 124 108 108 122 105 88 97 100 99 99 96 83 98 96 88 135 140 101 105 112 114 134 142 102 90 120 133 105 90 101 92 71 68 77 78 72 77 88 89 105 99 89 103 123 110 109 125 118 98 100 98 94 104 111 85 72 86 86 79 83 98 83 81 67 64 78 92 75 68 75 72 67 67 83 111 121 85 69 71 85 85 86 84
103 95 88 104 110 104 109 123 139 161 160 148 132 120 108 102 108 98 83 83 81 85 93 99 89 98 95 93 98 105 91 96 118 119 117 118 97 90 96 106 89 87 105 89 70 64 71 89 93 95 93 80 94 123 117 98 89 98 112 110 105 106 94 88 85 116 120 80 96 146 150 97 89 88 77 79 73 70 72 83 77 80 83 73 77 81 96 109 110 102 92 85 87 84 81 82
94 99 89 90 93 96 107 132 148 148 144 127 110 99 81 75 83 81 76 82 84 83 86 92 83 86 93 99 90 80 80 80 78 99 95 99 98 99 98 94 83 93 102 85 79 70 72 88 100 98 100 95 93 102 103 93 93 98 104 108 91 78 70 74 77 101 136 119 127 153 128 114 122 92 90 111 100 72 68 80 73 82 80 73 79 79 89 60 67 109 86 82 82 76 83 91
75 78 86 88 85 93 102 106 106 97 92 93 84 68 68 73 82 94 94 96 89 80 80 82 91 100 112 110 110 93 82 84 83 93 95 97 120 120 122 115 97 103 94 92 95 92 89 95 93 84 79 98 110 102 114 105 89 81 94 112 100 87 76 80 86 98 107 102 132 137 90 76 76 73 90 96 92 88 89 102 100 95 89 88 89 57 54 48 56 111 89 82 86 91 97 93
96 91 94 96 83 83 93 90 86 85 80 73 78 79 75 81 96 97 91 94 93 88 88 92 108 101 101 103 116 120 104 104 92 96 101 100 122 121 116 117 118 118 128 129 116 109 117 127 115 101 90 97 105 103 114 117 103 104 118 118 91 76 73 86 82 77 77 78 95 98 86 80 71 59 52 48 38 32 44 64 65 61 61 58 55 54 51 46 54 91 102 75 71 77 83 84
162 139 108 121 110 83 79 83 82 83 92 92 86 95 80 79 89 88 83 95 94 86 93 107 109 95 92 101 119 136 138 126 112 110 111 108 114 108 116 118 126 124 123 113 102 104 109 118 118 118 116 126 120 104 104 98 81 80 96 111 100 87 86 82 74 75 69 83 101 110 114 107 92 101 80 61 48 38 25 48 59 59 60 59 56 55 51 48 60 94 99 95 86 83 92 93
165 150 145 148 142 113 96 101 101 110 113 110 93 84 76 81 81 98 99 95 93 91 97 118 101 93 91 99 110 126 120 110 110 108 110 110 125 125 116 124 119 112 110 97 90 101 105 113 104 99 113 128 132 127 113 97 82 67 74 89 103 118 103 79 75 73 70 84 99 112 109 81 84 107 109 86 73 54 44 48 53 54 60 60 56 55 55 65 79 85 101 109 97 104 104 98
151 141 122 109 129 129 103 92 87 94 87 81 86 85 83 79 81 99 106 105 104 104 102 105 94 97 104 112 115 104 93 98 105 82 74 98 117 114 104 99 98 104 108 96 79 89 102 112 126 112 105 109 111 102 87 96 85 72 69 66 75 97 100 88 78 68 74 83 79 80 76 82 90 89 98 107 101 81 74 60 56 58 60 62 60 59 57 70 94 104 107 109 102 98 97 95
109 122 101 95 109 96 87 87 77 83 81 87 83 74 87 89 90 95 98 90 86 94 96 100 102 100 105 107 113 109 108 103 93 95 84 84 114 137 150 125 99 106 114 123 129 123 120 108 112 105 103 112 102 86 82 91 96 99 94 69 72 84 86 77 86 83 71 67 63 66 69 82 74 71 79 95 86 82 89 85 91 97 98 91 74 70 80 88 89 100 106 109 107 108 118 111
102 110 99 89 101 108 115 110 99 106 98 90 82 84 96 96 106 109 110 100 81 87 99 102 104 107 105 98 103 115 111 104 94 91 91 97 109 113 122 132 115 121 102 101 112 112 119 115 106 96 99 102 98 92 89 87 89 96 100 90 91 90 82 72 78 78 70 75 73 68 72 74 75 71 70 76 85 84 86 87 99 111 109 102 88 91 90 87 90 95 115 114 109 99 90 92
95 92 90 81 96 124 129 120 113 123 126 107 87 91 107 97 87 94 97 82 85 101 104 111 104 99 93 97 103 118 126 118 116 116 126 118 132 152 120 112 127 129 119 114 117 100 93 95 92 104 114 102 101 99 89 79 83 84 79 87 100 89 82 78 62 62 63 69 71 65 72 75 80 81 76 75 72 77 83 86 93 100 102 106 82 69 68 70 89 100 107 108 104 89 83 92
88 86 87 82 77 110 140 135 109 118 137 125 91 93 101 90 70 72 84 84 91 101 112 112 104 97 93 94 102 119 123 120 115 105 107 111 134 151 130 104 112 114 105 111 105 89 85 92 96 91 104 109 106 101 104 87 79 79 76 94 106 85 70 70 63 70 61 61 61 63 61 63 60 66 74 78 77 68 72 79 83 87 82 78 67 65 78 82 92 102 98 91 86 77 78 92
108 107 91 80 76 75 92 109 108 126 129 94 82 92 79 73 77 85 83 87 98 105 101 109 106 102 101 100 110 109 107 127 132 95 91 101 115 127 118 109 90 104 105 91 98 93 91 102 97 93 111 110 115 109 104 96 87 77 69 78 84 71 66 63 61 65 60 60 60 60 58 64 64 67 72 73 71 63 61 60 66 70 64 65 67 61 68 84 81 86 88 77 71 69 76 86
100 127 116 96 99 90 92 115 132 139 112 85 77 89 70 84 107 101 85 88 107 108 94 97 115 114 103 112 113 96 106 138 140 111 99 107 107 103 108 107 92 94 106 94 92 101 89 76 72 83 102 103 99 91 91 86 78 76 67 63 74 79 60 61 61 61 61 59 58 61 61 66 67 61 67 65 59 60 64 63 60 63 65 67 69 61 63 79 87 89 94 95 87 73 72 71
92 103 118 104 96 97 88 119 118 96 99 104 97 109 84 88 97 98 94 89 102 93 93 92 99 118 121 116 105 99 114 125 119 106 97 98 98 92 103 104 87 91 94 97 93 99 86 70 76 78 71 78 80 74 77 80 76 69 71 66 63 84 68 62 62 60 59 60 59 59 61 61 55 56 57 62 62 63 66 63 58 56 61 67 74 61 58 72 103 104 100 90 85 77 67 72
98 93 100 119 111 109 114 128 119 90 79 80 81 116 115 95 94 91 99 103 108 105 104 111 111 138 135 126 116 102 101 100 91 87 86 87 81 84 113 96 90 90 76 68 78 90 90 74 70 72 66 64 68 68 75 72 65 64 65 71 66 72 76 67 66 63 61 60 58 62 58 57 55 55 57 59 65 65 60 58 59 59 63 70 70 66 65 71 75 71 78 83 77 80 74 74
93 119 111 100 114 120 116 130 117 73 76 73 80 100 92 98 95 99 105 114 116 116 122 131 124 91 94 116 109 93 84 83 75 74 73 81 90 87 112 132 131 102 70 66 91 116 108 79 66 66 66 64 64 64 65 65 66 64 61 72 68 65 82 68 63 59 59 61 59 59 61 73 66 57 57 59 59 64 62 62 61 61 69 74 82 84 67 66 66 68 66 72 79 81 77 71
72 96 106 97 116 121 116 126 114 69 67 74 81 84 84 88 91 108 121 120 105 97 102 97 95 82 91 103 105 89 74 71 70 75 81 84 83 93 104 122 131 95 66 66 87 120 125 108 73 67 70 68 66 63 60 59 63 61 59 62 71 72 82 75 70 64 61 60 58 57 63 69 64 60 60 59 57 58 63 64 59 60 66 69 70 94 92 75 67 77 98 93 75 69 68 68
86 84 78 79 96 103 109 126 118 83 79 70 73 81 96 108 110 107 112 116 106 102 95 88 96 99 92 90 96 93 82 80 76 78 76 78 75 77 91 97 94 74 63 67 87 90 96 124 97 67 64 63 63 64 61 60 60 62 68 64 72 83 86 69 58 57 57 57 60 58 61 63 60 58 59 59 58 63 64 66 60 57 60 61 58 77 97 81 71 85 108 107 76 66 67 70
94 95 83 73 72 72 80 109 131 104 91 78 83 102 101 95 92 88 98 102 101 106 104 94 95 96 89 80 78 89 92 90 86 84 81 78 77 75 78 84 84 77 68 72 74 77 80 90 88 67 63 63 65 62 64 61 64 72 86 79 72 74 84 73 62 62 62 63 65 67 70 73 63 58 59 61 57 60 64 64 62 60 63 60 62 73 89 84 72 71 84 87 73 66 66 67
82 80 83 75 71 77 80 79 95 92 95 90 77 78 89 96 90 90 105 98 95 105 104 101 105 102 91 82 86 96 80 69 72 74 70 69 70 78 77 74 69 65 70 96 83 69 67 69 74 72 69 64 64 63 69 67 70 74 73 71 59 63 75 86 74 63 60 63 63 61 62 67 60 58 58 59 61 66 69 71 68 62 74 75 77 77 71 64 61 64 67 65 65 63 61 59
90 84 75 71 67 75 86 81 85 86 97 76 69 74 86 101 105 99 114 97 88 92 95 95 95 102 101 95 80 74 70 69 68 68 66 66 64 65 70 72 72 63 63 90 85 71 70 67 65 59 61 66 66 64 62 61 63 65 64 65 61 61 62 75 86 75 66 60 62 64 70 67 59 56 62 70 69 66 72 83 86 77 86 81 83 77 71 67 62 63 66 63 63 63 64 58
81 98 74 67 70 77 88 91 92 89 92 83 80 78 83 88 101 101 103 102 93 91 92 95 94 88 87 92 79 71 67 68 68 66 68 71 67 67 72 64 61 64 70 92 79 65 65 71 68 58 59 58 59 66 61 61 66 62 58 59 62 67 73 79 83 85 88 68 63 70 75 66 59 56 57 63 64 68 86 131 130 78 73 76 83 80 70 62 66 68 67 65 63 63 62 60
79 115 120 118 113 102 103 116 103 96 109 97 76 84 76 74 80 85 80 84 86 78 79 86 85 77 74 79 81 68 72 88 105 102 77 72 72 70 70 65 65 67 69 100 79 64 68 93 96 89 91 73 68 74 66 63 62 64 63 73 82 78 74 69 65 70 81 84 80 87 89 77 68 70 74 68 70 83 81 73 67 58 51 62 65 65 70 66 67 65 65 72 65 60 57 60
94 113 134 145 136 117 108 127 118 129 129 110 93 86 78 80 91 82 68 66 75 68 67 76 78 74 76 80 84 82 86 119 132 114 72 64 74 73 71 64 63 66 66 79 72 68 75 100 114 92 86 96 72 68 67 71 71 67 69 77 80 69 66 69 78 74 63 65 68 71 80 71 72 74 70 68 76 69 56 58 61 61 53 43 51 66 70 64 66 71 66 67 67 60 56 57
93 89 100 101 82 72 73 85 90 121 137 128 112 99 84 83 85 80 74 69 69 70 76 70 78 80 82 91 113 112 101 106 100 72 62 66 74 69 69 69 64 64 63 69 80 102 107 111 105 74 73 88 71 64 63 62 64 64 61 67 72 67 62 65 69 67 58 58 60 67 76 69 61 58 61 66 65 61 57 59 65 65 58 51 56 62 64 62 62 66 56 54 63 61 55 56
69 76 87 73 68 73 75 73 74 83 96 111 124 100 84 92 86 83 83 75 61 67 70 65 75 90 87 80 84 85 82 78 60 63 64 68 68 71 78 82 69 66 69 69 70 82 89 97 84 62 57 66 67 63 63 60 62 65 63 64 68 65 62 57 53 57 61 59 63 64 66 63 58 60 62 67 60 55 53 58 67 69 70 70 69 68 69 67 61 63 56 56 62 60 55 53
64 72 83 74 68 72 85 77 76 85 85 80 100 121 111 123 105 107 95 81 70 63 64 66 73 81 91 85 76 76 71 62 58 60 62 67 69 79 86 78 70 65 60 55 58 61 60 68 74 59 54 58 63 65 64 62 60 63 66 63 65 63 57 58 59 57 58 59 58 56 57 63 70 67 60 59 58 53 55 57 58 60 81 105 77 63 67 72 69 64 58 60 71 65 59 58
73 79 81 78 74 73 83 84 82 88 80 79 81 77 82 120 134 123 114 114 113 104 81 70 73 84 96 92 80 77 68 62 69 72 60 63 67 72 75 68 68 72 64 59 56 59 59 57 63 66 61 57 64 66 62 59 57 55 59 61 60 58 53 56 60 57 56 55 55 62 62 62 69 71 65 61 58 58 68 67 64 61 68 97 81 63 66 74 73 69 63 58 67 67 61 62
83 83 87 79 79 84 77 86 87 94 93 80 73 74 68 83 93 93 119 153 165 187 146 80 76 88 81 71 63 65 71 67 66 65 64 66 77 83 74 64 64 67 68 59 57 60 60 58 56 63 70 60 60 62 59 57 55 57 59 60 61 58 52 53 60 61 56 52 53 54 61 63 61 67 70 70 67 62 66 68 73 81 73 74 76 71 74 77 77 91 88 66 69 67 66 80
98 104 122 114 101 102 104 99 83 73 88 81 69 71 65 62 65 64 78 115 129 136 168 117 73 65 63 67 64 64 67 65 63 66 68 68 83 92 76 67 71 69 65 59 55 61 62 59 57 57 65 58 56 59 58 58 61 59 56 55 56 57 57 53 55 58 56 53 52 46 55 60 61 63 63 65 67 69 72 74 73 73 63 57 64 66 66 81 79 77 84 73 75 108 100 95
93 95 104 112 129 129 128 125 97 85 86 85 78 80 70 68 69 74 76 82 88 102 165 173 97 70 72 77 69 64 65 67 69 69 80 72 71 80 75 70 72 62 63 60 54 54 57 60 60 61 70 65 61 61 54 53 68 62 54 54 60 65 61 58 60 60 55 54 61 60 57 59 60 60 58 60 65 66 67 67 67 65 65 62 63 62 61 64 65 67 68 77 80 108 146 123
75 93 108 96 114 147 133 114 108 91 90 85 70 67 69 69 67 78 77 73 77 79 97 132 115 96 98 116 120 108 89 80 79 70 73 73 66 70 72 65 68 62 61 62 60 57 57 58 60 72 77 65 61 61 64 56 54 56 55 51 53 59 59 59 57 58 59 56 63 63 66 69 64 63 61 61 64 58 64 68 69 66 67 63 63 59 59 59 60 62 57 62 71 73 101 115
