examples/data/proba_v_italy_sicily/probav_s10_toc_x19y03_20150621_333m_ndvi_v001.txt
ncols         1127
nrows         589
xllcorner     12.348214285714
yllcorner     36.598214285714
cellsize      0.0029761904761905
NODATA_value  -9999
[rows 306 to 356 of 589, columns 288 to 383 of 1127]
48 47 45 44 44 45 44 39 36 82 93 105 104 107 104 106 111 104 115 152 145 125 123 110 112 115 95 84 76 78 76 87 92 85 78 74 82 90 79 74 77 84 80 73 91 100 94 91 96 120 145 129 125 111 86 78 81 82 81 88 94 85 76 67 67 73 88 97 104 106 118 111 97 91 98 99 87 89 99 98 97 99 116 109 101 105 104 101 92 100 92 95 97 91 94 89
46 46 24 25 26 44 44 42 38 78 81 92 106 101 103 123 143 148 140 140 126 107 103 88 85 98 92 84 76 77 86 89 89 94 89 96 100 98 78 75 79 84 90 87 86 94 112 123 132 118 122 121 116 105 86 79 80 82 82 78 88 92 86 87 76 80 94 102 107 104 100 115 121 111 96 85 93 98 100 86 85 101 119 117 105 104 100 88 87 86 81 88 103 104 105 96
48 47 25 25 26 41 40 41 40 39 73 62 72 86 82 100 138 160 149 121 98 86 88 83 87 95 89 90 84 87 86 87 87 94 96 90 99 104 82 79 96 116 126 112 97 137 136 140 152 142 129 110 94 93 97 100 95 96 94 95 92 94 97 106 102 98 103 106 108 110 120 131 106 90 83 81 88 89 95 89 91 97 109 105 94 91 92 89 93 92 86 93 114 108 105 102
45 27 27 24 25 27 28 27 31 33 38 33 34 48 58 97 138 137 127 111 120 114 98 85 89 91 87 93 86 94 104 104 99 124 118 104 113 100 96 117 129 126 135 113 112 117 103 100 109 154 133 108 111 107 120 116 93 78 78 85 91 96 96 107 117 116 114 110 104 104 100 92 96 95 93 85 87 100 109 113 112 103 94 85 88 97 99 92 92 88 86 95 96 87 92 104
44 26 26 25 25 25 36 36 36 37 38 37 35 30 73 113 112 86 99 111 114 124 107 89 103 93 89 85 88 101 111 111 130 140 123 142 168 161 140 121 118 109 131 127 107 102 108 113 97 108 104 82 81 83 104 115 113 111 100 93 100 115 103 87 99 105 104 100 91 90 90 88 91 91 90 89 92 97 97 96 97 97 99 102 102 100 91 85 85 93 92 87 88 82 85 93
25 26 24 24 25 37 36 28 30 31 33 34 33 35 34 86 89 83 94 104 104 112 103 105 120 103 86 93 101 114 132 144 145 158 133 125 157 147 123 119 118 112 127 137 114 96 98 104 101 96 91 92 84 80 108 104 88 109 129 115 109 106 90 84 83 85 93 92 87 84 84 84 82 86 93 93 89 81 79 87 91 94 105 107 92 89 88 89 92 109 117 102 93 95 92 94
26 28 28 38 38 37 21 20 30 31 33 34 36 37 36 30 63 87 108 124 118 111 100 106 120 123 109 96 110 156 164 155 143 135 143 110 106 115 109 122 130 131 126 111 105 104 110 131 110 100 106 101 89 86 96 100 84 87 95 102 97 88 94 94 93 96 104 100 92 83 83 89 86 89 95 93 89 90 90 99 96 87 89 85 87 93 92 87 90 99 97 86 84 86 93 95
43 43 40 38 38 38 37 21 22 23 32 32 34 36 37 38 33 86 113 135 126 111 100 91 101 117 120 125 135 148 154 156 152 121 112 100 84 79 88 96 100 108 101 91 100 112 106 108 94 98 104 98 92 97 104 106 98 100 96 97 93 88 89 95 108 110 111 108 102 97 91 84 87 89 84 80 78 91 96 102 91 87 94 93 94 92 85 83 92 87 80 89 92 88 88 94
38 39 37 37 38 38 22 22 23 24 32 32 33 35 37 38 37 29 101 146 131 107 99 98 105 116 131 143 143 139 153 144 130 100 94 95 100 97 100 94 84 85 106 122 105 92 94 99 92 85 90 93 87 93 104 82 84 104 109 98 96 94 86 89 107 110 104 96 88 87 85 94 93 81 78 88 91 106 100 85 78 90 94 92 87 88 89 91 88 95 95 93 84 84 87 80
26 27 29 28 29 25 23 22 23 25 26 31 32 33 34 35 36 39 27 124 158 141 129 112 109 133 154 172 140 125 137 120 101 97 95 91 94 100 95 97 94 97 121 126 121 101 93 104 114 96 91 93 93 99 106 83 84 98 108 113 102 98 90 88 92 103 105 99 97 94 94 108 112 95 83 89 102 102 95 89 86 85 84 86 82 82 81 89 84 88 90 84 84 96 98 91
28 28 26 27 27 27 24 25 24 26 25 26 31 32 33 34 37 36 31 90 144 158 128 125 132 142 158 178 147 110 118 110 97 100 97 92 90 91 104 93 61 105 112 131 129 101 86 85 84 88 101 93 87 90 98 100 109 119 110 106 97 90 97 100 102 105 111 107 97 91 92 93 111 108 89 93 94 93 91 92 88 92 96 92 79 83 91 91 84 81 89 95 100 89 88 102
27 26 26 26 26 27 29 28 27 28 26 26 28 27 32 33 36 35 35 29 109 152 138 137 143 155 171 158 150 139 129 113 104 99 98 103 102 86 87 86 41 86 105 100 106 97 87 80 81 80 88 87 82 85 95 90 108 127 103 92 86 86 97 111 116 109 95 93 87 77 86 92 88 89 93 99 99 105 114 104 104 112 99 88 84 86 89 86 90 91 98 95 89 88 96 96
28 27 26 27 26 28 28 28 28 27 27 27 27 25 25 34 34 36 37 33 75 129 160 162 161 172 159 153 159 126 95 91 99 102 114 104 92 86 83 85 86 93 98 93 94 90 87 94 95 85 82 86 85 85 90 97 124 129 117 121 104 93 102 120 122 103 85 94 92 81 77 86 82 85 89 87 95 116 112 100 90 86 99 93 90 87 86 88 98 90 97 106 96 86 89 89
26 28 25 26 28 28 27 25 28 29 28 28 28 28 25 26 29 34 35 35 30 107 162 164 148 146 129 107 101 96 94 95 96 88 96 97 82 89 97 92 94 104 111 97 86 89 89 89 86 82 81 87 89 97 93 86 107 141 126 142 139 138 135 118 118 111 92 102 101 93 91 87 78 82 98 97 97 105 100 92 83 79 97 109 99 87 83 85 86 87 102 112 103 88 80 86
27 27 25 28 28 28 28 26 26 28 27 26 27 29 28 27 29 28 35 35 37 74 131 148 128 118 121 110 94 94 104 94 86 91 86 86 80 86 95 108 110 106 96 90 89 90 92 88 92 87 90 90 91 94 99 99 93 99 104 122 164 168 158 135 121 112 94 99 102 92 84 94 122 105 95 92 96 100 89 87 92 90 92 94 95 83 82 90 87 85 94 85 86 88 88 87
24 26 27 27 27 27 27 28 29 30 27 26 26 27 28 28 27 35 34 35 36 24 81 123 124 109 107 101 93 100 104 93 89 89 83 78 83 84 88 104 114 109 94 99 88 79 88 84 76 84 98 91 81 89 105 110 106 106 113 117 150 176 173 148 125 126 112 104 108 91 86 96 130 120 102 92 97 99 100 93 89 90 85 91 100 82 71 77 81 80 97 102 99 104 95 88
26 27 27 27 27 28 27 27 29 29 28 28 28 28 27 27 28 27 29 32 32 26 73 106 113 82 65 90 110 124 120 92 85 84 82 82 83 82 86 89 105 110 91 94 85 92 113 104 79 72 89 95 93 98 110 104 95 99 98 111 133 157 141 144 146 157 127 95 100 95 91 96 100 116 113 101 96 94 101 97 90 94 88 85 91 78 72 75 77 72 87 93 96 101 94 93
25 27 27 27 27 28 28 27 27 28 28 28 29 28 29 27 27 27 28 30 30 28 39 57 58 31 16 20 33 92 116 110 97 82 85 83 85 85 88 94 103 105 105 104 85 94 104 102 97 77 77 98 103 109 116 102 84 89 100 104 109 115 122 133 120 133 138 112 101 98 94 105 98 94 99 98 95 97 97 98 90 92 90 82 75 75 72 78 80 91 93 84 86 88 89 87
27 29 29 27 28 29 27 26 27 27 28 28 28 28 27 28 26 28 29 28 27 28 25 23 26 25 25 24 24 21 22 79 111 98 85 87 84 88 93 95 91 92 111 120 101 84 90 102 106 88 84 97 106 99 93 91 90 94 100 92 87 102 115 130 119 117 128 114 105 110 116 104 88 80 88 92 88 87 92 92 93 82 76 85 78 76 90 105 104 91 87 88 87 83 83 90
26 26 26 27 26 28 28 24 26 27 28 27 27 28 29 28 27 28 29 29 29 29 28 28 25 25 24 23 25 29 30 24 30 104 113 99 85 86 97 91 85 103 103 87 84 86 90 95 90 83 87 93 107 119 109 101 96 95 97 95 82 81 90 108 113 107 109 105 100 110 117 111 103 96 87 97 100 82 90 92 84 83 79 83 81 87 90 81 83 86 86 85 79 76 86 91
26 26 26 27 27 29 28 26 29 28 28 27 27 26 27 27 27 28 29 31 30 29 29 28 28 25 24 25 25 29 32 33 30 26 85 122 119 103 99 94 93 106 99 90 90 89 87 93 94 89 85 84 86 99 97 87 93 95 84 92 92 88 96 79 66 90 85 83 84 117 126 113 109 99 91 88 94 95 94 91 91 81 88 101 102 94 83 77 83 84 84 81 90 90 85 93
26 27 26 26 27 28 26 26 30 28 26 27 26 27 28 29 29 29 28 28 28 28 28 29 29 29 28 28 29 29 32 35 36 32 23 86 120 115 98 90 99 113 109 95 89 82 79 87 91 89 79 77 81 95 96 94 93 94 86 89 98 94 94 92 91 104 110 97 94 130 168 165 139 116 101 93 95 95 102 83 80 82 96 98 84 89 85 78 86 90 88 90 94 88 82 86
26 26 26 27 27 27 27 29 28 28 27 27 26 28 28 28 28 28 27 28 29 29 29 28 28 28 29 29 31 28 33 33 34 36 32 23 77 111 112 108 106 113 145 127 89 80 78 80 85 90 78 81 91 97 97 96 98 95 95 90 88 90 87 92 99 113 121 103 91 90 107 136 148 162 148 112 102 89 81 82 78 85 103 106 98 107 97 89 96 84 93 91 93 96 94 97
26 26 28 26 26 26 26 26 27 26 26 26 27 28 28 29 28 28 27 27 29 29 28 29 28 30 29 29 30 31 30 31 33 33 36 34 26 76 128 129 118 111 140 170 155 108 81 82 85 87 82 88 83 78 90 89 93 93 91 99 101 77 68 88 99 99 89 102 111 103 113 131 126 140 135 134 124 95 98 108 102 104 113 107 98 103 107 100 102 99 95 97 99 97 102 108
26 26 28 26 26 26 27 26 27 26 26 26 27 26 27 27 28 28 28 27 28 29 29 28 28 29 29 29 29 30 29 29 31 33 35 37 33 28 98 131 119 112 114 111 143 163 108 88 100 105 94 91 90 84 85 85 81 88 92 97 102 94 87 89 99 108 103 93 101 111 115 131 136 146 153 155 149 140 143 131 115 123 110 94 93 103 106 104 104 106 110 104 94 104 108 104
29 29 29 29 29 29 28 27 26 27 26 27 26 27 27 27 26 26 29 27 28 28 28 29 29 29 29 29 29 30 29 29 29 30 31 32 34 29 49 92 100 106 120 108 114 145 110 98 109 101 94 96 94 93 92 99 94 92 96 88 103 114 100 83 96 110 122 102 90 106 116 120 136 134 128 133 118 111 109 100 94 102 104 107 105 96 90 90 97 99 96 93 98 117 125 112
26 29 26 26 26 28 28 28 27 27 27 26 27 26 29 28 28 28 28 27 28 28 27 28 29 29 28 28 30 30 29 31 30 30 30 31 32 33 24 32 51 63 74 76 89 110 116 103 87 82 89 101 100 103 103 104 128 138 116 98 112 110 95 84 94 97 104 116 100 104 125 127 118 117 111 106 108 97 98 92 87 92 97 106 116 98 95 103 115 113 99 92 93 97 119 113
29 26 28 28 26 28 26 27 29 28 27 26 27 27 26 27 27 27 27 27 28 28 28 28 28 28 29 29 28 30 29 29 29 30 30 30 29 31 30 23 23 25 32 36 43 69 81 59 51 74 106 110 94 94 89 88 102 113 117 103 109 100 85 85 96 103 91 95 119 128 124 107 97 104 102 96 94 90 93 92 90 89 98 116 118 118 117 99 98 106 105 97 86 83 98 105
29 27 26 26 27 27 27 27 28 27 26 26 26 26 27 27 27 27 28 28 28 28 27 28 28 27 28 29 28 28 28 28 29 28 29 40 42 44 42 27 27 29 31 38 37 37 37 32 26 33 72 102 82 78 87 91 98 110 105 94 98 93 82 80 81 95 98 102 126 120 100 99 85 81 87 96 100 91 94 92 87 89 96 105 96 93 95 97 96 94 99 98 88 90 92 88
28 28 27 26 26 28 30 28 28 27 29 27 26 26 28 27 27 27 29 28 27 28 28 28 28 28 28 28 28 28 28 28 28 28 29 39 44 48 30 29 27 28 33 32 30 39 42 46 33 42 26 40 62 80 90 93 87 95 91 92 95 92 92 90 90 86 79 82 106 119 97 93 81 76 87 95 96 88 100 103 99 97 94 94 110 103 92 91 92 96 107 111 95 86 94 84
28 28 26 24 26 28 27 29 29 29 27 26 29 28 27 25 26 28 28 28 28 28 28 29 28 27 27 27 27 28 27 27 27 27 29 28 42 43 29 28 30 30 31 31 29 29 30 32 41 35 33 27 32 53 71 82 97 115 107 102 94 89 101 100 96 93 88 97 119 110 102 101 94 85 87 99 105 103 108 112 107 95 92 105 120 111 97 98 103 96 81 90 96 89 91 93
29 28 28 28 26 28 29 27 27 28 27 27 26 27 28 26 28 28 28 27 28 28 27 27 26 26 27 27 27 28 27 28 27 28 28 28 28 29 43 28 28 30 29 31 31 31 31 33 35 33 35 32 29 38 42 40 69 92 107 114 111 95 94 94 91 95 103 116 109 86 84 92 87 74 81 96 105 95 90 98 94 93 101 100 105 98 84 101 125 114 96 93 90 91 104 100
28 29 29 29 26 26 28 27 27 28 29 28 28 28 29 28 28 28 28 27 27 27 27 28 28 27 28 28 26 28 28 27 28 27 27 26 40 42 28 27 28 27 29 30 29 30 30 31 31 32 41 34 32 30 30 39 25 31 59 100 111 108 106 101 106 105 117 123 115 90 80 81 86 82 86 91 95 94 86 88 85 91 97 95 102 91 82 84 95 95 101 98 94 92 97 99
28 28 29 29 26 28 28 26 29 28 26 26 25 27 27 28 28 27 27 28 27 27 28 28 27 26 27 27 28 28 27 28 28 28 27 27 27 28 29 27 27 28 29 29 29 29 29 29 30 33 37 44 41 33 35 34 32 33 26 48 73 86 97 104 114 106 119 122 107 105 95 87 87 82 83 83 80 81 86 93 98 97 88 89 82 63 68 76 80 92 95 96 100 98 92 90
28 28 28 29 28 27 28 26 29 26 27 27 26 28 27 27 27 27 27 27 27 26 27 28 27 27 27 27 28 27 27 26 27 27 27 27 28 29 29 28 29 27 27 26 28 29 28 28 28 30 31 39 48 44 43 42 42 48 45 26 41 76 91 97 112 118 126 119 97 87 95 94 84 75 81 83 89 92 89 88 92 87 91 86 75 73 76 76 79 73 78 93 92 81 86 82
27 28 28 28 28 28 29 26 26 29 26 26 27 27 27 28 28 27 27 27 28 27 27 28 27 27 27 27 28 27 26 27 27 27 27 27 26 28 27 27 28 27 27 28 27 29 48 48 50 42 29 30 47 57 49 49 48 48 50 56 44 45 80 100 95 90 93 97 103 105 106 84 68 59 68 70 76 93 95 90 91 85 92 101 96 93 93 85 83 80 80 80 88 87 89 93
27 27 28 29 28 28 28 29 26 26 28 27 28 27 25 28 27 27 27 28 26 27 27 27 27 26 27 27 27 27 27 28 27 27 27 27 28 28 28 27 28 26 26 28 29 29 27 47 47 46 48 44 42 48 49 44 46 49 51 47 46 45 39 41 47 41 51 76 88 88 85 88 84 77 81 87 82 99 111 106 98 87 89 97 98 95 101 92 85 80 85 85 77 86 98 99
28 28 28 28 28 28 28 29 29 27 26 26 29 27 28 28 28 27 27 27 27 28 27 27 27 27 27 27 27 27 27 27 26 27 27 28 28 28 28 26 26 26 27 27 29 27 26 23 42 46 49 54 46 42 28 31 31 31 42 42 44 42 41 48 51 47 36 32 67 81 87 94 89 86 85 89 95 100 103 98 93 86 87 89 87 79 86 96 90 85 86 91 85 81 96 97
29 29 28 28 28 28 28 28 28 28 27 26 26 29 26 27 28 28 27 27 27 27 27 26 26 26 27 27 27 27 27 27 27 27 27 27 27 28 27 28 26 28 26 27 28 27 24 39 41 42 45 50 57 49 43 30 30 30 42 42 43 49 46 45 47 53 50 34 31 67 83 83 79 81 77 80 90 94 93 94 85 85 87 91 89 83 93 100 94 85 81 85 94 95 99 103
28 28 29 28 28 28 28 28 27 27 27 28 28 28 29 26 27 27 26 25 25 28 27 27 27 27 27 27 28 27 27 27 27 28 27 27 27 27 27 27 27 27 27 27 28 27 27 27 39 42 44 47 45 45 56 50 43 40 29 31 38 42 45 44 46 46 45 48 40 30 62 83 77 80 85 85 83 96 100 96 89 84 88 89 80 75 104 97 89 91 85 79 86 97 101 106
28 28 29 29 28 28 28 28 28 28 28 28 29 29 29 29 26 27 26 26 26 26 25 26 28 27 26 27 27 27 27 26 26 27 26 26 27 27 27 27 27 28 28 27 26 25 28 26 26 38 41 45 46 47 50 48 52 30 30 39 39 40 41 42 48 50 52 50 49 45 32 66 82 82 88 89 85 86 89 85 87 93 114 102 92 88 97 96 90 86 79 78 77 80 85 94
28 28 29 29 28 28 28 28 28 28 28 28 28 28 28 29 29 29 27 28 27 26 26 27 28 27 27 27 27 27 27 27 27 27 27 28 28 27 27 27 27 27 26 26 26 26 27 27 26 26 37 40 44 44 45 48 49 28 29 30 30 40 41 40 42 46 51 51 55 56 38 51 79 92 94 98 92 88 96 94 83 78 95 102 95 87 89 87 84 79 87 98 86 78 75 73
28 29 28 28 28 28 28 29 28 28 28 29 29 29 28 28 29 28 28 28 28 27 28 27 27 27 28 27 28 27 27 27 27 27 27 26 27 27 26 28 28 28 28 26 26 25 26 26 27 27 27 36 38 43 46 49 50 28 26 28 31 30 42 42 43 44 45 46 48 50 48 42 64 94 96 95 102 97 91 78 71 82 102 89 79 85 90 92 80 76 81 101 91 79 88 81
28 29 29 28 29 29 28 28 28 28 28 29 28 29 28 28 28 29 29 28 28 29 29 29 27 27 27 27 27 27 26 26 27 27 26 27 27 27 28 27 27 26 26 26 26 26 26 26 26 26 27 27 37 38 41 46 50 46 29 27 29 30 29 30 28 43 42 44 47 46 45 46 43 35 56 81 91 97 89 86 83 78 96 91 93 100 96 90 82 90 87 92 89 82 93 81
28 28 29 29 28 28 28 28 28 28 27 28 28 28 28 28 29 29 29 28 28 28 29 29 29 28 29 27 26 26 27 27 29 29 28 27 27 27 27 27 27 27 28 27 26 25 26 25 26 26 26 26 36 38 40 42 45 45 47 45 29 29 26 27 28 42 43 45 45 44 47 46 45 41 56 76 85 90 99 95 88 94 93 98 98 92 76 72 79 85 97 101 94 84 78 80
28 29 28 29 29 28 28 28 28 29 28 28 29 28 28 28 29 28 28 29 28 28 27 26 27 27 27 27 26 28 27 29 27 27 29 30 31 27 27 27 27 27 27 28 27 26 26 26 26 26 26 25 26 37 38 39 42 45 47 47 29 29 26 25 28 27 42 43 44 45 47 48 43 40 74 85 91 90 93 89 95 95 92 108 100 88 73 74 92 85 87 94 96 103 106 95
29 29 28 28 28 29 28 28 29 29 29 29 28 28 28 28 28 29 28 28 29 29 27 27 27 26 27 28 27 27 26 26 27 30 27 26 31 30 29 27 27 27 28 27 26 26 27 27 26 26 27 27 29 26 37 38 39 43 47 46 44 28 29 28 28 27 43 42 41 41 43 45 46 44 43 44 43 74 89 93 93 85 80 87 112 102 86 77 89 90 86 84 79 92 118 102
28 28 28 28 28 28 28 28 29 29 28 28 29 28 28 28 28 29 29 29 29 29 27 27 27 27 27 27 27 27 29 29 29 27 27 30 27 28 27 27 28 27 27 26 26 27 27 26 26 26 27 28 27 26 26 37 38 39 43 46 46 44 43 42 41 40 39 40 41 39 41 43 44 45 46 45 45 46 47 46 52 72 93 98 107 97 77 80 87 85 74 79 79 82 93 93
28 28 28 28 28 28 27 27 28 29 28 28 29 29 29 28 28 29 29 29 29 29 28 28 29 26 26 29 29 29 29 26 29 29 29 27 30 27 27 27 27 28 27 30 26 26 26 27 27 26 26 27 27 28 28 26 36 38 40 43 45 45 43 44 40 38 38 38 39 39 39 39 41 43 42 44 46 48 50 48 41 57 104 118 77 67 74 82 90 94 69 77 90 89 94 86
28 28 28 28 28 28 28 28 28 28 29 29 29 28 28 29 29 28 29 28 29 29 29 29 29 29 29 28 27 27 27 27 27 27 29 29 29 28 27 30 28 28 28 27 30 30 27 27 26 30 26 27 27 27 27 27 28 36 39 41 44 49 46 45 42 40 37 37 26 26 38 38 38 40 42 43 44 43 44 48 47 43 63 55 38 38 35 29 51 71 82 86 87 89 92 97
28 29 28 28 28 28 28 28 28 28 28 28 28 28 29 29 28 28 29 29 29 29 28 29 29 29 29 29 29 27 29 27 27 27 27 27 29 29 29 25 26 29 26 26 26 30 29 29 26 26 27 31 26 27 26 26 29 28 28 39 41 43 44 46 48 43 40 40 39 26 25 37 40 39 40 40 40 42 43 44 45 41 35 34 34 34 17 18 19 33 65 91 93 87 78 91
