examples/data/proba_v_italy_sicily/probav_s10_toc_x19y03_20150201_333m_ndvi_v001.txt
ncols         1127
nrows         589
xllcorner     12.348214285714
yllcorner     36.598214285714
cellsize      0.0029761904761905
NODATA_value  -9999
[rows 96 to 143 of 589, columns 960 to 1055 of 1127]
221 217 194 174 162 198 208 183 175 174 242 247 199 178 168 84 143 126 201 199 174 228 174 109 127 138 174 198 204 235 250 250 207 190 194 198 205 250 201 244 162 170 178 180 185 184 180 174 169 171 180 182 171 172 176 168 162 165 161 181 154 165 180 181 138 130 117 148 196 194 184 177 184 190 163 183 187 181 191 211 215 197 189 204 172 153 157 226 232 166 187 197 177 82 49 36
209 206 190 188 190 169 165 169 179 176 202 183 178 186 140 85 82 99 163 193 178 178 137 104 100 187 185 203 215 238 242 177 185 186 186 199 177 189 211 189 173 151 165 180 187 196 183 184 194 181 195 192 189 180 173 157 161 164 172 161 153 161 177 167 145 120 125 153 160 186 186 178 186 194 198 191 183 173 160 159 178 177 166 177 190 186 198 219 232 197 172 163 110 48 40 35
228 191 196 184 150 131 139 139 145 164 185 182 180 190 91 186 96 63 77 211 177 175 171 179 198 204 186 197 215 231 227 196 181 184 202 244 232 170 198 206 179 143 143 143 145 160 182 177 175 182 160 175 182 167 154 152 162 175 174 170 164 169 182 177 161 158 149 142 156 162 169 180 192 199 196 196 192 184 174 180 189 188 183 197 207 212 210 201 211 223 214 159 94 81 87 94
161 174 185 174 142 139 129 128 152 159 183 181 185 186 120 84 91 62 69 91 180 179 187 196 203 206 210 217 231 204 194 181 192 193 218 239 240 203 184 164 150 157 174 157 154 157 167 187 161 155 152 186 194 183 161 153 163 186 185 182 190 178 172 164 172 169 162 154 152 155 165 179 188 201 204 182 202 199 198 183 188 191 178 169 208 213 203 204 211 212 216 177 98 31 24 24
133 151 155 146 149 181 183 152 151 158 153 127 126 141 88 110 101 66 55 63 172 187 197 207 221 227 222 220 217 201 192 182 205 218 237 236 233 234 206 168 151 140 140 161 185 186 185 181 173 148 142 149 160 154 161 155 165 196 199 188 183 196 208 197 192 175 158 160 158 173 173 173 188 195 198 202 207 206 205 215 210 203 174 155 202 218 201 194 208 217 194 133 38 24 23 21
162 114 164 163 141 169 165 165 167 188 176 160 77 89 97 112 115 106 97 79 113 178 191 197 199 195 202 228 231 233 218 203 195 213 241 244 218 218 212 161 155 141 137 144 157 163 168 171 160 150 147 149 150 162 170 175 188 198 198 184 162 160 168 167 164 153 154 178 172 172 177 180 197 202 203 213 219 185 175 206 219 211 209 197 192 207 186 162 173 164 114 63 56 54 63 52
181 165 146 175 166 142 159 163 174 187 193 182 177 123 112 119 142 158 149 117 92 123 196 186 173 194 212 226 222 219 218 180 176 208 241 238 175 186 161 155 165 138 130 141 156 151 140 148 170 152 155 162 171 175 181 183 199 203 200 197 173 166 172 175 166 162 165 178 189 186 184 185 184 205 218 218 226 224 221 213 218 210 218 224 215 209 191 179 104 63 41 66 48 44 41 37
150 175 166 161 154 172 124 132 156 183 193 199 181 106 78 58 95 123 153 116 71 77 196 185 183 215 250 243 213 204 199 195 186 196 169 162 155 147 168 164 156 168 155 145 148 161 144 155 176 167 172 180 189 180 194 195 196 196 202 199 200 197 201 193 180 177 169 168 167 169 176 169 174 194 215 209 211 219 213 207 218 200 209 221 222 210 124 73 43 36 52 44 56 17 44 43
168 147 137 158 170 145 101 114 116 137 188 173 108 129 134 61 128 135 163 83 114 148 182 196 212 219 230 224 213 234 220 185 174 195 194 175 180 158 197 220 196 172 200 151 137 154 155 166 189 182 194 179 182 205 209 211 205 201 212 214 192 191 180 185 196 188 169 166 161 179 190 181 182 188 186 177 190 208 219 221 215 219 208 191 170 116 81 77 74 18 22 60 41 34 17 54
174 170 118 154 169 152 79 67 123 96 86 129 171 168 160 78 118 161 147 113 131 138 151 201 201 209 215 200 200 212 232 232 221 233 230 221 183 158 151 201 204 168 146 142 140 156 156 162 151 172 239 203 191 198 213 210 211 218 206 192 183 180 167 167 180 192 179 183 193 204 205 192 183 171 178 183 193 203 209 214 214 220 216 177 100 17 37 34 24 21 19 64 53 39 19 18
167 172 116 133 173 180 145 129 146 102 78 126 168 93 105 170 161 144 102 84 98 159 158 172 183 206 225 228 200 224 206 191 192 180 167 169 162 171 165 156 179 193 181 166 199 227 160 169 165 183 174 162 161 175 201 208 202 207 209 205 202 207 192 168 162 164 170 190 208 212 200 185 182 173 189 207 207 206 214 214 211 210 178 95 13 37 32 25 23 26 56 19 31 45 17 29
182 193 163 128 153 165 157 152 161 130 103 110 135 94 128 138 167 149 127 86 88 114 148 167 188 205 203 200 194 166 167 152 153 164 179 189 182 188 190 155 169 179 250 250 198 250 164 165 163 173 156 155 169 188 216 212 209 216 214 212 215 225 222 170 166 175 179 205 214 216 209 204 194 195 206 216 218 217 211 215 218 183 101 0 37 32 24 20 22 46 56 38 24 16 15 17
185 194 183 141 126 158 193 187 165 163 98 95 55 121 103 131 183 168 172 135 106 84 151 175 195 191 178 158 161 158 176 162 165 172 165 177 182 192 180 184 173 163 238 250 250 168 185 181 165 165 174 185 183 184 215 218 207 211 218 217 215 223 226 204 170 160 184 217 211 211 208 202 208 211 205 208 221 221 212 216 192 115 79 37 33 23 19 23 23 19 53 42 21 17 17 16
205 177 135 173 210 182 167 142 146 160 177 138 117 105 116 151 171 164 151 113 131 149 195 182 184 188 172 157 164 180 185 184 181 187 171 160 209 205 179 166 173 189 180 173 183 172 188 173 168 168 183 204 203 194 209 243 250 228 197 160 196 223 221 213 190 188 190 210 219 215 188 167 185 198 207 217 220 214 219 198 140 52 41 55 52 52 58 43 23 20 19 20 21 18 17 17
203 199 210 194 176 149 113 114 160 180 132 151 187 182 181 180 171 160 153 173 215 221 209 203 191 172 167 156 162 187 188 194 185 174 161 202 205 215 197 178 162 151 163 180 181 199 186 157 151 161 179 227 205 211 201 208 221 214 210 138 181 224 221 216 215 215 211 207 220 222 222 217 201 204 209 219 221 221 209 138 68 45 41 51 54 39 54 47 27 21 20 18 19 16 17 17
198 208 193 197 183 93 140 104 113 169 144 128 160 190 178 171 159 154 163 171 198 219 216 205 196 171 168 181 175 182 186 196 184 160 171 202 181 189 200 192 181 180 202 202 155 186 203 207 195 195 202 200 195 209 199 195 210 218 223 221 201 210 218 222 230 225 216 209 215 227 223 221 227 225 221 227 220 208 200 165 55 45 39 25 26 35 42 25 23 20 18 17 17 16 15 15
185 189 197 198 199 210 180 130 108 141 157 117 95 121 163 162 166 181 178 181 194 197 200 196 192 183 186 195 184 182 185 190 191 161 167 190 170 156 178 192 194 212 250 219 168 181 192 224 229 250 215 194 172 187 195 200 216 207 212 227 217 214 225 225 225 223 215 213 214 226 231 221 223 218 213 214 214 195 164 123 42 0 12 27 24 21 24 22 22 21 18 17 16 14 14 14
185 182 182 198 197 194 181 165 140 116 100 101 99 114 166 187 205 210 198 195 197 207 208 199 188 177 189 193 193 170 166 167 186 186 171 203 188 174 179 198 213 175 159 177 170 175 173 174 177 173 175 175 175 174 171 172 200 211 218 223 219 222 216 215 230 232 225 220 220 226 226 229 195 193 193 207 216 178 97 52 18 0 26 23 23 21 21 21 21 21 17 15 16 13 14 26
176 175 176 191 205 213 191 185 148 123 109 82 79 159 181 173 189 194 192 181 180 192 193 191 192 181 181 187 178 179 173 179 187 194 173 183 197 203 189 200 188 175 161 168 185 191 179 172 173 158 155 165 179 176 163 180 188 193 197 204 221 235 223 214 230 233 230 224 220 222 220 220 196 191 196 203 168 109 54 37 29 28 23 20 22 23 22 20 19 19 15 12 14 14 16 16
175 150 171 192 193 206 234 203 191 163 125 108 120 142 183 183 181 176 182 199 200 194 186 180 181 177 170 169 170 168 162 159 170 200 197 182 201 186 190 215 193 176 154 147 163 198 192 181 175 179 165 162 166 174 172 189 186 185 188 187 196 220 233 214 205 220 228 231 224 220 214 224 213 178 158 119 84 65 73 48 53 24 32 20 20 19 20 21 17 15 13 13 13 15 15 37
163 156 161 185 185 202 206 186 177 186 170 151 151 179 189 181 183 182 180 202 200 194 193 190 176 179 184 173 163 154 152 153 160 176 196 194 181 188 206 208 198 199 195 175 170 175 171 168 178 211 187 165 157 165 160 168 191 201 201 200 199 219 230 234 218 202 222 229 222 215 219 225 208 99 61 44 35 79 60 45 62 21 31 22 20 17 42 29 60 29 13 14 14 14 16 37
160 163 168 159 172 174 178 201 177 163 159 162 178 167 167 165 181 180 184 194 192 190 181 180 183 178 188 172 168 177 180 175 176 175 191 216 210 156 181 218 211 210 223 222 210 199 167 163 167 200 210 203 188 167 164 178 204 224 221 219 219 230 235 238 240 221 181 185 214 227 220 208 166 74 39 121 85 29 29 61 25 21 19 29 19 17 53 42 29 58 32 13 0 0 3 37
192 192 183 184 190 179 172 188 194 192 186 182 184 179 175 172 172 178 190 194 190 187 175 171 184 178 182 181 177 184 190 177 177 167 189 209 220 214 198 221 219 211 230 231 222 212 195 188 164 170 174 197 208 196 198 187 178 201 218 224 221 231 233 224 204 197 224 199 177 204 217 173 95 61 139 79 24 39 80 58 67 20 37 30 25 41 32 28 14 33 37 26 9 0 14 32
193 187 207 209 229 197 168 177 187 194 199 199 187 186 187 174 173 180 187 204 204 196 191 185 186 175 174 185 184 190 173 175 178 172 177 189 208 239 226 218 217 210 222 224 213 209 204 200 192 194 203 201 211 220 217 192 198 216 225 234 231 227 225 227 214 207 220 207 158 126 128 103 25 86 182 103 73 57 47 61 18 19 36 31 32 15 40 37 15 38 13 20 15 15 15 15
147 157 161 198 135 180 197 193 207 232 200 194 193 194 189 179 175 184 193 197 181 188 196 180 166 175 185 192 193 189 180 182 183 183 188 190 193 194 208 242 232 224 213 204 204 205 208 215 209 213 219 217 215 212 222 235 230 229 229 230 232 218 214 223 229 216 210 195 157 111 60 43 64 74 84 53 19 18 62 46 17 15 32 40 16 15 14 13 42 48 14 14 37 25 21 40
161 178 148 192 201 199 209 200 189 195 189 190 189 197 197 189 186 177 186 204 202 198 193 187 178 179 179 178 194 197 192 190 186 188 201 199 209 206 206 207 231 238 235 222 224 210 213 212 191 208 213 214 222 223 217 218 220 224 233 229 227 208 165 197 221 214 203 192 151 79 40 0 37 28 85 48 60 15 96 47 21 17 17 38 40 58 54 50 13 25 20 49 14 25 15 36
124 152 170 186 194 197 202 215 201 189 180 184 191 181 185 195 183 181 188 196 198 196 201 199 189 183 170 180 191 199 204 195 191 196 197 212 215 218 207 204 201 206 218 232 235 212 203 205 202 198 209 208 221 224 215 213 214 212 227 234 218 204 205 203 222 229 224 154 72 17 37 37 33 34 22 100 83 12 11 71 18 18 15 13 15 13 13 31 30 38 20 37 20 25 46 34
132 136 138 177 217 225 221 227 217 198 183 189 192 183 180 189 174 181 203 194 187 190 198 197 197 198 185 184 190 196 204 203 195 206 200 211 210 217 217 213 210 209 206 213 218 235 247 250 237 212 184 149 168 222 230 222 214 210 218 219 191 178 192 187 203 216 171 83 0 37 37 37 37 37 83 18 14 13 13 79 46 15 13 5 13 40 38 45 36 48 20 20 29 17 31 37
165 124 145 194 167 211 222 226 223 211 189 176 187 197 203 191 182 177 181 199 199 198 193 195 197 201 197 185 187 195 188 189 192 209 213 220 194 203 221 220 222 223 219 213 219 224 233 228 234 229 242 227 185 188 221 232 226 215 215 215 212 210 214 192 176 141 66 7 28 28 26 24 25 37 24 19 14 11 76 37 78 59 59 53 51 13 15 26 38 43 30 28 27 22 23 33
208 185 164 173 173 206 219 209 220 222 209 171 175 199 205 195 189 188 194 200 199 196 196 190 183 181 191 186 167 185 198 154 217 222 242 195 180 174 210 222 217 219 211 212 213 209 215 217 212 218 232 237 237 207 186 199 221 206 198 175 185 190 202 200 127 61 63 37 23 16 18 23 37 22 21 18 12 92 72 72 70 59 1 11 11 10 10 14 26 34 24 20 24 25 31 26
229 205 185 203 233 192 196 193 204 203 203 193 184 161 185 209 206 202 199 194 205 199 194 181 146 178 195 186 122 193 216 226 211 221 229 219 218 193 197 202 210 214 214 220 215 214 219 223 219 219 221 200 171 189 219 189 203 193 202 192 192 206 215 161 83 66 78 0 20 15 16 24 37 37 19 15 13 92 76 74 56 51 13 9 9 20 32 14 10 12 12 15 31 18 40 14
198 205 203 213 203 191 191 195 191 193 196 191 208 206 206 210 216 220 220 208 199 202 204 200 196 195 195 199 200 197 192 197 161 207 198 201 183 209 225 216 208 206 208 221 217 217 226 225 224 222 225 211 164 163 193 208 164 164 180 198 208 221 177 92 63 74 86 27 18 13 14 17 21 22 21 17 13 12 64 37 75 51 27 20 11 20 5 8 11 13 7 14 26 25 46 26
169 175 206 204 194 188 189 199 200 192 192 189 201 215 216 214 214 214 223 223 210 193 200 205 206 209 205 209 215 204 192 191 192 182 179 204 213 226 231 232 227 228 210 206 199 212 226 229 227 224 223 228 205 174 146 161 176 184 200 183 167 150 76 55 48 47 40 38 36 42 52 37 29 33 49 16 12 12 31 11 19 66 14 34 44 31 13 23 13 13 14 26 14 23 22 27
163 168 175 179 187 163 199 199 200 208 221 208 200 199 214 210 209 211 221 218 197 195 211 212 205 212 216 210 212 210 206 211 204 200 194 183 222 188 213 220 226 221 219 204 192 181 204 218 202 203 222 222 205 195 192 199 213 198 165 149 137 84 45 45 42 44 39 0 20 52 50 28 14 45 47 40 13 13 13 15 19 14 18 23 24 33 41 36 23 8 14 26 3 26 30 37
172 171 156 159 178 202 182 191 196 198 199 204 209 219 208 216 216 218 222 218 209 211 214 213 205 207 215 217 210 209 214 212 207 212 201 194 186 186 195 216 224 220 237 250 250 239 221 189 186 183 158 163 183 194 203 191 201 194 185 117 92 65 121 178 55 55 48 167 20 59 37 25 76 50 41 32 13 24 21 24 45 20 43 20 6 15 12 16 20 1 9 13 9 3 28 26
152 140 104 143 156 152 187 190 201 194 194 199 209 215 215 213 211 214 218 218 217 215 215 215 209 216 223 221 208 218 220 211 212 210 204 202 203 209 219 220 218 217 224 222 214 215 227 236 238 232 193 156 154 171 159 157 176 161 112 69 58 50 140 134 135 129 37 52 47 41 11 11 81 67 44 43 32 26 48 45 26 20 40 12 0 2 11 6 6 13 13 15 8 20 20 15
83 162 159 95 171 138 203 197 190 198 204 213 205 201 198 189 209 221 218 218 218 217 213 209 216 216 213 210 205 207 216 222 227 220 220 211 216 223 216 189 200 211 222 220 218 222 232 244 247 248 229 211 184 170 164 146 157 143 83 47 95 138 124 116 156 47 45 51 19 11 8 10 25 98 59 61 41 12 35 50 28 23 40 49 53 53 51 20 6 1 0 37 14 5 13 20
66 155 158 124 136 61 197 181 177 200 208 210 199 196 198 201 215 211 213 211 217 224 221 219 214 199 183 191 209 208 190 214 229 228 217 211 210 224 225 204 220 230 229 222 213 201 215 215 195 189 206 210 209 199 174 161 167 110 49 48 44 38 26 117 51 39 54 37 17 11 9 9 39 54 61 44 12 44 32 30 25 23 49 49 45 51 48 30 12 15 14 24 22 35 25 26
173 157 153 121 147 73 72 59 180 188 202 207 189 195 206 208 213 220 221 228 226 222 224 240 244 229 239 250 246 237 217 187 221 238 221 208 218 228 237 237 236 231 227 226 221 199 199 197 209 199 188 195 208 221 210 175 117 66 44 109 97 21 26 98 41 51 46 24 18 11 9 10 42 50 76 55 42 46 23 20 17 21 16 41 47 58 24 23 20 12 27 26 25 29 40 25
170 163 167 52 112 149 127 142 171 177 186 191 193 207 206 207 224 230 218 218 218 223 220 224 236 238 250 250 240 212 216 208 204 227 224 220 225 235 243 235 232 228 215 217 228 215 227 228 217 216 215 209 210 208 188 152 74 59 50 46 44 48 21 24 40 75 37 21 15 11 10 8 10 16 35 53 71 40 41 49 49 29 24 13 58 60 10 35 25 17 24 27 26 15 20 26
169 174 201 66 118 73 77 68 157 161 170 176 193 205 207 204 197 211 214 204 202 219 231 223 216 226 227 220 217 223 240 226 205 190 206 216 227 238 229 228 229 228 218 203 233 238 229 229 231 229 226 217 193 179 115 58 61 145 107 77 22 46 17 21 40 37 55 16 12 11 10 11 10 24 22 20 13 37 37 38 46 47 53 4 54 53 9 35 29 26 33 29 41 21 12 37
135 118 102 88 119 83 58 66 89 166 171 179 197 209 207 200 190 186 194 207 205 194 189 202 210 222 223 244 250 248 226 224 238 218 202 186 202 230 235 234 231 234 230 195 225 240 221 215 214 211 192 192 192 136 79 84 102 54 52 59 16 13 11 13 52 39 58 56 59 12 10 10 38 56 40 25 32 30 33 37 46 49 51 15 24 25 21 31 37 30 17 20 37 17 10 37
102 110 190 119 118 108 133 155 166 164 186 197 216 210 208 193 182 183 185 208 207 176 126 150 206 205 205 214 222 233 225 228 226 199 191 214 206 202 216 218 223 224 224 203 209 237 229 215 213 205 197 188 119 60 66 210 121 56 63 20 17 12 10 10 48 14 14 13 14 81 55 61 59 35 40 14 40 33 33 50 50 51 58 51 57 23 68 19 27 40 9 37 20 14 37 38
90 99 116 111 122 96 138 172 181 168 182 213 219 203 219 194 206 194 186 213 220 208 199 196 211 205 198 211 215 222 225 230 234 210 195 242 248 207 186 184 191 178 166 192 199 218 214 207 209 216 206 169 93 51 170 134 120 70 41 21 18 14 56 54 44 11 12 24 12 37 72 52 64 47 38 64 54 52 14 47 48 54 57 53 54 68 23 21 13 37 30 13 31 37 37 36
148 175 172 162 96 90 139 177 189 189 199 219 223 250 210 182 181 187 198 208 214 216 212 206 201 193 185 206 215 216 215 225 232 226 231 242 235 243 228 216 197 187 188 194 193 186 179 159 148 155 149 77 70 100 103 139 90 81 65 20 13 12 59 47 11 10 11 12 12 13 34 43 30 48 49 50 51 52 14 60 51 57 59 63 65 65 23 28 19 14 16 0 37 37 25 32
167 174 128 104 64 107 167 182 191 194 183 178 180 187 186 168 176 194 191 180 163 168 206 207 200 199 202 224 229 226 221 226 228 235 239 234 222 225 230 241 250 236 230 232 224 204 196 193 201 144 108 82 48 63 0 120 103 88 91 15 11 53 48 11 44 11 49 55 41 33 58 36 41 41 41 46 52 58 60 57 59 68 63 65 67 67 27 26 20 3 34 25 8 37 27 20
167 190 112 87 62 125 140 186 193 198 190 192 178 186 195 194 204 206 190 146 184 179 195 210 209 205 207 219 212 220 211 214 222 224 229 229 221 227 237 242 240 238 247 245 235 222 218 210 192 130 85 82 89 78 59 53 55 50 22 16 10 45 11 10 11 35 37 13 13 50 52 52 48 14 58 58 58 60 57 59 68 63 65 67 67 25 21 21 32 9 59 36 27 28 32 26
154 184 152 121 99 174 132 152 217 222 228 199 213 202 193 202 203 192 182 161 173 195 193 200 211 212 204 205 195 207 219 213 196 203 211 221 223 221 241 219 242 248 242 232 225 225 227 203 130 100 89 101 68 71 56 55 51 20 17 13 51 46 44 103 114 13 13 13 68 58 58 41 60 51 53 57 53 53 57 53 57 54 65 67 14 16 17 15 26 25 36 40 30 26 26 26
