examples/data/proba_v_italy_sicily/probav_s10_toc_x19y03_20141101_333m_ndvi_v001.txt
ncols         1127
nrows         589
xllcorner     12.348214285714
yllcorner     36.598214285714
cellsize      0.0029761904761905
NODATA_value  -9999
[rows 364 to 415 of 589, columns 960 to 1055 of 1127]
175 174 135 128 149 166 167 143 116 97 37 37 37 37 37 37 37 37 37 37 37 37 37 37 43 37 37 37 37 37 37 37 19 17 37 37 37 37 37 37 19 25 27 24 37 37 37 37 27 37 37 37 37 37 37 37 37 37 37 37 37 37 37 37 37 37 37 23 37 37 37 19 21 22 19 19 20 17 15 13 14 18 25 25 20 21 21 18 12 15 20 16 37 16 23 29
173 195 168 137 114 146 157 151 140 118 84 37 37 37 37 37 37 37 37 37 37 37 37 25 31 41 37 33 36 33 20 20 23 37 37 17 24 37 37 37 37 37 37 37 20 23 27 27 22 37 37 37 37 37 37 37 37 37 37 37 37 37 37 37 37 37 22 20 23 26 37 23 24 19 37 37 16 14 15 20 24 28 27 22 21 21 18 21 23 20 18 22 26 28 25 20
160 160 182 161 108 105 117 138 149 148 136 104 76 37 37 37 37 37 37 37 37 37 37 37 37 37 37 37 37 28 42 37 37 37 37 37 37 32 37 37 37 37 15 16 18 21 17 15 37 37 37 37 37 37 20 19 37 37 37 37 37 37 37 37 37 37 21 20 22 28 31 24 37 37 37 37 37 20 22 22 23 21 21 18 37 19 20 23 28 26 18 17 19 22 19 18
134 130 148 181 176 138 119 120 137 171 183 142 92 37 37 37 37 37 37 37 37 37 37 37 37 37 37 37 37 37 28 37 27 31 24 21 19 21 25 37 23 29 30 26 27 30 31 35 33 37 37 37 23 24 25 29 31 37 37 37 26 20 37 37 37 37 26 29 33 27 37 37 19 18 15 16 23 23 19 17 37 37 17 37 37 14 17 18 16 25 31 31 25 16 13 15
143 145 127 147 160 145 137 120 127 157 158 148 114 60 37 37 37 37 37 37 37 37 37 37 37 37 37 37 37 37 37 37 28 34 37 37 37 37 37 28 26 28 27 28 29 28 31 31 26 22 22 25 25 29 33 33 29 29 28 26 24 28 32 29 26 25 32 40 30 17 17 23 20 37 17 20 23 22 19 17 19 15 37 37 19 24 23 20 24 26 24 21 37 37 37 37
149 149 150 170 132 121 175 161 156 157 156 158 153 106 36 37 37 37 37 37 37 37 37 37 37 37 37 37 37 37 37 37 30 37 37 37 37 37 32 26 29 29 29 30 29 29 27 19 15 17 21 21 26 31 36 39 33 26 18 17 29 37 40 44 42 42 40 24 37 19 23 37 37 37 37 21 23 21 18 16 22 37 37 37 24 13 37 14 21 21 17 23 32 32 37 37
111 90 94 131 116 102 122 126 136 155 154 149 141 112 25 37 37 37 37 12 37 37 37 37 37 35 37 29 24 22 24 23 32 37 37 37 37 25 25 28 27 26 24 22 23 25 24 24 27 28 28 26 32 41 36 27 29 32 29 31 36 40 39 34 29 28 27 23 20 19 20 20 23 27 30 24 19 37 37 21 27 37 37 30 21 37 37 21 18 37 37 22 32 43 50 47
135 151 103 175 146 71 57 78 129 154 149 145 155 147 119 75 37 37 37 30 37 37 37 37 28 29 26 37 37 37 37 37 37 37 37 37 37 25 26 22 26 25 22 22 22 22 24 26 25 26 29 31 34 34 31 26 21 19 25 38 41 30 23 25 30 32 22 37 22 21 20 19 16 24 26 37 37 14 23 24 26 37 32 25 37 21 18 19 19 37 37 19 21 37 19 19
172 154 37 50 111 68 78 118 95 127 153 156 149 135 143 142 111 57 25 37 37 37 37 37 28 27 37 37 37 37 37 37 37 37 37 37 37 26 27 28 26 23 26 26 24 21 18 19 19 16 20 27 32 28 22 21 19 20 30 32 37 37 37 37 37 37 37 37 37 26 24 26 26 24 37 37 14 23 24 37 22 27 23 37 37 37 37 17 37 37 20 22 27 29 23 22
112 37 37 42 68 67 73 64 0 7 128 140 136 134 140 149 120 67 37 37 29 37 37 29 31 33 28 37 37 37 37 37 37 27 37 37 37 37 18 19 19 20 23 23 24 25 23 19 19 23 29 33 34 27 37 37 37 37 37 37 37 37 37 37 37 37 37 37 37 37 26 26 24 37 14 37 21 19 19 23 24 37 37 37 37 37 19 20 37 19 24 21 37 22 23 26
58 122 37 31 109 67 21 0 37 37 77 130 137 133 132 149 117 30 37 37 37 37 37 37 37 22 22 37 37 37 37 37 37 37 37 37 37 25 23 19 18 20 24 23 24 21 16 20 27 32 34 33 21 37 37 22 37 37 37 37 37 37 37 37 37 37 37 37 37 37 37 37 37 37 37 16 21 23 23 37 37 37 37 37 37 14 19 18 19 21 21 37 37 37 37 22
73 29 17 55 55 103 13 37 37 37 37 89 119 132 141 141 106 53 37 37 37 37 37 37 30 27 24 37 37 22 23 37 19 25 29 37 24 23 18 18 26 31 27 20 15 14 22 33 35 34 27 37 37 24 29 29 37 37 37 37 37 37 37 37 37 37 37 37 37 37 37 17 37 37 14 22 22 23 23 37 37 37 37 37 18 22 20 18 37 37 37 37 37 37 37 37
37 37 37 31 66 101 84 37 37 37 54 37 64 101 99 78 63 54 37 37 37 25 22 37 23 25 27 29 30 29 30 37 25 28 37 37 20 20 25 29 33 31 23 18 17 25 32 33 28 37 37 37 21 26 25 20 37 37 37 37 37 37 37 37 37 37 37 37 37 37 13 37 37 21 28 28 23 14 37 37 37 37 37 37 19 21 19 37 37 37 37 37 37 37 37 37
37 37 37 29 61 57 59 23 37 37 37 37 37 37 37 37 37 37 37 25 24 22 16 14 18 13 15 17 17 24 29 29 29 28 24 23 20 22 27 31 19 37 37 17 22 21 22 23 37 22 28 30 22 21 37 37 37 37 37 37 37 37 37 37 37 37 37 37 22 37 37 37 37 32 26 22 20 22 23 23 24 37 26 37 19 20 22 37 37 37 37 37 37 37 37 37
68 47 51 37 37 51 42 0 25 28 35 14 37 37 37 37 37 37 28 26 29 35 45 36 18 18 20 23 28 29 25 22 23 25 22 17 24 26 20 16 37 13 20 24 28 30 26 37 37 37 25 37 20 22 21 37 37 37 37 37 37 37 37 37 37 37 37 37 37 37 37 28 33 24 23 23 20 19 22 37 14 17 37 24 17 23 37 37 37 37 37 37 37 37 37 37
68 44 43 37 44 55 41 0 12 13 14 14 37 7 10 26 29 30 35 32 30 35 35 33 34 37 32 32 28 27 30 28 21 19 23 35 40 28 20 8 13 23 22 24 24 24 26 37 37 37 37 37 25 26 27 37 37 37 37 37 37 37 37 37 37 37 37 37 37 37 37 37 22 20 20 21 22 20 20 23 37 25 37 37 24 22 37 37 37 22 27 37 26 37 37 37
37 37 37 37 43 69 77 58 32 26 31 26 21 37 37 32 40 36 23 20 30 31 22 29 38 34 23 23 32 32 24 28 34 21 24 36 23 17 28 35 35 33 27 23 24 24 37 37 37 37 37 24 31 37 37 37 37 37 37 37 37 37 19 37 37 37 24 28 25 22 21 21 20 19 19 20 20 37 37 37 19 16 20 24 21 24 37 37 37 37 37 37 37 37 37 37
37 35 35 25 22 61 73 58 13 14 25 27 27 33 40 38 26 22 22 25 27 21 12 34 16 20 29 27 22 16 12 14 15 21 30 29 23 26 29 30 24 25 33 26 23 37 24 37 37 37 37 28 37 37 37 37 37 37 37 37 37 37 24 37 37 37 17 22 21 18 15 17 18 19 19 37 37 37 37 37 37 18 22 25 26 37 37 37 37 37 37 37 37 37 37 37
36 37 30 28 27 26 19 8 7 9 17 21 30 39 37 30 29 33 34 35 30 21 18 32 25 18 13 13 17 25 24 20 20 23 24 14 10 13 14 19 32 35 25 21 37 37 37 37 37 37 37 37 37 37 37 37 37 26 26 23 37 16 23 22 37 37 25 19 20 20 22 20 20 23 37 37 37 37 37 37 14 17 22 24 23 37 37 37 37 37 37 37 37 37 37 37
44 35 30 43 50 41 24 17 0 37 15 19 26 25 23 28 30 31 32 29 23 20 20 16 20 29 34 38 35 25 17 16 23 27 23 24 18 17 20 22 25 20 37 37 37 37 37 37 37 37 37 37 37 37 37 37 37 21 37 23 37 23 37 21 37 20 28 27 19 19 21 22 21 37 37 37 37 37 37 37 13 16 23 25 19 37 37 37 37 37 37 37 37 37 37 37
31 31 39 40 33 31 26 0 19 20 18 18 19 25 26 25 24 21 22 19 17 20 27 31 29 39 38 26 27 24 28 28 27 27 20 22 37 40 30 25 16 37 15 37 37 37 37 37 37 37 37 37 37 37 37 37 37 34 37 37 37 37 37 17 18 21 21 24 22 23 19 37 37 20 37 37 37 37 37 37 17 23 27 23 37 37 37 37 19 17 17 37 37 22 37 37
37 37 34 27 28 30 37 37 25 28 25 22 21 37 37 37 19 22 21 20 24 32 37 40 35 21 14 23 23 23 36 40 28 23 26 18 18 28 30 22 19 24 31 22 30 37 37 37 37 37 37 37 37 37 37 37 37 37 37 16 14 37 37 18 17 18 20 23 20 18 17 17 21 22 19 37 37 37 20 17 23 25 23 25 27 21 21 22 22 17 18 20 19 20 23 23
29 36 31 25 25 30 30 25 11 18 32 37 37 37 37 37 22 23 22 26 28 26 26 26 21 19 29 30 21 18 19 30 33 30 29 27 25 20 22 20 31 33 23 25 37 37 37 37 37 37 37 37 37 37 37 37 37 37 19 14 37 37 37 15 17 19 26 24 37 37 19 17 21 21 37 19 20 18 22 23 23 22 21 22 23 28 19 21 23 19 17 23 27 22 24 23
33 29 22 37 37 37 37 37 0 15 20 37 37 37 37 23 25 25 24 20 18 21 25 19 16 19 24 20 22 27 21 15 16 17 18 24 21 20 20 22 20 20 20 37 37 37 37 37 37 37 37 37 37 37 37 37 19 37 37 37 37 37 37 37 15 17 18 37 37 37 27 22 37 37 37 37 17 21 37 23 33 31 21 18 27 26 37 24 28 34 30 23 25 20 37 37
27 27 22 37 37 37 37 37 37 10 20 37 15 19 24 26 24 21 23 27 29 27 18 13 17 25 22 23 27 21 21 19 37 18 19 21 21 20 22 24 23 20 17 17 37 37 37 37 37 37 37 37 37 37 37 37 22 37 37 37 37 37 18 37 17 16 16 37 37 24 23 19 13 14 13 22 21 25 30 29 26 37 37 37 28 27 27 37 37 37 31 29 23 28 27 37
24 28 37 33 37 37 37 25 20 17 24 22 17 22 27 24 23 25 24 24 25 18 37 15 22 18 23 20 17 16 12 37 37 37 37 21 23 22 22 21 22 23 22 20 21 37 37 37 37 37 37 37 37 37 37 18 12 22 37 37 37 37 19 18 19 19 18 37 37 21 13 37 37 22 24 21 14 16 37 37 37 37 37 37 37 37 37 37 37 37 37 23 20 37 37 37
37 37 37 33 37 37 37 37 35 20 24 15 19 22 22 23 24 22 21 19 18 17 20 26 31 28 21 16 15 16 17 37 37 37 37 37 22 20 19 18 19 23 23 23 20 37 37 37 15 20 20 37 37 37 37 37 37 37 37 37 21 37 18 19 20 37 37 37 25 37 37 37 25 23 37 37 21 16 18 37 37 37 37 37 37 37 37 37 37 37 37 37 37 37 37 37
45 37 37 20 20 20 37 37 26 18 26 18 21 25 26 25 24 22 25 24 19 23 25 16 13 16 19 24 23 17 24 37 37 37 37 37 37 19 20 18 16 17 19 20 22 22 37 37 19 37 17 19 19 15 37 37 37 37 37 21 37 20 37 37 37 37 37 37 37 37 37 25 28 37 37 26 37 37 37 37 37 37 37 37 37 37 37 37 37 37 37 37 37 37 37 37
37 37 37 32 37 37 30 23 20 20 16 23 26 24 25 26 25 25 23 19 11 37 12 14 18 20 20 15 19 31 35 33 26 26 29 19 37 37 37 21 19 17 17 20 23 24 22 22 37 30 37 37 37 37 37 37 37 20 37 19 37 37 37 37 37 37 37 37 37 25 25 27 37 34 28 37 37 37 37 37 37 37 37 37 37 37 37 37 37 37 37 37 37 37 37 37
5 37 19 14 37 20 13 20 37 16 27 29 25 24 23 19 19 17 13 12 14 16 18 25 28 29 23 20 26 36 28 21 25 27 37 37 37 37 37 37 22 21 20 21 22 21 21 20 37 34 27 37 37 37 37 37 22 20 37 19 20 37 37 37 37 37 37 25 26 20 37 37 37 37 37 37 37 37 37 37 37 37 37 37 37 37 37 37 37 37 37 37 37 37 37 37
20 16 37 0 17 22 24 37 14 28 27 25 24 22 20 19 17 16 17 20 25 31 36 43 37 23 25 32 29 21 37 37 19 18 37 37 37 37 37 37 37 19 21 19 18 19 21 21 21 23 24 21 37 37 37 37 20 37 37 37 20 37 37 37 37 37 24 25 37 37 37 37 37 37 37 37 37 37 37 37 37 37 37 37 37 37 37 37 37 37 37 37 37 37 37 37
18 7 2 14 15 16 37 13 25 24 15 16 21 37 37 22 19 24 30 34 40 42 35 24 24 26 22 22 21 20 37 37 37 37 37 37 37 37 37 19 19 19 19 19 21 20 20 21 21 24 37 37 37 37 37 37 20 37 37 37 20 37 37 37 37 27 24 37 37 37 37 37 37 37 37 37 37 37 37 37 37 37 37 37 37 37 37 37 37 37 37 37 37 37 37 37
14 20 15 13 20 8 14 24 29 23 19 20 16 15 18 22 22 23 32 31 32 32 27 23 25 29 20 19 23 23 37 37 37 37 37 37 37 37 37 37 37 37 21 21 21 19 19 19 20 11 37 37 37 37 37 37 20 37 37 37 37 37 37 37 37 23 22 37 37 37 37 37 37 37 37 37 37 37 37 37 37 37 37 37 37 37 37 37 37 37 37 37 37 37 37 37
0 0 19 6 20 16 21 29 24 16 15 17 15 25 31 27 22 25 27 31 26 25 27 30 29 26 21 24 29 27 37 37 37 16 17 15 12 17 37 37 37 37 37 37 19 21 19 22 20 37 37 37 37 37 37 37 20 37 20 37 37 26 37 25 37 24 37 37 37 37 37 37 37 37 37 37 37 37 37 37 37 37 22 37 37 19 20 37 37 37 37 37 37 37 37 37
0 4 7 1 0 23 32 32 24 15 37 18 22 29 34 28 28 28 28 27 28 25 28 28 29 37 37 37 37 34 37 37 22 22 37 37 37 14 17 37 37 37 37 37 14 19 19 20 20 37 37 37 37 37 21 21 22 37 37 37 37 28 37 22 22 26 37 37 37 37 37 37 37 37 37 37 37 37 37 37 37 37 26 37 37 37 38 38 28 37 37 37 37 37 37 37
14 19 17 0 18 29 34 24 18 15 16 23 30 31 27 27 34 36 33 35 29 20 37 37 37 37 37 37 37 17 37 37 25 37 37 37 37 37 10 23 27 37 37 16 20 18 20 22 20 37 37 37 37 22 23 37 21 22 37 37 25 28 23 22 37 37 37 37 37 37 37 37 37 37 37 37 37 37 37 37 14 37 37 37 37 37 20 37 37 37 37 37 37 37 37 37
25 0 34 21 22 31 28 18 11 15 15 20 27 27 23 28 27 24 26 28 31 35 25 37 37 37 37 37 37 37 37 37 37 37 37 37 37 37 37 37 37 21 24 25 37 21 21 19 19 37 37 21 22 22 37 37 37 24 26 29 29 37 37 37 37 37 37 37 37 37 37 37 37 37 37 37 37 31 30 25 30 33 37 37 37 37 37 37 37 37 37 60 47 35 37 37
39 29 30 21 23 22 37 106 119 116 91 22 25 26 28 28 23 17 37 37 38 23 37 37 37 37 37 37 37 22 30 37 13 43 38 33 32 37 37 37 37 37 27 37 37 37 22 21 37 37 37 23 37 37 37 37 37 37 37 37 18 14 20 37 37 37 37 37 37 37 37 37 37 37 37 37 30 24 37 37 21 32 37 37 37 37 37 37 37 48 49 10 37 37 37 37
60 36 32 37 19 16 31 89 135 151 132 85 23 25 31 26 27 37 37 23 13 37 37 37 19 38 29 23 26 37 33 21 37 41 47 44 35 32 37 37 37 37 27 37 37 37 23 37 37 37 24 24 37 37 37 37 37 37 37 37 37 37 29 37 37 37 37 37 37 28 19 17 37 11 37 37 37 37 37 37 37 37 37 37 37 37 37 37 37 37 37 37 37 13 37 24
120 72 10 0 0 24 36 30 84 147 158 114 24 25 33 22 23 37 37 25 19 18 37 22 37 37 37 37 37 24 15 17 31 16 16 37 37 37 37 37 40 32 22 37 37 37 37 37 21 25 28 37 37 37 37 37 37 37 37 37 37 37 23 20 19 23 16 14 20 22 37 37 37 37 37 37 37 37 37 47 35 29 37 37 37 37 37 37 37 37 14 31 37 11 37 37
142 106 104 120 80 76 41 18 37 110 136 110 70 18 16 22 15 37 37 37 25 26 37 37 37 27 22 23 37 39 37 33 38 27 37 37 37 17 37 37 37 18 37 37 37 37 37 26 25 37 37 32 37 37 37 37 37 37 37 37 37 37 37 21 20 37 37 37 32 41 37 37 37 37 32 32 33 27 25 37 37 37 37 37 37 37 37 37 37 37 37 37 21 37 23 37
122 132 149 143 77 49 6 16 14 10 25 84 83 44 37 24 21 37 37 37 37 18 37 37 37 27 37 28 37 37 37 38 31 37 37 37 56 37 17 37 37 37 37 37 37 37 37 26 37 37 37 29 37 37 37 37 37 37 37 37 37 37 37 26 26 37 37 37 37 37 42 37 37 37 30 37 37 37 37 37 37 37 37 37 37 37 37 37 37 37 37 37 16 17 37 37
152 171 185 135 138 80 0 23 21 29 28 37 37 31 20 21 37 37 27 37 37 37 37 25 19 37 37 37 37 37 37 26 37 37 37 37 21 60 37 55 37 37 37 37 37 37 23 43 37 37 37 37 37 37 37 37 37 37 37 37 37 37 37 37 34 46 49 41 25 28 32 37 37 37 37 37 37 37 37 37 37 37 37 37 37 37 37 37 37 37 37 37 37 20 37 37
174 199 177 109 90 56 0 37 23 26 26 26 26 33 27 26 21 26 26 37 37 37 37 37 37 37 37 37 37 37 37 37 37 38 37 37 25 30 15 17 37 37 37 37 37 37 37 41 40 37 37 37 37 37 37 37 37 37 37 37 37 37 37 37 37 37 37 37 37 23 37 37 37 37 37 37 37 37 37 37 37 37 37 37 37 37 37 37 37 37 37 37 37 37 17 18
119 137 158 135 112 59 37 37 25 22 37 26 20 25 28 33 37 20 25 37 37 9 37 37 37 46 41 36 37 37 37 31 41 37 41 33 22 37 37 16 37 37 22 14 37 37 37 33 39 40 37 37 37 37 37 37 37 37 37 37 37 37 37 37 37 37 37 37 37 36 50 37 37 37 37 37 37 37 37 37 37 37 37 37 37 37 37 37 37 37 37 37 37 37 37 37
62 79 149 121 88 60 37 37 24 33 37 26 20 32 26 26 37 37 37 37 37 37 37 37 37 21 37 18 25 30 37 37 37 37 37 37 37 37 37 37 37 37 31 23 37 37 31 26 22 37 37 37 37 37 37 37 37 37 37 37 37 37 37 37 37 37 37 37 37 37 37 37 37 37 37 37 37 37 37 37 37 37 37 37 37 37 37 37 37 26 26 28 37 37 24 37
77 97 94 104 68 37 37 37 30 22 26 26 20 32 14 37 37 37 37 37 28 21 16 24 25 32 37 37 37 16 37 26 18 56 37 37 37 37 37 37 25 28 25 22 24 24 33 37 37 25 37 37 37 37 37 37 37 37 37 37 37 37 37 37 37 37 37 37 37 37 37 37 37 37 37 37 37 37 37 37 37 37 37 37 37 37 21 37 37 37 37 19 24 24 37 37
64 66 75 107 86 68 6 37 18 27 23 26 26 40 26 37 31 36 31 18 26 39 24 37 37 37 37 37 32 17 37 37 37 37 37 37 37 19 24 38 19 16 37 37 37 33 37 24 37 37 37 37 37 37 37 37 37 37 37 37 37 37 37 37 37 37 37 20 37 37 37 37 37 37 37 37 37 37 37 37 37 37 37 37 37 37 16 37 37 37 37 37 23 25 27 37
119 55 66 73 75 85 68 47 0 27 24 16 17 29 38 33 37 37 36 37 37 22 37 37 37 37 37 37 25 29 37 37 37 37 37 23 41 40 52 37 37 29 22 22 21 28 37 37 37 37 37 37 37 37 37 37 37 37 37 37 37 37 37 37 37 37 37 37 37 37 37 37 37 37 37 37 37 37 37 37 37 37 37 37 37 22 17 37 37 14 14 37 37 37 37 24
105 71 63 57 42 48 62 63 42 27 27 15 15 31 20 33 33 31 38 33 46 30 15 37 37 37 37 37 33 24 18 21 22 37 37 37 30 37 37 37 22 29 37 37 37 37 33 30 37 37 37 37 37 37 37 37 37 37 37 37 37 37 37 37 37 37 37 37 14 9 10 37 37 37 37 37 37 37 37 37 37 37 37 37 24 19 37 37 37 24 27 23 37 37 37 37
139 102 78 70 58 53 55 62 63 51 34 37 37 3 20 33 33 33 47 25 30 39 32 37 37 33 33 37 20 25 37 37 27 37 37 38 32 37 37 37 37 37 37 37 37 30 36 31 37 37 37 37 37 37 37 37 37 37 37 37 37 37 37 37 37 37 37 37 4 0 10 37 37 37 37 37 37 37 37 37 37 37 37 22 18 37 37 37 37 37 37 37 37 37 37 37
145 136 121 131 101 75 86 91 65 68 74 54 22 17 37 40 47 34 67 30 31 42 36 31 26 20 20 33 33 32 33 37 20 37 37 40 37 37 37 37 37 37 37 37 37 18 24 37 37 37 25 18 37 37 37 37 37 37 37 37 37 37 37 37 37 37 37 37 37 37 37 37 14 37 37 37 37 37 37 37 37 25 22 20 37 37 37 37 37 37 37 37 37 37 37 37
