examples/data/proba_v_italy_sicily/probav_s10_toc_x19y03_20150101_333m_ndvi_v001.txt
ncols         1127
nrows         589
xllcorner     12.348214285714
yllcorner     36.598214285714
cellsize      0.0029761904761905
NODATA_value  -9999
[rows 357 to 407 of 589, columns 384 to 479 of 1127]
79 74 38 0 0 0 0 12 32 65 89 94 73 62 55 78 103 122 128 134 143 146 131 93 116 148 144 147 162 187 170 159 185 199 192 202 201 188 185 187 177 164 137 143 179 151 125 155 189 151 117 120 174 166 156 113 182 150 116 138 135 147 151 144 144 121 140 147 147 156 113 72 72 160 182 170 149 206 134 110 133 132 131 109 102 112 131 131 96 132 114 100 116 110 95 79
0 0 0 0 0 0 0 30 66 50 50 41 33 37 40 75 80 74 66 67 55 66 109 111 115 142 142 162 180 194 183 178 187 196 187 195 194 177 175 174 180 169 127 120 96 132 178 177 195 148 180 143 162 158 180 175 155 158 120 157 156 102 140 145 112 149 150 121 145 139 92 148 53 63 69 97 217 139 123 64 64 83 126 109 109 118 120 80 74 131 107 106 116 116 99 110
0 0 0 0 0 0 0 0 30 60 50 10 0 15 18 27 30 0 0 0 0 0 0 64 129 161 161 162 173 182 166 149 156 155 163 181 177 158 160 164 173 157 132 128 154 141 148 151 165 159 184 186 162 166 158 169 167 154 164 168 158 92 141 148 102 153 167 149 184 197 172 175 162 160 210 65 69 69 53 51 152 49 79 99 89 105 97 58 139 119 124 95 92 101 107 121
0 0 0 0 0 0 0 0 0 10 7 5 0 7 8 0 0 0 0 0 0 0 0 0 17 107 139 133 130 153 171 167 170 193 200 170 150 148 165 156 141 147 145 148 162 169 152 121 159 145 165 157 163 176 174 169 159 155 170 170 121 115 95 141 135 90 179 182 194 194 172 150 146 146 147 152 136 131 95 129 135 125 143 141 116 112 102 109 119 129 121 127 135 118 96 107
0 0 0 0 0 0 0 0 0 0 0 0 0 0 0 0 0 0 0 0 0 0 0 0 0 6 123 147 137 149 178 184 161 187 199 177 140 153 156 132 99 107 132 145 157 157 162 145 123 171 182 163 144 157 175 161 156 153 161 147 163 109 130 114 142 147 111 179 90 177 162 140 130 155 156 132 135 114 107 115 115 131 154 162 140 126 122 116 142 142 141 132 137 129 100 106
0 0 0 0 0 0 0 0 0 0 0 0 0 0 0 0 0 0 0 0 0 0 0 0 0 0 53 121 146 170 195 184 141 165 167 165 145 142 132 123 115 98 104 116 136 140 136 125 137 128 151 104 106 151 156 168 145 146 154 118 156 120 127 122 129 132 188 206 180 144 167 149 158 157 142 127 112 131 129 124 133 145 155 131 125 106 104 113 106 60 101 101 115 113 114 98
0 0 0 0 0 0 0 0 0 0 0 0 0 0 0 0 0 0 0 0 0 0 0 0 0 0 0 48 127 172 179 158 121 164 151 136 140 136 127 116 120 121 106 88 95 105 109 139 145 150 121 140 140 120 150 154 152 162 172 188 193 166 125 116 167 171 192 214 202 186 193 172 142 144 124 111 156 204 179 134 124 139 126 103 95 90 86 93 106 93 104 109 115 117 119 94
0 0 0 0 0 0 0 0 0 0 0 0 0 0 0 0 0 0 0 0 0 0 0 0 0 0 0 0 46 124 144 129 134 152 148 129 154 166 137 126 133 131 114 89 79 104 111 127 139 138 161 149 128 106 140 117 115 100 148 232 204 184 187 162 172 156 153 194 160 205 206 141 112 78 156 143 162 188 153 126 122 118 107 96 87 91 91 106 99 101 100 113 119 106 58 95
0 0 0 0 0 0 0 0 0 0 0 0 0 0 0 0 0 0 0 0 0 0 0 0 0 0 0 0 0 71 108 117 121 112 132 157 152 151 135 146 137 124 116 96 84 112 128 138 149 154 176 148 127 91 121 128 97 98 136 166 153 150 167 162 119 187 185 169 176 200 173 85 109 125 84 156 154 179 172 155 158 151 147 143 126 115 120 69 106 102 94 106 108 91 88 49
0 0 0 0 0 0 0 0 0 0 0 0 0 0 0 0 0 0 0 0 0 0 0 0 0 0 0 0 0 47 64 85 99 107 139 176 158 157 142 149 133 124 135 127 125 134 130 152 169 168 177 139 149 124 110 124 128 126 134 141 129 120 145 169 171 157 137 105 179 137 112 114 80 104 114 97 163 166 155 162 147 136 144 147 151 143 138 84 106 115 119 117 134 119 99 65
0 0 0 0 0 0 0 0 0 0 0 0 0 0 0 0 0 0 0 0 0 0 0 0 0 0 0 0 0 0 3 43 47 54 80 101 155 186 159 138 137 133 127 141 143 129 127 137 173 152 148 156 167 143 142 145 99 115 122 89 82 93 123 150 144 157 177 178 153 144 117 118 129 78 109 79 162 160 120 109 116 117 136 151 146 142 76 85 106 100 110 109 117 101 95 93
0 0 0 0 0 0 0 0 0 0 0 0 0 0 0 0 0 0 0 0 0 0 0 0 0 0 0 0 0 0 0 0 0 0 0 36 106 173 161 123 129 142 151 147 146 137 141 156 155 117 120 156 140 130 147 148 122 120 108 93 92 129 152 159 159 163 168 169 155 131 148 130 124 147 100 125 145 155 138 127 136 160 175 199 159 160 127 90 97 115 99 81 80 81 82 89
0 0 0 0 0 0 0 0 0 0 0 0 0 0 0 0 0 0 0 0 0 0 0 0 0 0 0 0 0 0 0 0 0 0 0 37 19 104 143 151 143 144 153 135 133 142 145 139 128 131 137 131 114 138 145 130 116 112 129 110 87 103 130 150 158 144 156 158 150 139 120 137 121 113 120 142 146 135 140 128 141 137 143 154 132 63 74 103 113 117 130 114 93 84 91 88
0 0 0 0 0 0 0 0 0 0 0 0 0 0 0 0 0 0 0 0 0 0 0 0 0 0 0 0 0 0 0 0 0 0 0 0 37 0 73 129 136 134 133 118 134 145 132 119 107 128 146 141 116 136 148 139 108 98 117 97 81 91 109 120 150 137 150 160 140 120 121 127 102 113 125 123 132 125 120 122 115 129 134 81 109 106 105 83 105 104 113 118 92 90 89 62
0 0 0 0 0 0 0 0 0 0 0 0 0 0 0 0 0 0 0 0 0 0 0 0 0 0 0 0 0 0 0 0 0 0 0 0 0 0 0 62 112 144 166 148 139 136 136 140 124 143 163 152 138 137 118 111 93 85 79 75 78 100 121 106 95 91 103 115 135 143 149 150 116 127 110 115 129 115 122 125 143 148 136 98 136 108 103 86 66 62 72 85 73 67 80 82
0 0 0 0 0 0 0 0 0 0 0 0 0 0 0 0 0 0 0 0 0 0 0 0 0 0 0 0 0 0 0 0 0 0 0 0 0 0 0 0 50 116 162 165 154 163 167 159 130 129 127 116 102 89 103 127 120 124 114 120 119 149 122 72 79 68 111 129 165 185 169 147 116 81 119 109 104 107 140 148 174 152 120 129 136 96 95 94 81 68 75 90 105 94 96 81
0 0 0 0 0 0 0 0 0 0 0 0 0 0 0 0 0 0 0 0 0 0 0 0 0 0 0 0 0 0 0 0 0 0 0 0 0 0 0 0 0 42 99 119 129 134 143 125 102 94 91 102 109 102 121 119 107 145 144 126 130 120 87 88 100 122 134 135 159 171 139 111 91 103 142 80 160 137 145 170 147 136 115 125 81 103 109 106 94 81 91 97 104 116 113 106
0 0 0 0 0 0 0 0 0 0 0 0 0 0 0 0 0 0 0 0 0 0 0 0 0 0 0 0 0 0 0 0 0 0 0 0 0 0 0 0 0 0 40 92 112 99 106 127 116 103 85 87 108 104 87 90 103 114 96 87 98 108 121 129 141 134 131 139 129 138 116 91 78 88 142 169 140 163 154 182 176 128 139 76 111 109 102 89 152 84 104 92 97 104 106 120
0 0 0 0 0 0 0 0 0 0 0 0 0 0 0 0 0 0 0 0 0 0 0 0 0 0 0 0 0 0 0 0 0 0 0 0 0 0 0 0 0 0 0 56 95 70 53 82 119 113 103 89 78 85 74 76 93 89 60 55 94 122 126 116 120 109 114 117 118 128 131 111 142 153 156 156 155 101 188 148 159 61 128 107 116 92 117 123 110 93 131 124 90 65 58 113
0 0 0 0 0 0 0 0 0 0 0 0 0 0 0 0 0 0 0 0 0 0 0 0 0 0 0 0 0 0 0 0 0 0 0 0 0 0 0 0 0 0 0 0 23 0 0 0 61 109 123 106 91 84 85 89 84 94 126 104 105 120 107 126 132 123 143 140 139 145 129 121 126 157 173 164 165 169 171 147 145 135 65 142 137 98 137 149 120 100 134 138 70 122 144 139
0 0 0 0 0 0 0 0 0 0 0 0 0 0 0 0 0 0 0 0 0 0 0 0 0 0 0 0 0 0 0 0 0 0 0 0 0 0 0 0 0 0 0 0 0 0 0 0 0 34 97 127 136 117 95 86 96 131 142 112 87 86 82 79 111 109 117 137 130 114 145 157 147 168 164 162 144 154 153 171 161 151 144 156 150 157 149 132 143 146 146 139 123 125 161 148
0 0 0 0 0 0 0 0 0 0 0 0 0 0 0 0 0 0 0 0 0 0 0 0 0 0 0 0 0 0 0 0 0 0 0 0 0 0 0 0 0 0 0 0 0 0 0 0 0 0 11 99 130 118 89 112 146 152 127 115 131 115 109 121 136 123 101 98 130 136 152 147 141 174 164 138 138 153 158 184 167 157 149 179 199 190 165 146 149 142 140 139 127 114 149 160
0 0 0 0 0 0 0 0 0 0 0 0 0 0 0 0 0 0 0 0 0 0 0 0 0 0 0 0 0 0 0 0 0 0 0 0 0 0 0 0 0 0 0 0 0 0 0 0 0 0 0 0 87 124 132 144 164 144 90 70 116 128 129 142 134 144 136 131 143 150 144 142 145 146 164 159 169 160 169 169 161 159 149 199 213 178 168 151 140 136 128 121 111 113 126 120
0 0 0 0 0 0 0 0 0 0 0 0 0 0 0 0 0 0 0 0 0 0 0 0 0 0 0 0 0 0 0 0 0 0 0 0 0 0 0 0 0 0 0 0 0 0 0 0 0 0 0 0 0 92 150 158 133 128 124 105 135 148 128 127 91 92 131 154 165 159 139 149 155 147 151 180 186 170 162 176 157 136 111 184 167 140 153 144 127 126 123 117 119 106 104 109
0 0 0 0 0 0 0 0 0 0 0 0 0 0 0 0 0 0 0 0 0 0 0 0 0 0 0 0 0 0 0 0 0 0 0 0 0 0 0 0 0 0 0 0 0 0 0 0 0 0 0 0 0 0 91 105 91 100 112 113 121 114 100 126 121 82 120 144 155 144 142 148 143 146 174 182 179 146 148 93 162 160 65 77 72 102 98 94 142 130 131 123 129 94 80 109
0 0 0 0 0 0 0 0 0 0 0 0 0 0 0 0 0 0 0 0 0 0 0 0 0 0 0 0 0 0 0 0 0 0 0 0 0 0 0 0 0 0 0 0 0 0 0 0 0 0 0 0 0 0 4 93 101 78 78 99 122 138 170 165 163 147 128 111 117 129 147 138 146 149 155 169 191 185 121 170 178 187 173 157 148 134 121 58 87 82 96 131 119 62 106 136
0 0 0 0 0 0 0 0 0 0 0 0 0 0 0 0 0 0 0 0 0 0 0 0 0 0 0 0 0 0 0 0 0 0 0 0 0 0 0 0 0 0 0 0 0 0 0 0 0 0 0 0 0 0 0 28 107 124 127 138 160 127 111 144 158 141 124 128 125 122 127 143 158 101 96 122 145 171 133 157 175 180 167 153 134 139 127 121 122 84 88 88 110 111 98 101
0 0 0 0 0 0 0 0 0 0 0 0 0 0 0 0 0 0 0 0 0 0 0 0 0 0 0 0 0 0 0 0 0 0 0 0 0 0 0 0 0 0 0 0 0 0 0 0 0 0 0 0 0 0 0 0 60 147 159 147 137 127 110 118 117 117 121 138 140 114 125 104 133 150 146 115 143 124 114 165 193 192 146 130 110 105 87 133 87 99 91 86 93 94 100 99
0 0 0 0 0 0 0 0 0 0 0 0 0 0 0 0 0 0 0 0 0 0 0 0 0 0 0 0 0 0 0 0 0 0 0 0 0 0 0 0 0 0 0 0 0 0 0 0 0 0 0 0 0 0 0 0 5 120 165 151 132 137 145 148 143 132 146 144 127 111 131 138 135 135 120 124 124 117 128 177 159 134 133 132 123 128 128 110 104 93 90 98 101 95 103 113
0 0 0 0 0 0 0 0 0 0 0 0 0 0 0 0 0 0 0 0 0 0 0 0 0 0 0 0 0 0 0 0 0 0 0 0 0 0 0 0 0 0 0 0 0 0 0 0 0 0 0 0 0 0 0 0 0 77 148 160 135 120 136 152 161 152 150 144 135 153 167 149 129 136 118 121 133 136 137 145 131 111 130 158 122 117 124 103 92 82 87 107 102 97 113 125
0 0 0 0 0 0 0 0 0 0 0 0 0 0 0 0 0 0 0 0 0 0 0 0 0 0 0 0 0 0 0 0 0 0 0 0 0 0 0 0 0 0 0 0 0 0 0 0 0 0 0 0 0 0 0 0 0 73 133 138 109 83 102 142 171 175 153 155 200 162 131 130 125 95 111 141 145 128 122 119 111 107 104 132 120 123 135 115 79 70 74 96 102 102 102 86
0 0 0 0 0 0 0 0 0 0 0 0 0 0 0 0 0 0 0 0 0 0 0 0 0 0 0 0 0 0 0 0 0 0 0 0 0 0 0 0 0 0 0 0 0 0 0 0 0 0 0 0 0 0 0 0 48 54 108 127 114 107 121 133 147 162 145 153 175 153 119 111 127 141 121 133 156 177 165 175 134 107 113 146 156 137 152 148 135 101 51 63 72 84 104 106
0 0 0 0 0 0 0 0 0 0 0 0 0 0 0 0 0 0 0 0 0 0 0 0 0 0 0 0 0 0 0 0 0 0 0 0 0 0 0 0 0 0 0 0 0 0 0 0 0 0 0 0 0 0 0 30 37 45 86 93 94 112 131 130 124 142 143 147 143 124 123 107 118 138 135 136 126 144 170 193 186 111 98 107 136 134 128 137 133 115 73 50 45 59 95 111
0 0 0 0 0 0 0 0 0 0 0 0 0 0 0 0 0 0 0 0 0 0 0 0 0 0 0 0 0 0 0 0 0 0 0 0 0 0 0 0 0 0 0 0 0 0 0 0 0 0 0 24 22 0 0 30 31 33 39 38 51 63 87 114 118 128 151 158 143 117 118 117 129 137 153 144 134 139 150 155 137 121 105 93 117 122 119 112 118 152 129 86 57 63 68 86
0 0 0 0 0 0 0 0 0 0 0 0 0 0 0 0 0 0 0 0 0 0 0 0 0 0 0 0 0 0 0 0 0 0 0 19 0 0 0 0 0 0 0 0 0 0 0 0 0 0 0 29 0 0 23 27 30 26 26 22 0 0 0 63 69 88 121 141 146 127 135 139 127 122 122 137 147 149 152 156 144 112 124 111 106 123 112 96 106 145 131 111 134 119 96 81
0 0 0 0 0 0 0 0 0 0 0 0 0 0 0 0 0 0 0 0 0 0 0 0 0 0 0 24 26 19 0 0 0 0 0 0 0 0 0 0 0 19 11 0 0 0 0 0 0 0 25 27 24 29 30 29 30 31 28 25 0 0 0 0 0 60 91 109 117 116 118 130 118 116 134 138 146 135 128 145 148 113 109 91 100 115 97 94 92 109 124 132 117 121 134 120
0 0 0 0 0 0 0 0 0 0 0 0 0 0 0 0 0 0 0 0 23 24 0 0 0 0 0 0 27 23 15 0 0 0 0 0 27 0 0 15 0 18 15 0 0 0 0 0 0 0 0 0 0 0 31 30 0 0 20 32 0 0 0 0 5 4 0 62 93 99 100 124 122 122 132 139 141 135 128 128 127 121 106 90 119 133 107 93 97 104 116 116 124 102 106 101
0 0 0 0 0 0 0 0 0 0 0 0 0 0 0 0 0 0 0 0 27 24 23 27 20 0 0 0 0 0 26 0 0 0 0 0 0 0 0 0 0 0 0 0 0 0 0 0 0 0 0 0 0 0 36 32 28 20 0 35 0 0 0 0 0 0 8 1 12 69 82 125 135 128 125 126 134 139 139 125 122 122 136 137 119 110 78 107 110 108 106 107 146 137 107 106
0 0 0 0 0 0 0 20 0 0 0 0 0 0 0 0 0 0 0 0 0 0 0 0 0 0 0 0 0 27 28 0 0 0 0 0 0 0 0 0 0 0 0 0 0 0 0 0 0 0 0 0 0 0 0 21 0 29 25 29 27 21 0 0 41 32 0 0 0 0 61 89 111 121 132 128 125 126 126 122 110 121 136 102 97 125 92 108 93 91 107 120 116 122 118 123
0 0 0 0 0 0 0 0 0 0 0 0 23 23 26 25 21 0 0 0 0 0 0 0 24 30 26 0 0 31 28 0 0 0 0 30 24 19 0 0 0 0 0 0 0 0 0 0 0 0 0 0 0 0 0 0 0 0 30 29 26 23 0 0 0 32 0 0 0 3 0 0 88 136 132 130 114 103 128 151 145 135 135 105 94 101 66 99 112 57 61 61 103 105 114 116
0 30 0 0 0 0 0 0 0 0 0 0 29 0 0 0 16 0 0 0 0 0 0 24 25 0 23 0 0 0 0 0 0 0 37 28 0 0 22 0 19 0 0 0 0 0 0 0 0 0 0 0 0 0 0 0 0 0 31 30 24 28 24 20 0 33 22 0 0 0 1 0 0 0 43 59 50 41 69 87 116 121 96 121 113 105 104 106 85 97 108 56 62 147 131 107
33 0 37 0 0 0 18 16 25 26 26 0 32 0 0 0 18 0 0 0 0 0 0 28 0 0 0 0 0 0 0 28 24 22 0 0 0 10 0 26 24 0 0 0 0 0 0 0 0 0 0 0 0 0 0 0 0 0 0 28 23 30 31 0 0 0 0 0 0 0 0 0 0 0 0 11 20 25 20 35 96 114 121 127 109 113 113 102 90 105 100 114 100 140 129 61
40 0 37 37 0 0 25 28 0 0 20 0 35 35 0 0 0 0 0 0 0 0 0 31 0 20 23 0 0 0 0 29 0 0 0 0 0 0 0 0 22 0 0 0 0 0 0 0 0 0 0 0 0 0 0 24 19 17 22 20 12 0 35 0 0 0 0 0 0 31 26 0 0 0 0 10 20 30 35 35 43 100 121 132 110 111 135 130 138 145 118 103 111 134 107 64
24 37 37 37 0 0 0 40 0 0 20 0 29 0 0 18 0 0 0 0 0 0 0 30 0 0 0 0 0 0 0 32 0 0 0 30 0 17 0 18 19 0 0 0 0 0 0 0 0 0 0 0 0 0 24 22 0 0 0 0 0 0 23 0 0 0 0 0 0 0 0 0 0 0 0 0 3 14 29 33 32 9 108 131 134 132 123 109 119 127 121 106 109 107 105 90
37 37 37 24 28 0 0 35 0 0 0 0 32 28 22 21 0 0 0 0 0 0 0 0 0 0 0 0 0 0 29 31 0 0 28 27 29 20 14 0 0 0 0 0 0 0 0 0 0 29 0 0 28 19 21 0 0 0 0 0 0 0 0 0 0 0 0 0 0 0 0 0 0 0 0 0 0 0 13 38 38 40 45 131 130 126 120 118 128 129 126 140 140 134 140 130
0 0 0 0 37 37 37 37 37 0 0 29 26 0 22 0 20 24 17 0 0 0 0 0 0 0 0 0 0 0 26 0 0 0 0 22 0 0 0 0 0 0 0 0 19 0 0 28 25 0 22 30 26 0 18 0 0 0 0 0 22 35 0 23 22 26 25 0 0 0 0 0 0 0 0 0 0 0 0 39 9 24 15 37 107 118 123 118 126 130 127 139 133 110 116 127
37 0 0 0 0 0 37 37 37 37 29 37 37 0 0 0 0 0 0 0 24 26 44 31 26 20 22 19 0 0 0 0 0 0 0 0 0 0 0 0 0 0 0 39 0 0 0 0 0 0 28 28 0 0 0 0 0 0 0 0 0 0 0 26 0 0 22 0 0 0 0 0 0 0 0 0 0 0 0 39 0 8 8 36 41 44 123 126 129 138 139 128 126 121 118 109
0 0 37 37 0 25 28 0 0 35 24 0 37 26 26 27 28 0 0 0 0 0 29 28 0 0 0 0 22 25 0 0 0 23 29 25 30 0 0 0 0 0 0 0 0 0 15 18 24 0 16 23 0 0 0 0 0 0 0 0 0 0 0 29 0 0 0 0 0 0 0 0 0 0 0 0 0 0 0 38 0 0 1 0 2 0 0 45 120 131 136 135 131 126 125 116
0 37 37 37 28 29 0 0 0 29 0 0 37 0 0 0 0 0 0 0 0 0 32 0 0 0 0 0 0 29 28 28 30 27 0 0 24 30 19 0 0 0 0 30 25 28 23 0 0 0 0 18 0 0 0 0 0 0 0 0 0 0 28 28 0 0 0 0 0 0 0 0 0 0 22 26 23 21 37 32 0 0 0 0 0 0 0 0 0 40 0 62 105 119 113 107
37 37 37 32 29 0 37 0 0 0 0 0 0 37 0 37 37 0 0 25 26 0 0 37 0 0 0 0 0 0 0 0 0 0 0 0 0 0 0 0 0 0 0 32 0 0 23 27 0 0 0 0 0 0 0 0 0 0 0 0 0 0 30 27 0 27 27 28 22 22 0 0 0 0 35 0 0 0 31 0 28 36 0 0 0 0 0 0 0 36 0 0 0 0 43 0
0 37 0 26 28 0 29 0 0 0 0 0 0 0 0 0 0 0 0 0 22 23 20 41 0 0 0 0 0 0 0 0 25 0 29 0 0 0 0 0 0 0 0 0 0 0 41 0 0 0 25 0 28 21 0 0 0 0 0 0 0 0 0 0 0 29 0 0 0 21 0 0 0 0 0 29 0 0 21 30 33 0 0 0 0 0 0 0 0 0 0 0 0 0 0 0
