examples/data/proba_v_italy_sicily/probav_s10_toc_x19y03_20150221_333m_ndvi_v001.txt
ncols         1127
nrows         589
xllcorner     12.348214285714
yllcorner     36.598214285714
cellsize      0.0029761904761905
NODATA_value  -9999
[rows 400 to 449 of 589, columns 192 to 287 of 1127]
23 31 26 20 34 18 13 11 5 37 37 37 37 25 32 24 30 16 20 25 23 24 19 13 31 37 25 40 40 26 17 10 6 12 10 15 24 37 16 12 16 37 37 9 25 15 37 37 32 47 50 37 24 26 38 20 23 29 31 29 19 47 33 23 27 27 18 22 28 14 25 28 13 15 15 38 31 31 29 20 14 15 16 13 27 22 27 27 27 4 22 37 37 37 37 13
42 27 23 23 18 18 22 23 9 15 37 37 37 20 30 31 37 32 37 37 10 10 37 37 37 37 37 37 37 37 16 0 4 17 18 23 14 20 43 42 22 10 18 10 16 14 4 37 37 37 25 24 34 15 3 34 33 40 58 44 29 25 52 39 28 32 36 32 24 10 37 16 15 17 17 31 11 20 14 10 6 23 26 24 20 37 34 33 37 37 20 27 37 37 37 13
21 32 31 24 21 22 20 30 20 20 9 16 31 37 37 37 37 37 37 37 37 37 37 37 37 37 37 37 21 12 0 0 0 11 20 18 22 23 9 20 39 43 40 33 34 48 41 37 37 37 33 30 43 42 20 39 57 24 16 32 28 13 28 42 49 53 57 40 20 4 37 30 30 26 25 30 14 7 20 16 17 30 11 37 37 37 37 37 37 37 37 17 37 37 37 37
22 21 27 31 26 23 17 25 20 20 17 7 20 37 37 37 26 14 37 37 37 37 37 23 37 17 21 24 15 0 0 0 0 0 0 0 0 1 7 21 37 37 26 31 37 24 26 33 37 37 32 30 37 37 20 23 25 31 31 32 41 34 33 42 47 37 0 1 37 37 37 14 30 20 37 37 15 22 30 33 20 37 37 14 37 37 37 37 37 37 37 37 37 37 16 16
35 23 17 26 24 25 20 10 28 26 23 11 20 14 37 37 24 16 11 37 37 37 16 24 20 20 4 0 0 0 0 0 0 0 0 0 0 0 0 7 25 37 37 37 21 17 9 21 37 21 30 37 37 37 3 32 35 44 63 30 38 56 45 32 37 14 25 15 37 37 37 11 0 1 37 37 35 48 29 37 37 37 37 37 37 37 37 37 37 37 37 14 8 13 22 37
38 36 30 24 27 27 24 17 12 33 17 13 10 26 14 20 14 13 13 15 20 26 22 16 19 7 24 0 0 0 0 0 0 0 0 0 0 0 0 0 12 25 26 23 10 10 14 17 19 12 2 18 23 26 26 15 26 28 37 28 31 37 37 37 37 37 37 37 37 37 37 23 13 4 37 37 37 20 20 14 37 37 37 37 37 37 37 37 37 37 37 37 37 16 15 13
32 38 49 38 28 23 20 14 15 40 33 31 22 34 15 18 33 29 20 14 24 16 5 0 0 0 52 41 0 45 28 0 0 0 0 0 0 0 0 0 0 0 1 4 6 7 12 14 19 12 12 18 26 26 25 24 25 27 24 28 31 11 10 37 37 37 37 37 37 37 14 39 40 35 37 37 37 37 37 37 37 37 37 37 37 37 37 37 37 37 37 37 37 37 15 37
27 24 15 15 20 35 30 20 24 37 28 31 29 43 34 29 31 23 20 14 23 19 7 0 0 0 0 0 0 0 0 0 0 0 0 0 0 0 0 0 0 1 1 2 2 7 8 15 27 24 18 15 19 25 22 19 21 28 28 20 28 22 9 37 15 3 37 37 37 37 20 29 37 20 37 37 37 37 37 37 37 15 21 37 37 41 37 37 37 37 37 37 37 37 10 37
26 17 11 14 25 36 36 31 16 21 20 20 23 37 44 42 32 31 33 28 17 0 0 0 0 0 25 0 0 0 0 0 0 0 0 0 0 0 2 4 2 2 2 2 2 6 8 9 17 23 15 11 6 10 23 24 30 20 25 20 19 29 31 37 20 37 37 37 14 3 10 11 14 37 37 37 37 37 37 37 37 37 3 9 11 3 12 22 37 37 37 37 37 37 26 15
23 13 2 0 6 20 23 33 33 37 39 28 18 14 17 26 52 44 56 53 0 0 0 0 41 26 13 0 0 0 0 0 0 0 0 0 36 27 24 6 0 0 1 0 0 5 8 9 42 8 6 7 6 6 25 27 43 36 25 11 17 10 19 23 37 37 37 20 24 16 13 20 37 37 37 37 37 37 37 37 37 37 3 0 0 0 0 16 26 37 37 31 37 37 37 16
26 23 27 26 20 28 30 47 37 25 26 23 28 25 15 0 0 0 0 0 0 0 0 0 55 43 30 30 0 0 36 26 0 0 26 0 34 28 28 26 0 2 3 0 0 1 5 9 41 27 1 3 8 13 27 29 20 37 20 22 21 15 19 24 26 37 37 20 37 30 25 37 37 37 37 37 37 37 37 37 37 14 0 4 0 0 1 4 3 19 16 26 26 37 37 18
40 33 46 32 15 31 37 20 25 27 26 19 14 5 4 0 0 0 0 0 0 0 0 21 0 37 30 0 36 0 37 28 0 32 37 30 40 29 23 0 2 1 0 0 0 0 29 7 1 32 2 7 13 12 22 29 14 16 28 23 15 10 10 18 28 37 26 26 24 25 37 37 37 37 37 37 37 37 37 37 37 4 2 0 0 0 0 1 3 9 11 8 17 31 37 18
28 25 37 37 37 10 24 24 19 27 34 28 0 0 7 0 0 0 0 0 0 0 0 0 0 35 32 37 0 0 39 33 28 0 0 0 0 36 31 0 0 0 0 0 22 1 1 1 3 37 26 1 10 10 17 22 26 20 33 29 7 8 12 7 11 25 28 25 37 21 37 37 37 37 37 37 37 37 37 37 37 18 7 0 0 0 0 0 10 22 37 15 10 27 37 37
44 37 3 3 3 3 25 9 7 24 25 22 8 0 0 47 27 0 0 0 0 0 0 0 0 0 0 0 0 0 0 0 34 0 0 0 32 31 0 0 2 2 0 29 31 0 1 0 3 4 4 2 0 0 0 3 3 3 1 0 1 4 6 7 4 4 26 26 37 37 37 37 37 37 37 37 37 37 33 27 16 37 37 11 0 0 0 0 0 12 15 11 5 16 23 20
20 37 35 35 34 13 13 0 0 0 0 0 0 0 0 0 38 22 0 26 34 31 28 3 0 0 0 0 0 0 36 24 0 0 0 40 33 0 1 0 2 2 31 1 0 0 1 2 0 0 0 0 0 0 0 0 0 3 2 2 4 4 6 7 6 4 17 25 37 37 26 37 37 37 37 20 37 14 14 13 15 30 25 31 2 0 0 0 0 0 0 0 0 5 12 10
13 13 12 18 37 31 22 15 2 0 0 0 0 0 0 0 53 40 38 39 27 32 25 21 12 0 0 0 30 27 0 48 0 0 0 0 45 27 1 1 4 2 2 2 0 0 0 1 0 1 0 34 0 0 1 0 34 3 3 3 3 3 4 6 3 4 9 20 24 27 22 23 25 22 20 21 17 15 14 14 15 21 25 16 12 0 0 0 0 0 4 0 2 0 0 0
8 8 8 8 20 27 23 21 5 0 0 0 0 0 0 0 0 0 0 0 27 24 30 4 0 0 0 0 23 0 0 0 0 0 0 0 30 20 0 1 4 2 2 0 4 0 0 0 2 1 0 0 0 0 0 0 0 0 3 4 3 3 1 4 3 10 14 8 15 18 21 18 22 24 19 16 15 12 15 16 14 12 19 18 17 10 0 33 30 31 28 6 28 33 32 28
9 43 7 7 9 5 5 6 2 0 0 0 0 0 0 0 0 0 44 31 28 30 36 0 0 0 32 29 28 0 0 25 0 0 0 33 26 27 0 1 1 4 6 12 10 2 0 2 3 0 2 0 0 1 0 0 0 2 1 1 2 2 5 4 3 11 19 17 15 18 18 21 20 22 21 16 15 13 19 25 24 24 26 28 28 25 6 7 7 7 28 2 28 25 26 26
6 7 5 5 5 5 2 0 37 21 0 0 0 0 0 0 0 0 0 44 33 0 0 0 29 16 33 41 35 0 35 28 0 0 0 55 45 37 0 0 0 3 8 14 14 7 4 0 1 6 20 14 1 0 0 1 0 11 7 3 4 2 2 8 6 4 13 15 16 19 27 22 23 25 24 30 29 32 32 31 34 30 29 27 29 31 18 19 19 20 22 23 26 27 25 27
8 8 30 4 4 4 2 2 40 34 0 0 0 0 0 35 26 0 0 0 32 0 0 29 27 29 0 0 0 0 32 33 0 0 0 0 0 0 23 26 0 2 5 8 8 1 0 0 16 22 23 26 13 6 1 0 0 10 12 3 1 2 2 9 13 14 15 18 17 30 32 29 29 31 26 24 38 36 40 33 34 34 30 33 19 16 30 31 34 33 33 31 31 31 26 25
8 8 6 6 3 3 0 0 1 28 0 33 24 0 0 0 0 0 0 0 41 36 28 37 30 0 0 0 0 0 0 0 0 0 0 0 0 0 37 0 0 1 4 0 4 5 3 8 26 34 29 18 15 17 11 1 0 0 0 0 0 26 21 0 6 14 16 17 19 19 37 37 16 17 21 22 20 17 16 21 33 32 29 34 23 21 17 12 8 4 1 9 9 32 17 18
28 28 25 24 26 31 27 1 1 3 0 41 29 0 0 0 0 0 0 0 0 21 28 21 27 0 0 0 0 0 0 28 0 0 0 0 0 0 0 0 3 0 1 2 1 5 2 6 14 37 34 31 28 20 10 0 0 0 0 0 0 38 2 6 8 11 11 15 17 22 22 23 22 18 21 23 21 23 23 26 15 20 32 30 21 20 16 12 10 6 8 25 20 18 22 22
32 29 28 32 28 23 22 0 0 0 1 44 39 0 0 0 0 0 0 42 36 33 53 40 19 0 0 0 0 0 30 0 0 0 0 38 26 21 18 0 0 0 0 0 5 5 3 0 0 11 28 28 25 16 4 0 0 0 0 0 0 0 5 7 6 7 8 14 14 18 16 13 20 21 21 22 17 17 21 22 26 37 24 25 22 32 20 14 33 9 15 25 16 19 17 28
39 28 19 18 23 22 19 0 0 0 0 0 23 26 18 0 0 0 0 0 0 0 0 36 31 0 0 0 0 0 0 0 0 0 0 34 42 36 30 0 0 0 0 1 5 35 26 0 0 0 11 25 44 41 33 0 19 0 0 0 0 2 4 7 3 7 10 11 9 13 13 8 8 14 18 19 19 16 15 17 20 19 24 26 37 37 37 19 11 14 22 28 24 24 20 23
38 31 25 21 23 34 26 0 0 0 0 0 40 44 47 36 19 14 0 0 0 23 24 47 42 0 30 27 20 0 0 0 32 28 21 15 2 0 0 1 4 0 0 0 2 7 5 2 3 0 11 31 21 13 19 0 19 20 0 0 0 9 10 14 10 10 13 17 16 15 16 15 13 16 17 17 12 12 14 16 17 17 20 19 28 26 28 22 15 13 16 25 25 25 37 19
32 34 0 0 24 0 0 0 0 0 0 22 2 0 0 41 33 32 0 38 38 38 0 0 2 0 33 31 28 2 0 0 37 37 29 19 0 0 0 0 1 2 2 0 0 8 6 0 0 0 4 39 27 14 22 0 19 0 0 0 0 3 8 3 8 11 14 36 29 24 21 21 19 17 14 16 14 9 8 5 6 12 19 15 14 19 30 30 28 37 37 37 37 19 19 20
37 42 38 37 39 0 0 0 0 0 30 42 34 2 0 48 34 0 0 0 0 0 30 23 0 35 21 17 21 33 0 0 40 39 42 35 0 0 1 0 0 0 1 26 22 21 2 0 0 0 2 42 32 19 20 3 23 0 0 0 0 0 0 0 33 2 8 50 57 18 16 17 16 17 15 28 4 29 5 2 7 8 9 24 21 17 26 26 33 34 18 37 37 37 37 15
19 22 27 4 1 1 4 0 0 0 0 0 2 2 0 28 19 0 19 21 21 20 34 39 0 35 29 25 20 1 0 2 0 1 0 1 16 15 1 0 1 0 32 34 31 25 1 1 1 2 0 30 33 13 0 23 26 0 2 0 0 0 2 2 41 32 11 22 21 21 18 15 14 17 21 26 14 22 14 7 4 4 5 20 30 19 19 12 14 37 35 37 37 37 37 25
38 30 30 3 1 0 1 1 0 1 0 2 4 2 1 30 30 34 33 36 39 34 1 0 35 40 42 32 22 1 0 1 1 4 1 48 41 21 11 1 1 0 0 47 45 35 1 0 1 1 1 20 33 20 25 26 0 1 0 0 0 0 1 1 2 2 22 23 15 27 26 16 17 21 25 32 18 22 19 15 8 3 6 8 22 19 6 5 8 19 33 37 37 12 12 14
3 6 3 3 3 1 1 4 4 4 0 1 4 2 25 21 20 26 47 53 44 1 1 1 1 0 49 44 4 0 0 4 2 4 1 1 37 30 1 28 23 0 3 3 1 1 1 1 0 0 18 20 12 21 23 0 0 1 0 0 0 1 1 4 1 4 24 26 16 20 18 24 25 10 31 11 6 2 4 3 4 1 0 0 0 2 0 3 6 26 34 37 37 10 12 11
24 3 3 1 1 1 4 1 4 30 28 4 4 27 29 28 30 25 1 1 4 4 4 1 1 1 4 1 1 1 2 2 2 1 1 1 1 0 39 31 1 0 0 0 1 1 1 1 17 22 22 0 0 0 4 0 0 0 0 1 1 1 1 1 4 7 10 14 17 20 16 14 15 29 31 9 3 2 3 0 0 0 0 0 0 0 0 4 11 22 34 33 27 38 34 17
3 3 3 3 3 3 3 3 3 3 3 4 34 36 38 38 35 1 1 1 4 1 4 1 1 4 1 4 1 1 4 1 1 1 1 1 1 0 0 0 0 0 0 0 0 1 1 1 0 0 3 0 1 1 3 0 0 0 0 0 1 1 1 1 4 7 7 10 14 25 20 28 39 36 2 1 1 0 0 4 0 2 2 2 2 0 0 8 13 19 26 29 18 16 16 11
6 3 22 6 3 3 3 3 3 3 3 3 1 4 1 3 4 1 3 4 1 1 0 1 1 1 1 4 4 1 1 1 1 1 1 0 0 1 3 0 0 0 0 0 0 1 1 0 1 0 0 1 0 2 0 0 0 0 0 0 0 0 3 0 1 1 4 2 9 21 22 19 15 5 0 0 1 0 0 4 0 0 1 0 0 0 2 0 2 6 9 15 13 16 14 10
5 8 8 25 3 3 3 3 0 0 0 0 3 3 3 0 3 4 3 3 4 1 4 1 4 1 1 1 1 4 1 1 4 4 4 4 1 1 3 3 3 0 0 0 3 1 1 4 1 3 3 3 1 1 1 1 0 0 0 0 0 0 0 0 1 4 1 2 3 18 24 21 17 15 11 7 6 4 3 1 0 0 1 0 0 0 0 2 0 0 0 0 7 5 8 11
8 5 2 23 8 2 3 3 3 3 3 0 3 3 3 3 1 1 4 4 1 1 4 4 4 4 4 1 4 4 4 1 4 1 4 1 4 1 4 1 1 1 0 0 3 1 1 4 1 3 3 3 4 4 1 0 0 0 0 0 0 0 0 0 4 1 23 30 35 15 28 10 14 18 15 11 5 4 0 0 2 1 1 1 0 0 0 2 2 2 1 2 23 19 18 18
8 8 8 23 23 3 0 0 3 36 3 3 3 3 3 3 3 3 0 4 4 4 4 3 3 4 1 4 4 4 1 4 1 1 4 4 4 1 1 1 1 3 0 3 0 0 4 4 2 1 3 1 1 3 1 4 1 0 0 3 0 3 0 1 4 1 1 1 30 34 31 15 11 10 11 10 6 5 2 0 0 0 1 1 0 1 1 1 1 0 1 4 13 12 10 11
20 24 8 24 6 3 3 3 3 3 9 3 3 3 3 6 3 3 3 3 7 7 4 6 6 4 4 4 4 4 4 4 1 0 1 4 4 1 1 1 3 3 0 0 0 0 0 7 0 2 1 1 1 1 1 1 4 1 0 3 3 3 0 3 6 4 2 2 7 28 29 32 14 6 9 9 6 6 0 0 1 0 0 0 6 0 0 1 1 1 1 18 22 18 11 7
23 23 22 20 8 22 20 5 11 3 9 3 3 9 9 3 4 9 9 3 4 4 6 3 4 4 3 4 7 4 4 4 4 4 4 4 1 1 3 3 3 0 0 0 0 0 3 7 6 0 4 4 1 1 1 1 1 4 3 3 3 3 3 4 4 7 2 8 7 25 27 16 7 9 5 1 22 19 3 2 0 0 0 0 0 0 0 6 6 4 1 22 21 22 16 14
5 2 2 21 21 23 2 5 5 3 9 3 2 2 3 3 3 9 9 3 9 6 6 3 3 3 3 1 4 4 6 6 4 4 4 4 1 3 3 1 3 0 3 3 3 0 3 3 4 4 4 7 4 2 1 0 1 1 3 0 3 0 3 6 7 3 0 4 4 24 23 20 21 14 1 8 16 18 0 0 0 0 0 0 0 3 0 0 0 6 1 14 18 24 18 17
5 2 2 8 6 5 5 5 5 5 5 3 3 2 5 3 3 3 3 3 3 9 4 3 3 9 3 4 6 3 3 4 4 4 1 3 1 3 3 3 3 0 3 3 3 3 3 0 3 1 1 4 4 4 4 1 1 4 4 4 0 0 3 4 6 0 0 1 9 19 9 10 23 25 0 6 4 4 0 0 0 0 2 2 0 0 0 3 3 6 6 15 23 20 18 22
8 3 2 8 6 3 9 9 9 3 9 9 9 3 5 9 9 3 5 2 2 3 9 3 9 3 3 6 6 6 6 3 4 4 4 3 3 1 3 3 3 3 9 0 0 3 3 0 0 3 3 3 1 4 4 1 1 4 1 14 9 0 0 4 16 12 1 0 0 23 26 27 29 38 0 0 6 0 0 0 2 0 0 3 2 0 0 3 3 3 0 3 15 12 13 18
8 7 4 8 3 3 9 5 9 9 9 3 3 5 5 3 9 3 3 3 5 3 5 3 5 2 3 3 3 9 6 3 3 4 4 6 3 3 3 9 3 3 3 3 3 3 5 0 0 3 3 4 4 4 4 7 4 3 3 4 7 1 2 3 10 21 20 7 1 2 24 25 7 0 2 0 0 1 3 0 0 0 2 2 0 0 2 0 18 0 0 2 17 19 23 25
9 9 3 2 5 3 6 9 11 5 3 3 9 2 2 2 3 3 2 5 3 0 2 2 5 5 2 9 3 3 9 3 3 3 6 24 3 3 3 3 0 3 3 3 0 3 3 3 3 3 3 7 4 7 4 7 4 4 4 3 3 3 3 3 3 22 22 14 9 5 7 27 20 16 9 5 0 1 0 0 2 2 0 0 2 2 0 0 19 2 3 3 20 24 24 23
6 9 3 5 2 5 5 9 5 5 2 5 3 5 5 2 2 2 2 3 9 2 2 2 3 9 9 9 3 6 3 9 3 9 3 29 6 22 22 22 24 23 3 3 3 3 9 3 9 3 3 12 7 2 4 4 2 7 4 3 3 3 7 4 2 4 4 25 7 7 6 4 3 3 3 7 4 0 2 2 0 2 0 0 0 0 0 0 2 0 0 18 29 0 3 28
11 6 4 6 2 29 22 21 5 5 2 5 2 4 5 5 2 5 5 5 9 9 5 5 3 3 3 9 3 3 3 3 3 9 3 3 36 9 3 3 5 29 27 3 3 3 3 3 3 3 3 3 4 5 3 3 3 4 4 4 18 21 2 8 2 4 3 3 2 2 2 2 3 2 2 2 9 6 3 3 0 0 0 0 0 2 2 19 15 16 15 2 29 3 0 24
11 8 6 3 9 35 29 27 26 21 2 5 5 5 5 9 5 2 5 5 3 9 9 2 2 0 4 6 9 3 4 6 9 6 9 9 3 9 3 33 9 3 28 30 30 27 5 3 0 3 9 9 9 7 5 2 7 7 7 19 18 23 23 23 6 2 2 2 2 2 2 2 5 2 9 9 4 6 1 3 3 3 2 2 2 2 2 2 22 21 19 2 2 3 0 0
8 8 5 9 9 34 28 24 27 5 5 5 5 5 3 9 5 2 2 1 4 5 5 2 5 5 6 7 6 3 3 4 3 3 9 5 28 29 31 31 3 3 3 31 9 29 28 27 25 22 19 21 3 9 7 7 35 31 28 23 22 24 25 25 23 26 27 2 5 5 2 2 5 0 3 6 4 3 9 2 22 3 3 2 2 0 2 2 2 2 2 2 2 0 3 2
8 11 5 11 12 11 26 5 2 5 5 5 5 5 3 9 5 5 5 5 5 5 2 2 5 5 9 12 6 6 3 6 6 3 3 3 31 3 9 9 5 3 3 3 9 9 3 2 5 5 2 21 23 21 16 6 3 37 34 26 20 23 23 5 2 23 2 5 2 2 2 2 2 5 2 3 0 5 2 2 35 18 2 2 0 1 0 27 28 23 22 26 27 26 24 0
8 11 5 8 8 5 26 24 5 5 12 7 5 5 5 3 2 8 5 5 5 2 5 2 5 2 4 7 9 9 9 3 9 3 3 5 32 3 3 2 2 3 3 3 3 9 5 5 5 2 2 5 5 5 5 21 18 3 31 29 28 31 27 5 5 25 5 3 2 5 2 2 5 3 3 3 5 1 8 7 2 2 2 2 2 1 2 26 0 0 24 0 2 2 21 3
11 5 5 5 5 2 1 5 3 8 7 7 28 2 5 5 3 5 5 2 5 8 31 28 28 29 28 7 9 30 31 29 31 32 32 31 29 3 5 2 2 2 5 5 5 5 5 2 2 32 30 31 32 30 31 5 26 21 22 25 25 32 30 5 8 21 5 8 5 5 2 5 5 2 0 32 28 26 9 6 20 21 20 2 9 26 29 26 21 22 0 2 2 0 3 3
