examples/data/proba_v_italy_sicily/probav_s10_toc_x19y03_20141111_333m_ndvi_v001.txt
ncols         1127
nrows         589
xllcorner     12.348214285714
yllcorner     36.598214285714
cellsize      0.0029761904761905
NODATA_value  -9999
[rows 102 to 152 of 589, columns 960 to 1055 of 1127]
196 159 136 185 196 198 175 169 199 219 225 229 233 236 232 223 220 215 203 202 208 215 223 210 193 199 192 187 180 167 157 140 132 129 112 109 99 86 87 138 183 175 176 195 124 112 148 172 220 221 167 128 138 152 154 161 174 188 205 203 188 172 186 184 162 152 143 156 161 178 192 205 220 218 210 204 201 202 194 182 175 164 179 164 158 150 138 124 82 43 44 28 41 39 36 27
181 172 152 187 187 188 185 187 198 216 223 225 231 236 231 225 218 210 203 209 219 219 210 204 196 202 188 175 189 193 176 150 171 173 129 122 136 142 139 188 202 197 175 181 187 177 190 222 243 234 211 213 160 156 168 175 174 186 212 170 199 184 197 188 175 164 154 143 158 190 199 187 191 201 219 218 200 191 181 178 178 164 159 190 163 143 94 69 48 49 48 47 45 43 39 22
207 170 113 153 182 200 206 221 201 218 219 222 232 244 237 229 225 208 195 200 212 215 204 210 212 206 193 178 174 168 162 143 132 139 144 134 115 193 209 224 212 143 145 126 123 119 224 248 203 216 131 106 170 241 165 182 179 197 206 216 199 178 165 161 179 173 159 158 169 185 186 202 168 182 191 159 167 203 179 174 165 163 159 147 124 88 48 49 49 48 47 49 45 43 41 37
183 167 113 142 176 205 203 203 204 206 217 230 187 216 206 250 232 210 190 185 203 215 212 211 205 207 203 177 154 166 181 171 187 130 146 98 174 140 121 134 104 117 139 175 172 92 102 234 179 219 107 104 114 233 219 191 195 179 160 168 175 173 171 143 139 167 178 182 204 214 225 198 180 171 174 177 179 176 164 165 152 160 161 129 76 52 47 48 45 46 43 44 44 40 39 37
163 170 130 123 170 170 193 191 202 209 207 205 209 201 212 207 198 191 184 180 197 220 226 207 205 213 221 203 164 153 160 157 147 170 114 102 95 169 179 190 97 109 117 155 175 184 194 183 179 192 193 155 146 199 214 199 157 201 202 184 198 194 182 140 150 139 144 182 196 199 203 173 185 180 176 174 168 168 172 165 152 152 131 100 50 44 43 45 38 41 41 41 42 41 39 36
179 183 179 123 137 150 171 199 199 196 190 207 215 205 191 200 208 199 182 186 193 202 207 199 208 220 216 195 145 126 142 135 130 134 139 111 98 140 250 179 220 83 98 111 116 119 193 180 184 170 145 182 205 205 206 201 193 198 206 203 193 173 167 186 139 136 148 174 184 180 163 189 179 183 179 250 250 179 153 154 150 128 83 58 53 48 44 46 43 41 40 39 41 40 39 35
200 182 172 150 141 161 175 198 197 214 202 200 202 204 207 211 212 196 176 167 177 197 196 185 195 213 200 171 154 160 163 144 139 141 151 166 172 167 222 97 90 71 96 110 101 114 174 214 206 191 164 179 215 211 217 215 197 197 201 191 201 210 228 141 132 125 128 196 136 166 194 146 188 199 186 179 250 137 185 144 124 64 60 71 38 53 47 46 42 37 39 39 38 39 41 38
207 193 170 165 161 160 176 195 202 213 214 214 205 202 205 201 197 189 162 156 186 203 199 194 198 212 212 190 152 173 170 149 139 180 132 117 160 216 175 118 84 60 99 91 91 97 92 92 91 89 96 207 210 207 210 210 197 204 175 130 156 218 217 198 166 168 191 210 213 217 194 156 171 188 190 245 188 178 171 122 66 36 41 34 22 27 37 50 47 40 38 37 36 39 39 38
210 201 179 167 161 173 200 213 218 222 222 225 222 207 201 199 180 162 167 178 201 209 204 203 209 210 208 203 178 166 166 148 178 177 122 127 127 250 181 186 132 109 97 74 173 178 42 47 64 86 84 182 187 199 208 206 176 194 186 121 125 197 226 223 217 208 131 223 223 224 220 213 193 187 188 220 185 179 160 94 59 48 46 41 36 65 55 31 45 40 39 33 37 29 30 31
206 186 179 189 189 196 206 212 211 217 221 217 210 214 202 178 160 163 192 196 190 193 204 199 210 217 214 217 206 189 175 172 151 125 120 150 154 158 179 219 250 145 180 74 155 166 81 55 63 43 55 70 135 97 111 135 193 192 198 155 126 186 199 204 214 209 209 158 236 238 232 224 223 222 213 202 186 175 147 81 47 42 47 36 39 38 37 38 39 40 38 31 31 39 32 30
201 187 191 189 191 202 200 182 172 191 214 215 212 209 193 183 185 199 206 202 195 193 194 195 197 209 220 224 213 195 193 185 162 130 116 102 136 128 166 182 111 105 100 94 93 150 99 65 66 104 168 74 88 99 102 121 145 199 191 198 188 192 200 207 212 213 218 204 239 248 244 232 214 199 191 187 171 148 111 66 33 61 33 29 48 32 35 33 39 40 33 35 34 33 39 36
181 172 177 185 194 198 189 183 182 182 196 214 210 198 193 202 207 205 205 201 197 202 202 208 207 203 215 223 215 202 197 182 151 130 128 134 122 150 172 204 85 100 146 155 250 169 167 180 115 50 82 85 93 100 104 117 125 196 139 207 210 216 197 209 232 234 230 186 233 240 246 229 177 160 163 149 156 114 62 35 35 38 75 37 54 38 33 33 38 41 41 31 31 30 37 39
159 165 166 173 182 195 205 212 203 184 179 179 179 192 202 198 191 199 208 209 207 211 216 211 207 202 203 211 225 219 205 197 162 134 125 156 158 120 106 232 111 92 135 250 96 250 250 99 104 168 47 88 98 102 107 132 129 122 133 142 140 212 207 210 231 235 239 185 195 153 211 194 159 120 129 131 97 54 31 38 36 26 26 43 44 42 35 34 32 33 39 34 32 34 30 33
146 156 164 172 178 193 198 191 194 195 182 169 169 196 204 205 197 202 210 213 211 213 220 215 208 201 201 207 188 215 221 216 153 128 120 103 114 117 116 117 109 167 176 92 96 159 116 183 87 90 173 84 96 105 110 122 131 143 146 145 143 154 212 199 185 207 226 164 200 189 164 172 180 112 89 63 50 41 35 37 44 34 37 35 50 62 58 45 32 28 39 33 34 34 32 32
139 159 171 170 170 178 177 177 172 172 165 166 186 204 209 209 201 199 209 203 183 204 210 215 205 198 206 211 205 145 228 229 175 148 148 134 157 107 108 106 99 185 91 87 89 156 87 126 209 250 88 89 108 110 113 119 141 173 168 160 149 188 202 215 167 119 164 180 171 201 202 201 184 119 46 54 62 37 39 37 44 41 40 41 40 45 40 38 36 37 38 29 33 32 29 26
155 159 170 174 176 250 188 199 183 170 170 177 200 201 206 202 185 192 203 187 190 195 190 201 203 204 205 203 201 211 219 214 194 186 182 160 139 142 116 124 130 157 112 101 186 192 172 161 163 178 90 98 121 113 113 129 144 167 178 177 166 193 190 154 143 133 117 124 159 203 211 190 142 84 41 38 34 37 38 38 41 35 43 45 32 45 38 37 31 32 37 35 28 29 30 33
194 180 170 180 197 205 212 203 194 177 172 181 190 192 198 195 185 186 199 199 196 189 178 198 215 196 183 177 182 197 208 194 189 190 175 158 136 104 132 163 156 167 139 68 84 191 187 184 174 86 94 97 105 106 126 135 141 168 186 190 169 148 125 112 126 123 126 153 81 105 113 114 69 48 44 40 35 63 39 42 49 46 45 18 44 40 38 35 37 29 35 33 31 29 27 30
171 177 181 188 202 206 208 199 193 192 192 189 194 190 192 201 190 181 195 207 195 194 192 187 184 172 209 204 144 165 176 199 196 183 174 166 156 165 202 190 246 249 159 128 64 95 86 96 107 113 123 135 140 144 154 145 153 176 183 180 174 168 144 126 108 121 103 108 108 95 69 66 48 67 40 44 41 38 41 47 44 39 37 35 32 32 26 40 41 41 38 32 22 25 29 25
139 162 209 195 197 196 201 211 208 193 184 181 190 174 188 188 173 168 180 195 186 193 209 207 202 205 180 210 200 144 147 179 190 181 185 193 190 186 189 187 178 210 250 241 196 136 134 138 141 137 147 153 155 157 168 175 176 159 150 145 140 136 126 119 116 106 114 108 105 92 57 45 46 49 40 44 33 39 40 44 38 38 39 36 37 39 38 42 27 34 35 30 25 20 20 21
162 186 210 214 198 183 196 207 186 171 179 186 192 202 189 174 172 187 199 202 202 201 199 192 192 203 193 208 207 239 222 233 250 203 184 185 188 182 173 162 159 107 181 250 201 147 147 141 129 171 151 156 154 153 156 163 169 152 124 133 136 120 102 115 118 122 151 112 101 60 46 45 63 64 53 46 41 38 35 35 36 28 39 28 25 32 21 19 17 24 30 34 27 23 26 27
180 206 214 209 204 181 184 205 203 198 197 204 207 195 217 219 195 206 199 202 188 195 196 196 191 191 188 206 200 211 167 131 183 238 147 158 173 166 144 134 128 126 114 203 173 161 157 150 168 154 138 136 143 147 140 143 136 146 151 149 124 121 120 118 115 115 127 92 63 54 50 43 44 44 58 47 35 33 35 36 30 34 27 34 22 21 22 25 24 24 29 30 34 35 31 25
182 196 202 201 202 231 204 202 205 194 185 181 211 202 207 208 205 231 225 185 221 189 187 188 195 198 186 193 188 191 158 118 159 237 231 146 130 123 118 122 129 162 154 118 141 168 171 208 222 177 142 112 120 151 162 150 138 133 148 138 132 112 112 100 51 114 103 74 51 51 36 32 45 45 27 56 46 40 33 35 36 35 32 29 15 31 33 29 34 26 26 21 34 36 38 34
175 173 192 198 205 217 215 205 199 202 187 179 199 198 209 211 214 231 186 200 195 167 168 175 176 178 208 196 187 199 133 250 179 195 195 250 250 195 221 220 210 195 124 131 153 207 210 193 140 170 175 143 117 125 142 137 134 121 105 116 139 118 79 185 154 108 34 34 39 54 26 30 39 41 39 25 34 48 37 50 53 32 30 28 28 31 39 16 16 22 31 32 33 32 34 35
196 179 186 200 206 206 205 207 199 202 198 186 175 180 189 197 229 238 250 250 250 200 172 156 154 157 183 188 205 203 165 127 250 203 198 250 250 250 163 191 191 182 104 124 194 190 200 211 170 156 167 147 110 99 165 162 71 197 183 170 168 178 78 164 118 50 40 43 21 36 45 33 35 35 39 36 36 39 38 36 39 44 28 33 40 39 36 36 29 23 22 24 24 27 32 40
217 186 179 197 196 185 190 204 208 201 203 206 187 158 180 206 208 226 228 187 250 250 220 212 135 159 171 180 198 201 190 250 250 250 250 99 103 94 43 43 169 178 187 117 144 161 200 212 211 170 154 128 95 161 171 170 67 74 175 185 194 202 185 134 92 43 43 42 42 40 37 29 37 33 35 40 37 24 27 35 32 33 37 29 32 39 40 46 49 43 37 32 29 28 30 33
193 202 207 202 186 177 178 189 203 201 196 186 187 194 201 201 236 206 188 191 189 178 210 216 172 171 202 155 172 175 167 160 222 125 105 105 103 109 94 44 195 184 184 103 139 158 196 209 212 221 238 223 164 126 148 145 146 64 70 75 182 179 149 87 41 37 40 41 44 37 22 8 33 34 33 21 19 20 14 34 33 32 42 42 34 28 30 37 36 42 46 47 44 40 36 31
164 181 199 190 183 171 172 187 196 192 189 180 190 192 217 190 199 207 192 184 156 177 188 200 184 186 171 167 188 188 177 177 175 164 224 121 96 103 105 94 206 199 190 99 100 128 153 215 217 217 217 218 199 177 149 136 110 155 176 70 67 63 47 41 44 27 33 34 32 40 35 30 27 34 37 32 18 17 11 37 37 31 31 31 30 28 26 30 37 42 38 30 29 30 31 26
168 164 162 172 187 186 181 178 179 172 161 159 181 187 224 158 184 201 205 201 193 189 203 208 211 181 190 193 191 192 193 192 185 183 180 155 105 95 105 105 98 220 220 218 197 178 173 139 123 172 185 193 180 184 190 180 165 171 149 131 113 75 34 34 41 43 37 38 36 30 32 35 24 28 34 35 30 31 32 33 29 28 31 30 33 28 29 30 26 28 27 30 34 35 31 24
201 183 174 181 199 199 188 186 191 187 158 188 231 250 250 139 155 183 200 207 208 223 208 224 221 226 239 197 197 198 191 177 179 183 202 166 142 115 128 208 102 86 237 250 95 228 183 126 46 189 142 130 162 183 190 171 175 115 147 116 76 44 43 30 30 35 38 41 41 36 38 27 37 25 17 23 24 19 18 37 25 22 22 28 35 28 31 31 43 33 30 28 29 20 26 24
186 201 191 185 188 188 177 181 192 190 167 155 159 155 154 208 154 175 200 208 207 204 206 223 217 215 204 192 195 208 204 188 180 171 186 179 160 143 125 123 111 113 105 249 250 250 250 209 193 189 173 152 140 136 132 133 150 88 98 49 42 55 43 28 8 28 33 35 28 25 25 26 41 33 35 25 21 19 18 34 25 23 23 21 21 32 25 27 20 40 40 19 32 32 23 24
186 191 205 206 191 189 194 195 195 197 201 189 166 162 163 167 215 170 185 202 207 207 209 205 208 180 201 199 194 185 191 200 194 188 210 170 179 165 145 111 112 122 118 148 113 151 96 250 212 203 198 188 173 163 158 145 156 111 86 41 48 51 38 39 39 50 39 37 39 38 35 35 44 27 28 26 22 18 20 8 16 16 21 27 28 19 15 33 26 25 28 46 30 33 35 24
190 200 202 176 198 198 197 197 200 196 193 186 166 164 182 169 155 156 177 194 209 216 212 222 217 180 193 203 206 197 172 176 195 196 182 174 204 214 169 146 128 123 107 129 144 111 121 114 250 103 97 95 102 100 160 147 152 109 60 72 71 41 27 39 40 29 31 41 25 23 25 26 38 33 22 24 26 24 36 39 24 24 14 18 23 32 34 29 23 29 32 35 26 29 30 26
204 205 204 176 173 206 199 180 205 203 200 195 171 171 186 185 178 169 162 143 210 205 220 233 237 236 237 243 202 210 184 159 174 193 178 154 194 210 195 172 153 132 122 98 140 123 124 115 109 109 104 106 120 198 200 182 123 68 31 37 97 49 37 27 26 30 30 25 28 28 23 16 22 31 31 28 33 21 22 25 16 20 21 25 21 30 33 32 33 31 29 24 37 28 27 27
198 208 205 191 189 193 186 232 217 187 197 194 182 175 185 192 195 178 193 195 155 199 204 213 218 226 231 224 206 173 193 185 165 179 188 187 218 217 210 191 185 166 155 122 118 116 111 101 109 119 114 112 122 182 170 138 68 29 35 39 35 24 41 22 33 31 25 23 10 8 11 19 17 27 31 30 35 32 34 23 25 21 19 16 11 0 0 33 37 34 29 29 34 28 23 29
204 210 204 182 163 141 148 234 194 172 193 211 239 169 187 203 210 217 221 218 208 202 211 199 209 218 215 207 207 212 195 200 196 163 162 174 187 218 229 232 174 164 150 140 147 149 135 119 111 117 118 112 151 155 98 54 40 39 44 48 40 23 16 20 43 33 23 18 21 23 11 25 28 29 0 1 17 42 43 35 35 21 31 21 8 27 0 1 0 36 26 25 30 28 28 32
201 206 202 190 172 154 147 189 168 179 189 234 248 222 178 181 183 202 224 227 225 205 134 176 187 203 201 170 189 205 200 206 212 197 157 141 156 205 237 235 196 173 169 152 166 184 153 133 128 123 112 108 94 74 71 46 55 50 39 33 29 25 19 15 13 32 28 24 22 10 7 11 24 22 27 0 9 2 37 66 38 37 23 24 22 25 26 6 13 22 32 32 24 19 27 27
208 205 207 203 181 161 166 154 151 190 211 246 248 213 178 174 180 202 217 234 223 190 148 154 175 117 156 238 225 136 217 213 208 184 161 141 133 173 199 206 220 217 151 144 160 184 177 164 160 154 135 122 85 50 39 42 36 37 34 30 29 26 22 12 30 22 38 5 5 9 2 0 0 30 0 31 35 16 4 33 26 25 24 27 15 8 24 26 27 27 28 29 27 27 26 35
196 197 203 201 183 169 163 158 158 157 201 170 176 217 188 164 181 176 196 206 229 225 231 225 203 221 185 231 213 216 118 112 218 208 204 104 222 201 175 170 167 163 168 150 154 167 169 162 154 157 152 117 57 19 25 28 28 30 25 21 22 21 21 18 11 17 35 49 14 16 14 0 0 23 23 22 34 33 28 26 32 31 24 26 32 27 15 34 25 52 8 25 26 21 20 35
173 186 190 188 186 173 151 149 160 159 158 155 158 171 181 190 187 169 162 206 201 214 239 239 225 217 223 225 212 214 181 151 132 218 121 233 230 232 231 220 205 194 202 207 148 141 143 132 137 122 105 63 47 34 19 17 15 14 14 15 17 17 22 29 37 28 23 24 20 17 19 11 20 26 23 16 16 20 21 15 27 28 25 26 21 20 16 33 32 26 16 15 24 25 22 26
185 190 184 184 185 160 145 148 145 159 177 137 122 178 197 202 205 193 198 186 142 162 219 224 214 152 220 216 210 216 226 250 225 215 233 230 221 226 234 240 240 168 164 239 183 173 167 173 169 122 72 29 0 34 36 4 4 7 11 13 16 21 24 28 28 32 34 15 19 18 22 20 8 0 0 8 20 24 23 36 15 17 22 31 23 23 20 24 24 16 11 1 19 23 23 20
189 200 196 199 186 174 168 161 155 157 179 194 183 183 116 125 136 147 152 147 168 185 211 250 250 203 200 205 208 250 192 78 78 82 205 203 242 244 242 242 225 171 166 184 168 182 171 175 153 97 35 0 0 0 0 0 3 11 15 15 17 21 18 15 24 36 40 46 45 21 15 15 22 20 18 13 8 13 22 23 30 25 18 27 22 24 22 20 17 0 0 0 24 24 24 23
189 187 202 195 190 197 198 192 184 177 162 159 188 206 134 152 133 125 141 144 148 150 188 220 217 203 202 204 118 143 180 80 77 79 82 86 89 244 250 250 250 160 171 190 173 170 178 156 97 46 30 29 16 3 0 11 13 19 19 17 17 20 23 22 19 32 34 21 21 23 24 22 25 24 0 2 19 19 21 29 20 10 22 28 28 32 0 26 0 25 0 31 29 26 24 24
178 182 184 192 207 191 187 191 191 188 185 182 189 177 152 174 162 136 137 148 147 142 196 199 186 250 250 222 91 78 80 82 83 86 187 187 200 106 88 231 244 245 166 184 185 169 160 116 51 20 38 35 68 66 18 19 21 16 17 17 19 27 32 29 30 21 17 27 35 0 13 22 17 26 33 30 18 19 15 14 17 32 27 18 20 23 27 29 32 29 25 24 26 27 29 26
180 189 185 172 158 158 163 165 166 169 178 185 169 165 177 161 180 179 163 168 170 161 152 158 145 150 147 162 143 146 136 79 85 88 88 179 170 108 189 250 250 159 148 175 159 160 128 75 16 53 47 62 47 45 57 12 24 33 12 13 30 19 26 30 26 30 35 35 40 0 2 24 28 24 22 32 26 10 22 25 31 25 26 15 20 21 22 23 25 29 26 26 24 23 25 28
180 193 180 161 153 154 173 188 178 173 178 176 176 191 200 180 172 194 181 179 178 154 149 160 152 91 119 142 158 202 162 162 148 91 93 87 97 178 162 154 162 145 133 117 148 158 119 72 61 57 56 55 19 15 42 52 50 26 26 18 24 20 36 44 45 44 43 35 30 0 0 1 10 7 7 22 28 31 23 27 28 31 28 13 19 21 22 22 25 26 28 26 25 33 23 29
186 182 170 166 166 157 176 189 178 185 188 179 178 187 195 198 201 203 190 189 193 182 158 105 112 206 201 250 250 218 157 243 250 250 250 250 95 151 145 130 159 169 148 129 132 138 126 109 101 75 56 49 15 15 11 9 3 0 2 27 16 21 34 54 54 33 20 20 27 29 0 3 11 11 5 15 25 29 32 23 22 21 22 22 23 31 17 18 25 24 26 25 21 23 33 24
196 180 163 158 177 181 167 172 185 186 187 188 180 180 203 204 196 194 191 194 191 179 143 123 132 188 112 120 125 178 248 153 138 115 109 130 150 141 132 138 144 159 158 153 147 144 136 119 79 60 59 47 54 16 16 14 8 4 9 31 13 21 34 16 31 32 32 28 34 34 0 0 24 4 4 0 19 25 31 35 28 26 28 27 21 18 27 26 25 26 27 23 25 29 20 22
169 165 155 156 174 202 176 182 185 189 197 202 186 188 212 201 191 191 181 180 178 147 194 202 213 196 103 101 112 110 171 138 138 120 103 197 132 117 250 120 135 146 140 140 145 118 67 41 12 16 58 56 47 56 48 18 15 12 14 23 37 34 29 25 24 20 36 39 49 52 54 56 4 35 4 7 43 33 19 17 29 25 25 28 23 22 23 26 27 26 28 26 25 26 23 25
152 149 177 160 181 198 202 194 184 188 198 208 193 177 187 183 183 195 188 179 213 205 101 127 102 130 145 102 105 100 122 122 135 123 92 201 117 119 91 106 110 98 88 88 78 56 53 35 33 35 14 18 38 41 41 34 52 54 25 26 39 32 30 26 29 14 24 31 31 35 33 34 32 3 5 13 44 47 42 26 21 27 26 26 31 29 29 29 27 25 31 24 25 25 26 23
205 200 194 191 199 201 203 178 195 188 197 207 197 171 177 184 192 194 187 186 184 172 149 118 116 116 113 122 180 173 103 145 107 98 199 200 126 126 108 94 100 185 92 71 8 21 33 23 12 8 13 18 33 17 39 32 15 44 36 21 22 31 22 26 21 17 10 10 16 13 11 18 19 17 19 30 33 37 38 37 40 46 34 26 19 27 29 30 32 18 23 23 23 25 25 29
181 177 181 204 198 207 207 196 189 201 203 206 203 197 193 191 197 193 182 177 161 140 158 154 122 123 123 119 129 101 114 124 108 204 204 199 101 109 106 97 98 98 66 52 76 59 29 26 20 11 13 17 18 19 25 16 16 30 45 35 25 29 24 25 28 31 31 26 26 25 22 26 26 30 31 26 25 38 45 44 39 36 36 31 30 21 20 12 34 20 22 22 25 25 25 32
