examples/data/proba_v_italy_sicily/probav_s10_toc_x19y03_20150101_333m_ndvi_v001.txt
ncols         1127
nrows         589
xllcorner     12.348214285714
yllcorner     36.598214285714
cellsize      0.0029761904761905
NODATA_value  -9999
[rows 153 to 203 of 589, columns 960 to 1055 of 1127]
183 200 196 208 222 223 213 206 204 202 214 213 213 211 208 210 217 190 189 178 172 178 204 192 199 221 226 201 203 209 222 221 224 226 235 210 204 196 202 197 191 159 128 80 71 63 53 44 58 55 46 43 47 54 51 30 28 24 31 28 24 21 21 28 35 27 35 35 36 35 33 30 39 31 20 31 37 34 33 35 37 35 39 38 35 34 37 38 28 39 39 37 26 37 23 22
183 215 207 213 225 230 216 215 217 218 219 214 202 202 168 186 219 215 202 149 164 178 193 232 207 198 187 198 206 229 215 215 220 218 214 214 196 181 172 178 168 124 109 58 56 54 49 44 41 36 32 29 29 37 30 21 27 24 24 28 29 33 32 25 31 23 34 35 37 29 33 47 30 33 35 34 30 27 33 36 38 42 38 41 43 45 39 33 25 22 25 15 24 24 24 26
220 224 223 220 223 223 190 165 198 206 213 211 212 211 172 203 184 204 222 167 161 250 193 200 203 204 193 214 229 229 214 216 218 214 215 227 197 181 152 130 104 66 59 53 50 40 50 47 40 41 31 29 41 30 26 48 44 23 16 21 26 23 31 29 31 39 21 36 27 28 36 43 31 35 36 27 24 34 36 29 25 39 39 39 26 25 34 29 31 28 19 38 31 13 22 20
225 227 228 222 217 202 185 166 180 207 221 217 209 200 186 185 169 158 186 188 173 168 201 201 250 247 186 215 222 204 220 218 229 220 213 212 176 171 117 92 54 49 49 47 50 41 36 39 35 45 35 25 26 23 45 12 37 43 37 40 39 26 39 32 37 37 36 26 19 33 33 37 25 28 33 35 52 35 33 31 32 19 36 25 27 22 41 27 28 33 37 27 25 22 18 22
230 229 230 227 219 199 183 197 210 216 203 209 195 199 210 200 200 188 176 193 172 185 187 197 228 200 209 213 210 195 176 205 222 216 194 185 156 130 73 66 44 45 42 50 43 36 43 35 32 34 32 43 46 19 45 43 19 40 40 36 27 36 34 37 23 19 24 24 34 32 34 33 17 25 27 31 31 32 29 30 32 35 34 35 30 21 22 37 37 26 37 37 37 24 27 27
234 232 232 224 205 193 200 203 209 221 218 212 204 192 212 213 200 196 196 199 192 195 188 215 222 225 221 162 199 220 220 167 190 165 154 130 83 69 63 51 34 34 33 43 32 36 40 38 34 31 32 31 28 26 25 24 46 17 41 42 39 38 38 39 37 40 39 36 35 27 22 20 32 32 31 33 32 29 30 37 37 37 26 26 25 19 15 19 25 17 10 17 37 37 20 37
231 227 229 227 200 226 223 228 223 216 210 201 212 222 225 221 218 205 200 196 205 195 200 203 209 216 211 193 187 213 201 198 155 117 91 55 59 51 57 52 45 39 63 37 31 23 30 33 33 37 40 40 41 31 29 29 28 45 39 15 41 41 37 38 27 37 35 50 49 42 28 30 35 32 30 29 27 30 27 37 37 37 27 25 37 37 16 37 23 37 37 37 37 37 37 24
216 230 231 217 201 232 229 230 228 220 217 202 210 215 218 217 218 213 214 174 173 165 196 209 206 215 214 204 201 221 226 227 157 117 74 52 53 42 56 57 48 37 46 29 33 28 22 32 30 35 38 39 42 42 44 48 32 19 40 39 21 25 40 36 36 35 34 31 34 29 31 32 32 31 27 35 27 23 30 37 37 37 37 37 37 29 17 18 37 28 37 37 37 37 37 37
210 202 210 202 231 231 230 224 220 231 231 203 200 194 195 195 225 217 250 171 164 156 174 208 210 217 194 212 210 222 221 217 157 119 51 49 51 37 33 51 49 48 44 38 38 37 34 31 27 30 34 37 42 42 43 26 45 23 20 37 26 33 35 22 30 34 36 38 33 35 31 31 32 33 31 28 26 31 27 37 37 37 37 37 37 37 37 12 13 18 37 32 37 37 37 37
210 207 205 196 209 224 222 229 225 216 208 198 204 203 197 250 184 172 165 245 165 156 184 208 204 203 219 219 219 216 220 190 135 108 46 43 55 53 35 45 47 42 44 40 36 36 41 43 39 35 38 22 30 34 37 37 26 39 39 38 37 34 36 25 33 34 35 35 35 35 33 31 28 31 30 28 27 29 30 37 37 37 37 37 37 37 37 37 37 16 37 37 37 37 37 28
218 216 211 201 212 231 221 220 223 215 199 199 195 211 229 229 195 203 191 185 177 176 172 203 236 210 224 222 222 216 221 174 137 50 42 41 55 34 36 33 36 44 38 36 32 35 35 37 39 36 30 36 28 38 40 41 39 39 40 37 35 35 37 22 20 35 26 34 34 34 28 28 26 25 27 27 28 35 32 37 37 25 22 37 37 37 37 37 37 12 7 29 20 21 25 27
210 201 196 207 188 194 202 220 231 227 217 196 217 205 211 212 198 197 199 198 181 180 190 183 191 207 210 206 198 218 207 165 129 60 44 43 48 39 42 40 30 40 37 34 38 40 36 34 35 36 34 34 41 43 41 43 43 42 43 39 35 35 35 39 36 41 37 31 29 20 26 29 27 26 29 32 30 33 34 31 27 34 22 37 37 37 37 37 20 37 26 22 37 22 37 37
230 204 195 202 200 149 193 236 230 210 214 202 202 205 195 194 200 196 197 194 193 178 185 182 185 195 194 195 187 203 178 148 120 52 50 46 45 48 37 35 34 33 33 34 36 39 38 32 33 35 36 35 35 36 33 40 42 26 45 45 40 36 35 24 39 40 41 38 33 33 35 32 31 37 37 35 37 37 37 37 4 20 19 18 21 37 49 36 30 23 27 27 24 14 37 37
217 217 190 194 206 178 190 210 201 205 211 207 211 203 200 200 200 201 210 204 206 168 166 186 221 193 193 149 158 181 201 208 159 52 42 44 35 57 40 36 34 34 35 30 34 37 38 37 33 31 31 34 32 21 35 38 37 36 39 41 42 39 38 32 24 34 34 36 35 32 30 30 30 37 37 37 29 37 37 37 37 37 24 26 29 37 30 29 28 27 27 37 37 14 23 37
211 218 206 219 192 198 191 234 202 203 248 204 209 213 208 203 219 222 206 208 222 229 198 195 218 176 167 132 127 91 182 193 146 123 47 38 36 43 63 41 40 35 36 33 45 30 24 34 33 33 33 32 32 29 28 84 29 33 35 33 45 31 20 38 35 32 28 32 34 34 33 37 37 37 37 37 37 27 37 28 23 20 27 32 30 29 30 28 37 37 37 33 37 37 25 19
224 226 240 212 200 194 210 205 240 235 218 221 207 211 213 209 209 213 212 198 201 198 197 195 192 161 122 141 157 153 151 144 149 131 128 44 44 47 48 47 38 36 32 40 35 35 37 38 37 36 34 33 36 35 28 29 43 30 32 38 29 16 32 34 35 35 23 29 29 32 30 31 27 25 31 32 32 37 37 35 37 20 23 25 37 37 25 37 37 37 37 37 37 14 21 18
213 231 238 214 215 193 207 219 228 213 221 225 212 207 208 208 210 209 203 199 186 181 216 213 186 179 153 144 152 182 155 135 119 51 58 41 39 39 36 41 38 39 39 37 30 36 35 36 43 36 34 33 27 37 37 26 37 37 37 32 32 30 32 23 33 33 32 39 33 32 31 37 37 37 37 37 23 37 37 21 37 37 24 37 26 31 37 37 37 37 37 37 29 23 37 18
232 240 235 232 211 188 180 200 211 228 226 227 238 213 207 213 226 212 216 218 214 207 209 217 179 170 151 155 123 166 153 151 123 55 50 43 46 43 42 40 36 34 38 37 31 33 37 34 32 35 33 32 26 37 37 23 23 37 37 20 53 37 37 37 37 37 37 33 28 28 31 33 37 37 37 37 21 26 30 24 37 37 37 37 34 37 37 37 24 24 22 15 25 20 37 37
219 228 223 222 209 211 198 176 203 218 219 221 233 226 218 216 230 222 216 216 217 212 211 197 180 140 68 90 70 62 52 52 53 50 47 42 47 39 38 37 35 30 33 32 34 32 31 29 28 28 31 32 26 24 27 37 37 36 37 25 54 37 37 37 37 17 31 30 37 42 37 37 37 37 37 37 37 28 37 31 24 37 37 37 37 26 37 37 29 25 37 37 37 37 36 25
193 195 207 211 219 201 198 196 191 205 199 215 223 216 208 229 220 218 216 210 193 197 185 203 186 141 56 58 60 59 53 50 47 43 44 44 48 36 34 39 35 33 34 31 31 31 35 37 36 27 33 34 31 21 22 27 37 27 37 22 34 37 37 37 24 23 23 21 27 35 37 37 37 37 37 37 37 37 37 31 22 29 37 37 40 33 37 37 37 37 37 22 31 35 37 37
193 197 197 195 217 218 217 203 196 215 199 204 180 202 210 231 224 203 193 209 207 189 165 139 135 108 56 56 54 32 54 50 46 41 39 46 38 36 34 39 40 37 34 33 33 31 30 29 30 28 33 34 34 37 48 37 37 37 37 37 37 40 37 37 25 37 37 37 37 36 37 37 37 37 37 37 37 37 37 37 30 37 31 32 37 37 37 37 27 37 37 33 37 37 37 37
214 215 216 169 212 216 219 202 194 212 203 195 190 147 168 207 194 200 200 210 199 182 163 72 53 42 52 57 53 50 47 47 46 43 37 57 35 36 36 36 37 39 36 36 34 31 31 30 32 30 28 58 33 35 25 17 37 37 37 37 37 24 63 37 32 37 37 37 37 29 37 37 37 25 22 23 23 27 31 37 37 34 28 37 37 37 37 37 31 27 22 37 34 37 37 37
214 218 218 208 209 204 226 218 200 197 194 205 213 204 158 151 184 168 171 176 191 170 148 74 59 47 39 35 31 29 44 42 38 36 34 34 47 36 36 35 29 29 26 35 33 32 30 30 32 32 31 30 42 37 37 37 24 37 37 37 37 37 37 30 27 37 37 37 37 37 37 37 37 26 37 37 37 37 23 24 37 31 31 31 37 37 37 37 37 37 22 39 26 37 37 37
222 221 221 223 210 221 222 188 191 198 196 200 212 209 211 185 141 140 127 114 132 116 77 55 50 44 37 31 30 30 25 40 37 36 34 34 34 76 38 48 45 36 29 35 35 37 34 27 24 28 35 36 18 43 37 37 37 25 37 37 37 37 37 27 37 37 37 37 37 37 37 27 30 31 37 13 29 29 37 27 27 28 17 37 37 37 37 37 19 33 37 37 37 18 22 28
222 213 212 211 210 219 225 198 190 202 214 196 219 210 194 173 155 178 191 164 153 140 133 136 153 32 28 27 29 29 27 41 39 36 34 41 41 36 37 38 30 27 38 48 42 38 27 31 31 29 29 29 37 37 33 37 37 29 52 27 37 37 37 37 37 37 23 37 37 37 37 24 32 25 37 37 30 25 30 31 18 16 37 37 37 37 37 37 37 37 37 37 37 37 37 25
214 215 212 227 218 217 190 170 132 175 202 205 209 211 169 142 156 203 214 172 141 206 221 194 124 84 23 24 28 24 25 31 38 38 47 34 34 35 33 77 35 38 30 27 33 32 34 36 35 33 33 28 25 24 27 29 29 46 37 23 25 37 37 27 40 37 37 37 7 19 20 27 28 37 22 37 37 37 37 37 32 37 27 24 37 37 37 37 37 33 34 37 37 37 37 20
222 214 218 216 215 216 202 176 129 174 222 236 224 217 176 176 162 191 191 166 124 145 186 144 89 25 25 38 34 31 35 31 36 39 38 34 34 34 34 58 32 34 31 33 35 31 34 34 36 36 34 30 24 37 37 37 37 37 19 37 37 37 23 31 27 28 32 37 39 31 23 42 31 37 22 27 37 37 22 37 37 41 36 37 37 42 37 28 37 37 37 31 37 37 37 37
210 202 218 222 205 212 197 202 209 199 201 209 216 226 219 215 205 219 169 149 112 58 37 43 32 32 36 35 26 28 31 34 36 35 38 36 33 32 47 34 33 32 33 34 35 37 32 36 34 35 27 29 28 43 49 37 37 39 48 59 28 30 28 37 37 23 37 37 26 25 28 30 34 32 40 37 37 20 15 37 37 23 35 37 37 37 37 37 37 37 37 29 37 37 37 37
212 215 185 207 208 192 195 205 208 213 189 181 198 223 243 245 223 226 180 129 48 27 18 21 36 31 23 24 29 30 30 30 27 34 32 20 27 33 32 30 41 34 33 33 34 33 33 34 33 34 30 32 37 42 37 32 48 61 37 29 32 27 33 37 37 29 37 37 26 37 37 54 26 37 37 37 29 32 25 37 37 33 37 37 21 17 20 37 37 21 37 27 37 37 37 37
213 213 186 177 180 189 199 179 192 197 195 173 200 202 237 243 194 193 155 80 37 41 38 37 33 31 30 30 28 29 42 32 22 28 33 32 31 32 22 30 65 26 35 34 31 32 32 30 33 26 36 24 34 35 34 37 37 41 37 37 26 37 37 37 15 34 37 37 28 37 30 33 37 37 27 37 20 25 20 46 19 17 37 37 19 37 37 37 37 16 20 22 29 31 28 37
204 209 193 191 187 173 202 171 209 213 208 203 207 202 220 216 210 152 92 21 37 37 38 37 31 36 31 32 41 32 34 34 34 20 32 32 29 30 30 31 35 34 32 35 56 33 27 23 23 23 32 37 50 27 37 35 21 30 37 37 37 37 37 37 37 37 25 32 32 40 37 37 37 15 22 37 37 37 27 37 16 43 37 37 21 26 37 37 37 37 27 30 37 37 37 37
191 221 214 193 207 203 206 201 197 218 221 217 209 216 210 194 169 152 77 54 35 36 39 35 35 35 34 33 35 31 34 34 34 22 35 29 30 26 30 31 32 24 29 28 52 33 20 20 20 38 22 37 27 28 33 35 44 37 37 37 45 20 37 37 37 37 27 35 37 34 37 37 37 37 37 37 37 37 37 37 37 41 24 16 37 14 32 37 37 37 30 37 37 34 37 37
203 220 195 193 193 205 202 200 199 195 203 217 234 233 185 158 116 107 51 50 48 43 40 36 35 33 30 29 32 32 39 36 34 25 26 19 32 24 21 30 30 26 27 23 22 25 23 37 19 34 37 37 31 23 27 32 35 28 37 37 37 29 39 37 37 37 31 38 31 37 37 40 37 37 37 40 37 37 37 37 37 37 37 23 37 37 15 20 23 31 30 20 20 28 37 37
189 185 179 198 197 187 184 213 205 182 141 166 208 188 177 129 63 44 42 36 41 42 36 31 31 34 34 34 33 31 32 35 32 32 31 23 30 31 22 28 27 24 21 26 23 30 25 71 37 37 31 37 36 31 17 19 30 29 32 32 37 37 37 37 37 37 25 37 37 38 37 37 37 37 12 37 44 28 37 37 37 37 34 36 37 37 37 37 37 40 22 31 50 37 37 37
159 108 126 191 170 193 218 199 188 184 203 203 152 120 105 59 52 48 38 37 34 35 37 36 36 36 35 34 33 32 33 33 32 30 31 15 35 30 31 31 23 37 37 29 26 24 23 23 24 21 42 21 27 19 17 26 18 21 22 23 23 43 23 37 37 37 37 37 30 35 37 37 37 37 37 9 37 37 37 37 37 30 32 30 37 37 37 37 37 37 49 45 37 37 35 27
122 100 112 156 223 250 244 212 200 196 213 180 163 105 59 54 48 42 36 33 33 37 38 38 36 36 33 32 33 34 31 31 33 32 32 31 31 30 37 30 27 32 37 37 37 24 22 38 22 24 35 19 35 21 28 16 16 27 23 37 21 21 23 24 24 37 37 37 37 26 25 31 37 37 37 37 37 37 37 37 28 37 30 30 37 37 37 37 37 40 17 37 30 37 27 37
171 187 190 224 247 223 225 209 209 208 196 155 120 70 58 50 44 41 38 37 37 55 36 36 36 36 33 33 33 33 20 30 30 25 32 33 31 27 26 25 20 37 37 26 27 27 23 26 22 36 22 25 35 37 30 15 15 16 29 19 18 20 21 23 23 33 22 37 37 20 37 37 28 37 13 37 37 37 37 25 22 37 15 31 37 39 24 37 37 43 28 37 18 38 28 37
186 226 237 247 200 250 220 199 218 178 157 131 79 69 38 48 45 42 38 36 35 61 42 36 34 33 34 35 34 36 34 31 30 27 29 27 37 29 37 40 21 37 37 18 37 37 37 37 23 42 30 35 26 23 19 17 17 17 18 20 20 20 21 26 27 21 36 22 37 42 19 29 37 37 30 37 37 37 37 37 22 23 24 38 30 37 37 37 37 37 16 22 27 41 37 37
193 216 239 236 240 249 217 216 185 186 144 100 72 62 46 48 68 40 29 33 33 55 53 35 33 32 25 32 25 23 24 25 24 28 23 27 28 34 28 52 22 37 37 37 37 37 37 61 37 36 37 37 31 32 21 21 17 18 21 20 25 26 22 27 22 21 19 28 23 34 37 37 29 27 37 37 37 37 37 37 21 33 18 38 31 37 37 37 37 37 37 37 17 37 37 37
216 227 246 235 237 244 203 188 162 130 104 69 34 36 39 42 43 41 38 54 35 35 34 34 34 25 32 32 31 23 26 30 30 29 36 37 20 23 27 38 18 37 37 37 32 30 28 57 27 36 32 26 27 35 37 37 37 37 25 25 28 18 17 29 22 22 20 19 29 32 27 29 32 37 37 37 39 37 37 37 37 27 23 34 39 37 37 37 37 37 37 37 37 27 37 24
242 235 242 237 235 213 194 172 136 100 65 61 38 39 39 39 39 39 37 58 33 34 35 35 23 32 22 32 30 31 28 26 37 23 28 37 37 37 29 28 25 29 24 32 30 37 33 37 37 11 37 37 37 40 37 37 37 37 37 27 29 21 19 24 21 21 21 20 25 22 31 21 22 33 37 36 37 37 19 37 37 37 37 37 37 38 30 30 34 37 37 37 37 37 37 26
235 225 233 217 228 214 205 168 115 79 61 58 39 41 40 41 41 41 39 32 23 30 26 29 24 22 35 34 34 30 30 37 45 28 37 26 29 27 29 65 26 27 27 25 25 23 28 31 37 30 28 25 24 27 28 37 37 37 37 28 27 37 37 30 18 21 35 30 19 22 23 27 28 23 17 24 31 25 23 26 31 20 20 15 37 29 11 37 27 37 37 37 37 37 30 31
231 225 230 231 211 222 184 152 85 60 49 34 37 42 43 42 40 39 38 37 33 32 32 31 53 18 32 32 31 35 24 27 22 33 40 34 31 31 45 35 29 19 37 29 37 31 28 31 23 30 37 37 37 41 37 37 37 27 28 37 28 30 27 23 25 29 26 27 26 20 19 31 21 20 84 37 27 28 24 38 32 22 20 23 26 21 26 34 28 31 22 22 21 22 22 20
222 219 219 218 208 169 140 108 75 37 49 32 36 36 40 43 40 38 41 39 37 33 33 48 29 30 33 34 26 29 30 25 37 37 37 26 31 38 37 33 29 21 37 37 37 54 66 51 32 30 37 37 28 28 25 28 31 30 37 37 37 37 37 37 37 30 19 37 13 21 21 33 23 21 64 21 23 37 37 28 37 37 37 20 20 22 22 29 21 20 32 22 23 21 20 20
214 209 205 208 170 138 100 130 49 40 31 25 45 30 30 29 31 34 36 36 39 39 58 34 35 35 29 27 36 36 36 36 42 37 37 29 32 37 26 31 25 21 37 37 37 37 31 37 37 33 37 32 21 37 37 30 35 37 37 32 37 37 37 37 18 19 20 37 37 18 22 36 22 62 21 20 21 21 22 21 22 37 37 37 21 18 19 18 17 19 22 27 21 28 21 20
213 204 184 147 105 84 35 49 38 38 36 37 36 37 36 31 32 34 36 35 33 33 67 38 38 37 64 48 32 35 21 40 31 30 16 37 21 25 31 32 22 37 37 21 15 13 23 46 26 28 37 37 37 37 37 37 37 37 37 31 31 28 21 25 15 28 22 26 27 21 37 38 21 19 48 21 21 20 19 20 22 22 21 22 20 20 20 20 20 19 19 19 21 23 23 21
192 176 146 120 58 33 53 48 44 40 43 44 42 40 33 38 32 39 36 34 33 45 32 32 37 37 34 37 37 34 25 26 37 37 37 25 34 62 31 37 25 37 37 37 24 52 24 22 26 28 37 37 37 37 37 37 37 37 23 35 37 37 24 22 37 13 37 37 25 30 26 32 37 18 19 22 22 44 22 22 23 22 21 20 20 20 21 23 22 21 27 28 24 25 23 28
181 170 124 93 58 53 48 46 43 40 35 37 36 33 38 39 36 35 35 33 31 34 34 37 37 37 33 34 49 50 39 32 37 37 37 24 37 44 31 34 26 20 25 37 37 37 23 28 20 20 15 37 37 37 26 28 37 37 37 47 37 37 26 23 26 37 37 24 46 28 21 37 37 37 95 62 45 28 31 22 21 22 23 21 20 20 18 25 21 21 29 20 20 37 37 25
177 152 124 66 54 54 38 43 40 35 34 37 28 35 35 35 33 34 39 37 34 32 33 11 37 37 14 29 29 29 71 33 37 37 37 39 66 42 37 27 16 14 24 37 21 26 23 33 29 19 16 14 14 37 37 35 37 37 37 46 37 37 30 38 45 43 35 34 35 36 24 16 37 37 45 26 30 21 49 31 15 16 17 20 13 21 21 14 37 37 32 37 37 37 26 25
183 167 110 56 51 50 49 47 29 41 40 30 32 15 34 34 27 33 21 15 33 37 37 37 37 37 37 22 17 31 30 30 34 37 37 36 58 37 37 28 21 37 37 17 37 37 37 23 23 29 20 19 18 15 37 37 37 37 37 37 37 37 37 37 37 37 37 37 37 37 37 37 37 31 19 37 37 26 20 32 30 15 13 20 23 21 37 37 37 37 23 26 20 29 29 23
159 124 71 52 51 48 45 44 36 42 25 22 33 29 26 22 15 32 31 24 16 37 35 37 37 37 37 37 37 37 37 37 37 37 37 15 37 38 37 37 35 37 19 34 28 37 32 22 19 25 37 22 19 18 28 12 37 37 37 37 37 37 37 19 37 37 37 37 37 37 37 37 40 37 37 32 37 32 54 25 29 37 23 27 25 28 30 37 22 20 20 30 37 19 23 25
