examples/data/proba_v_italy_sicily/probav_s10_toc_x19y03_20150611_333m_ndvi_v001.txt
ncols         1127
nrows         589
xllcorner     12.348214285714
yllcorner     36.598214285714
cellsize      0.0029761904761905
NODATA_value  -9999
[rows 200 to 249 of 589, columns 768 to 863 of 1127]
101 100 84 75 81 87 88 95 94 85 84 93 95 94 97 97 92 94 103 108 99 94 98 98 100 90 82 93 100 99 95 102 114 109 102 110 119 119 117 116 111 107 119 109 105 117 125 124 105 121 153 159 157 148 130 121 150 154 156 160 160 158 154 156 145 138 132 134 146 139 139 154 155 158 165 160 156 145 150 151 148 138 134 170 175 151 139 108 97 96 88 83 94 150 169 192
93 96 107 109 106 97 88 87 83 77 83 93 86 77 89 90 92 91 92 95 86 83 90 101 98 92 87 85 86 82 79 71 85 90 90 91 104 118 110 109 110 102 114 115 107 110 119 117 101 101 111 136 151 156 124 106 149 155 166 166 158 152 155 157 142 138 138 142 156 166 165 155 145 146 153 160 164 147 153 159 162 144 125 129 136 140 166 167 129 105 97 89 86 118 146 166
87 96 123 137 133 118 93 86 87 78 77 82 74 77 80 81 80 85 86 85 91 90 94 107 97 82 79 81 84 81 76 65 74 82 83 89 87 90 89 91 85 81 92 99 98 95 90 100 105 112 104 103 117 153 146 139 164 162 158 162 157 148 150 154 150 141 141 138 144 152 163 156 147 149 159 161 155 148 156 173 167 135 125 121 122 136 190 207 180 115 91 80 79 92 96 90
100 110 129 139 125 106 97 97 107 93 80 78 76 78 78 81 78 89 85 74 78 79 82 88 84 75 78 85 78 77 83 80 76 85 83 93 96 87 80 99 95 87 88 97 106 110 95 94 95 96 93 97 135 146 150 155 162 155 145 154 149 144 160 174 164 137 133 135 144 154 162 161 156 156 158 149 141 134 130 136 133 126 123 128 132 143 173 189 164 100 133 165 163 130 127 110
112 129 144 132 111 104 92 90 89 81 87 92 84 87 84 79 83 87 82 76 78 88 96 88 78 76 83 88 80 82 88 97 95 91 95 97 95 85 84 97 102 94 90 95 101 95 86 85 99 100 94 110 143 145 150 150 151 148 139 142 133 159 179 171 161 151 146 144 149 159 163 167 170 161 149 144 144 148 158 158 150 152 151 163 144 123 123 127 118 158 198 217 211 199 164 138
128 131 138 109 91 106 101 97 98 85 87 96 91 90 94 88 90 84 76 78 90 102 95 80 73 71 74 86 91 93 89 90 94 92 88 91 90 85 88 86 90 89 90 88 85 89 89 92 96 95 101 134 140 141 153 150 144 145 149 146 145 170 178 164 156 144 136 139 144 154 157 166 176 164 156 153 156 162 175 179 181 194 204 205 198 178 131 150 191 214 219 216 213 213 187 152
87 93 123 107 100 95 98 103 107 93 89 93 79 81 97 99 101 90 77 81 87 85 90 93 84 74 74 85 99 93 79 82 83 81 85 93 94 93 93 85 85 90 93 89 87 92 100 100 93 93 107 143 143 147 153 150 146 152 154 146 146 152 148 147 142 138 132 143 145 142 144 159 172 164 153 153 152 159 177 194 203 210 215 218 208 204 204 199 200 214 215 206 211 214 197 158
87 98 121 100 102 114 109 102 95 95 98 87 81 84 87 89 93 88 86 80 73 70 76 83 80 74 78 94 96 79 75 82 75 75 84 89 93 93 88 81 83 95 95 91 83 76 80 89 92 96 102 142 147 145 141 146 153 147 138 144 137 155 135 158 152 147 143 143 141 137 139 157 165 157 153 153 155 166 188 203 211 215 208 213 206 199 214 221 220 214 212 211 214 213 207 198
102 123 142 113 104 109 111 109 110 106 97 87 93 98 85 81 93 94 94 94 80 74 76 72 76 71 69 79 83 79 81 81 70 69 79 90 96 95 82 72 71 75 80 87 85 72 67 78 91 101 101 141 150 140 130 144 159 153 152 161 172 180 167 162 158 146 142 151 153 147 143 151 164 150 158 168 174 189 189 196 203 212 214 220 219 214 221 225 223 220 217 212 212 214 216 216
121 137 144 122 117 119 128 119 109 96 93 92 96 101 97 95 99 97 93 92 83 79 92 95 79 73 74 77 82 77 79 82 74 73 83 89 89 82 71 68 66 64 71 83 93 82 77 89 94 101 104 121 135 145 145 151 154 158 166 172 167 168 160 154 153 142 136 143 147 149 149 141 141 151 175 189 191 200 214 205 212 211 203 199 209 221 220 222 225 219 213 208 201 196 193 192
142 130 119 125 147 151 145 126 109 99 86 82 87 93 96 89 83 81 83 85 84 89 102 109 91 85 99 102 95 79 69 73 76 76 76 75 74 76 73 69 65 68 81 90 96 100 99 98 94 92 97 100 135 145 157 159 149 155 164 167 166 159 151 154 150 138 143 138 135 150 141 141 178 197 204 216 212 215 213 209 208 183 152 158 187 206 203 192 190 181 164 154 140 130 144 169
153 152 146 150 147 132 128 127 124 118 111 104 102 94 88 84 81 89 94 91 93 101 115 121 114 100 102 95 86 80 66 63 68 80 81 75 71 76 77 72 70 81 84 83 86 97 106 104 100 95 89 92 121 146 138 141 152 160 168 173 170 164 156 160 158 151 147 138 129 143 146 173 195 202 203 214 203 203 211 211 189 163 163 172 160 155 145 127 129 140 163 191 181 170 201 197
176 175 182 185 165 136 126 123 127 132 129 119 115 106 89 86 86 91 89 91 96 105 115 116 109 103 95 86 87 85 78 76 78 85 84 80 79 80 77 76 77 80 81 87 91 95 107 109 111 110 98 87 83 87 95 97 134 168 155 159 176 174 172 167 158 148 136 132 126 140 147 174 184 193 195 206 197 201 214 207 188 174 174 163 135 126 120 110 117 154 201 208 185 174 199 192
185 184 194 190 173 147 146 137 126 134 136 135 117 93 79 82 88 91 95 92 87 100 103 105 104 98 94 88 84 83 80 75 83 85 81 82 80 77 77 83 85 92 97 96 105 110 109 109 109 118 110 101 96 88 89 104 139 170 141 140 180 169 160 156 145 140 137 125 125 137 147 160 169 168 175 193 200 193 190 170 150 134 129 144 126 111 137 152 131 136 149 156 159 152 167 177
191 196 204 179 152 134 146 157 139 130 128 123 114 103 93 92 92 90 93 103 98 98 96 90 97 102 93 81 84 85 77 70 74 83 87 92 88 82 79 82 88 97 100 96 100 103 102 98 108 118 119 115 111 109 104 113 148 159 162 164 167 156 172 159 171 158 153 146 147 157 158 157 160 162 184 208 199 159 138 125 122 110 112 127 135 149 188 202 168 114 125 159 176 172 182 177
168 187 190 169 147 134 135 147 141 124 109 94 97 98 84 79 79 84 101 112 99 90 90 90 90 91 83 76 82 81 79 85 86 92 102 102 88 77 76 83 87 87 92 91 91 99 105 97 97 100 109 118 119 118 115 125 131 102 94 96 158 164 176 176 180 168 161 160 154 152 154 152 150 146 158 159 138 129 123 117 118 130 120 139 137 162 185 197 178 135 161 182 190 198 189 179
147 152 164 164 159 150 130 119 115 104 98 92 93 97 94 90 93 94 93 93 90 89 87 87 83 81 80 82 85 92 92 97 97 103 115 104 89 83 80 82 85 87 90 96 102 102 100 100 97 103 113 122 117 107 104 121 143 130 121 126 140 167 158 148 162 163 161 153 142 142 148 145 143 139 131 147 158 169 159 141 143 143 128 120 146 150 161 163 152 150 170 184 178 190 165 159
123 120 133 141 135 132 126 109 109 107 94 90 94 94 101 107 97 92 87 84 82 85 87 85 85 84 82 83 86 86 89 87 92 106 103 95 88 80 77 81 86 93 96 103 106 102 108 108 102 102 102 101 101 103 107 118 143 147 148 153 143 167 162 146 162 158 149 136 140 136 123 140 148 153 152 170 171 158 139 129 135 130 118 130 131 120 123 133 150 168 175 172 193 217 198 191
101 105 117 120 123 127 121 112 97 95 92 92 96 93 88 90 89 89 95 90 75 71 83 84 85 86 85 83 85 82 81 84 86 93 89 84 82 79 84 83 83 89 92 95 98 103 113 105 97 96 98 107 108 102 96 97 131 165 165 166 146 153 170 154 141 151 145 136 131 135 142 147 148 144 154 162 154 140 125 124 125 150 133 116 118 123 155 156 171 183 186 196 211 214 217 219
97 104 118 112 99 98 101 99 88 85 86 91 99 89 83 80 89 91 92 87 74 78 80 83 87 91 99 100 99 88 75 74 81 86 85 80 74 74 83 84 79 86 92 94 95 100 103 96 88 95 94 101 108 106 100 106 131 156 165 169 162 157 155 142 125 151 139 137 138 137 140 137 152 147 142 168 170 149 141 141 146 156 143 121 141 152 172 180 194 209 224 231 228 225 226 221
93 102 109 101 91 84 90 96 87 87 87 86 96 89 81 81 89 91 93 91 86 86 92 98 102 94 95 101 106 98 76 76 85 89 84 85 82 76 77 87 88 91 89 93 91 91 83 81 89 96 100 101 97 101 108 126 138 158 157 136 152 140 152 150 142 148 143 143 138 131 133 143 155 154 145 150 155 157 157 161 171 147 132 145 162 162 174 179 183 211 218 228 237 235 224 214
86 91 103 95 88 84 88 89 83 80 85 88 85 85 81 85 85 86 99 111 109 109 112 97 95 86 84 90 91 87 80 85 87 92 98 92 89 80 84 97 91 84 85 89 89 84 77 76 86 100 106 102 92 93 105 134 148 153 156 149 145 129 136 148 156 144 130 135 127 135 141 149 155 157 157 163 161 153 156 153 165 147 150 159 161 171 189 185 197 210 208 212 226 230 221 205
91 93 101 99 86 80 84 89 83 80 90 92 86 88 89 84 91 92 94 95 99 126 127 101 97 90 83 78 78 88 86 84 80 87 103 104 95 92 91 106 90 104 112 103 106 100 87 83 95 99 96 93 90 94 114 142 151 137 120 142 130 135 148 153 150 142 140 153 151 135 133 153 156 151 153 153 158 146 145 148 146 145 157 162 161 163 185 209 221 210 204 213 225 239 237 214
94 91 98 100 90 87 86 89 90 87 89 90 93 102 105 100 115 108 93 95 116 142 153 147 133 120 96 82 82 101 104 84 75 85 111 126 122 133 120 111 114 113 115 107 103 104 102 94 105 106 94 87 88 97 115 140 147 140 137 149 130 127 128 120 134 148 133 131 151 156 146 153 154 145 158 160 162 158 151 156 157 145 161 170 171 178 182 194 199 204 207 222 229 235 227 213
94 88 96 101 95 89 85 85 86 82 89 93 106 121 126 132 142 131 113 124 144 160 159 147 126 118 100 87 91 111 109 89 88 125 138 132 124 129 117 109 114 109 98 79 86 96 98 100 104 98 87 84 90 107 116 127 139 142 142 133 142 141 118 119 139 151 131 119 140 133 139 154 157 154 156 157 153 150 147 162 169 157 157 175 179 181 185 191 198 199 205 230 233 222 199 201
117 124 122 108 96 88 97 99 100 104 115 116 120 134 157 153 127 128 131 124 121 135 135 141 120 105 111 111 119 126 110 96 116 137 146 141 131 122 97 98 120 104 93 87 84 89 95 111 122 114 95 85 89 102 125 141 145 125 113 123 128 131 126 141 163 154 144 148 140 123 136 136 141 155 159 154 145 132 135 162 167 165 165 172 173 178 179 181 195 198 200 205 211 220 213 195
135 141 144 141 133 131 139 148 148 155 165 174 170 160 175 176 150 133 146 144 141 141 137 149 135 120 129 142 132 134 140 124 133 139 148 141 124 111 106 115 113 87 103 99 77 73 85 107 114 99 87 84 81 90 122 142 136 111 111 116 112 107 112 121 145 144 147 154 137 138 141 134 143 154 147 160 130 84 118 152 164 173 162 161 169 180 182 182 193 185 181 174 183 207 225 227
114 110 111 133 149 135 112 123 129 109 101 103 124 148 160 152 158 150 154 162 162 156 146 155 149 154 144 139 139 132 136 127 125 121 131 121 99 94 117 130 128 110 115 118 90 82 105 116 107 91 84 83 81 100 134 125 129 114 92 108 108 105 121 135 145 146 142 121 116 120 117 120 137 153 137 150 146 126 155 168 162 167 164 172 173 173 181 175 175 174 173 178 177 184 184 198
110 124 127 132 121 108 94 94 108 93 86 89 103 112 108 117 143 159 155 145 151 169 160 157 160 165 166 132 123 129 135 151 147 121 124 128 109 109 141 149 145 153 144 125 105 117 144 133 126 124 109 93 83 113 151 133 143 135 88 105 106 103 110 122 127 146 124 82 70 79 109 122 132 146 169 166 169 154 170 192 182 174 156 177 172 175 189 177 166 166 167 169 176 172 156 153
130 119 106 111 104 94 89 90 98 98 92 85 85 90 90 95 109 135 132 105 113 147 155 143 158 148 139 126 124 126 151 168 160 139 152 161 143 128 142 142 146 151 151 133 118 140 157 144 136 133 125 106 95 119 140 124 126 129 126 115 111 110 99 107 118 119 81 59 61 85 125 154 157 150 137 168 140 171 211 203 181 174 167 167 166 171 175 172 166 157 162 169 160 149 159 172
125 104 89 109 114 92 87 98 97 85 89 80 86 94 89 101 112 110 109 94 92 111 128 110 108 109 117 127 117 127 157 163 149 144 141 130 137 123 136 134 135 143 157 147 140 144 138 129 116 115 124 125 130 142 142 131 120 113 122 124 115 116 120 117 109 96 71 62 59 66 101 137 164 139 115 138 147 163 201 186 172 162 152 143 165 162 170 169 162 162 156 159 150 148 162 169
104 96 86 93 95 94 88 93 98 85 86 81 93 93 93 101 91 85 84 85 94 94 88 94 110 128 139 140 143 150 168 174 158 135 144 140 145 138 126 120 129 133 140 137 130 113 100 110 117 123 140 137 125 128 143 124 101 93 109 117 107 102 119 129 96 67 60 68 71 62 72 125 157 145 138 165 158 155 166 156 144 140 141 152 155 145 169 164 160 165 161 163 166 158 158 162
109 98 97 105 113 117 99 90 110 113 106 96 92 87 93 106 98 94 91 91 91 93 98 121 146 147 157 166 176 168 161 170 164 142 140 122 133 142 123 133 151 135 141 148 136 93 87 119 136 125 142 152 136 138 149 127 103 95 103 110 99 104 120 149 110 85 72 72 75 58 65 109 139 115 143 171 166 137 130 145 143 148 139 145 149 148 163 163 168 166 164 165 165 164 167 171
113 91 99 107 118 119 102 93 105 105 99 95 89 87 83 93 99 103 107 112 107 94 93 94 103 135 165 172 176 162 155 168 158 149 145 133 139 143 134 153 162 139 137 139 134 103 104 143 133 115 144 128 116 135 140 108 95 96 93 110 111 104 94 129 134 109 102 91 86 73 70 99 124 134 147 161 141 117 119 135 144 152 159 157 160 156 159 159 160 167 175 166 160 162 172 170
100 79 81 103 117 111 100 104 111 112 100 96 95 111 118 125 128 122 125 127 126 108 89 90 93 112 132 131 145 125 114 140 146 136 119 123 137 146 145 154 161 147 159 170 143 124 130 130 112 103 130 125 122 136 135 113 94 95 92 107 104 97 94 111 147 155 111 85 109 124 82 115 150 154 141 123 109 116 137 129 134 156 142 135 151 153 151 158 158 161 174 166 163 152 162 165
123 126 87 79 101 111 106 109 109 108 120 126 131 129 122 112 112 102 97 104 107 108 104 100 91 92 117 118 106 111 110 108 110 105 98 95 98 99 108 129 146 139 133 141 137 137 124 100 111 102 111 119 129 128 124 120 100 101 100 91 100 92 84 91 105 115 122 108 110 135 109 92 128 131 116 106 88 83 78 91 116 121 113 110 131 137 144 157 157 161 160 165 164 144 149 156
116 124 101 89 108 124 113 116 120 114 123 122 101 93 98 103 106 105 99 104 114 120 131 115 97 82 90 99 98 105 106 102 101 99 91 96 107 103 87 97 137 145 125 129 127 144 167 140 118 124 125 117 114 118 122 111 108 97 90 68 73 79 76 83 88 87 104 134 122 125 141 95 95 95 77 74 67 61 60 73 105 117 133 137 149 145 141 144 152 160 160 160 158 150 154 157
114 120 119 116 122 122 116 119 120 112 118 126 115 100 99 103 100 99 105 99 96 99 105 101 97 86 82 82 82 89 95 96 89 90 86 89 98 104 90 89 108 120 136 137 138 134 139 148 136 131 136 115 119 132 130 118 117 125 141 117 85 87 94 97 81 83 90 105 121 128 142 123 103 99 98 96 88 67 61 65 88 119 145 147 141 144 139 142 145 155 155 159 160 155 159 162
113 102 107 107 112 107 112 108 107 112 118 126 119 114 105 100 94 79 76 77 75 83 102 108 94 85 99 96 76 81 88 89 91 84 96 100 94 94 91 92 90 93 113 120 114 128 142 148 154 132 128 114 107 123 131 134 127 138 141 129 108 97 97 97 87 82 92 108 113 115 135 146 127 127 146 144 147 92 62 65 67 87 115 132 133 134 132 138 144 152 155 162 160 159 166 162
100 85 91 112 109 103 102 90 121 136 134 138 136 129 110 94 92 84 81 92 83 90 113 108 89 79 85 90 75 74 85 82 94 100 96 93 85 83 91 95 94 108 141 158 151 137 129 135 155 149 142 143 135 144 144 145 140 142 143 141 115 84 103 110 100 98 120 124 112 103 121 129 127 130 141 137 138 138 88 75 68 81 94 108 123 125 129 136 150 160 160 166 163 162 170 171
81 84 89 110 102 103 98 95 105 117 120 120 124 128 107 95 92 85 83 92 105 100 109 105 91 87 82 79 77 75 82 86 105 111 103 110 113 109 102 98 101 107 121 130 118 112 114 137 152 156 149 150 151 144 150 152 151 156 155 153 141 119 135 132 123 125 125 109 103 104 98 118 139 147 142 133 135 145 126 84 85 108 104 101 122 134 138 146 141 149 158 171 171 166 168 170
87 80 81 100 94 98 97 98 88 90 106 121 120 106 89 83 81 76 78 82 95 104 108 98 83 98 101 88 71 78 92 100 106 116 122 126 135 138 122 114 107 103 109 125 123 111 120 140 144 138 137 145 158 137 132 133 130 143 152 144 144 130 144 143 140 155 130 98 80 91 94 103 133 142 144 141 137 139 136 132 132 134 118 102 109 127 142 142 142 153 159 165 163 161 167 171
89 81 87 104 103 105 109 105 105 105 91 96 109 96 77 79 84 82 75 72 83 92 85 84 82 92 95 86 82 90 108 105 107 112 126 128 121 123 126 130 126 119 114 118 116 98 94 116 139 146 149 147 157 155 134 134 146 157 149 118 117 125 139 142 138 140 103 117 125 123 117 136 147 151 138 137 132 130 127 144 153 134 122 111 108 128 139 131 154 162 169 161 161 170 176 173
97 101 106 111 103 101 119 119 112 102 85 80 97 100 78 81 94 95 85 81 73 73 72 82 87 90 96 94 95 114 122 112 127 134 134 136 140 130 136 140 129 131 127 122 113 98 90 108 131 152 165 140 149 177 171 152 147 136 116 101 113 122 136 151 150 166 153 141 132 130 128 146 151 158 151 152 163 144 140 146 146 134 114 114 124 126 124 128 160 165 160 161 161 174 177 171
86 95 98 104 114 110 111 108 97 96 107 98 94 106 88 79 88 85 81 86 77 79 84 84 84 92 100 110 120 129 138 133 128 141 157 134 127 137 134 134 129 127 131 138 129 104 111 122 127 140 152 165 160 167 167 133 115 119 125 139 148 140 148 157 149 165 176 144 118 125 142 148 148 153 154 152 159 151 145 154 142 123 125 149 165 152 140 149 142 147 138 158 161 165 171 171
80 79 83 79 88 87 85 91 88 89 101 94 75 87 104 93 88 83 86 91 85 92 97 90 86 93 116 123 130 123 128 130 138 136 137 138 117 140 149 138 131 122 122 125 126 114 123 129 135 161 168 173 161 147 123 93 79 119 139 146 160 161 161 155 148 147 157 138 122 137 151 151 148 150 159 152 144 163 163 160 169 171 157 160 163 151 138 134 115 121 128 159 166 172 171 164
68 70 79 69 63 66 69 77 88 97 90 84 90 99 109 102 94 91 93 107 97 100 99 89 104 119 129 131 132 131 131 138 149 137 136 156 136 122 132 136 132 118 104 114 120 130 135 141 156 178 179 166 136 125 113 89 75 109 154 147 150 145 135 151 138 136 153 152 129 142 131 125 155 159 173 169 171 175 168 163 156 147 144 148 156 133 92 97 111 116 130 161 175 169 171 173
66 84 103 85 66 65 69 72 78 96 96 83 90 92 95 93 86 101 122 114 101 111 103 89 114 126 112 117 125 131 142 150 147 144 148 144 137 138 131 125 117 104 97 112 126 140 135 134 158 164 170 167 128 108 95 82 79 104 145 156 153 144 131 160 174 155 149 154 138 111 107 114 135 160 166 168 176 180 174 163 163 161 156 158 152 110 76 81 107 113 124 149 169 162 146 156
70 75 95 85 75 64 63 68 72 96 103 84 80 82 79 79 78 88 101 116 121 127 108 92 99 105 110 121 137 144 143 141 139 137 145 139 133 138 129 120 114 97 94 104 101 103 117 132 161 145 130 127 120 102 88 86 91 136 159 162 169 158 155 152 158 160 151 136 139 132 130 123 124 117 131 160 164 170 164 166 158 150 165 173 167 155 111 84 89 93 113 141 164 175 178 182
72 73 78 79 75 71 71 74 74 81 85 82 85 78 81 84 76 75 77 92 112 123 108 99 106 111 118 119 123 137 145 148 139 133 141 140 133 137 135 132 115 98 84 86 104 105 97 111 140 134 103 93 115 124 97 84 83 119 157 158 167 175 165 153 139 142 152 135 136 149 154 118 120 149 162 164 153 155 154 166 161 140 146 164 159 163 162 137 150 120 128 154 136 143 144 153
