examples/data/proba_v_italy_sicily/probav_s10_toc_x19y03_20141201_333m_ndvi_v001.txt
ncols         1127
nrows         589
xllcorner     12.348214285714
yllcorner     36.598214285714
cellsize      0.0029761904761905
NODATA_value  -9999
[rows 306 to 356 of 589, columns 768 to 863 of 1127]
90 76 88 79 78 77 91 88 89 88 75 65 71 65 61 64 64 69 73 57 57 63 65 70 72 86 108 115 149 161 147 108 146 130 109 106 118 143 109 120 181 182 168 197 216 220 209 209 201 199 188 127 127 197 218 202 172 139 154 208 216 179 163 170 175 191 185 129 105 99 89 102 146 217 230 211 207 212 191 182 181 193 192 210 219 185 176 186 174 151 140 173 176 171 155 106
80 67 74 73 73 69 72 80 69 65 70 70 72 68 66 63 70 92 120 76 67 79 85 82 95 136 99 107 148 146 163 127 154 169 131 88 121 142 178 154 181 192 206 217 210 217 212 208 181 175 207 200 168 142 147 177 197 198 219 224 196 171 163 129 151 185 186 132 111 109 102 87 117 174 206 219 222 227 224 240 228 171 172 176 186 197 201 177 112 141 184 174 166 128 97 132
68 70 83 78 70 69 64 68 101 132 115 72 85 114 96 85 90 119 158 156 134 111 89 93 101 180 151 127 162 115 109 162 197 212 203 208 196 165 193 153 158 200 194 199 179 194 207 196 167 144 194 192 148 107 95 143 201 218 229 226 213 195 136 88 134 134 169 163 165 154 127 117 126 138 161 177 168 216 222 197 138 117 222 232 211 215 199 172 194 189 173 134 125 136 108 194
56 78 83 84 49 50 56 80 155 166 127 108 108 141 139 106 76 100 162 195 156 113 91 85 107 195 190 168 186 193 126 157 153 148 175 193 197 198 207 151 155 202 190 204 188 154 155 185 180 176 190 145 105 92 92 111 184 210 229 233 224 211 149 110 188 187 185 169 129 115 110 150 173 164 153 149 114 169 210 208 187 156 167 217 198 176 144 141 187 193 175 148 154 163 152 185
123 113 129 163 108 93 108 100 99 100 113 156 143 101 128 134 118 145 152 169 146 117 115 115 127 190 197 198 210 204 171 152 133 93 93 116 120 140 191 167 121 158 180 200 203 176 165 170 175 174 136 94 95 85 96 101 152 179 195 223 223 224 196 146 207 206 161 145 149 130 97 147 185 176 167 128 92 106 144 200 220 207 128 185 191 181 162 145 135 104 80 129 193 210 181 141
139 170 92 129 166 134 81 79 110 97 156 175 98 122 154 162 145 161 163 181 177 177 187 168 147 163 188 195 198 189 200 160 151 141 146 108 76 111 150 161 141 138 139 108 146 159 136 140 117 139 143 84 75 88 98 107 101 97 87 158 211 212 202 173 212 214 190 153 178 201 196 183 152 102 156 140 125 154 151 191 211 215 211 208 183 186 188 189 148 134 156 172 155 142 145 166
110 129 84 209 107 146 122 127 169 164 170 167 87 71 101 157 167 176 188 181 169 175 172 174 192 190 194 224 237 227 216 188 150 171 182 192 194 196 189 198 191 134 99 122 146 134 91 125 190 180 126 169 159 143 137 149 147 114 99 137 206 179 108 153 210 208 212 201 182 190 208 201 178 191 210 200 155 105 117 200 218 224 229 203 159 192 195 198 181 188 179 185 156 94 134 200
191 136 117 95 110 153 187 203 183 137 108 93 99 92 88 173 216 207 197 173 149 176 191 173 172 130 113 142 199 222 229 217 177 182 224 230 231 188 164 186 185 161 127 99 91 76 76 96 129 125 130 187 190 172 176 206 196 136 119 142 214 197 118 144 179 194 208 175 136 198 217 207 210 205 186 196 210 202 208 239 219 178 165 120 125 188 186 193 196 168 179 144 143 138 163 206
162 122 193 199 186 236 223 217 188 156 112 122 129 123 96 106 177 204 206 220 220 215 230 230 220 182 166 166 171 191 210 210 210 219 233 220 205 112 220 222 123 128 130 141 137 140 123 103 113 129 144 173 193 214 219 233 234 209 179 190 239 230 219 188 98 154 199 166 119 203 217 223 229 201 159 153 192 226 228 236 204 97 112 158 121 166 215 226 231 199 121 114 145 210 210 166
113 150 201 108 225 216 206 187 158 116 111 130 116 144 169 153 176 198 193 213 236 227 225 217 202 223 229 235 236 217 193 223 235 234 238 242 192 115 219 203 200 134 182 183 171 176 186 162 167 164 118 172 210 214 217 218 224 234 229 222 232 229 209 157 103 169 196 156 89 142 187 231 224 189 164 161 206 229 218 224 222 218 225 234 197 187 219 200 208 215 184 153 176 191 132 90
116 140 149 70 168 191 199 176 160 123 106 104 129 175 191 186 179 167 187 204 229 215 191 181 143 164 216 249 249 219 228 214 218 217 207 235 184 146 131 162 169 174 157 142 161 195 201 193 211 204 162 192 216 210 235 238 209 180 175 210 219 179 86 90 142 201 211 163 136 201 226 239 219 192 209 227 215 218 227 227 229 224 226 234 219 209 210 206 201 188 178 160 125 118 73 74
99 115 67 87 113 157 171 171 157 117 114 110 102 169 178 175 190 197 219 233 217 189 174 160 125 167 231 250 243 204 168 113 175 164 145 153 86 205 232 213 198 155 86 122 156 194 196 199 214 216 202 205 221 194 196 203 147 108 212 236 240 233 176 156 218 230 219 174 172 213 221 216 221 219 209 209 196 190 200 204 231 223 211 214 206 188 145 113 110 95 83 97 74 53 49 54
130 155 186 156 131 175 158 143 130 138 109 130 128 155 161 159 164 192 211 228 210 194 201 187 189 190 224 230 198 140 114 118 141 124 193 208 87 181 218 226 224 148 153 160 189 195 202 198 201 214 204 203 216 212 164 132 137 188 235 243 239 204 159 187 222 229 218 200 201 216 196 201 222 229 218 209 158 118 122 128 141 146 150 156 147 160 179 164 151 128 132 165 166 150 153 140
137 177 207 173 121 137 135 111 149 188 117 128 133 134 121 117 136 125 130 201 250 203 140 140 171 197 212 227 201 139 112 165 148 135 142 179 177 190 195 202 204 223 207 201 218 217 226 217 212 224 211 205 210 232 228 223 202 194 196 202 232 213 197 220 227 221 195 201 209 207 203 197 161 134 202 228 164 152 137 97 86 121 171 160 135 171 209 192 204 210 202 182 191 205 205 195
66 75 89 143 133 144 90 76 84 118 138 132 111 132 138 128 135 93 79 128 231 162 114 113 131 150 161 171 144 133 144 154 91 122 132 90 161 195 185 212 212 212 221 227 234 231 226 216 219 236 219 185 166 207 221 216 210 231 232 209 193 212 199 219 239 235 201 192 210 218 217 201 145 142 214 204 149 144 116 111 97 91 112 126 118 115 123 123 162 202 195 157 156 185 201 209
127 132 68 133 145 68 56 126 136 139 117 132 123 125 126 110 144 128 112 140 204 201 177 170 159 156 149 126 137 132 125 132 69 135 139 148 214 105 147 130 147 199 218 222 236 237 207 176 196 229 214 163 155 207 235 246 244 244 244 250 234 237 246 235 220 212 199 155 193 207 154 196 198 173 181 174 120 114 115 180 175 98 111 133 136 151 163 165 191 196 186 148 160 176 206 208
58 122 140 137 121 56 142 138 64 95 148 131 113 91 91 120 136 168 181 138 137 161 151 139 134 155 127 107 141 139 107 88 101 81 202 187 205 208 132 171 174 193 203 222 241 242 215 191 212 201 172 140 129 173 225 236 247 250 246 250 241 228 237 235 232 210 195 140 103 141 119 142 180 179 168 168 142 133 151 163 169 161 154 147 134 109 158 187 216 208 233 226 181 195 217 215
104 97 111 110 94 104 73 83 112 121 119 127 135 132 110 144 159 148 124 115 110 130 136 150 157 147 133 113 96 118 143 128 73 219 229 241 200 142 118 229 212 225 225 225 235 241 229 218 236 229 220 223 204 222 232 231 221 230 232 219 194 188 215 235 239 207 124 118 91 88 106 103 119 139 172 161 121 155 180 149 146 193 195 141 109 116 158 188 192 208 218 221 175 178 200 214
37 36 68 65 64 69 66 151 72 96 99 122 142 128 117 140 153 142 123 105 76 93 154 159 135 150 139 119 99 124 159 155 172 120 232 250 245 226 117 217 222 230 231 226 249 250 247 237 242 246 230 243 230 239 233 215 220 221 202 187 200 204 211 226 181 162 107 165 130 91 94 89 88 117 149 137 111 159 156 121 162 190 186 162 156 145 122 171 200 202 207 222 206 171 129 177
54 80 43 114 112 117 133 137 137 94 131 147 136 120 114 163 161 145 128 96 71 92 145 151 138 135 141 128 114 119 101 100 91 128 132 240 231 240 130 209 234 223 213 210 218 249 250 250 241 247 232 201 219 237 247 239 236 234 235 221 205 210 214 218 173 162 135 184 130 94 102 99 94 132 130 123 133 133 141 116 123 137 107 90 80 75 108 200 233 220 209 215 225 224 226 228
62 115 121 131 149 139 139 141 128 83 115 123 140 137 123 166 154 141 143 140 133 127 122 129 128 147 161 151 131 108 104 117 103 240 243 231 234 245 126 195 231 235 234 229 211 226 246 227 200 245 242 190 204 232 249 232 179 205 228 211 186 192 197 202 192 209 171 175 131 100 115 144 144 146 161 155 142 123 130 116 91 81 75 69 68 73 90 151 197 199 170 160 221 245 237 221
60 101 117 138 150 155 151 141 129 82 107 137 145 109 149 154 150 132 127 147 145 152 149 169 156 133 135 144 129 104 139 198 225 232 232 199 230 240 140 205 244 246 250 250 250 250 241 232 208 214 205 205 209 217 228 243 214 197 204 169 173 203 196 205 219 237 198 142 148 116 176 227 225 179 176 184 145 135 108 84 76 75 73 71 74 78 83 83 165 192 168 113 181 220 232 224
113 71 76 139 144 128 107 75 100 94 101 141 139 99 158 150 147 136 120 130 82 159 125 125 108 132 120 119 112 95 179 208 230 229 234 127 144 160 132 165 241 233 250 250 250 250 212 225 219 193 124 154 175 205 236 221 204 207 206 186 194 208 217 240 250 249 201 210 176 111 187 218 219 198 178 166 167 210 211 177 127 94 90 77 76 76 77 77 122 181 155 94 128 180 193 189
126 153 133 114 78 88 88 91 100 96 96 123 142 130 140 136 104 76 67 61 48 150 153 155 84 84 86 88 92 119 154 227 233 212 247 171 155 242 238 163 241 240 250 250 250 250 226 227 217 174 153 172 197 193 208 194 186 223 241 223 220 232 222 236 232 203 165 175 194 205 221 219 191 162 157 161 200 221 220 221 200 125 98 87 75 77 87 82 72 152 170 141 158 142 137 184
120 141 127 94 68 74 70 86 110 98 85 80 77 104 103 120 67 154 153 124 135 150 161 155 139 79 86 163 170 167 118 142 163 156 181 170 239 236 226 170 186 196 217 243 250 233 231 250 250 244 213 190 215 220 234 246 250 235 236 237 210 212 235 249 241 197 148 154 195 199 200 199 181 135 142 158 185 220 224 221 208 188 147 111 108 118 130 143 101 143 197 195 180 133 144 190
153 141 159 165 126 65 121 78 122 131 143 148 148 136 121 110 54 137 131 136 143 138 149 137 138 165 177 165 151 141 179 202 205 196 196 158 113 212 152 195 182 179 228 250 250 234 229 238 226 250 248 233 246 250 250 248 249 241 238 250 249 230 212 227 229 179 122 118 98 141 185 171 160 154 183 186 201 220 216 204 177 136 151 183 199 168 136 127 108 146 193 181 123 113 197 227
109 109 176 195 148 105 103 89 119 137 105 108 139 136 126 110 95 133 123 145 144 110 106 119 147 172 190 209 177 197 224 222 208 192 200 170 132 129 159 202 235 234 238 250 250 196 192 204 176 190 227 248 250 250 250 250 245 238 237 240 240 197 162 192 200 206 166 126 100 108 156 169 198 208 220 216 216 222 171 96 144 123 110 144 190 190 160 127 99 86 111 141 125 158 218 225
46 140 135 149 156 140 118 121 139 149 127 132 166 158 149 130 88 129 122 137 123 109 109 113 138 184 199 209 128 180 215 204 216 212 198 170 148 150 161 154 211 245 230 214 171 148 177 153 127 141 189 222 237 244 250 246 222 222 235 232 228 181 170 184 194 200 148 100 95 113 181 213 224 210 212 216 210 205 154 149 165 181 191 159 173 191 179 192 175 136 140 146 148 136 172 191
61 89 197 169 109 87 75 119 126 117 151 184 181 192 183 88 133 124 128 181 187 147 115 125 193 221 222 226 143 197 206 194 212 223 206 178 153 148 171 190 207 205 207 215 183 144 141 137 169 184 193 189 219 241 227 189 213 236 243 244 234 199 177 195 200 188 148 112 114 164 203 227 231 223 204 203 191 186 184 132 99 132 172 170 186 211 208 184 151 140 135 132 144 149 141 138
119 74 86 79 74 85 111 152 156 131 150 178 176 174 183 91 177 165 153 186 216 212 169 157 221 224 239 160 190 217 217 215 210 214 195 205 207 184 198 232 226 193 192 222 211 195 160 156 200 181 149 143 162 207 216 216 220 236 245 239 223 214 210 234 214 226 207 173 151 170 228 236 229 215 195 176 147 141 160 136 150 183 197 198 210 209 183 164 170 171 156 129 151 205 207 148
82 87 111 102 53 69 108 135 147 147 172 177 161 145 97 72 200 175 147 205 230 217 207 182 198 218 232 221 196 188 190 182 195 209 183 180 212 210 217 215 194 177 206 217 232 235 206 168 168 153 175 206 200 230 220 226 240 244 241 236 235 232 239 227 224 221 237 224 229 236 242 239 228 213 184 180 151 136 184 197 183 171 186 200 180 164 181 209 219 192 179 171 170 210 207 183
74 101 153 135 104 116 133 121 107 137 161 84 74 69 69 124 179 212 202 216 217 225 232 227 220 226 98 121 147 154 186 158 156 187 210 202 200 197 209 202 171 200 239 225 223 250 250 234 211 177 177 212 202 235 241 225 250 249 234 221 236 244 239 235 249 243 247 245 231 235 228 221 216 188 175 187 184 192 194 153 119 155 173 171 172 194 207 228 224 180 160 186 207 222 220 225
89 90 107 97 96 100 52 103 115 143 131 74 118 140 121 133 130 153 169 186 183 190 212 225 148 133 114 126 160 158 152 158 146 172 195 209 219 216 210 191 178 204 223 227 215 230 246 250 244 232 226 249 249 246 238 228 248 233 219 235 240 250 250 250 243 241 247 227 220 233 242 231 220 214 197 170 183 195 162 167 96 174 108 128 139 148 154 194 205 212 222 224 218 209 218 226
85 77 89 91 96 112 119 128 115 121 99 68 130 149 139 142 149 102 128 191 177 111 162 222 190 172 179 192 195 199 187 198 202 175 173 190 191 219 245 229 214 214 233 231 237 232 214 218 234 243 246 250 250 250 237 246 250 237 218 238 240 241 247 237 250 246 238 213 244 239 223 220 217 216 200 184 167 168 169 170 147 123 118 123 132 157 162 197 228 240 244 210 205 205 205 224
91 55 93 95 111 129 112 103 97 101 107 106 126 145 146 148 136 119 143 178 102 123 140 176 211 216 206 195 157 157 172 209 237 207 170 154 178 211 229 228 238 235 215 209 209 211 205 220 241 243 244 250 250 243 238 241 247 250 249 240 229 242 240 242 229 224 215 198 228 218 203 208 232 230 216 191 177 158 185 200 190 174 177 209 216 217 212 217 238 242 228 199 206 223 222 237
59 114 111 132 148 124 120 66 86 115 116 135 152 142 156 137 99 128 160 202 108 120 123 158 165 133 133 144 128 164 184 180 248 250 219 155 136 146 164 196 240 220 222 215 194 201 207 219 226 215 228 239 215 213 236 234 242 246 228 214 221 228 226 230 228 225 208 209 245 239 229 223 240 221 122 116 113 113 214 242 247 247 229 239 250 250 243 238 243 242 225 212 223 234 237 237
114 117 120 144 116 84 64 68 128 130 123 145 131 135 137 125 123 191 208 181 157 78 116 177 157 143 148 127 123 184 196 175 223 248 230 210 129 113 140 161 192 226 232 250 220 209 244 241 230 199 209 223 233 223 210 226 218 199 225 226 219 219 224 214 209 203 190 193 183 226 231 245 233 192 107 97 190 190 198 242 237 214 207 219 213 216 238 239 245 239 240 219 216 225 232 222
84 87 86 68 68 92 80 98 121 132 129 137 54 63 124 120 127 205 194 66 105 150 169 202 218 220 138 193 93 153 175 166 183 221 245 208 140 108 89 117 162 212 159 206 218 205 237 239 229 198 194 202 211 207 191 220 198 161 188 206 190 206 217 225 216 196 202 138 162 224 218 222 217 213 99 90 94 95 103 222 225 216 200 195 160 167 222 221 221 216 237 248 232 231 230 186
52 84 80 102 119 109 78 97 118 138 91 132 111 137 94 83 72 66 72 103 117 83 177 216 211 174 175 150 133 169 167 136 143 221 245 193 111 88 86 136 214 204 152 133 146 200 237 246 239 206 199 195 202 198 175 195 149 124 196 250 229 211 212 220 112 217 223 144 237 230 217 206 195 197 207 109 116 124 148 227 223 221 203 199 190 191 213 223 232 236 238 242 235 222 201 136
60 91 99 114 108 108 92 107 140 141 151 106 78 59 57 68 117 116 115 80 98 71 204 178 192 168 112 132 155 187 214 205 201 215 216 202 129 96 98 153 176 166 188 159 206 213 222 250 241 200 184 170 173 187 161 199 150 134 168 230 250 250 213 121 250 229 222 240 250 214 192 178 179 205 209 204 197 210 239 227 223 227 199 192 180 183 207 217 216 204 201 218 224 226 195 107
91 124 123 101 97 98 90 91 146 165 109 90 133 120 124 154 68 82 80 107 153 226 220 183 173 169 167 171 164 172 194 206 207 203 205 227 162 145 155 178 167 135 180 195 190 185 187 194 186 173 164 154 149 141 138 169 180 152 136 154 193 225 178 127 107 216 111 205 199 159 178 172 182 178 180 170 166 184 214 203 207 182 149 164 190 193 211 223 194 176 219 226 187 157 176 156
75 163 141 62 93 103 129 99 135 106 89 164 151 137 158 189 215 226 74 76 79 198 199 193 149 148 183 167 155 169 188 184 184 185 193 216 161 170 213 217 182 174 187 197 186 187 185 192 196 188 191 173 153 155 146 168 164 146 159 167 177 201 156 138 137 222 207 118 190 185 179 176 198 184 143 124 182 186 195 179 205 175 152 178 204 206 193 206 171 179 223 232 195 146 188 209
91 150 155 155 146 158 162 159 192 102 231 176 173 226 208 216 240 241 232 205 63 72 82 85 92 190 210 171 187 198 207 203 190 176 192 128 189 119 183 250 227 195 192 188 175 175 198 208 205 183 177 151 196 108 173 175 161 168 209 250 231 156 144 244 225 200 119 162 222 220 195 198 206 195 167 144 121 155 174 176 187 212 214 208 208 215 210 230 241 224 220 219 225 225 197 203
107 72 101 131 132 180 180 196 183 84 211 105 94 234 206 216 239 226 73 79 223 74 82 237 76 206 201 202 213 211 210 198 111 116 135 199 230 159 181 250 250 192 184 173 167 183 204 196 193 180 150 128 138 97 114 127 146 145 177 230 234 152 188 194 188 208 210 189 194 221 199 207 228 212 188 192 194 154 166 195 176 205 186 199 220 231 234 238 248 235 214 232 238 237 205 188
75 62 71 69 118 217 224 222 149 94 182 85 82 245 234 215 227 240 220 226 238 229 228 232 108 129 122 138 162 151 163 139 164 178 183 227 250 250 250 239 216 209 207 193 187 188 200 197 197 193 181 233 120 192 113 124 150 177 198 196 205 250 186 242 242 221 214 221 219 205 204 229 226 202 210 215 199 186 171 190 175 191 199 229 227 198 206 219 241 247 242 242 237 223 197 184
56 118 61 121 129 160 222 220 145 247 177 70 180 249 241 216 200 212 222 223 225 234 223 214 217 69 114 195 168 158 217 106 177 187 198 197 235 239 240 220 203 176 184 98 159 199 206 206 193 191 177 210 129 117 131 164 188 205 179 164 161 158 250 250 236 200 195 209 177 166 166 173 173 186 218 228 220 221 202 190 215 209 210 228 232 203 182 174 200 204 194 208 223 216 186 189
60 127 114 110 148 155 145 142 140 231 183 182 93 84 250 250 245 231 231 233 222 221 222 212 205 202 213 219 176 111 178 165 174 190 218 241 240 203 214 222 214 175 181 189 158 210 213 221 191 167 174 159 112 101 141 208 217 206 197 203 216 245 226 242 213 160 184 237 179 147 142 153 179 205 203 187 184 196 212 231 237 214 211 226 225 215 173 158 156 152 183 220 226 227 204 197
107 123 82 103 132 162 138 127 186 218 182 187 247 237 100 202 238 248 242 239 242 243 243 236 204 76 131 178 175 121 177 171 167 140 126 188 230 196 204 216 209 184 193 193 205 210 216 195 180 185 203 162 117 125 157 192 209 209 211 225 233 242 220 190 183 157 157 175 137 109 142 200 201 191 185 150 160 198 226 230 220 209 229 234 213 202 207 215 199 173 170 192 195 195 181 195
145 106 52 142 169 170 129 229 237 199 188 167 161 143 124 92 103 105 232 238 239 242 243 235 238 225 108 150 130 126 112 121 158 149 132 174 210 219 217 221 231 250 250 212 196 195 200 189 201 186 196 189 153 155 159 186 201 201 206 222 216 204 167 190 177 166 163 154 130 98 93 132 170 170 198 209 214 207 208 200 177 195 219 202 209 214 205 192 171 199 189 160 184 193 198 207
104 112 79 167 184 202 151 140 175 160 118 70 189 189 84 229 99 221 221 233 237 236 117 100 234 244 92 111 145 143 119 119 153 132 123 152 187 214 214 217 225 208 202 206 208 210 203 186 184 192 187 189 175 164 170 191 212 217 228 250 243 200 133 203 166 182 161 137 129 100 88 81 90 150 197 190 187 172 189 205 191 189 209 212 228 209 162 188 220 218 219 226 227 235 242 218
49 81 67 186 210 227 190 152 174 190 182 178 203 198 76 230 240 235 227 224 235 237 111 237 240 240 222 143 153 134 138 151 143 151 174 208 212 209 213 199 186 173 174 192 218 220 214 200 189 202 204 195 180 174 171 178 198 233 243 242 226 216 172 206 146 156 166 145 112 105 121 124 116 126 121 125 164 172 194 205 188 169 186 184 200 224 219 230 246 242 236 231 235 232 233 232
