examples/data/proba_v_italy_sicily/probav_s10_toc_x19y03_20140911_333m_ndvi_v001.txt
ncols         1127
nrows         589
xllcorner     12.348214285714
yllcorner     36.598214285714
cellsize      0.0029761904761905
NODATA_value  -9999
[rows 106 to 158 of 589, columns 672 to 767 of 1127]
20 20 20 20 11 11 11 11 16 20 38 39 42 45 48 49 52 57 57 36 40 44 71 93 123 127 112 121 131 153 159 132 93 64 58 57 58 58 57 62 67 66 67 68 81 108 126 134 130 134 139 153 167 183 197 189 197 184 187 191 190 168 189 195 173 166 162 149 157 190 188 162 158 154 136 145 164 174 157 126 104 110 108 122 156 184 181 164 163 179 187 192 189 178 161 167
25 16 16 25 16 16 16 20 38 39 41 45 47 50 53 55 59 62 67 37 45 81 108 143 138 138 125 116 130 143 161 158 146 132 123 118 113 109 109 108 105 111 110 108 114 123 121 117 131 166 181 193 183 171 168 151 174 180 166 177 197 214 223 217 191 155 143 148 150 178 181 169 166 154 147 145 148 162 171 151 140 151 142 121 144 177 192 180 172 173 154 163 177 183 181 178
25 25 16 36 37 36 40 40 42 46 45 48 51 55 57 61 64 67 66 78 95 118 138 147 153 152 152 131 138 144 142 155 167 168 185 187 169 151 146 143 133 126 117 113 117 120 120 125 126 127 138 184 205 195 195 176 184 209 205 199 197 209 223 237 214 173 164 161 148 146 160 182 169 140 145 160 167 174 184 177 162 168 152 131 151 167 178 181 172 183 195 190 178 177 165 162
35 38 38 39 40 42 44 45 47 52 50 50 55 57 58 61 63 67 85 111 125 123 135 150 163 162 155 145 132 136 130 132 146 169 186 198 177 150 146 144 138 120 116 120 115 112 113 126 136 132 174 207 222 221 189 202 205 201 191 188 196 226 229 228 230 225 221 211 187 165 158 169 178 163 170 181 160 158 157 144 135 128 140 129 131 139 149 172 168 165 167 183 183 162 158 159
43 42 44 47 48 49 50 50 51 55 54 56 57 64 79 87 95 106 122 133 147 149 135 141 167 179 168 151 138 154 160 107 132 167 159 164 182 167 149 143 155 152 140 133 117 113 115 103 111 121 151 208 200 203 191 182 203 183 172 203 204 204 221 216 223 228 209 216 198 166 151 182 186 179 182 185 151 135 154 165 149 141 137 113 134 166 171 175 168 165 172 172 169 152 153 164
51 46 50 55 53 53 54 57 57 57 56 65 87 108 130 144 145 139 145 137 141 141 134 131 152 182 184 150 123 138 152 125 121 132 127 135 153 158 152 152 171 166 159 156 148 151 145 117 107 117 148 207 222 215 216 211 211 200 173 205 202 193 218 226 226 215 208 196 180 146 137 183 184 169 183 193 178 175 165 173 160 155 151 143 125 128 135 157 165 168 167 172 181 155 175 172
94 90 74 51 56 57 59 67 74 78 84 108 125 132 129 121 124 135 150 157 144 149 166 178 170 176 189 179 155 139 143 147 137 131 122 129 146 157 149 142 151 153 145 148 145 145 140 128 131 159 183 202 222 235 232 218 213 192 196 219 225 200 223 242 240 221 205 182 165 165 161 178 183 169 180 186 183 188 165 156 144 141 146 129 106 123 130 154 181 174 182 187 174 161 184 180
77 76 97 108 122 112 105 120 133 133 125 125 128 131 130 149 147 153 173 173 164 185 180 187 199 192 186 182 172 156 157 165 165 152 157 164 163 157 138 143 161 168 168 175 169 159 162 167 178 196 217 227 228 231 223 213 213 205 215 233 239 237 230 233 234 221 213 193 181 191 189 179 153 159 163 170 170 169 174 173 165 150 134 86 89 124 140 152 173 172 180 183 181 187 192 176
86 80 111 140 131 126 132 147 141 135 148 154 140 146 134 145 158 159 185 197 187 158 190 205 216 220 194 180 178 168 182 193 188 173 157 164 161 148 151 181 213 201 176 176 176 163 166 178 201 214 217 221 225 235 221 205 215 208 223 237 239 240 230 211 219 211 193 181 208 217 203 192 179 167 162 174 177 187 184 168 166 165 154 92 88 122 150 145 157 154 156 169 192 178 178 182
107 108 142 138 125 135 163 164 153 144 152 164 157 149 155 160 164 154 172 194 209 182 173 213 226 215 193 176 199 206 184 187 183 164 161 158 150 151 171 182 187 170 177 171 152 142 187 211 195 187 209 230 234 236 228 221 232 214 226 241 240 239 230 216 222 221 201 180 201 209 193 181 163 151 155 160 180 194 182 185 172 150 149 135 101 110 148 174 178 163 155 167 178 182 185 175
121 122 143 151 147 152 162 151 155 173 177 179 166 158 171 172 168 154 166 201 219 229 226 234 235 235 234 227 197 185 176 171 179 148 147 161 134 151 177 174 165 162 180 195 166 143 163 179 178 198 222 224 230 230 229 226 222 230 243 247 246 239 215 225 234 223 222 208 206 203 219 188 155 142 147 148 171 187 176 170 164 166 186 187 133 129 147 171 179 158 144 155 169 173 169 166
122 129 149 156 157 167 176 160 160 193 198 191 176 176 181 182 177 154 158 190 224 231 235 240 243 243 239 225 206 192 182 181 176 161 155 164 160 160 156 151 171 174 182 184 173 174 169 171 190 202 223 236 229 224 230 232 231 232 240 246 248 249 247 241 228 205 190 205 206 198 222 205 187 157 146 157 162 170 177 175 175 179 171 170 143 144 167 160 163 164 157 153 154 165 169 172
117 134 148 147 150 157 163 173 168 178 192 193 171 164 175 188 197 189 177 184 204 220 236 245 248 241 239 240 232 224 215 193 174 196 190 167 161 179 179 172 175 160 160 170 187 193 178 173 188 191 198 205 192 194 217 230 235 234 227 235 240 242 242 223 212 208 197 183 181 191 192 189 194 172 170 189 160 143 162 174 187 182 173 177 162 147 137 144 162 190 204 206 193 179 165 158
126 139 147 149 151 155 156 175 200 195 181 181 192 198 199 202 201 186 190 191 213 234 238 240 242 237 231 241 233 229 225 206 177 176 173 171 160 167 204 204 185 137 175 215 205 184 171 172 181 214 219 185 180 208 228 231 227 230 221 215 215 215 213 205 199 205 200 188 171 188 194 193 205 197 206 222 197 157 154 154 160 157 167 170 174 178 152 139 138 146 193 220 210 179 156 160
147 149 147 145 155 165 159 157 185 220 204 205 208 203 195 189 192 205 217 211 217 235 243 243 245 240 238 242 237 235 228 210 200 182 177 164 142 159 189 212 216 174 202 200 192 209 181 179 189 211 221 196 184 207 220 220 224 229 230 214 197 187 184 196 207 211 209 184 197 226 238 230 217 210 219 226 235 191 167 161 162 155 156 167 182 196 162 136 130 136 161 202 202 196 175 169
158 163 159 160 162 180 178 149 154 210 228 225 222 203 200 191 174 185 219 227 227 235 242 244 244 242 234 234 230 227 220 193 173 170 181 180 163 166 187 203 219 231 219 198 217 220 181 152 169 195 198 173 187 220 231 225 218 229 241 214 187 168 176 182 198 208 191 188 203 221 234 238 228 209 219 234 233 211 189 184 174 159 133 144 159 167 162 181 161 154 150 161 162 159 162 147
152 156 160 152 149 160 169 173 163 147 175 221 231 224 203 189 169 187 214 232 238 235 238 244 245 241 239 232 226 220 214 207 187 173 195 205 197 178 178 163 161 216 232 212 219 224 198 185 198 180 169 172 189 222 228 221 206 222 230 226 215 198 181 174 191 196 184 172 169 181 201 202 180 163 199 225 220 194 169 203 223 168 131 158 157 149 148 148 166 179 173 162 145 132 135 132
176 158 148 143 147 146 151 156 166 175 150 190 208 200 188 163 142 176 225 238 240 235 235 242 245 245 238 229 227 225 222 213 203 173 158 150 156 151 151 155 157 192 215 211 204 203 205 204 199 182 174 207 231 234 225 236 221 206 205 210 210 203 175 158 177 170 166 180 169 155 148 133 124 139 181 200 194 208 187 195 199 179 158 147 149 182 186 155 139 156 171 181 185 142 134 135
168 146 140 153 161 160 181 190 175 165 168 191 186 177 205 174 149 187 237 240 212 189 205 227 238 231 220 214 209 234 238 223 222 211 181 161 148 158 157 159 193 215 223 191 200 225 203 206 217 228 232 239 242 247 230 237 226 207 204 209 206 196 176 161 189 193 182 161 157 149 152 149 150 176 203 210 226 222 188 168 184 192 188 177 172 179 198 201 193 187 167 192 228 195 160 138
169 173 158 145 146 150 158 164 163 161 171 178 163 158 182 175 174 219 246 248 236 214 211 233 223 219 218 243 236 241 244 232 221 225 222 205 176 175 180 170 206 234 241 240 242 250 219 181 207 237 245 239 229 232 230 224 232 214 206 196 189 187 187 181 195 197 170 150 155 181 185 208 226 200 204 222 231 235 219 171 166 165 180 178 161 174 196 217 202 212 192 177 186 204 177 170
182 181 174 156 149 160 153 159 157 171 165 191 151 173 174 168 187 234 250 250 237 231 240 245 243 234 250 250 244 240 237 231 225 217 207 201 185 166 166 177 191 188 179 214 225 236 248 237 232 240 250 247 228 229 214 205 205 209 211 193 171 180 196 193 169 153 141 142 165 205 234 240 244 242 232 237 241 243 227 188 184 178 174 147 142 180 221 188 173 211 214 188 174 179 171 180
162 176 175 170 167 166 171 181 178 188 179 184 178 190 172 147 151 213 239 248 245 238 241 245 250 250 248 231 239 240 233 223 232 235 200 158 158 173 191 191 189 165 165 212 221 196 203 243 249 246 244 250 226 231 227 220 222 222 216 195 165 167 200 209 167 150 138 151 171 177 206 240 250 244 200 197 213 227 202 171 168 177 193 169 152 159 177 181 186 221 223 218 210 197 161 153
151 162 161 170 169 176 181 193 183 193 162 159 157 163 149 127 147 217 247 249 246 244 241 241 237 246 237 218 216 230 231 230 238 233 202 156 188 215 227 239 240 236 218 204 209 232 223 240 250 248 244 245 230 238 236 232 234 233 223 200 177 189 202 198 178 147 141 176 215 221 186 197 226 224 190 174 178 196 204 190 179 190 194 166 154 162 169 178 204 225 224 218 187 168 155 153
168 176 177 177 161 176 160 152 151 159 167 159 150 141 144 185 207 234 250 249 248 244 244 242 242 241 239 233 239 245 242 233 233 213 163 130 139 176 181 177 193 215 209 199 196 227 248 249 249 241 250 248 228 241 238 239 241 231 206 179 173 192 186 174 174 150 142 190 216 211 192 189 230 243 211 195 204 184 185 204 181 192 199 184 176 177 165 159 200 232 228 217 178 151 148 174
174 169 176 186 181 186 177 165 157 139 161 172 167 149 160 194 230 245 246 242 244 249 250 249 241 239 231 230 249 239 238 225 226 216 175 130 151 166 166 168 161 158 173 178 164 201 241 244 236 243 241 250 240 243 243 240 235 228 214 213 211 201 191 197 186 162 171 214 227 216 192 194 217 241 239 222 207 196 186 194 169 190 200 191 192 173 166 176 181 202 223 228 213 184 167 158
178 181 179 185 192 184 196 193 181 170 173 172 166 170 177 176 194 233 247 242 244 249 245 240 239 243 240 241 245 242 245 242 228 215 208 181 173 177 175 168 149 138 146 153 171 199 207 214 226 240 244 250 243 244 242 241 235 233 235 237 232 231 218 198 170 149 164 208 234 226 189 182 182 210 226 209 198 190 172 187 185 180 166 151 170 177 182 186 167 166 215 227 223 195 176 192
187 187 168 192 197 195 205 201 183 156 158 174 171 189 201 203 216 240 218 226 234 242 242 236 238 242 243 240 247 244 240 247 242 228 213 196 184 184 182 165 154 142 143 147 161 164 180 192 224 232 239 247 240 241 242 241 241 241 240 226 233 235 224 191 178 201 219 216 217 239 232 178 174 223 225 220 222 207 179 188 201 203 202 175 183 197 187 197 189 192 227 224 219 214 201 209
190 184 192 215 203 180 181 182 175 155 179 204 189 188 214 220 219 211 222 240 227 226 235 235 233 235 232 233 244 242 243 248 240 240 238 225 202 185 171 166 162 152 155 144 149 156 170 186 205 226 235 241 239 239 243 242 240 240 239 228 235 233 221 211 187 200 211 218 199 234 244 227 206 218 217 217 225 224 206 183 179 192 215 193 188 186 202 221 203 168 226 250 230 229 242 250
188 177 190 209 195 181 186 182 180 159 171 190 181 203 223 216 210 202 246 216 218 232 232 238 240 239 233 232 248 247 248 249 244 237 230 200 212 214 193 181 170 179 184 152 152 165 179 207 207 207 216 241 246 240 242 243 241 240 239 234 234 233 227 214 186 175 177 194 235 247 248 247 230 227 219 217 200 206 192 161 134 157 182 173 182 202 224 235 220 149 170 216 220 237 250 248
189 190 174 167 211 204 174 207 185 167 169 153 150 169 186 182 174 174 167 199 212 233 243 239 245 245 239 229 233 240 233 229 238 228 186 160 184 208 209 205 196 188 168 168 189 197 184 196 200 207 237 250 244 244 250 250 250 242 235 223 222 226 222 206 191 197 195 191 220 231 242 243 232 233 227 214 205 205 197 162 142 156 165 182 201 216 204 205 215 171 157 183 173 191 213 219
176 184 166 174 211 231 230 214 196 206 215 195 177 151 143 165 174 158 143 155 169 207 221 222 240 248 248 240 239 234 189 190 226 214 168 170 186 177 176 180 172 142 133 152 204 214 196 213 208 201 231 242 234 245 244 236 238 248 249 232 242 238 235 233 222 203 179 168 183 173 200 211 229 228 208 199 208 230 224 221 206 179 198 215 212 227 226 236 222 177 165 202 216 219 226 235
167 169 160 179 212 228 237 217 200 223 222 210 192 155 134 149 149 137 138 145 157 144 181 233 237 243 248 244 239 220 201 202 223 223 198 222 236 193 189 213 189 148 144 166 205 232 223 217 204 204 222 248 243 246 243 244 243 235 232 239 246 243 227 212 201 199 177 187 222 214 220 228 228 229 220 218 229 248 224 204 218 197 201 207 187 201 228 242 203 157 146 163 199 228 236 239
152 143 141 163 214 232 224 204 187 180 190 195 193 185 176 178 158 173 181 152 151 162 195 235 242 247 250 241 234 240 215 208 206 228 214 222 250 246 242 235 194 161 169 222 231 227 228 215 218 231 231 239 240 241 236 238 244 245 230 231 234 236 231 216 201 230 242 242 250 234 234 234 231 229 228 223 238 239 242 233 233 196 185 195 186 173 186 182 142 171 192 135 150 205 234 250
123 112 109 148 188 199 218 206 186 180 195 190 200 189 196 208 202 199 201 162 149 183 183 184 212 238 250 244 222 250 248 228 202 226 244 248 249 248 245 241 241 202 191 225 238 234 225 225 250 249 243 249 245 250 248 242 248 241 227 204 209 228 235 219 229 238 249 246 247 250 234 232 241 232 223 204 201 230 244 217 206 194 172 179 178 169 155 132 132 154 156 125 141 164 224 246
122 124 148 183 184 179 169 162 153 183 193 182 189 206 222 219 202 195 186 183 195 181 160 169 198 201 225 247 250 250 244 231 214 237 247 250 244 237 239 226 223 186 156 166 203 233 230 235 238 242 241 250 239 241 234 240 241 243 239 225 222 216 199 208 228 232 247 246 245 250 233 228 230 226 215 200 211 237 223 178 162 175 186 186 195 183 139 139 158 161 131 129 149 152 165 217
107 113 134 153 144 108 151 178 157 161 199 195 190 202 208 216 228 224 208 194 185 172 179 176 182 185 191 225 250 250 250 246 226 243 247 245 245 241 243 228 204 169 161 178 191 197 228 228 221 246 250 236 235 239 234 229 243 241 233 230 222 208 206 228 234 237 250 250 250 250 230 229 232 224 208 215 250 249 237 197 177 213 231 190 161 174 169 154 146 155 175 139 139 158 200 221
102 95 115 108 74 102 139 170 166 170 189 177 162 176 183 200 212 217 222 191 159 141 175 198 196 202 187 207 250 247 242 249 243 250 248 250 250 250 250 250 239 204 164 207 237 209 220 236 250 250 248 248 250 246 240 233 250 241 238 238 222 219 233 238 236 233 250 249 243 242 248 250 240 213 194 199 202 204 220 190 208 234 238 210 174 155 168 161 130 119 133 150 145 125 126 150
119 123 125 107 98 115 124 132 135 141 171 181 168 169 211 228 226 225 220 204 176 145 144 173 201 203 172 175 220 245 232 239 250 233 218 241 250 250 250 250 246 211 169 196 222 214 222 246 250 250 244 250 249 246 245 244 250 242 234 232 241 250 233 234 232 250 250 241 226 237 250 203 199 217 218 206 199 179 168 227 236 236 241 225 223 186 151 167 157 146 142 134 123 123 129 153
185 205 204 181 149 150 155 148 133 134 163 168 155 154 215 248 244 220 194 175 158 157 148 148 183 194 152 163 191 245 237 218 227 189 156 212 250 250 250 248 244 198 171 228 239 235 227 233 243 250 250 250 250 248 250 250 250 241 243 241 247 235 229 250 250 249 244 231 225 219 232 194 201 174 173 168 188 201 213 228 238 243 250 249 238 230 193 155 143 128 130 135 128 126 147 173
127 106 107 135 143 140 154 160 136 146 140 111 109 136 210 233 192 176 166 150 118 132 143 139 169 169 149 170 223 245 234 220 223 220 194 227 249 250 245 243 240 210 183 247 250 245 232 234 250 249 245 248 250 248 248 250 250 248 246 247 248 240 209 235 244 247 238 245 250 241 248 198 190 184 191 199 221 229 202 226 238 237 245 248 237 225 232 205 160 144 145 139 128 143 139 124
132 125 101 105 122 122 118 121 128 137 146 127 105 103 138 177 168 165 177 155 135 142 150 135 150 162 165 190 226 246 244 237 231 230 239 243 250 250 248 250 250 238 199 232 247 245 250 235 235 224 235 243 250 250 250 250 250 250 250 244 241 233 219 217 236 234 233 250 248 209 207 193 190 197 197 213 248 235 209 229 246 239 225 232 215 229 237 249 248 242 235 214 184 160 151 135
137 134 112 99 116 113 110 114 130 127 132 129 114 101 109 138 187 215 182 158 149 158 188 151 150 176 178 196 212 239 245 247 248 247 250 250 250 250 250 250 250 238 173 190 241 247 250 236 250 204 203 233 250 249 250 250 248 250 249 250 250 250 250 250 239 235 250 213 216 198 201 182 250 237 238 248 247 248 234 234 245 245 242 237 226 232 242 245 248 244 213 208 213 215 212 204
153 120 103 94 102 109 103 110 117 117 119 121 138 144 137 163 226 223 156 139 170 201 212 167 136 145 167 185 208 232 235 239 246 250 250 250 250 250 250 250 250 250 187 162 216 233 237 250 250 250 242 236 247 248 246 241 245 250 250 250 225 212 214 241 233 250 247 210 195 232 186 186 204 220 250 250 245 237 236 242 233 246 250 250 238 243 247 249 244 221 224 230 217 225 235 235
128 111 94 96 109 106 97 105 113 124 122 135 142 152 154 170 232 231 184 155 163 150 175 167 117 141 174 195 212 231 233 234 237 236 249 250 250 250 250 250 250 249 196 190 250 250 247 250 250 250 249 243 249 247 249 248 246 250 250 250 239 221 223 224 237 250 247 231 229 225 217 204 243 239 233 230 222 225 246 247 239 250 250 250 250 250 231 225 228 232 246 226 225 246 250 243
152 123 99 98 107 103 112 119 123 125 125 146 148 132 139 191 239 222 192 186 188 175 161 167 146 140 158 185 191 207 221 223 236 238 248 250 250 250 250 250 250 240 188 179 218 242 250 250 250 250 250 250 250 250 248 246 248 250 249 250 250 227 226 224 248 250 250 250 250 239 195 203 244 233 223 227 250 246 244 250 250 250 248 214 237 250 223 216 241 241 250 249 250 247 244 250
135 119 109 116 112 115 123 120 119 127 139 150 156 143 138 168 213 194 175 179 218 220 183 168 156 143 147 159 165 200 224 232 237 241 243 248 250 250 250 250 249 239 231 228 227 236 250 250 248 247 248 246 245 250 248 250 248 250 250 250 250 249 225 224 250 248 243 250 239 226 248 205 205 250 249 245 250 250 233 240 250 250 250 250 245 248 246 250 250 244 248 250 250 250 250 250
127 93 89 100 101 116 128 121 107 121 129 149 147 143 149 178 214 206 172 177 183 182 171 149 151 138 138 161 164 190 201 188 215 245 247 247 250 250 247 247 242 235 234 243 239 233 241 247 242 242 247 248 245 249 250 250 250 250 250 250 250 250 250 250 246 244 250 250 250 250 235 210 200 216 212 250 246 250 242 239 250 250 250 239 246 247 248 250 250 249 250 239 239 250 250 250
172 120 92 94 104 102 98 100 98 107 125 144 149 165 180 190 211 212 216 186 151 152 152 162 153 145 159 174 182 173 159 159 190 219 238 245 250 250 250 246 246 249 242 243 250 237 210 202 239 250 250 250 247 246 244 250 250 250 250 250 250 250 250 250 250 250 250 250 250 250 250 250 250 232 216 207 250 249 234 250 250 250 250 250 246 250 250 248 248 249 243 237 241 243 250 250
169 142 114 118 111 94 87 91 94 122 186 175 160 168 193 185 177 187 195 187 157 169 176 173 149 141 166 197 220 197 176 192 197 228 246 250 250 250 250 248 248 250 240 214 228 217 178 163 198 223 250 240 240 238 239 235 244 250 250 250 249 248 245 250 246 247 250 250 250 250 236 245 217 250 250 250 250 250 247 250 217 212 227 241 243 250 250 247 248 250 246 242 242 243 243 250
172 167 148 127 118 103 99 105 105 123 173 189 163 159 147 167 172 197 219 223 198 190 185 172 152 144 173 218 235 240 237 236 250 250 250 250 250 250 250 250 250 250 235 190 222 224 163 163 189 199 231 244 247 244 216 179 174 211 234 239 242 246 250 250 250 250 250 250 250 250 244 249 230 223 250 250 250 250 250 243 219 202 250 250 243 231 250 250 250 250 248 245 242 242 245 250
187 172 155 144 132 108 101 106 124 127 153 183 171 157 149 132 159 218 240 243 217 170 161 161 155 191 225 234 241 247 250 250 250 250 250 250 250 250 250 250 250 250 240 231 231 205 168 166 186 209 216 233 247 235 175 145 147 166 197 219 230 242 250 250 250 250 250 250 244 250 250 250 250 250 250 250 250 248 250 247 250 250 247 249 238 235 250 250 250 250 249 247 244 244 246 250
165 162 128 113 115 115 99 110 144 152 170 213 227 213 185 157 171 211 214 194 186 131 133 148 171 222 236 233 225 230 245 250 225 201 193 201 223 241 233 201 200 219 239 237 233 218 196 185 188 198 212 240 249 199 147 132 143 171 201 224 210 214 236 250 250 250 250 250 250 250 250 250 250 250 250 250 250 250 244 238 249 250 232 216 219 223 238 250 250 250 250 250 250 249 240 242
135 132 104 104 123 121 119 116 114 126 155 199 226 212 165 136 150 197 215 189 164 155 137 167 215 234 221 212 222 232 246 250 222 205 177 157 170 202 198 151 150 155 173 203 214 189 208 205 207 221 230 224 198 159 148 161 143 142 167 196 176 174 194 219 230 250 250 250 250 250 250 250 250 250 248 249 250 250 250 250 233 226 222 221 224 227 236 250 242 244 246 249 250 246 247 242
