examples/data/proba_v_italy_sicily/probav_s10_toc_x19y03_20150601_333m_ndvi_v001.txt
ncols         1127
nrows         589
xllcorner     12.348214285714
yllcorner     36.598214285714
cellsize      0.0029761904761905
NODATA_value  -9999
[rows 343 to 391 of 589, columns 288 to 383 of 1127]
31 30 30 30 31 31 31 30 30 32 31 32 31 31 31 31 31 31 32 32 32 32 31 32 32 32 33 34 33 37 43 45 47 51 26 26 24 25 27 39 38 37 35 27 35 37 35 34 33 33 34 35 35 36 35 34 34 34 33 32 31 29 29 28 27 25 22 40 80 98 100 106 105 99 105 114 112 110 111 115 113 110 105 113 114 101 100 116 113 115 123 131 116 96 102 109
31 31 31 31 31 30 31 31 30 30 30 30 30 31 32 31 32 32 33 33 32 32 32 31 31 30 32 33 33 34 36 44 28 47 54 26 52 42 36 34 25 36 37 27 34 36 37 38 36 35 37 40 43 45 45 41 36 34 33 33 32 30 31 31 32 33 31 20 36 80 98 94 96 101 88 98 101 107 108 108 106 99 106 110 112 100 100 105 104 106 104 114 126 115 113 121
31 31 31 31 32 31 31 31 30 31 30 30 30 31 31 31 31 32 31 32 32 32 32 32 32 33 35 34 36 38 44 47 50 26 48 49 27 46 38 35 35 26 36 36 37 37 38 41 44 43 40 42 44 47 47 45 41 36 33 33 32 32 32 31 31 31 32 32 26 37 72 94 102 99 94 97 99 103 111 110 108 101 108 111 102 91 113 115 106 110 107 108 115 125 121 124
31 31 31 31 30 31 31 30 30 30 30 30 31 32 31 31 31 31 31 31 31 31 31 32 33 33 35 37 37 40 46 55 53 51 26 50 49 53 45 39 37 37 39 40 41 41 43 45 47 51 47 42 42 42 42 41 38 35 33 32 32 32 32 31 31 31 32 33 32 23 30 75 102 102 103 102 101 100 104 103 103 111 128 126 118 106 114 114 109 108 107 106 104 108 109 113
32 31 31 31 31 31 30 31 31 30 30 31 31 31 32 31 31 31 31 31 31 32 31 32 33 34 35 38 39 40 43 48 45 44 55 58 59 48 43 44 48 47 43 41 47 46 45 48 50 47 45 44 41 37 35 34 34 34 33 32 31 31 31 32 32 33 33 32 32 31 21 59 87 107 110 110 103 97 106 109 99 92 104 113 109 104 103 110 106 98 106 123 114 101 97 95
31 31 31 30 30 31 31 32 31 32 30 30 31 32 31 31 31 31 31 30 31 30 31 31 32 34 34 34 38 38 39 44 43 41 46 49 52 50 47 46 43 42 44 44 44 46 48 50 48 43 41 40 38 36 34 32 32 32 32 32 31 31 31 32 33 33 33 33 34 34 28 35 75 105 113 110 110 111 104 94 84 92 114 110 95 99 101 112 102 93 95 119 122 106 107 102
31 31 31 31 31 31 32 31 30 30 31 31 31 31 30 31 31 30 31 31 32 31 31 32 32 33 34 34 36 36 36 40 42 43 42 41 40 41 41 41 42 40 39 41 40 41 42 44 41 40 40 39 39 37 35 34 32 32 32 32 32 32 32 33 33 34 34 36 36 34 34 38 38 45 70 99 112 124 115 111 108 104 112 106 103 115 109 104 96 103 107 107 118 107 109 107
31 31 31 31 32 31 31 30 30 31 31 30 30 32 32 32 30 30 31 31 31 31 31 31 31 31 32 31 32 33 33 36 40 45 43 39 39 38 35 34 39 40 39 40 39 39 39 39 38 38 39 38 36 35 34 34 33 32 31 32 34 35 34 34 36 36 36 36 37 39 39 39 35 26 69 102 106 108 110 112 107 110 113 109 109 108 85 80 89 96 106 114 113 104 104 107
31 31 31 31 32 32 31 31 31 30 31 31 31 31 30 30 31 31 31 31 30 30 30 31 32 31 32 32 32 32 33 33 35 39 39 36 35 39 37 35 35 38 42 42 43 42 41 36 35 34 35 34 35 35 35 35 35 36 35 33 35 35 37 37 37 36 37 39 40 41 37 35 35 32 91 101 106 106 105 103 104 107 113 122 119 104 89 80 100 102 97 108 111 118 127 117
31 31 31 31 30 32 31 31 31 31 31 31 31 31 31 30 30 30 31 30 30 31 32 31 31 31 31 31 32 32 34 34 33 33 35 34 33 34 37 42 43 41 40 41 43 43 38 36 35 35 35 35 34 35 35 37 38 38 38 35 34 36 38 38 36 37 38 41 41 38 36 34 34 33 35 57 66 87 96 104 105 102 102 109 126 116 99 90 102 108 101 99 97 106 128 120
31 31 31 30 31 31 31 31 31 32 31 31 32 32 32 31 31 31 32 31 31 31 32 31 32 32 32 32 32 33 33 33 33 33 33 35 35 37 43 46 46 45 41 40 38 39 39 39 40 39 41 39 36 36 37 37 37 37 38 38 35 34 34 34 35 38 40 38 39 39 37 34 33 33 31 29 29 40 52 62 71 86 106 114 116 112 93 91 95 104 91 98 98 97 106 107
31 31 31 30 30 31 31 31 31 32 31 32 33 33 33 31 32 32 31 31 31 31 31 32 32 33 33 32 31 32 32 32 33 33 34 37 39 40 41 42 40 39 39 40 39 37 36 36 37 39 44 48 43 39 37 36 37 37 36 36 36 35 33 33 35 36 39 39 40 41 37 34 34 34 33 32 32 29 29 27 25 53 111 140 103 82 88 92 95 104 82 82 101 100 109 109
31 31 31 30 30 31 31 30 30 30 31 32 32 32 33 32 32 32 32 32 32 32 31 32 32 32 32 32 32 32 32 33 33 34 36 39 39 39 40 40 39 39 40 40 41 40 41 38 36 36 37 39 41 44 43 40 39 37 35 35 35 36 36 35 34 35 38 41 38 34 26 34 34 38 36 33 33 31 31 33 27 29 79 78 51 51 50 50 66 84 93 101 103 104 101 120
31 31 31 31 31 31 32 32 31 30 30 31 31 32 32 31 32 31 32 31 31 31 30 30 31 30 32 32 32 31 32 33 33 33 34 34 37 39 41 41 42 42 41 42 43 38 36 38 40 38 35 34 36 37 40 42 41 38 37 36 35 36 37 37 36 34 35 36 34 25 25 35 35 36 37 36 36 33 32 33 32 33 36 29 20 24 24 19 21 39 77 103 111 107 90 106
30 31 31 31 31 31 31 31 31 30 31 30 32 31 31 32 32 32 31 31 31 31 30 31 31 30 31 31 31 31 32 33 32 31 32 33 34 37 38 39 41 43 42 41 41 42 41 40 40 38 37 34 33 33 33 34 35 37 38 38 37 36 35 35 36 35 32 32 33 32 32 33 34 34 35 33 34 35 33 32 32 31 30 31 29 29 29 29 27 23 44 74 85 74 48 54
32 31 31 31 31 31 31 32 32 32 32 32 32 31 31 31 31 32 30 30 31 31 31 30 30 30 30 30 30 31 31 31 32 31 32 33 33 35 37 36 37 40 40 39 38 39 39 36 37 37 36 35 34 33 32 32 32 34 35 37 39 37 35 34 33 34 34 32 32 32 31 32 32 33 33 33 32 32 33 34 33 33 32 32 30 30 30 30 30 30 26 28 48 43 14 16
32 32 32 32 32 31 31 31 31 31 32 32 32 32 32 31 31 30 31 31 32 32 31 31 30 30 31 31 30 31 31 30 31 31 31 32 33 33 33 33 34 35 35 34 35 35 35 34 33 33 33 33 35 35 32 32 32 32 32 33 34 35 35 35 34 34 35 33 32 31 31 31 31 32 33 33 33 32 32 33 33 34 33 31 30 31 31 31 30 31 30 29 29 28 27 28
31 32 32 31 31 31 32 31 32 32 31 31 31 32 32 31 32 31 32 32 32 33 32 32 31 32 31 31 31 31 31 30 30 31 31 31 32 32 32 33 32 31 32 33 34 34 33 34 34 33 33 34 34 35 33 32 32 32 32 33 33 33 34 35 36 35 33 32 32 32 31 31 32 32 32 32 32 32 33 34 33 33 34 34 32 31 31 31 31 30 30 31 30 30 29 28
32 31 32 32 32 31 31 32 32 32 31 31 32 31 31 31 31 31 31 31 32 32 32 32 32 32 33 32 32 32 32 32 32 32 32 32 32 32 33 33 32 33 32 33 33 34 33 34 33 34 34 35 35 35 33 32 32 32 33 33 33 33 32 33 34 33 33 32 31 33 33 32 31 31 32 32 31 32 33 34 34 33 33 33 32 32 31 31 30 30 30 29 30 29 29 28
32 32 32 32 32 31 31 31 32 31 32 32 31 31 32 31 31 31 30 31 31 31 31 32 32 32 32 32 32 32 33 32 32 32 31 31 31 32 32 33 33 33 33 33 32 33 33 33 33 34 34 35 35 36 36 35 32 32 32 32 32 32 31 32 32 32 33 33 32 32 33 33 31 31 31 32 33 33 34 34 33 32 32 32 32 32 32 31 31 30 30 30 30 29 29 29
31 32 32 31 32 31 32 32 31 31 31 32 31 31 31 31 32 32 32 31 31 31 31 32 32 31 32 32 32 32 32 33 32 32 32 32 32 31 32 31 32 32 32 32 34 35 36 37 36 35 35 34 34 35 35 36 36 35 33 32 32 32 31 32 32 32 33 34 35 35 34 34 35 33 32 32 33 33 32 32 32 32 31 31 32 32 32 31 31 30 30 31 29 29 29 29
32 32 32 31 31 31 31 32 32 32 31 31 31 31 31 31 31 31 32 31 31 30 31 31 31 31 31 32 32 31 31 32 31 31 31 32 31 31 31 31 32 32 32 33 34 34 36 37 37 37 36 35 34 33 33 33 34 35 35 34 34 33 33 33 32 32 33 34 34 34 35 34 33 33 33 32 31 31 31 32 32 31 31 32 32 30 31 32 31 30 29 29 30 30 29 29
32 32 32 32 32 32 32 32 32 32 32 31 31 31 32 32 31 31 32 31 32 32 31 31 30 32 32 31 31 30 31 32 32 31 31 32 32 32 31 32 32 32 32 33 34 34 34 36 35 35 36 36 35 34 34 34 33 33 33 33 34 34 34 34 32 33 33 33 33 34 35 35 33 32 31 32 32 31 30 31 31 31 31 31 31 31 31 31 31 30 30 30 29 29 29 29
32 32 32 32 32 31 32 31 31 32 33 32 32 32 32 32 32 32 32 31 32 31 32 32 32 32 31 30 32 31 30 31 32 32 32 31 31 32 31 32 32 32 32 33 34 34 35 35 35 34 35 35 35 35 35 35 34 33 33 32 33 34 34 34 33 33 32 32 33 33 33 34 33 32 31 32 32 32 31 30 31 32 32 31 31 31 31 30 30 31 31 30 30 29 29 29
34 32 32 32 32 32 31 31 32 32 32 33 32 32 32 31 31 32 32 31 31 31 32 32 32 31 31 31 32 31 31 31 31 32 31 31 31 31 32 32 32 32 32 32 33 33 34 34 33 33 33 33 33 34 34 34 34 34 34 34 33 32 32 34 33 32 33 32 32 32 32 32 33 34 33 31 31 31 32 31 31 30 31 30 31 31 30 30 30 31 31 31 30 29 29 29
33 34 33 33 33 33 32 32 32 32 32 32 32 32 32 32 33 32 31 31 32 32 32 33 33 32 32 32 32 32 32 32 32 32 32 31 32 31 32 32 31 31 31 32 32 32 33 33 33 33 34 34 34 33 33 33 34 34 36 36 34 33 32 33 33 34 33 32 31 32 31 32 33 32 33 33 32 31 30 30 31 31 31 31 30 31 30 30 31 31 31 30 30 30 29 30
33 33 32 32 33 33 32 32 32 32 32 31 31 32 31 31 32 32 32 32 32 32 32 33 33 32 32 32 32 32 31 31 31 31 31 31 31 31 31 31 32 32 31 31 32 32 32 32 32 33 33 34 34 33 34 33 34 35 36 36 35 34 32 32 33 33 33 33 32 32 32 33 33 32 32 33 32 32 33 32 32 31 31 30 31 31 31 30 31 31 31 30 30 30 30 29
32 32 33 32 32 33 32 32 32 32 32 32 32 32 31 31 32 31 31 32 31 31 31 32 31 31 31 31 30 31 31 31 31 32 31 32 31 31 31 31 31 31 31 31 31 31 32 32 32 32 33 33 33 33 33 34 33 33 34 34 34 34 33 32 32 32 33 34 34 33 33 33 33 33 33 34 32 32 32 33 33 32 31 31 31 31 31 30 30 31 31 30 30 30 30 29
32 32 32 32 32 33 34 32 32 32 31 31 32 32 31 31 32 32 31 31 32 31 31 31 31 31 30 31 32 31 31 32 31 31 32 32 32 31 31 31 31 32 32 31 31 31 32 32 32 32 32 32 32 32 32 33 34 33 32 32 33 34 33 33 32 33 33 33 34 33 33 33 34 34 33 33 32 32 32 32 33 33 32 32 31 31 31 31 31 31 31 30 30 30 31 31
33 32 32 32 32 32 34 33 32 32 32 32 32 32 31 32 32 32 33 32 31 32 31 31 31 31 31 32 32 32 32 32 32 32 32 31 31 32 32 31 31 31 31 31 31 31 31 32 32 32 32 32 32 32 33 33 33 33 33 33 33 33 33 33 32 32 32 32 33 33 33 32 33 33 33 33 33 33 33 33 32 33 32 32 32 31 31 30 30 30 31 31 30 30 31 31
34 32 32 32 33 32 32 33 32 32 32 31 31 31 31 31 32 32 32 32 32 31 31 32 32 31 31 32 33 33 32 32 33 32 32 31 31 32 31 32 32 31 31 31 32 32 32 31 31 32 31 31 31 32 32 32 32 33 34 34 33 32 32 33 32 32 32 31 33 32 32 32 31 32 33 33 33 33 33 33 33 33 32 31 32 31 31 31 31 30 31 30 30 31 31 30
33 33 33 33 32 32 32 32 32 32 32 32 32 31 31 31 32 31 32 33 32 31 32 32 32 33 32 32 32 33 32 31 32 32 32 32 32 32 32 32 33 32 32 31 32 32 31 32 31 32 32 31 31 32 32 32 31 31 32 33 32 33 32 32 32 32 32 31 32 33 32 32 33 32 31 32 32 32 32 32 33 32 32 31 32 32 31 32 31 31 31 30 31 31 30 31
33 33 33 32 32 32 32 32 33 33 33 34 33 32 31 31 31 31 31 32 31 31 31 32 32 33 33 32 32 32 32 31 31 31 31 32 32 32 32 32 32 32 31 32 32 32 31 31 32 32 32 32 32 31 31 31 32 31 31 32 32 32 32 32 32 31 32 32 32 33 32 32 32 32 31 31 31 31 32 32 32 33 32 32 32 32 32 32 32 31 30 30 30 31 30 30
32 32 33 33 32 33 32 32 33 32 32 32 31 31 31 32 32 32 32 32 31 32 32 32 33 32 32 32 32 31 32 32 32 32 32 31 32 32 32 32 31 31 31 32 32 32 32 31 31 31 31 32 32 31 31 31 31 31 31 31 31 31 32 32 33 32 33 32 33 32 32 32 32 32 32 31 31 31 31 32 31 32 33 31 31 32 32 31 31 31 31 30 30 31 31 31
32 32 32 33 33 33 33 33 32 31 31 32 32 32 32 32 31 32 32 32 32 32 32 32 32 32 33 32 32 32 32 32 32 32 33 33 32 32 32 32 31 31 32 32 32 32 31 31 31 31 31 31 32 31 31 31 32 31 30 31 31 31 31 32 32 33 33 33 34 33 33 32 32 31 33 32 30 31 31 31 31 31 32 31 32 32 31 32 32 31 31 31 32 31 31 30
32 32 32 33 33 32 32 32 32 32 32 32 32 32 32 32 31 31 32 32 31 32 32 32 32 32 32 32 32 32 32 32 32 32 32 33 33 32 32 32 32 32 32 33 32 32 31 31 31 31 31 31 32 32 32 31 32 32 31 31 31 32 31 32 32 32 33 33 33 33 33 32 32 32 32 33 32 31 32 32 32 32 32 32 32 32 32 33 32 31 31 31 31 31 30 30
32 32 32 33 32 32 32 32 32 32 32 31 31 31 31 32 32 31 31 31 32 32 33 32 32 32 32 32 32 32 32 32 33 32 32 32 32 32 31 31 31 31 32 32 33 32 31 31 32 31 31 32 32 32 31 32 31 31 31 31 31 31 31 32 31 31 32 32 32 32 32 32 32 32 32 32 32 32 32 32 32 32 32 32 32 32 32 32 32 31 31 31 31 31 31 31
32 32 32 32 33 33 33 33 32 32 32 31 32 32 32 31 32 32 31 32 33 33 33 32 32 32 32 32 33 32 32 32 32 32 32 32 31 31 32 32 32 32 32 31 31 31 31 31 32 32 32 31 31 32 31 31 32 32 31 31 31 32 32 32 31 31 32 31 32 32 32 32 32 31 32 32 32 32 31 31 32 32 32 32 32 32 32 32 32 32 31 32 32 31 31 32
32 32 32 33 33 33 32 32 32 32 31 32 32 32 32 32 32 32 31 32 32 32 32 32 32 32 32 32 32 32 32 32 32 32 31 32 32 32 32 31 31 32 31 31 31 31 31 32 32 32 32 32 31 32 31 31 31 32 33 32 32 31 31 32 31 31 31 31 31 32 32 32 33 32 31 32 33 32 32 32 32 32 32 32 32 32 32 32 31 32 32 31 32 31 31 31
32 31 32 33 32 32 32 32 32 32 32 32 32 32 32 32 32 32 33 32 31 32 32 32 32 32 31 32 32 32 31 32 32 32 31 31 31 31 31 31 30 31 31 31 31 32 32 31 31 31 32 32 31 32 32 32 31 32 32 32 33 31 32 31 31 31 31 31 32 31 31 31 31 31 31 32 32 32 31 32 32 31 32 32 32 32 33 32 31 31 32 31 31 31 31 31
32 32 32 32 32 32 32 32 32 33 32 32 32 32 32 32 32 32 32 33 32 32 32 33 33 32 32 32 32 32 32 33 32 32 32 31 31 31 32 32 32 32 31 31 32 32 32 32 32 31 31 31 31 32 32 32 32 31 31 31 32 32 31 31 31 31 31 31 31 31 31 31 31 31 32 32 33 32 32 32 32 32 31 31 32 32 32 32 32 32 32 32 32 31 31 31
33 32 32 33 32 32 33 32 32 32 32 33 32 31 32 32 32 31 32 32 31 32 33 32 32 33 33 32 32 32 33 33 33 32 32 32 32 32 32 31 32 32 31 31 31 31 31 32 32 31 31 31 31 31 32 32 32 32 32 32 32 32 31 31 31 31 31 31 31 31 31 31 32 31 31 30 32 32 31 31 31 32 32 32 32 32 32 32 32 33 32 32 31 31 31 31
32 32 33 32 32 32 32 32 32 31 31 32 32 32 32 32 32 32 31 32 33 33 34 32 32 32 32 32 32 32 33 33 32 31 31 32 31 31 31 31 32 32 32 31 32 31 32 31 32 32 32 31 31 31 31 31 31 31 32 32 32 31 31 32 31 31 31 31 31 31 30 31 31 31 32 31 31 32 32 32 32 31 32 31 32 32 32 31 32 32 31 31 31 31 31 32
32 32 32 33 32 32 32 32 33 33 32 32 32 32 32 32 33 32 33 33 32 32 33 33 33 32 32 32 31 31 33 32 31 31 31 32 31 31 31 31 31 32 32 31 31 31 31 32 31 32 31 32 32 31 31 31 32 31 31 32 32 31 31 31 32 32 31 31 31 31 31 31 31 31 31 31 32 31 31 31 32 32 31 31 32 32 33 32 32 31 32 32 31 31 32 31
32 32 32 32 32 33 33 33 32 31 32 32 32 32 31 31 32 32 32 33 32 32 32 33 33 33 32 33 33 33 33 32 31 31 31 31 31 32 31 32 32 32 31 31 32 32 32 32 31 32 32 32 32 32 31 32 32 31 31 31 32 31 32 32 31 31 31 31 31 30 31 31 31 31 30 31 31 31 31 31 31 31 31 32 31 32 32 32 32 32 31 31 31 31 31 31
31 32 32 32 32 32 32 32 32 32 32 32 32 32 31 32 32 32 32 32 32 32 32 32 33 33 34 33 33 32 32 31 31 31 31 31 32 32 31 31 32 32 32 32 32 32 32 32 31 32 31 31 32 32 31 31 31 31 32 31 32 31 31 32 31 31 31 30 31 31 31 30 30 30 31 31 31 31 31 31 31 31 31 31 31 31 32 31 31 32 31 30 32 31 31 31
32 32 32 32 32 31 32 32 33 33 32 32 32 31 32 32 32 33 33 33 32 32 31 33 32 32 32 32 32 31 32 31 31 31 32 32 32 32 31 31 32 32 32 32 32 32 31 31 31 32 32 31 31 32 31 32 32 31 32 31 32 31 32 31 31 31 31 31 31 31 30 31 31 31 31 31 30 31 31 31 31 31 31 31 32 32 32 32 31 31 31 31 31 31 31 31
32 31 32 33 32 32 32 31 31 32 32 32 33 33 33 33 32 32 33 33 33 32 33 32 32 31 32 32 32 32 33 32 31 31 31 31 31 32 32 32 32 31 32 32 32 32 32 32 32 32 31 31 31 32 32 32 31 31 31 31 31 31 31 31 31 32 31 31 31 32 31 31 31 31 31 31 31 31 31 31 31 31 32 31 31 31 31 31 31 31 32 32 32 31 31 31
31 31 32 32 32 32 32 31 32 32 32 32 33 32 34 33 32 33 33 32 32 32 32 32 32 33 32 32 32 32 33 32 31 31 32 31 31 31 31 32 32 31 31 31 31 31 32 32 32 32 32 31 31 31 32 32 32 32 31 31 31 31 31 31 31 31 32 31 31 31 32 31 32 32 31 31 31 31 31 31 31 31 32 31 31 32 31 32 31 31 32 31 32 32 32 31
