examples/data/proba_v_italy_sicily/probav_s10_toc_x19y03_20150221_333m_ndvi_v001.txt
ncols         1127
nrows         589
xllcorner     12.348214285714
yllcorner     36.598214285714
cellsize      0.0029761904761905
NODATA_value  -9999
[rows 200 to 249 of 589, columns 768 to 863 of 1127]
205 199 176 192 201 195 189 197 195 159 169 201 207 206 188 158 141 167 183 192 192 177 187 200 191 168 179 189 166 166 202 211 237 195 186 166 127 150 153 169 103 150 199 215 208 180 141 142 141 166 208 218 196 185 130 108 107 125 142 148 156 150 145 126 129 149 134 144 153 145 146 163 51 147 159 30 107 119 63 73 101 30 75 59 58 42 38 24 7 4 0 21 26 30 33 37
217 210 186 192 198 196 178 178 189 182 184 198 196 218 205 187 185 189 176 172 191 197 205 206 187 168 144 152 157 167 215 224 150 111 186 128 133 161 152 168 131 172 205 207 205 210 223 203 192 187 179 179 173 168 125 110 119 133 150 146 137 123 129 121 113 121 124 131 153 166 172 174 161 27 28 29 30 55 45 45 45 23 26 31 17 21 55 30 27 24 22 21 26 18 16 29
215 212 215 205 205 193 167 172 177 200 193 177 171 175 172 174 190 177 175 174 163 186 209 230 222 176 150 182 189 194 223 227 218 211 206 202 163 171 159 190 199 182 187 205 214 204 196 175 163 175 156 154 160 177 152 155 170 153 145 136 121 116 122 129 121 113 115 138 148 158 178 202 190 168 158 161 28 30 49 50 41 34 26 29 33 29 60 66 36 22 18 19 27 7 7 6
201 181 188 211 209 198 194 195 200 201 207 205 190 171 131 162 187 203 174 169 195 219 216 222 237 203 193 198 169 182 213 206 206 184 178 190 206 215 196 194 188 190 177 193 208 203 175 106 102 104 120 122 165 166 148 135 146 143 133 122 111 118 141 158 132 110 120 137 147 156 183 228 187 127 93 70 114 98 69 56 47 32 29 29 32 35 49 50 33 17 18 22 26 19 22 15
195 187 201 208 215 231 98 213 236 231 219 149 159 160 158 149 170 195 184 169 162 199 200 175 215 223 224 214 166 174 196 204 206 182 152 139 174 233 225 212 197 194 187 186 194 191 171 148 141 138 104 122 168 143 130 126 125 123 115 120 132 160 168 156 130 121 133 129 144 159 58 54 162 96 80 40 39 28 52 30 27 30 42 50 30 30 19 28 15 22 68 63 58 31 25 24
189 205 202 197 215 250 130 219 238 226 210 179 184 114 179 173 190 167 165 171 166 201 205 197 208 217 199 185 186 209 230 231 212 186 151 135 145 235 215 207 211 212 212 197 198 203 177 150 151 154 137 136 136 137 146 161 147 119 125 153 153 160 144 128 125 114 115 125 139 138 136 152 116 56 43 38 37 37 36 29 31 31 43 104 77 45 19 24 44 74 65 64 55 56 37 29
159 186 188 195 250 206 145 190 176 134 114 137 138 127 121 184 184 178 188 176 161 167 187 194 210 235 190 191 229 231 199 198 182 180 167 159 180 213 202 192 185 191 213 213 203 192 175 163 166 168 163 167 129 143 152 172 149 116 127 137 121 118 124 119 111 108 107 113 132 125 129 141 64 45 42 38 36 37 34 57 30 42 49 124 96 89 72 79 73 87 75 51 50 54 41 28
172 193 119 123 182 203 50 143 119 202 197 175 178 205 175 113 155 172 176 149 165 205 228 197 189 182 208 229 226 218 183 175 160 174 206 250 250 214 203 188 160 176 205 201 186 169 167 176 180 152 141 193 207 200 189 164 126 121 113 117 129 123 130 130 108 108 117 106 100 103 124 122 50 48 48 39 37 63 68 71 38 42 43 104 90 80 112 144 127 102 89 59 55 64 52 38
133 75 179 214 164 236 150 86 227 233 212 227 206 160 150 167 185 224 228 210 199 202 186 196 201 215 227 215 218 221 193 176 207 211 200 223 232 237 215 212 208 178 153 165 188 188 191 187 181 146 130 207 217 206 189 163 143 128 122 130 135 127 122 127 116 110 113 118 104 106 114 136 56 45 75 65 39 63 40 64 112 126 117 143 123 91 111 153 140 120 103 90 82 73 66 57
77 60 187 222 97 157 99 138 86 107 157 168 56 149 163 197 203 239 237 215 197 200 207 176 180 195 204 180 208 222 221 219 232 234 207 207 215 211 222 223 225 190 152 171 204 213 209 208 198 193 167 173 192 159 144 155 146 133 127 132 128 120 115 33 31 30 62 118 120 53 109 69 64 102 76 145 138 167 105 52 99 127 49 44 112 135 121 140 159 128 111 74 57 46 43 45
130 137 165 188 34 243 147 73 61 100 170 174 178 182 210 207 187 175 201 199 217 230 233 227 216 202 189 169 180 224 236 233 231 232 222 193 191 210 218 198 236 218 190 200 221 241 245 241 228 213 203 150 142 128 135 148 148 148 146 130 124 119 121 33 32 32 59 63 93 81 59 64 151 186 87 107 122 99 186 34 38 35 30 34 73 93 77 51 49 39 30 28 25 21 26 40
117 114 137 181 31 136 51 70 67 80 49 146 178 119 144 188 176 194 235 225 204 206 224 229 226 221 220 228 205 199 223 223 219 197 173 160 209 221 234 222 223 192 186 186 194 214 236 232 217 205 198 166 150 170 170 160 160 142 138 134 124 117 123 33 123 124 62 99 59 58 61 91 58 63 88 123 182 173 31 35 33 31 35 39 126 74 48 40 41 35 22 32 28 32 67 97
100 135 141 144 146 106 60 64 76 75 47 52 167 127 133 167 121 86 151 228 216 215 215 211 192 198 210 226 222 196 198 197 200 199 218 241 250 246 227 220 200 196 208 206 213 207 199 205 220 230 223 212 217 214 188 138 176 157 116 138 138 140 33 26 26 26 26 66 69 68 56 125 75 69 106 126 134 155 104 121 91 74 73 175 70 27 35 35 35 47 59 69 37 32 45 37
88 119 95 83 74 24 24 24 47 59 68 84 133 137 114 136 77 147 146 233 226 224 186 192 211 213 221 232 235 216 187 156 173 213 223 227 236 199 176 190 183 196 214 218 197 166 166 192 228 230 213 211 216 215 204 170 180 181 179 185 152 139 153 138 115 100 97 71 88 88 74 60 63 116 105 110 118 61 81 88 31 100 98 49 33 18 19 22 17 19 25 30 35 34 30 33
131 116 108 90 25 31 24 24 24 47 79 64 43 124 158 163 128 202 180 216 213 216 196 177 185 190 211 215 214 207 226 194 171 204 227 192 187 180 178 183 185 213 220 215 189 189 193 180 215 215 202 194 199 205 195 162 161 160 170 178 158 147 37 158 145 114 97 82 95 111 96 59 56 92 111 122 75 64 75 74 64 57 58 51 29 42 78 80 33 14 18 30 37 34 40 41
168 162 160 125 29 29 33 36 42 55 83 71 98 151 146 146 177 192 200 193 174 168 178 179 181 192 187 188 185 190 215 199 173 159 203 200 201 209 212 195 191 201 204 194 178 197 205 192 197 192 199 203 204 198 197 185 166 140 144 163 161 155 155 151 148 109 63 90 91 95 83 77 80 74 65 93 67 78 72 28 98 99 74 70 29 30 56 83 40 17 20 31 33 36 37 37
160 166 175 133 42 42 100 143 185 167 149 154 176 188 183 184 187 179 187 203 195 190 189 190 192 195 196 194 207 211 195 207 198 196 195 191 193 209 219 202 195 206 212 212 207 212 218 209 211 202 204 190 187 200 210 200 185 190 196 191 177 163 152 43 167 152 126 82 101 89 83 91 79 83 75 63 26 82 98 27 50 107 30 29 29 38 37 46 29 22 44 51 41 46 35 29
179 183 182 172 135 96 112 158 186 179 172 183 194 196 189 191 178 161 174 195 204 213 231 214 203 188 179 187 204 215 197 210 216 223 195 177 200 175 186 185 179 194 214 218 219 214 212 218 213 166 154 173 183 205 199 174 189 203 210 215 204 186 174 169 186 148 131 119 105 90 84 107 102 94 91 42 26 65 85 51 51 26 105 29 28 66 48 43 47 58 62 49 50 44 30 36
181 177 176 180 176 148 145 170 183 193 197 195 200 209 220 218 188 165 178 202 205 205 225 221 223 231 221 186 179 201 169 183 193 199 195 202 202 191 184 187 177 197 214 207 206 194 192 209 202 164 152 157 173 204 197 198 219 240 227 222 214 205 187 191 189 64 25 76 96 117 97 92 106 104 110 37 29 77 64 77 83 112 116 113 108 90 88 70 66 71 54 44 43 36 35 47
185 183 179 182 179 176 188 196 207 208 207 213 219 223 234 238 210 180 185 221 228 211 210 222 226 226 219 198 183 165 165 176 189 186 188 195 197 197 193 190 181 199 205 200 197 198 177 184 189 178 173 173 190 216 215 221 214 223 229 230 213 194 197 193 50 106 108 90 80 23 25 25 26 28 26 134 119 29 68 56 92 106 107 118 130 119 111 82 29 31 61 68 67 64 54 45
191 191 183 188 195 201 217 210 200 210 216 234 231 197 202 224 239 235 216 224 236 224 216 207 190 213 213 209 190 178 189 184 194 192 211 222 211 182 202 196 187 201 210 179 166 185 185 194 198 202 207 207 211 221 220 222 217 228 231 224 211 206 210 197 42 219 160 62 74 111 115 93 133 120 120 133 115 87 72 61 79 82 86 104 135 143 106 27 28 31 45 55 83 93 30 51
200 201 198 199 204 201 205 214 223 246 247 248 242 223 207 207 218 243 225 211 206 216 222 181 163 177 229 241 222 173 206 202 205 215 198 225 221 198 203 193 190 213 220 203 190 188 190 195 203 217 222 207 196 218 231 223 218 228 236 229 204 198 218 218 34 32 171 77 92 93 85 78 137 162 152 160 150 111 70 56 62 61 58 85 117 145 126 76 57 46 43 43 31 89 70 45
214 204 210 204 189 186 218 233 242 249 250 250 250 233 215 219 208 226 227 201 195 202 224 186 141 171 244 250 244 207 200 213 210 220 211 225 225 191 207 200 194 204 218 222 213 189 177 189 200 204 205 201 204 220 232 237 218 204 203 219 199 217 229 216 206 32 221 124 112 79 103 160 143 156 157 154 159 115 87 72 71 67 62 93 111 122 134 111 74 51 43 32 27 92 87 45
207 213 211 209 204 210 236 238 205 213 235 239 233 210 197 207 220 222 202 216 190 183 186 228 199 185 181 179 198 193 172 165 189 206 204 213 238 212 215 212 210 210 214 219 231 226 211 204 210 210 199 195 212 229 230 242 221 216 233 223 200 191 191 196 210 26 26 102 113 101 115 155 106 99 143 133 128 83 103 114 64 54 62 79 84 105 131 124 102 80 56 51 60 77 71 39
209 219 221 217 215 193 206 222 216 212 205 199 204 209 213 223 227 207 186 180 195 195 185 185 188 186 209 207 223 215 183 153 190 216 224 211 216 208 202 203 217 219 221 207 204 218 215 213 217 211 197 205 212 218 217 219 207 211 210 208 219 203 192 207 216 198 133 139 115 87 110 152 123 116 165 170 122 105 108 119 63 51 62 69 67 86 116 131 124 91 73 72 65 55 42 38
180 209 211 209 207 192 209 207 200 200 206 227 250 250 250 232 214 210 194 182 189 232 197 181 185 188 226 232 225 221 191 195 210 219 226 225 214 210 196 202 220 225 206 198 211 217 214 224 227 219 199 219 241 238 213 205 210 170 177 219 204 183 183 198 213 204 189 183 105 90 105 123 133 169 170 152 89 86 92 96 91 58 50 59 77 51 106 122 139 137 120 84 71 69 44 34
191 226 223 202 210 208 219 215 208 206 213 122 129 150 161 172 190 176 219 222 207 206 234 224 209 207 214 227 214 211 197 198 198 207 230 227 188 214 207 202 215 223 213 226 239 225 217 227 228 218 214 235 234 222 196 200 216 195 194 218 191 172 173 179 204 207 206 210 122 135 135 127 122 109 86 91 92 79 97 93 104 77 52 57 60 93 91 118 152 158 147 125 104 88 66 44
208 216 205 209 222 212 207 227 236 222 200 168 185 193 184 144 153 189 192 170 172 180 214 226 222 225 219 219 222 219 211 187 177 187 225 223 215 199 211 195 198 219 219 224 241 237 229 228 221 214 209 209 201 197 196 205 220 201 156 197 203 194 195 192 198 204 200 173 119 135 131 112 73 27 46 47 72 46 62 43 63 47 57 69 121 74 81 96 117 133 139 143 140 129 108 61
206 221 211 191 15 15 17 21 215 226 201 169 190 198 182 154 135 147 156 170 188 196 173 181 213 215 209 205 221 213 222 229 202 192 219 213 197 219 222 212 207 218 220 196 206 212 224 231 227 225 218 204 210 207 206 188 199 205 190 210 218 221 215 197 199 204 150 84 70 91 127 110 24 27 28 75 94 79 68 40 50 67 89 89 127 60 84 99 108 125 139 135 147 154 156 143
243 210 181 184 15 14 14 19 230 250 250 250 150 160 174 178 187 201 211 214 211 222 211 167 134 133 161 149 159 172 200 232 221 204 216 223 211 214 217 214 218 215 206 209 200 210 219 231 230 219 217 219 227 208 176 178 172 185 211 203 205 206 178 170 189 162 81 61 81 77 116 145 110 79 98 117 93 82 90 69 111 72 35 112 122 80 71 91 103 109 125 144 155 160 146 136
250 250 215 203 226 229 219 241 236 241 250 250 250 250 167 198 186 197 207 198 182 188 184 196 184 174 194 173 176 200 191 185 189 201 192 194 201 220 220 204 215 222 208 220 222 205 210 230 224 216 222 228 211 180 174 172 155 151 191 217 221 203 192 184 150 93 70 66 72 68 111 173 167 130 132 153 136 115 98 117 153 37 74 36 116 69 67 87 102 102 105 133 157 155 141 129
98 95 83 235 250 250 250 228 201 228 250 250 250 250 247 178 201 203 214 214 195 184 170 180 196 180 191 211 224 231 242 229 192 199 201 203 192 187 216 219 216 222 215 215 225 224 236 239 223 229 227 218 207 182 187 176 155 170 213 223 225 221 219 208 119 64 66 89 87 73 86 158 172 159 129 150 130 139 156 175 186 179 96 169 97 36 46 63 87 100 116 142 146 142 142 138
125 122 101 83 217 224 30 27 27 29 29 250 250 250 160 193 198 213 206 207 208 203 193 197 193 221 232 240 240 228 233 236 198 179 201 237 231 161 191 217 222 223 220 217 231 239 240 230 198 210 214 186 171 193 181 190 193 213 212 184 172 201 216 217 171 139 118 101 73 63 96 146 161 127 179 192 174 126 146 180 185 174 167 102 69 38 38 34 39 70 101 131 150 155 156 154
121 143 104 89 218 202 191 206 232 250 250 93 135 124 83 103 173 192 196 201 204 201 202 216 216 222 221 230 234 220 222 221 213 225 233 240 241 198 192 232 226 224 224 219 224 236 223 215 190 190 209 185 173 191 196 222 225 204 194 201 181 196 223 229 222 198 169 133 126 101 106 147 164 167 186 183 157 130 150 158 161 169 159 98 39 76 37 42 74 142 141 116 130 149 152 161
126 126 76 174 189 134 83 50 105 122 145 171 148 99 47 91 186 175 189 203 199 201 210 216 184 185 210 209 212 218 227 213 208 232 229 220 223 193 176 201 181 171 179 181 196 211 218 208 203 214 211 204 212 190 193 208 214 210 202 214 210 200 167 206 222 218 155 126 171 165 124 164 194 179 162 145 134 134 146 151 129 124 124 130 149 118 88 71 77 92 107 108 101 131 150 164
128 104 100 99 16 129 118 99 72 89 112 167 67 61 64 120 167 160 166 183 188 187 164 138 167 204 220 213 217 229 225 209 215 213 219 207 202 209 179 168 200 195 182 178 152 148 187 203 210 217 210 209 216 181 168 181 191 209 172 192 208 181 187 205 205 168 180 184 190 201 156 139 171 143 147 143 106 96 79 134 137 109 125 123 130 121 38 37 35 35 36 102 103 121 146 170
150 152 133 134 122 83 92 95 97 144 158 105 103 73 73 117 168 170 171 186 206 223 225 215 192 188 214 204 224 234 230 221 220 216 218 209 200 200 200 202 222 196 198 223 203 182 164 185 226 240 230 226 235 217 175 162 184 174 147 106 124 182 204 202 195 176 166 191 193 203 206 146 140 131 105 103 79 65 63 112 155 146 157 148 132 82 63 38 38 37 37 38 113 119 134 120
150 166 168 170 150 95 167 152 151 159 117 77 101 79 108 175 163 152 141 137 197 223 225 215 204 205 222 225 236 220 185 205 208 205 223 216 212 203 198 208 208 202 226 211 188 204 200 179 219 244 246 235 242 238 206 171 161 182 204 143 160 198 215 203 186 182 169 179 194 205 215 192 167 180 181 166 128 76 67 75 114 146 167 161 137 90 73 38 40 41 41 41 122 141 150 140
107 169 170 159 148 179 168 180 159 122 114 70 87 76 82 135 134 149 111 123 173 208 215 206 206 233 222 219 230 229 199 190 207 206 212 207 200 203 202 211 216 236 232 208 184 205 218 168 189 247 249 232 212 230 226 225 220 211 231 188 178 190 208 198 165 176 194 204 197 197 216 218 200 206 222 228 210 122 70 75 76 99 141 159 150 128 99 38 40 94 42 98 118 120 133 165
195 179 140 157 195 185 177 167 181 138 128 101 102 124 130 92 81 128 139 162 171 157 152 197 199 196 189 166 183 231 225 199 209 210 186 182 183 194 215 217 219 230 223 220 218 220 218 165 117 212 234 233 210 210 212 202 217 213 234 209 151 177 190 180 169 186 208 201 191 197 204 210 220 221 224 215 202 179 102 87 75 96 125 138 148 156 152 112 103 106 120 147 148 157 166 160
221 219 214 193 198 193 181 161 144 121 118 141 155 167 164 139 131 150 184 177 157 148 162 158 187 186 189 171 178 204 232 211 199 200 199 202 205 204 204 213 223 223 235 245 225 220 214 194 157 156 211 243 248 238 238 229 231 233 227 221 213 200 202 191 170 187 201 179 178 200 207 213 224 222 222 212 204 201 155 116 127 148 134 132 158 174 179 187 153 141 162 169 180 189 181 174
194 185 172 150 139 154 152 147 135 131 142 152 153 144 159 158 139 149 168 163 169 166 168 169 179 198 204 176 144 161 192 209 203 195 192 194 200 201 200 209 250 213 228 236 234 212 220 219 228 225 235 246 242 237 227 218 221 240 239 227 227 228 235 232 204 201 177 136 157 199 197 194 209 218 221 219 213 211 192 190 193 174 150 139 149 169 175 165 138 144 185 181 185 193 190 181
182 193 172 164 168 175 161 151 158 177 170 156 171 171 167 165 161 165 158 159 160 141 151 171 178 206 198 201 182 184 214 214 210 194 182 192 199 210 205 205 206 199 200 206 224 213 225 221 232 243 244 240 237 248 241 233 238 243 236 224 218 203 207 227 204 189 195 194 205 204 194 210 216 222 211 223 204 174 172 196 200 190 200 192 174 170 171 167 193 200 201 198 206 213 204 198
161 171 178 190 190 192 172 151 141 145 163 167 180 177 163 163 168 160 151 153 154 146 157 180 185 193 179 169 166 181 210 113 87 196 181 181 196 193 200 195 184 182 175 180 182 208 219 226 233 241 247 250 250 250 245 234 236 227 216 212 221 223 226 227 185 214 234 211 224 220 205 226 225 211 189 207 214 186 193 209 205 189 192 208 205 179 164 182 209 204 191 207 210 215 219 212
149 148 169 173 157 154 138 134 142 150 159 179 184 185 183 190 193 184 163 156 166 185 178 189 158 166 164 169 188 203 182 137 92 185 198 154 151 167 175 178 176 58 88 95 187 199 194 206 214 234 249 250 250 242 225 185 204 230 236 235 228 225 224 228 188 191 221 194 219 240 229 224 221 224 222 228 211 206 217 228 215 208 205 212 221 209 210 193 184 182 175 219 221 211 221 217
180 167 185 171 146 134 133 125 123 150 158 159 172 180 168 199 200 175 176 178 184 199 189 197 171 167 182 138 248 151 170 171 172 111 28 165 144 167 180 177 25 88 95 99 136 175 198 199 209 243 250 250 248 222 197 172 171 229 228 225 224 220 233 225 176 180 217 204 203 215 220 224 225 219 219 222 218 231 233 232 229 227 225 220 227 207 188 175 159 173 195 234 235 227 224 226
208 195 187 177 154 152 142 136 148 177 193 176 177 196 180 161 172 177 182 197 194 197 198 193 193 188 166 131 127 172 176 180 184 176 115 85 172 170 168 172 91 26 24 91 110 21 147 201 234 247 250 249 233 229 197 162 156 198 225 221 222 212 187 186 199 216 216 206 192 182 186 213 233 233 216 220 221 224 227 225 217 225 236 232 232 157 102 144 165 184 214 240 234 231 230 231
190 199 199 184 169 174 177 173 194 207 213 203 165 162 149 134 144 162 193 200 195 198 206 188 173 169 168 170 174 185 162 155 170 167 199 125 97 122 185 176 166 164 150 159 137 96 188 196 230 236 243 248 229 205 186 165 170 208 234 239 226 192 172 214 230 219 220 213 181 157 175 207 226 226 223 230 233 232 238 235 228 231 234 228 202 124 84 126 183 173 189 228 229 224 236 245
198 202 202 200 196 172 196 209 212 228 214 172 143 136 145 168 182 156 155 177 188 191 188 186 211 194 161 173 177 184 199 91 152 165 167 128 122 157 162 161 174 180 184 188 206 195 181 210 233 218 208 216 227 203 193 192 198 226 233 237 234 212 198 175 165 185 217 218 212 205 189 204 220 220 220 215 218 230 223 230 224 224 229 236 229 198 154 133 147 146 182 207 206 212 225 223
216 185 183 205 208 208 207 166 151 192 195 175 167 163 166 192 208 182 156 158 167 178 195 202 202 191 188 160 185 173 203 189 175 164 154 131 136 162 178 172 169 166 179 197 202 191 198 203 222 216 187 179 201 199 191 193 196 207 219 222 231 238 234 226 206 170 199 207 204 202 189 188 214 232 240 226 216 223 221 227 227 221 210 218 223 215 201 208 222 206 206 210 189 202 191 198
