examples/data/proba_v_italy_sicily/probav_s10_toc_x19y03_20141001_333m_ndvi_v001.txt
ncols         1127
nrows         589
xllcorner     12.348214285714
yllcorner     36.598214285714
cellsize      0.0029761904761905
NODATA_value  -9999
[rows 260 to 311 of 589, columns 96 to 191 of 1127]
28 33 37 39 34 64 84 93 87 78 79 71 75 76 80 74 69 83 88 89 115 120 116 112 101 105 124 131 134 95 82 76 73 81 78 70 74 74 81 76 61 47 38 32 27 19 23 24 25 25 32 34 34 31 26 27 30 27 30 27 30 27 27 26 34 38 24 51 34 31 20 11 20 26 29 28 26 29 27 31 43 12 19 49 71 90 87 76 72 77 85 91 82 60 59 66
26 25 28 37 43 48 56 68 84 91 80 68 67 72 76 75 81 86 83 92 118 137 132 131 97 105 107 94 101 98 87 81 83 72 67 63 60 51 35 29 26 18 20 21 22 29 30 32 29 27 30 37 37 37 38 29 29 27 31 33 32 26 35 35 36 35 28 72 31 32 52 27 30 29 28 27 27 28 28 61 28 27 26 27 16 14 22 20 23 64 77 63 43 16 16 15
23 26 28 30 40 34 32 25 64 84 82 80 80 79 77 79 84 85 90 104 102 110 101 105 95 96 96 87 82 80 71 60 58 47 34 19 13 0 0 15 19 22 28 26 25 24 23 24 23 27 25 36 32 32 34 29 25 26 29 28 25 26 44 35 34 32 34 31 36 35 33 44 27 31 27 22 22 29 29 40 42 29 28 28 21 33 33 41 27 24 34 32 45 23 39 43
20 23 29 31 31 33 29 41 23 80 100 110 100 90 87 89 87 94 100 95 98 105 91 88 87 76 68 64 55 48 43 24 15 19 0 23 32 34 34 22 23 35 28 26 23 24 23 27 23 24 26 29 31 17 28 30 28 25 23 21 28 36 27 35 21 29 32 32 30 27 29 46 30 27 25 27 27 30 27 27 22 27 29 29 22 27 27 39 41 29 30 60 35 33 40 42
23 20 23 26 32 31 31 40 21 62 79 81 86 83 84 90 95 92 91 100 98 89 84 75 57 40 29 17 17 16 0 7 25 19 32 32 21 21 21 21 19 24 24 16 28 28 22 28 28 31 22 24 26 28 26 26 28 31 31 28 27 26 28 30 25 30 28 27 27 27 46 37 27 23 28 28 52 28 25 28 20 23 23 25 27 19 29 29 25 25 24 50 40 38 38 37
24 20 23 23 23 29 28 28 35 20 22 19 63 83 96 101 101 104 96 84 51 35 27 15 0 0 0 15 37 23 22 32 35 33 20 19 33 34 21 20 23 19 16 27 25 25 20 19 26 25 25 24 24 25 26 25 27 27 26 25 24 23 30 20 28 25 25 25 25 25 24 23 23 23 25 25 25 25 25 25 25 25 25 25 23 18 25 25 27 25 27 77 27 34 33 34
20 24 20 20 20 23 26 30 26 29 28 24 19 45 60 69 66 56 24 22 25 23 12 25 30 21 34 35 19 22 23 24 28 29 29 29 29 26 29 22 27 20 20 16 23 19 20 20 20 26 23 23 23 22 22 23 26 23 24 26 27 25 23 24 25 25 25 22 33 24 27 38 36 25 20 23 26 23 23 23 25 23 25 25 28 18 16 23 28 16 23 48 27 31 36 35
20 31 25 22 38 23 23 23 26 20 21 21 18 18 19 23 27 27 23 22 23 23 33 33 36 36 31 34 34 31 31 34 29 26 26 26 29 29 20 18 23 20 7 23 23 23 23 26 31 38 39 15 23 24 22 17 17 17 24 24 23 20 26 26 27 23 37 25 38 33 19 22 29 23 23 17 17 23 31 17 17 20 20 26 23 28 20 20 16 18 16 25 20 26 31 17
20 31 27 86 27 23 26 23 23 23 23 31 31 19 21 25 26 25 26 25 26 25 31 34 28 28 28 26 26 26 29 29 29 26 29 29 23 23 23 26 23 7 6 23 23 20 23 23 20 15 20 22 14 19 20 23 20 23 23 23 22 39 40 20 22 21 27 25 32 38 23 25 31 20 20 17 17 17 17 36 17 39 33 17 34 29 23 24 20 23 20 23 20 52 25 23
20 27 20 20 45 27 23 23 24 30 20 23 22 22 26 20 25 26 24 23 22 21 18 26 26 26 26 26 26 23 26 23 26 23 26 23 17 23 23 20 20 15 15 23 35 20 23 20 22 22 35 39 20 23 20 16 30 20 20 20 23 23 23 22 22 23 23 17 25 20 20 29 20 34 23 23 17 17 17 28 29 34 44 33 34 34 17 17 20 23 23 17 34 49 20 23
23 24 20 24 20 20 24 42 23 27 27 23 26 26 23 23 24 23 22 22 20 29 26 26 20 23 23 26 23 23 23 23 23 23 23 23 23 20 23 33 15 18 27 28 27 31 29 33 18 36 32 28 20 19 37 19 39 22 20 20 20 19 22 28 23 20 21 23 23 29 26 20 27 23 20 20 20 20 20 20 17 72 52 23 49 20 14 20 17 20 20 17 17 23 42 20
23 20 21 20 20 16 20 20 23 23 23 26 23 26 26 26 23 20 21 21 21 21 19 23 23 23 23 23 23 23 23 20 23 23 20 20 20 20 20 20 15 15 26 20 17 17 20 22 23 27 19 22 23 21 28 42 33 17 17 20 21 24 24 22 20 17 24 24 19 16 20 20 17 20 17 20 20 20 14 17 17 23 53 17 20 20 17 17 17 17 20 20 29 17 20 17
20 30 30 20 20 20 20 17 23 27 32 34 27 23 23 23 23 23 23 26 20 21 32 35 23 20 20 20 20 23 23 17 23 20 17 20 20 17 20 15 32 36 20 20 17 37 27 17 23 24 16 11 20 34 25 43 31 19 17 17 17 13 17 23 27 28 25 17 17 24 17 20 13 13 13 35 20 17 17 17 17 14 14 14 20 23 23 17 20 17 17 29 26 26 30 17
27 22 20 20 20 20 20 29 27 20 21 23 24 20 20 20 23 23 23 23 22 24 20 23 33 20 20 20 20 20 20 17 20 17 20 20 17 20 17 11 16 20 20 20 19 30 20 20 18 19 18 13 13 13 13 17 17 20 17 17 20 13 17 13 32 13 24 26 28 21 17 10 18 18 13 17 36 17 13 13 13 20 17 20 39 50 46 20 17 20 14 28 17 14 22 17
16 16 29 24 20 24 20 22 22 20 20 20 20 20 20 20 20 17 17 23 26 26 18 20 20 20 20 20 20 23 20 20 20 13 13 13 42 41 40 16 16 17 20 20 20 17 35 16 17 15 34 32 18 17 13 13 17 17 17 13 17 13 20 20 21 21 21 22 24 27 23 20 25 25 13 13 13 13 13 13 17 17 20 68 17 17 20 17 17 31 28 29 17 20 27 27
36 29 26 26 18 25 24 16 20 17 16 20 20 13 20 20 20 17 47 17 36 36 35 17 17 17 20 20 20 20 23 17 17 17 17 17 20 17 16 43 39 17 20 20 20 20 24 27 17 20 37 33 17 17 13 17 13 17 17 13 20 13 23 25 24 21 23 21 18 19 22 21 9 13 10 10 13 13 13 17 17 13 17 60 37 13 10 20 20 17 17 28 30 27 28 25
16 24 25 19 20 21 20 19 20 24 22 19 16 20 20 27 17 17 45 17 32 17 20 20 17 20 20 17 17 20 17 13 17 17 13 20 20 20 9 22 30 42 17 13 17 20 20 17 17 20 20 10 17 17 13 13 17 19 13 13 13 17 17 20 22 23 24 23 21 22 25 25 13 13 13 13 13 10 13 13 13 17 17 13 33 13 38 29 32 20 20 17 20 17 25 27
20 28 22 27 24 26 18 25 25 20 17 21 20 20 24 20 77 81 46 29 27 17 20 17 17 20 13 17 13 20 20 13 13 43 13 17 17 17 15 16 14 20 28 35 34 20 20 17 17 13 13 13 13 13 13 13 39 13 13 13 13 22 24 26 23 24 20 19 22 25 20 9 13 13 13 9 9 13 9 13 13 28 28 10 13 28 13 52 32 32 17 17 17 17 26 20
30 25 24 26 18 23 17 17 22 22 23 25 27 29 30 30 28 54 41 27 13 17 17 17 17 13 13 13 13 31 19 13 17 20 34 46 44 24 24 20 17 17 20 17 14 17 17 13 13 20 13 13 20 27 40 13 27 13 13 13 13 13 16 16 16 19 21 13 25 21 18 19 13 9 13 13 18 16 13 31 13 29 9 9 13 28 13 19 61 29 17 14 17 20 25 28
23 26 28 23 23 24 16 24 27 28 25 24 24 24 25 30 31 25 23 13 17 17 17 13 13 13 13 25 20 13 23 22 17 13 34 13 23 36 30 13 20 17 17 20 17 13 13 17 17 40 13 13 32 13 13 31 30 13 27 23 24 16 17 13 16 22 27 28 24 26 28 24 24 13 13 13 13 22 13 18 23 24 9 13 13 24 30 27 50 17 13 13 17 17 26 25
16 20 20 20 16 30 20 22 25 22 26 26 27 31 30 28 24 23 17 20 20 13 13 13 17 13 17 20 23 23 17 42 17 13 33 13 17 22 32 33 36 17 17 17 17 17 17 13 13 19 23 13 10 13 30 23 13 26 16 16 16 16 18 18 15 16 16 16 13 16 9 9 13 9 13 13 13 13 13 13 13 9 24 33 31 40 13 23 26 13 13 13 31 32 27 21
20 16 25 29 26 26 28 26 25 26 29 32 22 22 16 16 27 13 46 16 20 13 13 17 29 20 17 35 33 35 13 13 13 39 13 13 5 5 6 17 17 17 10 10 34 20 13 13 13 20 13 13 13 13 30 13 16 19 20 18 16 16 13 23 36 13 19 21 16 16 13 9 13 23 18 16 13 21 21 18 13 9 13 20 28 28 35 31 13 13 38 13 19 25 27 31
16 16 25 26 25 31 25 26 23 21 29 29 20 16 20 20 20 17 13 20 20 18 13 17 35 19 13 13 45 13 13 13 18 34 39 40 5 7 13 13 17 17 10 31 30 13 20 10 13 13 27 16 19 23 21 9 16 21 18 13 16 16 16 13 29 28 26 13 13 16 9 9 16 21 24 29 31 13 17 19 13 9 9 9 16 23 13 39 30 13 13 38 30 21 21 35
16 16 24 24 24 22 22 24 23 25 25 21 23 23 23 20 16 16 16 16 16 20 13 13 9 13 13 33 29 27 22 21 17 17 18 24 5 0 13 13 20 20 13 17 13 13 13 13 13 13 26 17 13 27 13 16 16 16 16 16 13 9 13 12 16 24 16 16 16 16 16 9 22 24 25 24 29 9 26 25 29 23 21 32 31 28 13 13 31 13 30 24 22 26 23 22
16 25 26 27 26 24 29 30 27 22 23 20 26 21 26 20 16 16 16 16 13 17 13 10 35 33 31 30 27 29 27 26 24 27 26 18 30 28 30 26 31 30 13 13 13 10 13 13 19 24 38 16 36 32 16 16 16 16 20 13 13 9 16 12 12 16 13 16 16 16 13 9 13 13 15 12 16 19 23 26 22 17 17 20 13 9 9 13 9 24 24 21 14 24 27 25
20 30 29 27 26 23 22 27 26 24 16 16 28 24 23 16 20 20 20 20 13 38 35 29 31 30 22 19 24 21 22 23 22 25 13 23 26 13 13 13 14 13 16 9 10 10 24 23 19 16 13 16 26 16 9 16 20 16 16 13 16 12 16 16 8 12 12 16 12 9 9 9 9 15 16 12 27 30 27 24 25 28 28 25 29 9 9 9 24 23 25 27 22 18 23 22
16 19 21 24 26 25 21 22 29 31 30 29 24 21 21 16 16 13 20 16 9 13 25 24 25 13 26 21 19 28 40 35 28 13 9 18 33 30 29 14 16 13 13 13 13 9 24 13 16 16 9 16 16 9 16 13 16 16 13 13 16 16 16 12 16 16 8 12 16 16 25 28 27 12 16 31 32 23 20 20 20 5 9 9 26 28 31 31 28 29 24 23 25 26 22 32
20 21 21 20 21 24 24 27 28 25 22 19 22 28 25 24 16 20 16 16 13 13 30 26 26 28 25 16 9 13 9 18 18 13 12 19 21 9 13 16 16 13 13 9 13 9 32 13 13 13 16 12 16 12 12 13 16 13 13 13 12 12 12 13 20 12 12 12 16 16 23 28 25 30 35 29 16 16 24 28 24 26 30 27 26 28 22 25 24 24 22 19 9 13 10 28
16 16 20 16 13 23 22 22 20 27 30 31 28 16 15 20 16 16 13 16 13 20 13 20 13 30 16 16 16 16 16 20 13 16 12 7 13 16 16 16 16 22 16 16 14 33 16 34 16 16 16 16 8 12 16 13 16 16 16 16 16 12 12 16 16 16 16 12 30 28 22 21 28 24 18 28 26 29 26 29 26 21 26 23 34 26 25 24 25 22 25 24 20 9 13 13
16 16 13 16 27 26 20 24 27 24 25 23 19 19 26 23 13 20 16 13 13 16 13 16 16 16 16 36 13 13 9 9 16 13 11 7 16 16 13 13 16 26 16 16 16 16 23 23 29 30 27 16 12 12 16 12 16 12 16 12 12 12 12 13 16 12 16 25 22 22 22 20 24 29 23 19 22 21 19 17 24 21 20 23 18 20 22 22 27 12 22 24 19 13 13 9
20 16 13 24 26 25 28 26 23 21 19 21 30 33 25 17 16 20 20 20 20 20 16 16 17 14 22 9 16 16 16 16 16 13 15 15 16 13 13 10 13 9 16 38 13 13 13 16 16 12 16 16 13 13 16 16 8 8 12 16 16 16 16 28 12 12 12 20 19 21 26 25 18 8 20 22 23 17 25 26 25 31 37 26 28 25 24 22 27 26 22 17 9 13 13 13
13 20 27 24 23 21 16 18 21 20 14 16 16 13 23 25 23 13 13 13 13 16 16 29 13 9 24 16 13 16 13 13 16 10 10 10 13 13 13 13 16 13 22 16 34 16 16 16 16 29 16 16 16 16 16 12 16 12 16 35 12 16 16 24 30 12 16 26 26 25 19 20 26 8 22 18 16 22 19 24 19 18 17 21 22 24 19 9 9 23 21 33 23 25 23 9
11 25 24 21 23 28 27 26 25 18 16 16 16 13 22 16 16 16 16 16 16 13 13 30 13 16 16 16 18 19 16 31 13 20 15 16 13 13 16 16 23 16 16 16 16 13 28 16 16 12 8 12 12 12 8 12 12 16 12 18 28 30 28 24 29 29 27 27 28 27 26 9 20 26 24 21 21 21 22 31 31 23 27 23 19 22 18 9 13 42 22 20 13 26 20 23
26 16 16 20 16 18 25 21 22 22 19 16 12 16 9 17 17 18 16 16 9 20 16 33 9 16 13 24 22 18 16 13 9 4 3 16 16 13 16 16 16 13 25 16 22 28 24 16 12 8 16 8 8 8 8 32 34 12 16 16 12 20 23 23 24 28 29 25 24 27 35 34 26 18 27 20 24 28 18 19 25 23 22 23 24 22 19 13 9 9 29 20 18 30 13 13
16 16 28 26 12 21 25 25 23 21 22 25 16 16 20 23 21 20 20 26 13 16 16 13 25 9 16 29 21 16 12 13 16 19 12 16 16 22 18 14 24 33 27 16 16 22 12 8 8 12 8 8 8 8 8 8 23 16 12 16 12 19 22 25 20 16 13 16 19 15 16 18 27 22 24 27 17 25 24 18 16 16 16 16 16 19 16 9 9 22 27 23 19 9 9 29
16 30 27 23 21 20 20 24 29 25 19 24 16 22 17 13 23 20 13 27 12 16 9 13 13 16 12 29 25 20 12 13 15 16 17 19 23 29 16 16 16 12 26 12 16 16 16 8 8 8 8 12 12 12 12 12 13 9 13 16 12 23 19 29 26 26 16 17 20 16 12 20 22 19 18 27 23 18 18 12 16 16 12 16 16 21 9 9 20 19 17 22 22 13 13 29
13 21 22 14 16 16 16 19 19 26 26 27 16 22 16 12 8 25 23 16 12 16 16 16 13 16 16 12 24 32 16 16 6 15 16 9 13 16 16 13 29 25 25 12 12 8 8 16 12 12 12 16 13 13 13 6 30 31 13 27 23 19 13 12 25 33 34 30 28 27 30 27 25 24 23 24 30 27 16 16 18 12 12 16 16 9 9 9 25 25 23 13 24 19 13 24
13 21 21 14 16 12 16 16 16 16 12 9 9 19 17 16 16 12 13 16 16 16 16 16 12 22 24 16 13 21 16 11 11 16 16 30 25 16 16 24 24 16 16 12 16 8 12 16 12 29 30 16 16 13 16 12 19 26 27 28 28 27 23 16 12 12 12 30 33 27 20 27 30 28 26 21 16 12 12 16 16 16 12 12 16 9 9 9 13 24 22 19 19 13 13 18
36 35 36 34 16 16 12 12 16 16 16 16 16 16 14 15 13 16 16 13 16 13 12 23 21 23 16 13 16 16 13 11 15 16 30 20 16 16 21 24 12 16 16 16 16 16 16 16 16 16 13 16 16 29 32 16 16 20 20 20 21 22 23 21 22 19 12 16 16 24 12 12 28 28 23 20 12 12 12 12 16 16 16 31 9 25 9 9 22 19 25 28 26 25 25 20
16 13 16 16 16 16 13 16 12 16 16 16 13 16 20 17 16 16 18 15 25 25 21 25 9 13 12 16 12 12 12 11 15 9 9 13 16 28 23 16 16 16 12 16 12 16 12 16 16 16 13 16 16 18 30 32 28 22 18 19 22 25 26 23 16 12 12 12 12 12 8 12 12 16 16 12 12 16 16 12 12 16 16 9 9 12 17 16 9 23 26 27 28 25 21 18
16 20 19 16 10 16 13 16 16 13 13 16 21 20 13 13 12 16 17 16 18 28 21 13 13 16 12 12 12 31 6 6 16 16 12 12 24 24 20 16 9 12 12 12 16 16 29 16 12 16 9 29 16 23 18 25 26 24 24 22 18 19 22 16 16 12 12 12 12 16 12 12 12 12 12 16 12 12 12 12 12 41 16 12 9 9 9 9 9 13 13 9 9 13 18 9
12 16 16 16 16 20 13 12 16 16 22 15 23 20 16 13 16 22 16 15 19 16 12 12 16 16 16 12 12 25 15 15 16 16 12 25 26 13 16 12 12 12 16 16 16 16 22 29 16 16 16 26 27 22 15 16 12 16 24 26 23 8 12 12 12 16 8 16 16 16 16 12 16 12 8 16 8 8 8 12 16 12 12 9 9 19 12 16 9 13 13 9 9 16 21 13
16 12 13 13 16 16 16 16 16 16 28 16 21 20 17 15 27 23 20 17 13 14 12 16 16 16 12 12 16 23 10 10 16 12 16 30 9 16 12 16 16 16 16 16 12 16 12 16 28 16 24 23 28 29 25 19 17 16 16 16 23 12 16 8 22 3 8 8 8 8 16 16 30 19 12 16 16 12 12 12 9 36 16 12 22 19 12 9 9 13 9 9 19 23 28 28
12 16 16 16 16 16 13 19 20 20 28 13 12 16 12 16 27 12 12 18 21 18 16 13 12 28 30 12 12 25 15 6 13 25 23 26 12 12 16 12 16 12 16 16 12 16 12 16 24 26 27 22 19 20 20 19 17 8 8 16 16 8 7 7 7 8 16 8 12 8 8 12 16 16 12 16 12 12 9 9 9 9 16 12 12 9 9 9 13 13 9 9 24 25 9 6
12 16 16 16 16 16 23 16 16 16 16 16 16 16 19 16 32 29 25 20 16 17 13 13 8 8 26 12 12 14 15 9 13 23 16 16 13 13 12 16 16 16 16 20 16 16 21 16 23 19 16 19 22 21 19 21 23 8 16 16 8 7 7 7 7 8 12 12 12 12 12 16 16 12 12 12 16 12 12 12 9 5 12 12 9 9 9 13 9 9 9 13 9 9 9 9
13 16 16 16 16 20 12 16 26 22 26 16 27 20 17 20 19 24 13 16 12 21 14 12 12 16 16 12 16 37 14 13 21 16 16 16 13 16 12 16 13 16 16 16 16 16 16 16 22 20 19 17 18 23 21 19 26 31 30 26 12 11 7 12 8 16 16 16 12 16 12 12 8 12 12 12 12 12 12 16 9 12 9 5 12 12 12 13 9 9 9 13 9 9 9 9
13 16 13 13 13 16 16 9 23 16 16 16 31 16 12 15 16 18 15 18 24 20 16 12 16 16 16 12 17 12 5 16 24 13 16 16 16 16 16 13 16 16 13 16 16 16 16 24 24 19 21 22 20 23 24 21 8 12 16 12 7 7 8 16 16 12 16 16 16 12 16 12 16 12 16 8 8 12 9 13 16 9 9 5 5 12 12 9 13 9 9 9 9 9 9 9
16 16 16 16 13 16 16 9 16 16 33 23 28 16 16 12 19 18 13 17 24 17 18 29 16 12 12 16 25 21 20 26 28 16 16 16 16 12 16 16 16 16 27 16 12 26 25 24 23 16 21 25 22 20 22 19 16 16 12 12 7 8 8 8 16 16 16 16 12 16 16 16 12 16 12 16 16 9 9 9 16 16 5 9 9 5 9 9 9 9 9 9 9 13 9 9
16 16 16 16 16 16 12 16 16 22 21 16 16 16 16 16 16 16 8 19 25 20 18 17 13 16 23 17 19 22 20 16 20 29 16 12 16 12 16 16 16 16 23 16 24 26 29 25 24 26 26 24 21 19 22 21 21 22 22 17 12 16 12 12 12 12 8 8 12 8 8 16 23 21 16 8 12 9 9 9 9 12 9 9 5 5 9 9 9 9 9 9 9 9 9 9
20 22 28 16 24 22 24 19 22 24 16 16 16 16 12 16 16 16 12 16 18 17 16 21 17 21 32 28 19 27 12 12 16 23 35 16 16 16 16 16 12 16 12 20 16 14 18 25 25 24 24 26 25 22 22 21 23 12 12 12 12 16 16 16 8 12 12 7 8 12 16 12 12 16 8 16 9 13 13 9 12 5 9 12 12 12 9 9 9 13 13 5 9 5 9 9
16 16 16 10 29 16 13 24 16 16 16 16 12 12 16 16 16 16 30 28 12 24 21 21 17 18 18 19 40 28 21 16 13 18 24 16 33 8 26 19 16 16 16 16 12 12 19 21 18 19 20 25 23 23 23 21 18 12 16 12 16 16 12 8 8 8 8 8 8 21 20 20 12 8 8 12 15 13 9 12 12 12 12 12 12 9 9 5 5 5 9 13 9 9 13 9
31 16 12 16 37 13 16 13 13 16 16 16 16 12 16 16 16 16 16 16 16 22 8 16 18 23 25 26 20 20 29 30 16 16 16 16 26 16 12 27 27 23 13 16 26 22 21 22 12 23 21 21 22 21 19 23 20 20 12 12 16 16 12 12 3 8 12 12 16 8 20 20 22 8 12 22 24 24 19 12 12 12 12 12 16 16 9 9 9 5 9 5 9 9 13 13
