examples/data/proba_v_italy_sicily/probav_s10_toc_x19y03_20141011_333m_ndvi_v001.txt
ncols         1127
nrows         589
xllcorner     12.348214285714
yllcorner     36.598214285714
cellsize      0.0029761904761905
NODATA_value  -9999
[rows 416 to 467 of 589, columns 960 to 1055 of 1127]
125 129 135 136 112 81 85 78 55 59 61 67 79 83 76 64 37 37 35 35 34 34 34 33 34 24 29 30 29 32 29 27 27 25 25 8 16 4 0 4 8 4 0 3 7 29 3 27 8 4 24 26 25 23 24 23 23 24 23 24 25 24 24 23 24 24 24 25 24 25 24 24 24 24 24 23 23 22 22 23 22 22 22 21 24 24 21 20 20 18 18 19 21 20 19 20
124 103 113 111 89 68 83 60 55 66 60 59 59 56 60 66 76 68 55 34 37 34 34 34 33 83 88 90 79 34 31 31 31 28 24 25 25 4 0 0 8 4 4 3 3 3 27 24 0 0 4 0 0 24 25 24 24 23 23 0 0 17 25 25 24 23 23 24 23 23 23 25 25 24 25 24 24 25 23 21 22 24 25 25 24 24 22 22 21 23 22 20 19 21 23 23
111 101 97 93 92 84 94 89 74 79 78 73 102 88 61 53 58 62 66 78 89 89 92 90 91 91 91 98 100 96 87 33 29 30 29 27 27 26 4 27 4 12 4 28 3 0 28 27 25 24 0 0 0 0 24 25 25 23 7 7 23 25 26 27 26 24 25 25 23 23 26 24 22 23 24 23 22 24 23 23 24 22 22 24 24 24 23 24 22 22 23 23 22 20 21 21
90 91 84 92 115 126 110 91 92 92 82 78 115 108 67 79 91 88 79 90 102 99 88 84 95 98 88 99 100 89 85 70 30 28 32 28 27 27 8 8 28 4 4 29 28 0 27 25 26 25 24 0 23 24 23 23 25 26 23 24 24 26 27 25 26 27 24 23 23 22 23 23 21 22 23 22 22 24 24 24 24 24 22 22 21 22 22 21 21 20 21 22 22 23 22 21
89 105 97 99 108 102 96 105 115 108 95 105 128 137 127 121 118 116 108 102 92 68 63 71 94 103 94 94 88 72 78 84 34 30 28 27 25 8 28 8 8 3 3 28 28 30 28 29 29 27 25 25 25 26 25 26 28 26 28 28 26 15 29 27 26 27 26 23 23 23 23 26 23 22 22 21 19 19 21 21 23 22 20 21 20 21 22 21 21 21 23 23 23 23 22 22
102 112 112 106 111 107 128 163 137 112 103 96 103 116 94 88 91 97 95 88 83 70 69 66 74 81 88 94 82 69 80 92 78 31 28 27 27 27 28 12 28 31 27 3 27 27 28 25 25 25 26 27 27 26 26 24 26 27 27 27 26 16 3 25 26 26 27 27 24 23 24 26 23 22 22 22 23 24 24 22 23 23 20 22 23 22 23 24 23 23 21 22 25 23 22 19
84 91 99 110 136 126 116 147 118 98 94 88 85 89 82 76 76 80 80 74 73 73 64 57 58 64 71 65 62 66 65 73 72 31 30 28 26 27 12 8 0 31 31 30 30 32 30 27 26 27 28 29 27 27 31 30 27 26 0 25 24 24 26 26 26 26 25 24 23 23 22 22 23 25 24 24 23 23 24 21 24 25 23 23 24 23 23 25 24 25 23 21 23 24 24 23
95 66 67 85 110 139 123 110 99 96 97 97 97 88 85 84 81 75 80 72 72 74 83 85 57 64 85 67 62 76 67 69 69 37 31 29 29 26 27 0 0 30 31 29 30 30 31 30 30 31 25 3 29 28 28 29 29 27 25 25 27 27 26 27 27 26 24 23 22 20 20 21 23 24 25 25 24 23 21 22 24 25 23 23 24 23 24 24 26 25 24 21 20 23 23 24
127 100 105 120 125 127 116 111 116 106 99 95 86 86 83 74 74 75 78 71 78 84 79 106 73 69 64 52 50 59 62 71 68 35 33 32 30 28 24 29 30 28 29 27 29 31 32 33 29 30 30 27 0 3 3 28 27 28 28 26 24 23 25 26 25 26 27 28 25 21 23 23 21 20 22 22 24 24 21 21 22 25 26 24 25 24 24 22 22 25 24 21 21 23 26 26
99 101 110 120 112 101 103 93 113 130 106 87 68 75 83 67 66 84 78 72 84 98 80 91 85 69 60 46 43 55 64 67 69 37 32 31 29 28 28 30 31 31 30 31 28 27 27 29 29 28 27 0 25 28 26 3 24 27 29 28 28 27 27 28 29 25 24 25 26 24 22 22 21 22 22 21 22 22 23 21 21 24 23 22 23 23 23 22 23 24 21 21 23 21 20 24
148 135 115 114 109 119 117 100 104 118 116 100 100 93 83 77 68 83 91 92 72 83 100 80 85 63 60 67 64 59 59 54 61 33 29 33 30 30 30 28 30 31 31 30 30 28 27 27 30 29 27 26 25 28 27 23 27 29 29 31 30 28 27 26 27 26 25 24 24 28 24 23 24 24 24 24 22 24 23 21 19 21 22 22 22 23 24 25 23 23 23 21 23 24 23 28
157 154 139 127 121 115 125 117 112 141 105 81 85 74 68 80 85 103 110 100 80 81 98 75 85 88 83 105 94 78 79 69 60 32 29 30 27 29 28 27 29 30 32 31 31 31 33 29 27 27 29 28 25 26 27 27 26 27 28 27 27 28 29 29 28 27 28 27 24 25 28 27 29 24 23 23 24 24 23 22 23 22 21 22 21 21 22 21 21 22 25 23 23 24 22 24
174 148 154 153 137 99 110 142 159 170 154 87 88 102 111 101 103 106 103 101 93 86 98 102 111 105 76 93 73 69 81 66 33 30 30 29 27 27 28 26 24 29 29 29 32 32 30 30 30 29 29 30 27 27 27 25 28 30 32 30 29 28 27 30 29 23 25 28 27 25 26 25 24 23 23 23 21 23 27 28 25 25 22 21 21 22 22 20 20 23 24 21 22 24 25 25
169 189 191 136 117 110 112 169 177 159 130 70 73 115 152 129 119 135 125 85 76 81 108 131 124 93 71 80 67 66 56 36 31 30 27 28 28 27 28 30 31 29 27 28 27 28 28 29 30 29 31 32 31 30 31 32 31 3 30 33 32 30 28 30 27 25 25 24 27 28 28 24 24 23 23 25 24 24 23 23 23 24 23 23 22 22 24 23 26 28 28 25 22 24 25 24
173 168 156 124 105 139 128 165 180 145 148 131 133 118 145 157 128 136 136 93 83 81 85 110 99 82 59 50 47 56 46 35 33 33 30 29 29 29 27 29 31 30 29 30 28 33 32 31 32 32 33 33 32 32 32 30 3 15 18 27 28 31 32 34 30 27 26 27 25 23 7 22 23 23 24 25 23 21 24 23 24 24 23 24 24 24 26 25 23 21 23 24 22 22 23 23
179 163 162 156 128 169 186 182 194 156 133 133 146 139 115 112 108 110 99 74 105 116 73 77 91 73 57 54 51 34 30 33 30 29 28 26 27 28 27 30 31 28 30 29 29 30 33 7 3 0 0 7 0 0 0 3 29 28 27 25 27 26 25 34 35 22 20 27 30 31 23 25 28 28 26 23 22 24 23 23 23 23 23 25 27 26 25 21 23 24 23 22 22 23 22 21
150 126 149 176 149 156 187 185 187 187 164 140 165 163 140 121 139 165 144 125 121 118 98 66 77 69 58 62 49 43 43 30 29 27 28 25 24 27 26 28 28 3 28 28 29 7 27 7 7 3 3 3 3 0 0 0 3 18 18 3 3 7 0 3 37 33 28 29 32 34 29 19 2 26 27 26 23 20 20 22 22 22 23 22 21 19 22 24 23 24 24 22 22 21 22 21
132 144 159 156 136 151 155 134 125 158 167 150 165 178 177 170 153 170 168 99 87 105 96 67 48 38 40 40 40 51 44 44 29 29 31 28 27 27 25 25 12 27 7 7 27 29 7 7 7 7 7 3 3 3 3 3 15 15 18 3 7 7 2 7 3 38 33 26 29 24 24 22 20 2 2 25 22 21 23 22 22 20 23 28 27 23 20 19 24 24 21 20 29 24 24 24
154 152 174 173 127 130 127 96 104 143 190 194 200 202 205 198 185 179 139 91 67 79 81 53 35 34 32 33 38 59 48 37 32 30 29 32 30 29 29 26 23 7 7 11 26 29 7 3 7 7 7 7 7 3 3 3 15 15 3 3 2 2 2 2 2 2 2 2 2 2 24 22 23 27 21 20 22 22 23 23 21 22 21 21 22 21 22 22 20 23 22 22 20 22 22 23
153 133 132 147 126 122 137 110 109 144 132 134 161 173 186 186 180 170 163 172 121 86 55 30 38 35 32 32 31 51 44 34 33 30 31 31 29 28 27 28 27 24 24 23 19 21 3 3 3 7 7 3 3 3 3 3 16 18 3 3 2 2 2 2 11 2 7 7 2 2 31 30 2 2 2 22 19 19 21 22 19 19 23 21 23 24 21 20 21 21 19 19 19 19 16 15
121 115 117 136 139 142 148 116 143 104 89 130 126 90 129 160 157 149 152 154 123 95 48 27 40 39 34 30 32 34 39 33 32 29 30 28 26 27 29 30 32 33 32 34 30 22 3 7 10 7 30 34 22 13 16 21 16 15 3 3 3 3 7 7 7 7 15 7 2 2 17 16 2 11 2 22 19 18 18 20 20 18 19 21 20 19 18 19 18 20 21 23 23 26 26 26
108 117 149 154 139 157 160 135 185 185 153 142 122 84 80 106 130 140 119 136 140 87 44 31 38 40 37 30 30 30 33 32 31 30 31 31 28 28 26 27 25 30 33 34 32 25 25 41 36 7 21 25 0 3 7 16 28 27 23 14 0 3 3 27 2 2 11 11 34 29 25 27 2 2 2 2 2 21 21 20 20 21 21 23 22 22 21 21 21 23 22 21 23 29 31 29
136 130 139 145 120 129 142 131 162 168 196 196 181 139 91 111 114 142 142 134 148 145 96 71 55 40 36 34 32 31 30 27 29 31 28 28 28 28 29 33 33 27 32 34 39 35 24 22 40 38 0 7 2 3 3 23 15 0 2 2 2 0 0 7 16 21 2 11 34 44 38 28 25 2 2 2 2 21 24 24 23 25 24 24 25 27 24 23 23 22 23 23 21 21 22 24
169 165 146 132 124 97 96 119 157 175 172 160 162 161 139 118 110 161 149 97 106 117 147 126 99 42 36 36 34 32 30 31 32 33 28 31 31 29 28 29 31 31 32 31 26 35 38 35 3 3 7 11 7 3 3 17 17 2 2 2 2 2 2 2 2 23 23 16 11 11 17 19 23 22 2 2 22 21 21 23 21 22 22 22 20 19 19 19 24 25 22 21 21 19 14 16
145 157 143 117 96 78 82 107 145 173 169 185 198 162 123 124 150 112 89 99 90 88 101 101 73 43 40 36 36 36 35 101 95 90 79 35 32 33 32 31 30 31 41 42 33 32 38 36 3 3 7 7 7 3 17 17 47 50 15 2 38 50 11 11 2 0 2 2 2 2 11 11 20 23 18 24 23 20 20 20 20 20 20 22 24 24 26 22 23 24 23 22 21 20 22 24
110 113 143 152 115 131 129 127 132 140 156 159 170 150 136 137 146 113 94 136 144 90 101 116 98 43 42 40 37 41 81 125 120 102 84 81 83 37 34 32 32 30 27 38 39 29 26 36 7 3 3 11 7 3 17 17 7 30 45 38 31 31 41 2 2 2 2 2 2 2 2 11 6 11 18 22 20 18 20 20 20 20 18 20 22 24 24 22 19 22 26 27 27 26 24 24
134 134 157 198 166 150 123 142 167 162 160 145 140 141 160 161 121 106 101 116 132 89 118 131 124 84 40 34 38 81 113 129 133 94 69 87 107 92 32 32 31 35 30 28 44 42 33 37 44 3 3 7 47 46 17 19 7 2 36 41 36 34 33 2 2 2 2 2 2 2 2 0 11 11 22 22 27 27 22 16 16 19 19 20 21 22 21 21 18 19 24 28 30 30 32 33
134 145 130 148 134 104 114 156 173 121 100 135 113 106 130 162 133 128 121 137 130 93 94 92 106 121 114 105 99 98 112 128 138 111 105 118 122 100 35 33 33 30 39 33 27 36 39 39 37 39 38 33 36 48 47 41 2 26 24 33 37 35 35 2 2 2 2 2 2 2 2 2 2 0 0 0 16 22 21 26 23 22 21 21 20 21 20 20 21 23 23 28 33 28 26 26
122 115 127 117 117 121 156 174 184 167 152 162 90 75 131 172 138 134 145 134 114 90 63 62 79 105 121 109 99 110 109 112 119 110 104 120 131 114 88 34 37 38 37 34 32 33 27 34 38 37 40 37 32 32 43 48 44 36 24 2 2 41 46 40 45 2 2 2 2 2 2 2 0 0 0 0 0 17 23 20 20 15 17 21 23 23 24 23 21 24 24 25 32 34 32 35
101 86 130 144 111 119 166 169 175 178 181 162 117 127 165 177 111 83 116 100 59 108 82 86 102 113 97 94 96 95 82 110 129 136 117 98 113 117 101 44 35 36 33 30 29 40 35 32 34 32 27 26 31 31 33 45 36 33 26 11 2 2 36 40 31 42 44 45 39 2 2 2 11 6 11 0 0 0 22 22 22 25 23 24 20 19 21 24 24 27 27 25 25 29 26 30
122 95 108 150 86 101 148 130 114 137 159 182 197 182 154 138 118 87 98 111 103 165 158 101 93 106 102 100 110 118 95 100 121 136 119 87 103 118 112 90 35 35 33 29 29 31 32 28 27 34 35 30 27 29 19 11 36 25 20 11 2 2 2 37 34 33 30 37 44 45 2 2 11 10 10 10 11 33 26 26 25 26 21 21 27 26 22 23 23 23 23 23 22 27 24 25
189 160 119 133 121 150 143 155 155 123 112 144 169 171 142 87 102 101 106 130 91 126 154 144 111 111 109 100 94 102 117 94 86 105 109 101 109 108 116 108 89 36 31 30 28 29 29 30 32 30 33 36 31 24 17 11 11 37 33 11 35 27 15 21 18 19 28 30 32 31 30 29 34 6 10 27 30 25 22 23 19 18 21 22 24 25 24 23 23 26 23 25 26 28 27 29
176 153 144 159 155 154 148 158 160 139 150 168 159 161 136 112 110 101 87 83 79 81 139 164 159 109 89 106 130 104 91 85 88 104 108 113 109 92 105 114 110 99 40 31 32 31 31 29 29 29 28 33 37 30 11 11 25 26 30 33 34 0 2 24 2 2 2 2 2 0 0 0 6 6 6 6 32 29 26 22 24 24 23 24 23 25 24 24 7 23 0 2 22 22 27 27
145 174 182 163 144 128 135 146 158 171 174 169 178 171 163 130 85 80 102 102 100 110 130 124 112 102 86 74 92 105 102 101 112 118 111 106 105 75 77 96 108 115 104 38 32 31 28 27 24 26 28 28 29 19 2 2 34 2 2 26 31 0 0 2 0 0 2 0 0 0 0 2 6 6 6 6 6 6 6 6 20 20 7 2 0 23 3 3 3 3 23 7 22 23 22 25
171 184 138 85 111 136 165 161 153 150 140 175 192 171 158 159 129 105 118 93 105 112 109 106 112 102 96 99 97 103 97 82 36 49 107 102 103 86 84 96 104 125 138 103 33 24 18 22 22 24 25 27 20 20 3 27 29 2 2 2 6 0 0 0 0 0 2 0 0 0 11 11 6 11 6 6 11 18 19 18 19 22 7 3 0 0 0 3 3 3 3 3 7 26 19 3
200 160 96 69 101 144 161 164 158 156 142 195 190 169 155 137 147 136 111 103 105 96 114 117 110 104 101 112 93 86 43 37 44 42 49 113 106 107 108 100 100 102 111 114 80 39 31 25 24 25 24 24 18 3 7 34 2 2 2 11 6 2 0 0 0 2 2 2 6 6 11 10 10 15 10 10 6 23 21 22 19 22 21 3 3 3 3 3 3 3 26 3 0 27 28 15
195 188 100 64 61 100 141 151 178 184 139 146 123 103 146 156 134 146 141 132 115 111 104 93 73 79 94 94 40 34 36 34 44 40 37 47 113 109 108 109 101 91 95 99 82 35 32 29 29 30 29 27 29 25 25 36 36 11 6 6 6 6 6 2 0 6 2 2 11 11 11 10 10 10 10 10 6 22 16 1 6 22 28 23 21 3 3 3 3 3 3 3 3 3 32 21
195 168 98 63 69 107 150 151 141 163 125 88 81 87 115 117 106 115 119 116 112 102 76 52 49 42 36 34 36 55 49 44 42 39 37 35 75 110 89 95 104 106 114 105 81 29 29 28 27 28 28 28 32 30 2 2 35 6 10 10 6 6 6 6 6 6 11 11 6 11 15 10 10 10 10 10 6 31 21 10 6 7 20 20 18 16 18 7 7 7 7 3 3 3 34 37
159 135 159 139 158 150 117 116 131 125 97 104 128 119 97 89 84 111 104 114 114 68 52 52 48 42 37 79 33 33 32 47 39 38 37 34 33 31 33 35 35 35 36 38 32 28 27 26 25 26 28 26 36 38 2 0 6 6 10 10 10 10 10 10 10 10 11 6 6 15 15 15 10 10 10 10 19 15 23 30 23 18 20 20 23 23 24 23 3 7 7 3 3 3 3 26
99 98 158 197 174 142 126 116 137 156 135 140 179 163 115 118 114 143 116 100 79 53 53 50 43 39 34 67 61 50 49 42 36 35 33 32 30 32 33 33 30 29 27 27 27 27 27 27 27 26 28 29 36 41 2 2 11 6 10 10 10 10 10 10 10 10 10 5 10 15 10 10 10 10 10 10 20 21 20 24 21 7 21 25 24 24 24 22 24 27 25 3 7 7 0 0
197 205 205 192 147 143 160 160 127 184 170 160 176 160 135 125 110 110 140 129 91 80 75 49 41 37 35 57 54 46 43 42 37 34 35 32 33 32 32 31 31 28 27 27 27 27 27 26 27 26 28 32 31 33 40 0 6 10 10 5 10 10 10 10 10 10 15 15 10 10 10 10 10 10 10 32 28 27 21 19 19 19 23 28 30 24 23 20 3 28 30 21 11 7 0 0
226 221 210 192 159 139 151 165 164 158 147 144 146 138 138 110 96 110 113 123 105 76 54 45 40 36 54 29 29 45 39 37 35 36 33 35 34 33 30 31 31 30 29 29 28 27 26 25 26 24 25 27 34 39 34 42 38 10 10 5 10 15 10 37 40 10 10 15 10 5 44 10 10 10 29 30 29 29 23 27 30 27 25 7 7 20 3 22 3 23 26 23 11 3 0 24
193 195 196 179 170 170 152 154 177 165 156 175 185 181 179 137 120 127 126 121 112 93 53 59 40 34 32 42 45 41 39 33 34 33 29 30 30 30 32 30 30 28 27 27 26 24 24 25 25 24 24 26 25 29 37 41 47 43 37 33 32 30 31 31 34 38 33 34 33 41 45 41 5 28 25 23 20 27 29 24 25 21 0 2 21 21 21 23 21 23 26 26 22 23 3 23
116 131 144 143 192 201 205 182 151 149 187 199 183 166 174 145 123 131 118 103 100 86 48 43 53 47 43 40 38 16 16 16 16 16 20 12 28 28 28 28 26 25 27 25 26 26 26 26 26 25 25 24 23 23 23 26 34 36 40 39 34 27 25 29 29 36 33 32 27 23 22 10 10 28 30 29 21 17 23 20 18 21 6 22 25 23 22 24 23 21 24 25 21 23 3 3
70 119 132 100 138 155 161 178 180 168 181 179 188 151 134 137 125 112 103 88 65 54 48 42 37 45 29 13 35 16 16 16 8 8 8 8 8 28 28 28 27 27 25 24 10 24 23 24 25 24 26 25 24 24 26 26 28 34 33 30 32 31 27 25 25 24 24 27 27 28 33 36 33 30 25 24 22 19 26 30 26 22 6 22 23 21 19 23 23 20 3 25 25 25 3 3
111 126 109 111 118 126 137 176 164 119 132 152 165 147 138 127 115 97 83 66 56 51 47 51 34 32 30 27 20 16 16 16 8 8 8 8 8 4 28 28 28 27 7 24 25 23 23 24 25 23 24 24 23 24 26 29 25 26 28 29 28 25 25 26 26 28 29 31 31 33 26 10 5 10 10 13 26 27 25 25 25 24 21 25 26 25 23 22 25 25 3 3 3 2 3 7
115 98 100 134 151 145 155 162 123 114 113 120 128 127 123 110 101 92 80 64 56 48 42 48 35 37 16 16 16 8 8 16 16 8 8 12 12 28 3 28 3 27 27 27 26 26 27 26 26 24 25 26 24 23 24 24 27 25 28 27 28 28 24 24 27 27 27 29 30 34 34 15 10 10 6 10 17 28 24 25 23 24 24 24 20 21 30 28 23 24 27 23 3 2 2 31
134 127 126 144 144 131 130 120 118 131 126 116 109 100 90 90 86 76 69 51 48 45 38 36 40 37 12 16 16 8 12 12 4 4 8 12 8 3 7 7 28 28 7 2 27 27 27 25 24 26 25 24 23 11 25 26 25 24 27 28 27 26 25 25 26 26 25 27 29 30 42 43 5 10 10 15 18 10 1 16 18 19 20 23 23 20 21 29 29 25 27 26 3 0 28 3
141 145 132 122 124 126 123 126 120 100 65 57 82 67 53 51 50 47 49 44 44 41 36 32 37 20 8 12 16 4 4 12 8 4 8 8 29 7 7 7 7 3 7 7 11 15 6 20 25 25 24 6 11 11 11 25 24 26 26 28 26 25 25 25 25 26 25 25 24 26 32 36 36 37 34 25 15 17 25 27 21 25 18 6 24 23 22 25 26 28 28 25 3 3 27 2
135 128 127 135 134 127 119 116 72 67 73 66 53 58 60 59 54 46 44 42 40 37 34 20 20 35 12 12 12 12 8 8 8 8 8 12 7 7 3 3 0 3 3 2 15 15 11 20 21 11 6 6 6 25 11 26 26 26 0 6 6 6 10 28 27 25 25 27 27 27 23 26 40 44 41 33 27 23 25 29 28 28 27 20 19 21 2 2 2 7 7 0 24 22 3 3
127 95 74 111 122 117 90 57 56 58 56 61 56 56 51 50 49 43 42 38 42 20 20 20 20 12 12 12 12 8 4 8 8 8 12 8 7 7 7 7 3 3 7 11 11 11 11 19 18 11 11 6 6 11 11 11 26 11 11 6 6 10 10 10 10 10 5 5 27 25 31 29 22 26 35 39 34 26 20 1 28 28 32 32 26 24 22 2 7 3 3 23 28 29 25 17
93 53 54 58 83 71 53 55 56 53 52 47 45 44 50 46 46 45 38 35 39 20 12 12 12 12 8 16 16 8 4 8 3 8 8 8 3 7 7 7 7 7 11 11 15 15 20 15 15 15 10 11 11 11 11 11 20 20 15 10 6 0 6 10 10 15 5 5 5 25 25 30 24 17 21 23 28 29 24 20 23 26 25 25 25 23 21 2 0 0 28 23 26 30 26 22
