examples/data/proba_v_italy_sicily/probav_s10_toc_x19y03_20141201_333m_ndvi_v001.txt
ncols         1127
nrows         589
xllcorner     12.348214285714
yllcorner     36.598214285714
cellsize      0.0029761904761905
NODATA_value  -9999
[rows 51 to 101 of 589, columns 576 to 671 of 1127]
1 2 2 33 44 0 2 25 2 0 0 0 0 0 0 16 15 15 0 14 0 0 2 1 0 0 0 0 21 24 21 18 25 1 0 1 0 0 0 0 0 1 1 31 29 1 3 1 1 0 0 1 1 1 2 1 0 0 0 0 17 19 24 22 21 20 20 0 1 0 31 34 35 42 40 36 1 1 23 27 1 12 16 27 38 38 32 0 0 23 23 24 22 19 21 22
1 0 1 2 33 27 0 2 26 27 1 0 18 1 0 15 14 14 13 0 1 1 0 1 0 0 1 0 18 24 28 27 2 0 0 1 0 0 32 36 2 0 0 2 1 24 12 0 0 21 0 0 1 1 0 0 1 0 0 1 46 17 25 1 0 0 21 21 0 0 0 0 24 33 36 43 34 26 29 37 39 27 23 24 0 27 32 30 24 20 23 25 27 29 25 29
23 24 25 25 23 25 26 26 25 0 1 0 0 0 0 0 1 2 15 0 0 0 1 5 5 2 0 1 18 14 20 27 1 0 0 0 0 0 1 2 2 39 45 1 0 26 1 1 32 38 1 0 38 24 2 1 0 0 0 1 0 16 20 0 0 0 2 1 1 1 1 1 19 19 22 34 28 22 22 19 38 19 1 1 1 0 28 23 35 29 22 23 1 1 2 1
26 0 0 0 0 0 2 2 0 0 1 1 0 0 0 0 0 0 16 22 0 0 22 1 2 1 1 1 16 32 17 21 1 0 0 29 2 0 2 0 0 1 26 26 24 2 1 0 30 2 0 0 1 22 19 13 1 1 33 28 2 0 18 2 0 27 25 23 21 21 23 26 25 19 26 25 29 25 26 22 41 39 24 8 18 1 38 19 2 33 28 1 1 1 1 21
2 1 1 0 1 1 0 0 0 0 0 0 0 0 0 0 0 0 18 0 0 0 0 0 3 1 0 18 17 39 19 21 1 2 2 0 0 0 0 1 32 29 22 26 26 24 1 20 26 1 2 0 1 28 29 35 22 14 2 2 2 1 1 3 2 0 1 22 1 1 0 22 25 25 21 27 31 24 24 23 20 22 38 23 23 20 0 0 0 0 28 23 2 24 25 28
1 0 1 0 0 1 0 0 0 2 3 26 0 0 0 0 0 0 0 0 0 0 0 0 0 0 1 16 17 34 19 15 14 13 2 0 1 2 25 25 27 23 17 21 24 26 24 22 23 26 0 0 1 1 26 2 1 0 0 2 3 4 1 2 0 0 0 0 0 1 1 23 21 20 18 20 25 46 27 25 23 21 20 22 22 22 24 21 17 18 20 23 24 27 29 27
2 1 0 1 3 0 0 1 0 0 1 0 0 0 0 0 0 0 1 0 0 0 0 1 0 4 3 14 15 38 36 16 14 9 0 0 19 31 22 22 22 24 1 19 20 22 24 24 24 2 1 1 0 1 2 2 2 52 1 14 1 2 1 1 0 0 0 1 1 0 0 0 0 19 18 17 21 21 24 23 25 24 24 53 47 24 23 23 22 21 22 24 27 28 30 18
0 1 2 1 1 1 1 1 0 0 3 3 0 0 1 2 3 1 1 0 0 0 0 0 1 0 0 15 1 0 0 29 0 0 0 1 1 22 23 24 24 24 26 24 23 23 23 23 88 26 25 24 25 0 0 0 0 0 2 55 58 49 36 42 1 1 0 1 1 0 1 1 1 1 1 19 21 20 36 21 22 49 26 24 24 27 25 26 28 27 24 24 25 1 1 12
0 0 0 3 0 0 0 0 0 0 0 2 1 0 0 0 0 1 1 2 0 2 0 1 0 0 0 0 0 2 0 0 0 0 0 0 24 23 22 22 24 24 24 25 24 22 23 23 25 25 24 25 25 0 1 0 2 3 1 0 1 3 0 1 2 0 1 2 2 2 1 1 1 0 3 21 23 0 35 20 20 16 22 25 24 23 23 31 26 29 25 18 17 33 36 22
1 0 0 0 1 2 1 1 0 2 2 1 0 0 0 0 0 0 3 1 0 0 0 1 0 0 0 0 1 0 2 1 1 0 1 23 23 24 24 20 18 20 23 25 26 25 24 23 25 25 27 27 27 0 0 0 1 2 2 1 1 0 1 0 1 0 0 1 1 1 3 2 2 3 2 23 22 49 1 1 1 2 19 25 27 24 22 24 22 27 28 30 26 24 44 43
0 0 0 0 1 0 2 1 0 0 1 1 0 0 1 0 0 0 0 1 1 1 1 0 0 0 0 0 1 0 1 2 43 24 24 23 22 22 24 25 23 21 21 22 24 26 26 25 24 25 47 26 26 44 1 0 0 0 2 2 2 0 1 0 0 1 1 1 0 0 1 2 2 1 2 1 34 0 0 25 27 26 24 25 31 31 29 27 30 28 37 35 36 26 2 1
1 1 0 1 1 0 1 1 0 0 0 1 27 15 0 30 0 26 37 28 1 1 1 0 1 0 38 1 0 3 2 0 25 27 26 26 24 23 25 24 23 24 23 23 25 25 25 26 25 27 26 25 27 2 1 2 1 2 0 1 0 0 1 1 1 0 0 2 2 2 0 3 1 1 0 47 0 1 19 22 22 28 27 27 26 24 26 36 26 23 24 1 2 1 1 0
1 0 1 0 0 0 0 0 0 2 0 0 0 1 0 0 0 0 2 1 0 0 0 0 0 21 23 0 1 2 23 24 24 24 26 27 26 27 26 26 26 26 25 23 24 25 25 25 25 26 28 28 27 1 2 2 1 1 2 0 34 0 1 0 0 0 1 30 30 2 0 1 0 1 2 0 0 0 0 0 17 27 15 29 27 27 1 2 2 1 29 26 0 1 0 0
0 0 0 0 0 2 0 0 0 0 0 0 0 0 2 0 0 0 2 21 1 2 1 0 0 0 18 24 26 27 25 25 26 24 24 25 24 25 25 26 26 24 24 25 23 23 24 25 25 24 25 28 28 2 2 0 0 1 2 3 1 56 3 0 0 0 0 23 0 1 0 0 1 2 0 0 2 1 27 0 0 18 23 0 26 25 20 17 1 1 2 27 1 1 0 0
1 2 0 1 1 0 1 0 0 2 1 0 0 0 0 0 2 3 1 1 0 2 0 0 0 0 0 0 22 24 27 27 25 24 24 23 23 25 24 24 26 27 25 24 24 24 23 23 23 23 22 24 28 29 2 2 1 1 1 2 2 1 0 2 1 1 29 28 1 0 0 0 0 1 1 0 1 26 25 28 28 25 24 22 27 27 26 24 23 0 1 26 0 0 1 1
3 0 1 14 0 1 25 25 0 1 0 2 2 1 1 0 0 0 1 2 1 0 0 0 2 0 0 24 24 24 23 23 24 24 24 24 22 24 26 25 24 27 25 23 24 24 23 22 24 24 22 22 25 28 2 2 1 1 2 0 2 26 0 1 1 1 21 25 1 1 0 0 50 2 41 0 27 25 22 21 20 24 28 26 26 28 31 28 22 0 26 30 2 1 2 2
1 23 2 1 28 17 0 1 1 0 0 1 1 2 3 0 0 0 1 0 2 2 1 1 2 0 0 25 26 26 24 23 25 25 25 26 27 26 25 25 25 24 25 26 25 24 25 25 23 24 24 23 23 25 29 30 2 0 1 36 0 12 20 0 2 2 1 2 33 40 1 1 2 2 0 23 28 25 1 25 22 21 21 0 0 0 0 29 29 23 1 28 2 2 2 0
35 45 33 19 36 40 25 19 24 3 2 2 1 1 3 0 0 0 1 0 0 1 0 3 0 1 0 23 24 23 25 25 25 28 27 25 24 25 25 24 23 22 26 26 23 23 24 24 25 24 25 24 26 26 26 28 30 0 1 0 15 0 30 15 1 1 2 1 0 1 0 1 16 1 27 23 24 31 27 29 28 25 22 24 0 0 1 15 27 24 24 0 0 0 2 0
0 0 32 0 2 4 27 35 35 27 22 0 1 0 0 1 0 0 0 0 2 0 0 1 3 3 2 25 25 23 23 25 26 26 27 27 24 23 24 24 24 27 27 26 28 28 27 27 25 25 26 26 25 26 26 26 29 30 29 29 29 24 0 0 1 2 2 1 1 1 2 0 27 29 33 31 27 31 32 30 29 24 22 23 26 0 24 28 27 26 25 0 1 0 0 0
5 36 22 2 45 32 24 29 27 11 0 2 4 0 1 0 1 0 0 1 0 0 3 1 1 27 25 25 25 27 28 28 26 25 26 26 25 25 25 25 25 23 25 30 31 30 38 26 29 26 26 27 24 25 27 28 29 32 32 31 32 30 26 1 1 2 1 1 25 26 25 27 25 24 25 23 25 25 24 26 26 28 26 25 25 24 0 26 28 0 1 0 0 1 0 17
4 42 64 2 1 2 3 45 49 46 31 21 0 0 0 1 3 0 2 1 1 2 0 0 23 24 23 21 24 25 26 26 26 26 25 25 25 24 23 26 26 26 28 27 27 37 51 40 27 28 27 26 26 27 27 28 27 28 33 33 32 34 31 27 1 1 1 1 24 23 20 18 20 21 21 22 21 21 22 24 25 26 25 25 25 23 22 29 29 28 28 26 24 22 20 23
0 0 1 79 73 51 45 1 29 1 2 0 0 0 0 1 2 0 3 6 3 2 0 27 26 25 26 27 27 26 26 26 25 24 23 23 23 25 27 29 29 30 29 29 29 27 54 62 52 44 28 27 27 28 27 27 25 26 28 31 31 33 33 35 36 36 35 1 26 26 24 21 20 22 22 31 21 24 25 26 31 32 32 33 33 33 35 38 34 31 32 30 27 26 23 25
2 0 0 1 1 0 1 2 3 2 1 0 1 1 0 0 0 2 0 1 2 2 26 28 27 26 25 27 27 25 22 27 29 25 23 25 29 30 33 32 29 29 31 20 43 24 27 28 69 73 69 73 63 54 56 52 24 38 40 45 47 42 41 41 47 47 48 48 47 45 41 38 39 42 44 43 40 37 37 37 40 44 42 39 42 40 35 37 33 30 29 31 29 24 5 2
0 0 1 1 1 0 3 5 3 28 19 0 0 0 1 0 1 1 1 3 0 26 25 26 26 27 24 22 24 26 23 22 25 29 28 25 26 29 30 32 29 52 42 28 26 39 31 25 26 25 26 25 53 53 62 67 60 54 49 46 51 52 50 47 30 52 58 59 56 51 45 42 44 49 49 44 41 41 41 43 39 35 40 32 29 27 26 25 28 27 24 6 7 9 7 4
0 1 1 0 2 2 1 1 1 0 0 0 34 0 1 3 3 1 0 4 1 1 1 2 23 26 25 22 23 28 27 26 27 26 27 27 27 30 2 32 25 27 27 28 26 24 24 24 25 25 27 25 27 28 28 26 25 23 22 26 25 25 30 31 33 33 31 30 27 25 25 23 21 22 24 23 42 38 50 53 24 26 29 28 28 26 4 1 0 1 5 10 8 10 6 11
3 2 1 2 3 4 4 4 2 0 0 3 3 3 2 3 26 4 2 4 2 1 1 4 0 1 2 2 4 0 29 27 27 26 28 35 3 1 0 33 31 26 26 27 27 25 24 25 27 25 24 25 27 29 28 26 27 26 24 26 24 24 26 28 31 35 32 31 30 29 28 27 24 23 21 22 25 27 25 24 22 24 25 23 23 1 0 0 0 1 3 11 18 19 16 21
1 2 1 1 3 2 2 0 1 2 1 1 4 5 3 2 0 1 0 1 5 0 1 43 2 0 34 2 2 0 1 25 26 27 0 1 3 1 0 44 37 26 27 25 25 24 23 24 26 27 25 24 23 26 27 28 25 24 22 23 22 21 23 23 2 25 27 28 30 31 30 30 28 25 25 24 26 25 25 25 25 24 24 27 1 2 2 3 4 6 9 9 16 11 0 1
1 0 1 2 2 2 2 2 3 2 3 3 1 1 3 24 2 3 1 0 0 3 2 4 27 3 1 1 2 1 0 1 21 0 0 0 0 0 0 33 28 24 27 28 27 29 26 24 22 23 24 26 26 26 28 28 26 24 25 25 25 25 28 27 23 23 26 26 29 26 27 30 29 17 22 22 23 26 26 23 23 24 26 6 8 11 9 7 5 4 5 6 14 14 36 13
0 0 0 0 4 1 2 4 2 2 23 2 1 2 3 23 3 3 2 3 3 27 27 27 3 2 0 1 3 25 1 3 29 23 3 20 1 34 2 30 30 29 26 28 27 26 24 26 24 25 25 26 28 30 29 31 30 26 23 22 23 27 30 31 28 28 27 26 26 27 27 27 31 26 22 19 18 24 28 25 23 25 8 2 6 7 10 11 10 9 8 9 5 37 37 37
1 3 0 1 1 1 2 32 26 3 2 1 3 2 1 0 24 3 5 5 4 4 2 4 3 5 4 3 2 2 3 2 2 2 25 27 2 1 30 32 27 26 24 23 24 26 23 23 24 26 29 27 27 28 28 28 27 29 27 21 18 14 14 15 25 14 14 15 26 27 27 25 27 28 27 27 24 21 22 26 25 24 20 37 37 37 7 12 10 9 16 30 37 37 37 37
1 2 1 1 0 1 0 1 37 34 12 31 17 19 25 24 2 2 2 2 3 0 2 3 5 7 3 4 4 4 3 2 2 2 1 30 2 2 24 26 28 23 24 23 23 24 26 26 25 25 28 28 27 23 23 27 30 28 37 38 34 32 14 14 15 14 12 14 16 27 27 29 29 30 29 27 26 24 22 23 25 25 25 37 37 37 37 37 10 11 37 37 37 37 37 38
2 1 2 1 2 1 4 3 0 34 39 0 0 23 23 24 4 3 3 4 2 1 0 1 1 0 1 3 2 4 3 4 4 3 3 1 24 27 21 21 23 22 23 25 27 24 23 25 24 25 24 25 29 30 26 26 27 27 27 49 40 33 26 24 14 14 12 14 24 27 27 15 26 26 28 27 29 27 27 26 26 12 24 36 37 37 37 37 37 37 37 37 37 37 37 37
2 4 2 4 3 2 4 4 1 0 1 1 36 24 25 24 23 26 1 1 22 22 1 0 0 1 3 3 3 4 5 2 3 1 1 2 1 0 4 1 1 32 27 23 22 22 22 21 22 28 29 21 21 24 23 24 25 31 14 14 49 49 41 33 30 30 13 15 23 22 27 28 29 28 26 25 30 28 25 25 25 37 11 23 34 34 33 37 37 37 37 37 37 37 37 30
2 3 4 4 3 3 4 1 0 0 15 2 1 22 22 23 23 26 21 21 21 43 52 0 0 1 0 2 4 0 1 1 2 0 0 2 2 2 1 3 0 0 1 1 1 2 28 26 24 24 27 26 22 23 24 25 26 27 13 13 13 54 58 54 52 51 57 54 27 27 30 27 24 27 30 26 26 28 26 24 37 37 37 37 37 14 21 37 37 37 37 37 37 37 30 27
2 0 3 3 2 1 35 32 1 3 23 1 2 22 20 20 21 29 22 21 22 38 45 77 1 2 0 2 2 0 2 1 1 2 3 2 0 1 2 4 3 3 1 0 1 1 4 2 23 22 23 22 23 25 25 14 14 14 13 12 12 12 11 11 47 44 57 64 62 11 10 5 23 25 25 23 27 28 27 37 37 37 37 32 37 20 45 37 37 37 37 36 39 41 43 46
1 4 3 1 1 1 4 3 3 1 20 2 0 2 29 20 19 20 22 22 23 21 21 42 19 1 1 1 1 1 4 2 3 4 5 3 3 3 3 4 3 4 0 0 1 0 1 3 5 23 2 3 2 12 12 13 12 12 12 12 12 11 10 10 11 11 14 24 32 8 6 7 9 11 15 31 37 37 37 37 26 37 37 37 37 34 35 53 33 37 40 44 48 43 41 36
3 0 1 1 1 3 3 2 3 1 0 1 3 0 25 21 21 19 19 18 18 19 22 22 21 23 24 1 1 2 1 2 3 4 2 3 3 3 4 1 3 4 4 3 3 3 3 2 5 4 2 4 2 12 10 11 12 12 14 13 13 12 10 9 10 12 14 26 28 10 9 9 9 10 21 37 37 37 37 37 37 37 37 37 42 48 49 47 44 42 40 36 38 27 29 23
1 1 3 1 1 2 2 2 2 19 16 2 4 0 1 2 2 0 17 17 28 16 17 32 15 15 17 17 16 4 2 0 1 1 0 0 2 0 2 2 5 3 3 6 4 5 5 3 3 14 14 16 14 12 13 12 11 11 14 15 14 14 14 13 13 14 38 34 7 8 12 16 15 10 14 42 38 37 37 37 37 46 55 49 47 51 50 46 40 31 24 17 29 27 28 29
2 1 4 4 3 4 1 2 3 3 13 11 5 2 2 17 1 1 0 1 2 24 1 1 14 14 15 17 19 17 4 2 2 1 2 1 1 1 2 2 1 2 3 4 1 2 11 12 12 12 13 15 14 13 14 13 11 10 13 19 19 15 13 15 16 17 43 43 36 5 2 37 29 4 10 8 30 52 37 37 37 22 22 19 23 15 14 15 19 17 15 30 26 12 12 14
4 1 1 3 6 5 1 3 2 3 1 9 2 2 2 2 2 0 2 1 2 2 35 41 1 0 1 17 17 17 16 17 16 16 4 3 1 2 23 23 23 23 1 13 12 12 13 14 13 12 13 15 14 14 15 13 12 11 15 16 13 13 13 14 42 10 1 28 28 26 4 6 11 9 32 4 0 3 14 15 29 57 50 14 21 19 17 19 18 19 22 22 16 16 15 17
5 4 3 3 5 6 3 4 1 1 1 1 2 3 25 2 2 2 2 2 0 2 3 2 5 3 34 0 0 1 2 0 1 17 17 20 23 23 24 22 22 21 14 13 28 13 13 13 13 12 12 13 14 14 13 13 15 17 25 24 14 10 9 11 36 39 32 34 36 37 33 34 36 6 11 11 7 4 13 27 23 25 30 31 31 26 29 31 28 27 24 8 9 5 17 14
2 4 3 3 3 2 1 2 4 1 1 13 17 15 44 1 2 2 3 0 1 0 2 1 2 2 0 2 0 2 2 3 0 3 19 21 22 23 24 22 22 22 22 23 25 25 26 27 24 21 12 12 14 14 13 13 15 23 30 28 22 17 17 25 24 2 0 51 59 57 53 47 42 37 36 38 39 38 42 48 46 44 38 34 29 26 29 32 30 24 9 9 9 9 14 14
18 4 3 4 25 3 0 2 2 0 0 2 3 2 18 19 21 21 2 3 4 3 2 2 0 0 2 0 2 2 2 5 5 2 55 20 20 20 21 20 22 21 23 23 21 22 21 22 21 16 17 16 15 14 15 13 15 21 20 20 19 19 2 0 37 27 2 1 0 44 53 59 58 56 50 26 23 21 49 51 48 38 4 13 21 21 34 30 28 5 7 8 10 8 8 7
7 5 31 28 5 1 2 0 24 2 24 24 1 3 1 29 39 40 33 34 14 2 23 2 1 0 0 2 4 1 1 17 38 35 2 21 20 20 21 22 24 24 24 22 22 23 22 21 23 21 18 19 23 22 20 19 21 24 22 16 17 2 0 1 29 28 34 24 25 0 0 25 40 54 55 26 22 21 20 23 5 5 9 27 43 23 21 23 5 5 6 6 7 7 8 6
4 4 4 5 3 2 3 0 3 3 3 3 3 2 2 3 30 56 48 0 0 0 16 22 0 1 2 1 1 1 2 35 12 13 3 13 13 21 22 23 22 22 24 23 21 22 21 21 24 25 22 20 23 25 24 26 23 24 26 25 24 27 28 5 5 29 25 27 26 24 23 24 30 26 24 19 17 24 25 24 5 5 5 27 22 25 26 25 6 6 6 7 7 6 5 6
2 4 3 3 3 4 0 1 3 4 3 4 4 4 2 3 2 3 47 52 3 1 2 25 25 27 23 2 3 3 51 15 13 14 14 14 11 9 21 22 21 21 21 22 23 23 23 22 20 21 22 23 22 23 23 23 25 25 23 23 26 26 25 26 25 25 24 26 26 26 26 23 21 19 19 25 23 23 26 28 27 27 27 28 27 24 25 27 6 7 6 6 6 7 6 6
4 4 3 4 4 3 1 1 2 1 4 4 1 3 3 38 36 23 1 4 4 4 5 5 3 1 3 24 25 2 1 15 14 15 15 11 8 1 25 21 21 22 21 21 22 23 23 22 23 24 23 25 22 23 22 23 23 23 24 23 24 23 22 21 25 28 24 20 18 18 20 22 23 23 21 24 28 28 26 25 26 23 23 24 25 25 25 5 6 6 6 6 6 7 7 7
3 4 4 7 5 2 1 1 1 2 4 3 1 3 4 2 54 57 4 3 4 4 3 2 2 1 3 40 20 17 15 12 11 10 2 4 16 14 13 3 6 2 0 1 19 20 21 23 24 24 23 20 19 20 20 19 22 23 24 22 21 22 24 23 23 24 23 24 22 21 24 21 23 27 25 26 21 20 23 24 23 21 21 25 28 28 28 6 6 5 6 8 6 7 7 8
5 5 4 6 5 4 2 3 4 3 1 1 2 3 2 1 2 64 47 4 1 2 42 2 2 2 3 45 3 6 14 12 12 12 6 0 3 3 11 0 4 3 3 4 4 6 13 0 2 21 22 21 21 22 20 18 19 19 19 22 22 22 25 26 22 25 24 26 25 24 24 24 22 22 21 24 26 22 22 25 25 25 24 22 23 24 6 5 4 7 7 5 5 6 6 8
4 4 6 3 4 4 4 5 4 5 1 3 4 2 0 3 3 5 4 1 1 2 2 4 3 3 5 4 4 3 2 13 11 11 13 5 1 2 3 3 4 3 3 3 3 4 14 5 1 14 14 23 22 23 24 21 19 20 21 20 21 21 20 24 24 23 23 6 6 23 25 23 43 34 27 22 26 27 23 23 23 23 25 26 27 6 5 5 4 5 6 7 7 7 7 4
5 5 5 4 4 5 4 6 5 4 5 2 1 3 4 4 6 3 2 4 2 2 1 4 44 3 6 6 5 3 6 6 12 12 11 2 2 11 0 3 4 6 16 15 14 15 14 15 14 14 14 13 21 22 23 22 2 20 21 21 20 20 19 17 21 23 6 5 5 23 24 2 35 30 4 4 3 5 5 5 6 6 6 7 6 4 4 4 6 5 6 6 5 5 4 6
