examples/data/proba_v_italy_sicily/probav_s10_toc_x19y03_20150511_333m_ndvi_v001.txt
ncols         1127
nrows         589
xllcorner     12.348214285714
yllcorner     36.598214285714
cellsize      0.0029761904761905
NODATA_value  -9999
[rows 517 to 563 of 589, columns 96 to 191 of 1127]
26 25 37 29 22 22 22 28 28 26 26 27 21 20 22 22 27 26 26 26 26 26 25 26 26 26 25 25 26 27 27 48 26 25 26 27 23 26 22 21 20 20 27 27 26 21 37 24 24 40 26 26 28 28 26 24 23 27 28 27 27 27 27 26 26 26 26 26 26 27 27 27 29 27 28 28 28 33 28 27 28 29 32 28 29 29 32 28 27 28 28 28 28 27 36 25
26 26 26 27 27 21 22 22 27 26 27 27 26 26 26 21 21 27 27 26 26 26 25 26 27 26 26 26 27 28 25 44 25 25 40 26 32 25 21 21 20 20 36 27 27 27 20 21 22 33 33 27 27 27 27 25 25 27 27 26 28 28 27 27 27 28 27 28 27 27 27 27 28 28 28 27 27 27 28 27 27 29 29 42 29 28 27 27 28 27 27 27 28 28 27 27
26 26 27 36 22 22 40 28 26 26 22 21 20 27 27 26 26 27 26 27 26 26 27 26 38 26 26 26 27 27 26 26 26 25 25 25 25 27 27 25 21 21 22 20 20 26 27 34 28 20 23 31 36 37 26 27 26 23 21 27 28 27 27 28 27 27 26 27 27 27 27 27 27 29 29 28 28 28 28 28 28 36 28 29 27 29 27 28 27 28 28 44 28 29 29 27
27 28 27 26 22 26 34 22 26 26 24 22 21 27 27 26 26 26 27 27 26 27 27 26 26 26 56 33 27 26 26 70 26 25 25 27 25 23 27 34 27 20 21 21 22 21 28 19 27 19 19 21 36 36 37 21 27 22 25 24 22 27 27 28 27 27 27 27 27 27 28 28 28 28 29 29 29 29 31 28 28 28 29 28 29 27 28 28 28 28 27 28 28 27 27 28
24 19 27 26 26 27 22 27 26 27 23 31 21 21 20 26 26 25 26 27 26 26 26 26 33 26 39 28 24 27 27 36 26 27 27 27 27 27 28 28 27 27 19 20 20 20 19 19 19 25 19 27 34 45 37 33 20 21 28 27 26 24 28 28 27 27 27 27 26 26 27 29 27 26 27 28 27 28 28 28 27 29 29 28 28 28 31 29 27 27 28 28 27 27 27 27
26 26 22 26 26 26 23 27 27 22 23 23 23 22 21 20 26 25 26 26 26 26 26 28 37 26 25 27 27 26 26 27 26 27 42 26 26 19 27 27 27 27 27 26 19 20 27 20 20 19 20 27 19 36 36 35 37 21 27 27 26 26 23 23 25 27 28 28 28 28 27 27 28 29 26 29 29 29 28 28 29 28 27 27 27 27 28 27 27 28 28 28 27 27 27 28
31 42 29 26 23 23 22 25 26 22 22 23 24 24 23 22 20 26 26 26 26 26 26 26 27 26 26 26 26 26 26 26 27 26 38 26 27 27 27 20 27 27 27 26 27 28 27 36 19 20 20 21 18 34 39 36 41 38 27 26 27 26 26 24 24 27 27 27 30 30 28 30 33 27 24 29 28 27 48 27 27 28 28 27 27 28 28 28 27 27 28 27 27 27 28 27
27 48 39 26 26 26 26 26 26 22 27 21 22 23 24 24 22 20 26 26 26 27 27 27 27 27 26 30 27 26 26 27 27 26 26 26 27 28 27 25 27 27 25 27 35 20 28 28 38 27 28 19 20 28 35 40 20 20 27 27 27 27 26 27 23 24 22 26 27 27 27 33 27 27 25 29 29 28 46 28 27 27 23 24 27 23 23 44 25 27 27 27 28 28 27 27
41 38 33 27 35 26 26 26 27 26 21 22 21 30 22 22 23 22 21 27 38 29 26 27 26 26 27 27 26 26 26 27 26 26 27 26 27 27 28 28 28 27 27 27 45 28 19 20 19 55 19 18 19 28 23 34 29 28 27 27 27 27 27 26 25 27 24 25 27 27 28 28 32 27 27 28 27 27 37 25 27 25 25 25 23 27 27 46 26 27 28 28 27 19 20 41
37 26 26 38 38 26 26 26 22 21 26 21 22 22 22 27 21 22 22 21 25 27 27 27 27 26 27 27 26 27 27 27 27 26 27 55 26 27 27 28 28 28 26 27 28 39 39 20 20 19 49 20 20 20 28 27 45 41 27 27 27 27 26 27 25 28 24 27 24 27 27 27 29 30 27 26 27 28 31 27 28 27 27 27 27 27 28 27 32 25 29 27 27 28 27 27
26 26 39 30 27 34 26 32 28 22 27 23 22 22 22 21 27 20 20 21 21 20 20 27 27 26 27 26 26 27 26 26 27 26 26 62 26 26 26 28 28 45 27 27 27 49 27 21 21 20 20 20 20 21 27 27 28 43 27 27 26 27 27 27 27 28 26 30 31 30 27 28 27 27 27 28 28 27 29 29 28 27 27 27 28 28 29 27 28 28 27 27 27 27 27 27
27 26 41 29 21 31 36 35 31 28 27 27 20 21 21 22 21 21 20 21 22 21 21 20 26 26 27 27 26 27 26 26 27 27 27 26 33 27 27 27 26 27 26 26 27 19 20 21 21 56 43 19 19 21 22 27 27 38 27 27 27 26 27 27 27 25 30 28 28 27 27 27 27 28 28 28 27 27 27 27 27 27 28 27 27 40 28 27 27 28 27 27 27 28 28 28
26 28 26 26 26 27 35 39 37 34 34 21 21 22 22 21 22 22 27 27 28 27 26 20 20 28 27 26 26 27 27 26 26 27 26 28 26 26 65 27 26 52 26 26 26 26 23 38 20 20 19 19 28 18 20 27 33 34 27 27 27 27 27 27 27 28 29 28 28 26 27 27 27 27 27 27 27 27 27 27 27 27 27 27 23 38 23 24 27 27 27 27 27 27 27 27
26 26 26 27 26 25 21 38 42 40 32 27 28 27 24 21 21 21 22 20 27 26 20 28 27 23 19 26 26 27 26 26 26 27 26 26 27 27 28 27 27 51 27 27 26 26 27 27 21 20 18 19 19 20 27 47 27 27 28 27 26 27 27 27 27 28 26 28 26 27 26 27 27 27 27 28 27 27 27 27 28 27 27 22 27 27 27 28 27 27 28 27 27 27 27 27
26 22 26 26 26 26 25 20 22 22 23 38 38 35 33 29 20 21 22 27 24 27 26 26 29 27 27 27 26 26 26 26 26 26 26 27 27 28 28 27 53 39 28 27 27 27 31 27 22 24 22 20 20 20 21 58 28 27 28 28 26 28 27 27 28 28 27 26 27 27 28 26 28 27 27 27 27 28 27 27 39 27 22 27 27 22 27 27 27 29 28 28 28 27 27 28
26 26 22 26 28 27 26 26 26 25 26 22 35 39 43 37 36 38 36 31 30 28 27 26 27 30 27 27 27 27 27 26 43 26 25 26 27 27 26 27 26 26 28 62 26 25 26 27 28 22 24 21 28 40 21 40 22 22 22 21 21 26 27 27 27 28 27 26 28 28 26 26 25 41 28 28 28 27 60 27 27 24 24 27 27 27 28 27 27 27 28 28 28 27 27 27
27 27 21 27 26 26 26 27 26 25 26 26 21 21 22 34 32 37 34 21 28 29 25 26 34 30 26 28 27 26 27 26 36 28 27 27 26 26 26 50 27 27 44 35 26 26 26 26 27 20 37 22 20 20 20 37 37 30 32 22 22 27 28 27 27 28 28 28 28 28 25 26 26 27 25 22 28 27 27 27 27 27 27 27 27 27 28 26 28 28 28 28 28 27 27 27
26 26 26 25 25 25 26 27 26 21 21 21 26 21 25 21 21 20 25 31 32 28 26 26 31 26 26 27 27 26 26 26 26 26 26 26 26 26 26 27 27 26 41 26 26 26 26 61 28 26 47 21 21 20 21 21 22 23 22 23 23 23 27 28 27 28 28 28 27 28 28 27 26 25 25 24 25 23 62 27 27 27 28 28 27 27 23 24 28 28 27 28 26 27 27 27
25 24 27 27 26 26 26 26 27 26 25 20 25 26 21 20 21 21 27 21 26 26 27 27 27 27 27 27 26 26 27 27 27 26 26 26 26 28 27 26 27 26 27 27 27 27 27 27 26 32 26 20 22 37 26 21 21 21 22 22 22 22 27 28 28 28 28 28 26 27 28 28 27 27 26 25 27 27 24 24 24 23 22 28 27 28 27 27 28 28 28 28 28 28 27 27
29 27 27 26 26 27 27 26 26 25 25 25 25 26 26 26 27 21 26 21 21 24 27 27 27 26 27 27 27 26 26 27 27 26 26 27 28 26 27 26 25 26 20 26 26 26 26 27 39 39 26 26 26 21 28 26 27 20 41 49 22 22 22 27 27 28 28 28 26 21 26 26 26 28 26 25 24 26 27 23 25 24 33 28 27 28 27 27 28 28 36 28 28 28 27 27
32 30 25 25 28 27 26 25 26 26 27 27 26 27 25 25 26 26 26 26 26 27 27 27 26 26 27 27 27 26 27 27 27 27 28 27 26 27 26 26 28 26 27 27 26 27 27 50 39 42 27 26 30 26 20 27 26 49 35 52 21 22 27 28 26 26 27 27 26 26 27 24 28 25 28 28 28 27 27 28 28 53 28 28 28 28 27 27 27 27 28 28 28 27 27 27
26 31 27 26 26 27 26 25 26 27 26 26 26 26 25 25 26 26 26 25 26 27 27 27 26 26 26 27 27 26 26 26 26 26 26 26 25 25 25 26 26 28 48 32 18 26 67 35 26 26 33 25 38 27 27 27 26 26 26 49 22 22 21 28 26 26 26 28 27 28 27 26 26 25 24 28 27 27 28 44 33 28 28 28 28 27 27 30 27 27 28 28 28 28 68 50
26 26 32 30 28 26 26 27 27 26 26 26 26 27 27 26 25 26 27 26 26 26 27 26 26 26 27 27 27 27 26 27 27 27 26 26 26 26 26 51 34 26 26 20 21 21 19 26 28 27 27 52 43 27 27 27 27 27 27 37 46 41 38 26 27 27 27 26 26 26 26 26 27 26 35 25 27 54 28 28 27 28 28 28 27 27 27 28 28 27 29 28 28 68 28 28
26 27 27 31 27 26 26 25 25 27 27 26 25 26 25 26 26 27 24 25 26 27 26 26 26 26 27 26 27 26 26 27 27 27 26 26 27 27 26 27 26 26 26 26 20 22 23 21 20 28 27 27 46 17 26 27 26 27 26 27 33 31 38 26 26 27 27 26 26 26 27 26 26 26 28 27 27 32 28 28 28 48 27 27 27 27 27 27 27 27 27 27 28 28 43 27
27 26 26 20 31 29 28 26 26 26 27 22 26 26 26 26 27 26 26 26 27 26 26 26 25 26 27 26 26 27 27 27 27 27 27 26 27 26 27 27 27 27 26 26 26 26 20 21 21 21 19 19 20 28 17 47 20 19 18 22 28 30 39 20 19 26 26 27 26 27 27 27 26 28 28 28 28 28 27 28 28 28 27 27 27 27 27 28 27 27 26 26 27 27 27 27
26 25 26 26 26 27 30 26 26 26 25 23 25 27 27 27 28 26 26 26 27 27 26 26 26 26 27 26 26 27 27 27 26 26 27 27 27 26 26 26 27 26 27 27 26 26 27 27 20 22 20 27 20 20 18 26 18 20 20 20 19 43 20 22 20 26 26 27 26 26 26 27 27 27 28 37 28 26 36 32 33 28 29 27 28 28 27 28 28 26 28 27 27 27 28 28
27 26 20 20 26 31 32 26 26 27 27 26 26 26 26 35 30 32 25 25 26 27 26 26 27 27 27 26 25 27 27 27 27 27 27 26 27 27 27 27 27 27 26 27 27 27 28 26 28 27 21 20 20 20 26 26 27 26 20 21 21 22 22 23 22 27 26 26 26 27 27 27 27 27 27 27 28 28 27 28 28 27 28 28 27 28 26 27 28 28 27 28 28 28 26 27
25 25 20 26 28 35 32 31 28 28 27 25 26 26 25 27 27 30 26 27 31 26 27 43 33 28 26 27 26 27 26 26 27 27 27 27 26 26 26 20 27 27 26 27 26 27 38 35 27 27 27 27 27 20 18 19 27 28 43 30 34 33 31 22 23 22 26 26 26 27 27 27 27 26 27 27 26 27 26 28 28 28 27 28 28 27 28 28 40 39 28 26 28 28 26 27
26 20 26 26 26 36 29 26 29 29 31 26 26 25 24 26 26 27 26 27 26 26 26 43 35 26 26 27 27 26 26 26 27 27 27 27 27 26 27 20 40 26 26 26 27 28 44 40 26 26 27 27 55 38 27 27 27 27 27 20 33 27 27 37 19 22 22 25 27 27 27 27 27 27 27 28 27 27 28 28 28 24 27 28 28 28 28 56 28 28 27 28 28 28 27 28
27 28 27 20 47 34 31 27 26 33 34 27 25 24 26 27 26 25 26 27 25 25 27 27 27 37 33 26 26 26 26 27 26 27 27 27 26 26 26 20 21 20 19 27 27 26 27 33 27 26 27 51 49 26 29 36 29 26 26 63 42 27 27 32 29 22 21 23 24 27 27 26 28 26 26 27 22 24 28 28 22 28 28 28 28 26 28 31 28 28 28 26 27 27 27 28
27 27 26 52 42 26 26 26 26 29 34 27 26 25 27 27 26 25 36 27 26 26 27 27 27 25 43 32 26 23 26 27 27 26 27 26 26 25 26 27 27 27 28 27 27 19 18 19 19 32 26 30 32 26 27 26 26 25 37 38 21 19 27 28 30 37 27 27 21 23 21 22 24 20 19 19 20 22 28 20 19 23 28 28 28 28 26 26 47 53 28 27 27 28 47 28
35 27 27 54 27 27 27 26 28 28 26 26 26 27 23 27 26 27 45 31 26 26 26 27 27 26 26 27 27 32 26 27 27 26 26 26 26 26 26 27 27 27 27 27 27 20 20 28 22 23 23 23 21 27 19 18 26 27 27 21 33 22 24 23 23 34 24 18 26 17 26 26 18 19 18 18 20 24 24 24 24 21 28 28 28 28 27 26 27 39 27 27 28 34 28 28
36 28 28 40 40 37 27 27 26 26 26 26 26 25 26 29 33 26 28 37 27 30 26 27 28 27 26 27 26 39 31 26 27 27 27 26 26 26 26 26 27 20 26 21 27 26 26 28 26 26 26 27 21 41 22 22 35 27 26 21 31 27 32 28 28 23 26 26 23 23 23 23 20 21 23 22 20 23 23 23 24 22 28 27 27 26 26 26 26 26 31 27 28 32 39 28
39 26 26 26 46 45 35 27 20 27 26 20 26 27 27 26 33 24 27 37 28 28 26 26 26 27 26 27 27 43 36 24 26 27 27 26 26 27 27 26 27 26 26 26 18 26 27 27 27 26 27 27 27 36 27 27 27 24 22 26 46 34 33 27 27 22 23 25 27 25 23 25 23 20 28 26 26 27 22 22 20 21 22 27 26 26 26 27 51 46 26 26 26 28 28 28
40 26 27 27 43 41 26 20 20 27 29 38 27 27 27 26 28 26 37 42 27 27 26 26 26 27 27 27 27 49 33 26 25 26 27 26 27 26 28 27 26 26 27 26 18 26 27 27 28 26 26 27 27 26 35 27 26 26 27 27 42 27 27 27 27 28 27 26 21 22 26 27 20 27 27 27 27 26 28 21 21 21 21 26 28 27 26 27 31 27 39 27 28 28 28 28
40 34 27 28 28 27 27 26 32 28 26 26 33 36 33 27 27 27 26 26 26 27 26 26 26 27 27 28 27 45 35 26 27 27 26 27 26 26 27 25 26 26 20 26 26 28 27 26 27 27 26 27 27 27 27 27 27 26 27 44 34 30 27 27 27 28 26 26 27 26 28 27 28 20 20 20 28 26 27 28 20 20 20 28 27 28 25 27 27 28 76 28 28 28 28 28
40 33 39 28 26 26 26 26 26 26 20 25 27 35 34 32 36 27 26 26 25 23 28 28 25 25 27 27 26 26 35 26 26 27 26 26 27 27 26 26 27 26 22 21 20 27 27 27 26 18 27 27 27 26 27 27 27 27 27 27 39 36 27 26 26 26 27 26 26 19 27 27 27 26 26 20 26 26 26 19 20 21 20 21 23 23 28 28 44 28 28 28 28 28 29 28
47 31 32 39 33 20 35 28 28 27 26 26 27 26 35 26 29 39 26 25 31 26 27 26 27 27 26 26 27 27 26 26 27 27 26 26 26 26 26 26 26 26 27 20 20 20 27 26 26 27 27 27 27 27 27 26 27 26 35 28 37 34 38 32 27 26 26 26 27 26 26 27 20 28 27 28 27 26 20 21 22 20 20 21 22 23 28 28 33 26 27 28 28 28 28 28
26 20 26 21 39 41 41 20 26 26 20 27 27 26 27 25 26 33 30 29 29 35 30 19 27 26 27 27 26 27 26 27 27 26 27 27 26 27 26 26 26 25 24 21 26 27 27 27 26 17 19 18 27 27 27 26 26 26 27 27 27 37 39 39 37 27 27 27 27 27 26 27 26 21 22 28 28 26 26 26 20 20 20 21 22 21 27 26 37 46 27 24 27 26 28 28
28 27 27 50 42 40 28 20 20 26 26 28 28 25 26 28 26 27 26 35 37 27 27 20 27 26 27 27 26 26 27 27 27 27 27 27 26 26 28 28 26 26 21 19 27 27 27 27 26 18 18 27 28 27 27 26 27 27 26 27 27 27 27 44 43 27 26 26 27 27 27 26 27 26 27 27 26 26 27 27 21 22 22 23 24 23 28 28 33 35 20 21 22 22 24 25
28 27 27 51 49 29 27 20 20 32 26 28 27 28 26 26 27 26 20 19 32 26 26 26 27 27 26 26 28 27 27 27 27 27 26 27 27 27 27 27 26 26 23 27 27 19 19 19 27 27 18 18 27 27 27 27 27 27 27 27 27 27 39 32 27 26 26 27 27 27 27 26 27 26 27 27 26 26 26 28 28 28 28 22 24 22 19 27 20 27 27 27 27 27 27 22
27 26 27 26 59 26 26 20 26 26 20 20 26 26 27 27 23 26 26 43 20 27 28 35 26 27 26 27 28 27 19 27 27 27 27 27 27 27 27 27 26 27 27 27 27 18 19 20 18 27 27 27 26 27 27 26 26 27 27 27 27 26 43 34 27 27 26 26 27 26 27 27 27 26 26 26 26 27 28 28 28 27 28 20 22 22 19 26 27 28 29 19 27 27 28 28
27 27 26 27 59 39 27 26 28 26 26 28 26 27 27 26 26 25 27 26 20 21 39 26 26 27 28 27 27 27 27 19 27 18 27 27 27 27 27 27 27 27 27 27 20 19 18 19 27 27 27 27 27 20 27 26 27 28 28 27 27 27 37 32 28 27 26 26 27 27 27 27 26 28 27 26 26 26 26 27 28 27 28 20 23 21 19 18 27 27 27 18 28 28 28 18
28 28 26 27 56 45 39 26 28 26 25 28 26 25 28 27 26 26 27 27 26 26 49 33 25 28 27 28 27 27 27 18 17 19 27 26 27 27 26 27 28 26 27 27 20 27 27 20 19 27 27 27 26 26 27 26 27 28 27 27 26 41 40 31 27 28 26 27 28 27 28 27 27 27 28 26 26 26 27 26 28 26 27 28 21 21 19 28 18 27 28 28 20 20 20 19
27 26 27 27 27 28 55 44 27 28 28 27 26 26 27 27 27 26 27 25 29 27 27 27 26 20 27 28 28 27 27 27 27 26 27 27 27 27 27 27 27 28 27 27 27 27 27 27 27 27 27 27 27 26 27 27 28 27 27 27 28 27 47 38 27 26 26 26 27 28 26 27 27 27 27 26 26 26 26 27 26 26 26 28 21 22 21 27 26 19 28 28 27 27 20 20
26 26 26 27 27 28 29 48 47 28 28 28 27 27 27 27 26 25 26 26 25 26 27 26 25 20 28 28 27 27 20 19 19 27 27 27 27 27 27 27 26 27 27 27 27 19 18 27 27 26 27 27 26 26 26 26 26 27 27 27 27 27 50 46 38 36 27 27 28 26 26 27 27 26 28 26 26 28 28 28 27 28 28 27 27 22 22 21 27 26 28 27 26 26 26 27
28 27 28 26 27 28 28 28 48 38 28 27 28 27 26 27 27 27 26 26 26 27 33 26 27 27 20 27 27 27 19 28 19 18 18 20 17 27 27 27 27 27 27 18 27 27 27 19 18 27 27 27 27 26 27 27 26 27 26 27 27 26 27 43 38 37 33 26 27 26 26 26 27 28 27 27 26 28 26 26 26 28 28 28 27 28 20 21 18 28 28 27 27 26 26 28
