examples/data/proba_v_italy_sicily/probav_s10_toc_x19y03_20150421_333m_ndvi_v001.txt
ncols         1127
nrows         589
xllcorner     12.348214285714
yllcorner     36.598214285714
cellsize      0.0029761904761905
NODATA_value  -9999
[rows 94 to 140 of 589, columns 768 to 863 of 1127]
67 77 122 168 154 133 148 164 179 196 199 173 135 109 151 171 181 213 224 219 208 160 120 158 186 209 216 214 217 218 209 206 208 206 217 194 149 168 187 187 190 211 226 244 250 245 237 217 167 222 250 250 245 248 249 241 237 238 244 249 241 235 220 199 213 215 212 241 250 244 233 234 233 235 231 205 218 226 205 202 220 224 236 228 228 223 215 210 216 222 226 236 235 233 229 216
75 72 94 119 127 154 188 197 191 211 229 227 218 141 107 146 175 196 210 228 229 219 190 171 168 198 225 209 206 212 205 197 183 170 199 222 222 219 220 225 221 218 228 235 237 235 241 237 181 206 249 245 241 239 237 236 236 234 240 231 223 229 209 199 226 228 205 216 221 221 234 238 231 231 227 219 227 232 225 217 215 223 223 216 224 225 218 210 213 211 206 209 215 225 230 229
108 121 145 161 158 162 186 203 205 217 233 222 202 172 126 122 171 198 203 216 220 233 232 207 179 189 218 220 218 216 186 184 187 180 204 220 224 234 231 237 238 220 215 221 219 229 243 241 221 226 247 245 250 250 245 238 239 234 230 230 224 226 223 195 218 222 204 201 200 199 196 224 232 231 235 232 226 228 230 222 215 215 227 236 237 227 211 215 221 223 220 216 217 226 229 225
131 151 173 188 194 173 170 189 197 211 219 212 210 216 217 146 130 180 202 207 218 224 227 214 204 204 205 215 213 204 201 207 202 186 194 214 223 229 222 223 233 233 222 221 222 230 236 227 224 210 230 247 247 247 247 246 237 236 239 238 227 220 229 203 205 221 212 195 185 191 191 189 204 213 225 230 225 224 231 225 215 213 218 225 219 211 216 225 230 230 225 231 235 225 208 198
162 182 180 185 196 195 183 189 198 211 214 196 202 225 224 197 135 178 205 211 215 215 225 224 196 196 211 208 211 210 217 220 215 203 196 221 223 212 215 224 223 216 203 210 224 236 235 226 221 216 198 226 235 220 230 246 240 234 227 234 231 226 235 221 201 178 191 205 187 188 196 181 184 191 186 194 209 214 225 234 237 226 224 232 225 215 216 228 234 232 234 214 211 229 227 213
183 186 188 193 201 185 181 196 195 198 205 215 216 210 201 179 112 162 209 206 209 210 219 222 217 188 193 201 194 192 203 208 205 194 197 206 197 194 207 203 215 225 222 219 217 239 236 234 222 218 205 214 221 218 217 226 234 236 233 228 232 223 223 217 226 210 203 208 199 190 190 193 193 188 192 207 225 230 235 218 211 227 232 224 227 226 232 233 231 228 226 228 176 178 217 228
218 217 198 193 215 216 218 198 201 209 204 201 205 201 211 192 103 93 141 193 188 197 187 189 210 199 181 176 189 189 199 202 210 212 194 183 168 160 198 208 218 227 230 225 217 236 237 232 227 227 225 220 214 205 217 221 227 228 217 203 214 222 227 227 237 247 245 229 212 201 198 195 195 184 198 225 231 227 235 220 199 211 220 224 230 228 233 233 233 231 230 229 188 189 204 227
213 222 218 212 212 188 213 204 192 214 221 209 208 211 224 213 129 131 178 206 220 225 206 185 184 189 193 193 172 156 182 209 207 202 210 174 180 184 195 197 206 216 212 227 238 234 232 239 238 232 237 234 212 198 218 222 235 237 229 224 226 235 227 226 228 219 206 208 214 207 195 196 207 199 177 182 200 207 210 218 215 185 206 214 219 231 234 231 226 236 235 236 221 212 212 206
210 216 224 210 204 203 221 229 201 205 245 240 229 211 183 189 176 144 161 173 192 213 206 196 186 197 201 197 185 156 147 187 201 192 191 187 186 184 183 187 184 193 202 235 250 249 236 231 230 231 229 226 230 220 224 216 226 231 226 232 230 233 222 224 221 234 228 222 208 204 199 209 217 193 171 179 185 185 201 203 203 208 172 167 179 216 232 229 221 233 242 250 245 244 237 196
209 212 221 215 221 232 227 227 230 209 223 232 218 196 166 163 134 127 164 177 174 185 197 178 185 186 205 210 210 200 166 168 185 193 195 195 204 194 180 189 191 200 225 230 234 238 223 215 219 235 241 239 246 234 229 222 223 232 237 232 213 226 231 221 225 244 239 232 225 228 233 230 213 204 192 191 192 190 194 191 195 201 177 164 219 227 239 235 229 228 223 231 236 236 234 214
209 221 223 212 215 228 231 230 230 202 194 221 213 202 198 177 144 165 202 191 184 205 214 185 178 192 215 230 213 196 202 195 180 194 186 177 192 197 187 207 212 217 226 200 198 202 216 217 226 238 232 226 226 232 228 234 235 234 232 212 197 217 231 226 223 221 236 231 233 234 224 225 219 216 217 216 207 189 195 196 195 207 195 213 227 230 226 222 229 230 221 206 222 237 239 225
190 201 208 202 208 231 234 228 218 173 176 209 215 214 201 176 185 216 207 184 186 200 185 177 187 203 228 232 206 182 189 190 187 186 174 174 188 192 186 198 218 233 237 197 205 224 223 221 232 237 232 226 214 223 205 174 179 216 226 226 198 199 221 211 215 207 210 229 230 220 213 220 229 210 202 209 208 186 198 218 221 222 222 219 226 227 218 217 223 217 218 218 224 239 228 224
192 194 205 212 218 227 228 218 210 175 189 208 213 214 220 197 178 211 205 160 161 193 187 176 185 207 221 208 189 177 188 195 193 197 190 175 175 170 179 204 225 234 223 198 191 216 220 219 226 239 243 243 229 218 209 190 171 198 213 219 226 221 226 198 199 215 215 209 215 219 215 209 219 213 203 192 189 202 207 200 201 227 219 222 229 219 209 217 227 221 226 225 222 234 221 204
212 214 220 222 218 221 222 217 216 191 200 217 213 206 207 202 156 182 195 141 136 160 167 172 179 185 205 205 204 196 200 206 200 199 194 183 182 183 193 218 234 235 229 222 193 139 118 162 195 218 225 231 238 233 219 211 192 186 198 204 226 225 193 163 180 211 202 201 211 207 188 179 197 215 211 195 189 198 205 204 219 231 220 210 212 200 190 215 225 228 228 220 225 227 223 206
210 215 221 212 207 218 219 196 187 208 212 213 220 213 209 218 171 154 155 140 145 154 164 168 170 176 184 175 184 190 188 196 197 184 166 172 201 209 209 201 201 210 203 209 219 166 131 163 196 219 224 220 224 233 235 234 205 199 213 221 227 228 193 149 131 203 221 222 225 217 203 200 193 199 213 200 192 196 208 224 226 228 220 210 201 181 196 217 229 232 223 201 211 224 224 213
207 211 214 212 189 179 191 205 216 217 221 219 216 217 203 198 206 175 175 185 169 160 166 153 148 141 152 158 150 162 182 195 200 196 168 176 199 202 208 160 132 196 208 211 213 211 204 202 202 195 199 201 203 224 232 219 203 216 233 241 240 240 234 205 166 198 239 238 233 229 237 231 221 221 220 209 195 191 190 209 214 211 227 209 205 192 215 231 229 219 200 191 215 228 222 208
208 212 208 206 206 207 204 214 232 224 220 221 215 209 207 217 212 208 183 165 160 150 133 137 155 167 182 175 185 199 199 200 188 192 194 196 204 204 204 192 185 213 217 211 196 211 210 208 194 180 173 161 184 199 208 182 203 223 227 236 241 236 220 218 207 206 224 236 235 235 233 232 235 233 230 235 224 190 197 215 223 206 208 220 199 209 220 233 232 220 192 189 212 224 223 212
209 213 208 211 217 213 203 200 202 198 208 208 204 208 221 214 206 214 227 209 183 177 145 158 197 212 191 184 190 202 197 192 191 191 179 177 184 197 205 213 204 198 214 212 191 206 202 202 205 187 174 180 212 208 204 189 177 187 207 221 226 209 213 226 222 211 216 224 227 221 234 244 247 245 243 240 231 210 192 204 224 204 207 211 207 218 221 209 221 215 199 217 224 216 211 220
214 218 210 211 213 199 191 181 175 183 197 205 208 217 222 218 215 217 222 219 194 167 179 166 164 186 197 195 188 197 191 187 186 175 178 187 191 194 200 201 206 215 216 221 209 198 200 190 176 176 173 180 170 172 187 195 180 170 189 201 207 202 222 220 211 224 228 208 192 177 218 233 234 234 241 242 234 233 211 203 217 217 211 213 202 205 217 214 221 218 199 185 211 203 209 221
203 221 230 224 212 209 199 164 165 174 185 198 201 214 219 211 208 207 221 223 213 183 190 180 165 180 194 204 218 205 200 191 177 176 187 197 198 190 198 204 204 207 191 203 224 225 217 214 189 171 179 188 189 180 186 173 176 176 191 172 196 219 220 200 191 208 206 208 193 182 204 233 226 229 239 241 240 237 220 205 216 220 202 205 205 218 233 224 206 217 182 175 189 203 218 224
213 218 225 230 227 214 207 185 158 165 180 190 197 201 205 204 202 190 188 198 195 192 214 216 187 171 203 206 212 216 205 202 193 189 182 188 198 192 184 176 151 183 196 200 210 206 219 219 205 195 190 202 203 195 211 185 187 203 185 188 202 216 215 207 208 206 199 196 194 203 224 227 217 213 229 227 222 230 224 208 210 202 176 186 209 221 230 211 197 198 184 175 192 210 208 223
201 206 219 233 226 218 215 197 158 157 168 187 199 193 187 194 198 189 200 198 184 212 236 229 227 179 168 208 210 214 201 186 183 174 179 181 197 188 156 146 155 182 194 185 209 214 210 205 195 185 187 213 203 186 199 191 176 191 190 180 182 204 206 207 217 207 204 202 199 203 213 218 217 193 174 178 195 201 196 189 192 188 190 197 200 211 222 224 201 182 195 196 204 206 213 215
211 219 227 229 224 223 227 220 167 143 166 182 191 187 180 196 210 202 204 182 181 219 223 226 229 223 182 205 207 181 171 154 141 156 176 196 183 169 164 170 184 204 215 213 220 223 219 211 201 202 201 215 222 204 191 202 192 198 209 207 205 222 220 210 196 201 216 217 208 199 199 210 219 208 189 204 196 173 169 167 177 192 207 216 204 200 207 214 204 203 209 205 197 197 194 191
213 223 229 228 224 224 225 205 183 168 167 173 171 183 197 201 205 209 201 185 190 213 203 223 231 229 209 193 218 211 211 182 153 176 194 199 195 203 205 203 203 215 223 197 202 205 227 227 223 222 220 215 219 210 192 195 201 190 207 222 212 213 213 206 206 224 227 218 216 214 210 211 212 218 218 218 206 178 175 161 150 183 201 214 221 215 200 213 223 212 212 212 220 214 191 163
215 225 229 232 235 232 227 192 183 179 148 153 163 172 190 201 206 202 188 178 214 215 213 211 217 222 226 196 198 217 215 206 208 213 204 212 219 216 218 211 201 196 195 204 213 194 200 223 205 204 204 209 209 212 187 163 192 194 178 198 219 214 214 215 214 222 224 216 195 200 203 211 208 207 208 221 217 194 176 181 177 183 189 189 186 193 211 226 225 217 200 222 239 235 217 176
212 227 229 228 224 212 204 185 166 166 163 178 152 148 161 197 214 204 186 191 209 199 203 206 214 226 195 155 166 191 191 211 205 197 203 204 206 206 215 216 204 194 195 207 213 188 186 187 188 187 201 206 206 209 205 154 158 193 198 203 206 204 210 219 224 225 217 213 194 193 207 213 213 208 213 215 213 208 208 196 185 184 187 203 203 200 204 216 200 202 206 216 235 245 239 213
216 229 228 218 215 208 186 170 160 163 178 171 151 148 174 205 210 192 188 211 217 196 195 200 217 216 173 147 194 217 204 195 196 199 214 212 215 208 199 196 206 201 208 218 202 194 191 188 194 190 200 212 200 202 208 184 188 203 200 198 214 203 204 210 212 215 204 208 218 213 219 214 212 214 210 202 193 209 206 192 181 193 187 206 212 204 205 209 204 211 193 186 206 227 226 182
220 229 224 218 218 200 185 175 162 153 159 160 150 167 184 201 219 200 191 213 208 201 190 195 210 207 147 152 202 220 212 209 192 193 212 214 218 211 206 195 197 195 206 213 213 200 201 198 197 199 194 208 202 194 196 206 194 204 202 215 216 208 206 209 199 195 203 210 222 225 227 229 224 217 199 191 190 198 193 191 196 207 193 204 204 211 215 218 212 208 202 200 193 187 190 191
227 231 227 227 227 213 197 176 174 157 158 179 180 180 189 203 208 174 195 217 209 207 207 216 223 212 152 163 219 212 189 209 222 219 202 209 220 210 200 209 196 196 198 221 211 172 158 163 171 179 181 186 185 174 179 201 190 199 189 194 193 197 192 196 195 195 204 213 221 226 212 202 219 215 189 183 184 182 190 197 205 215 213 208 205 211 211 216 214 211 218 208 166 155 208 209
200 216 226 227 225 211 196 190 185 161 157 172 180 184 179 194 207 189 212 221 205 202 211 212 224 210 180 191 221 211 193 192 207 232 222 198 204 217 220 214 212 216 208 206 195 162 145 166 169 171 168 173 185 178 181 187 183 191 193 200 206 210 195 198 200 196 182 194 218 222 210 207 201 207 208 191 188 181 182 199 208 207 202 179 169 182 201 210 214 214 219 206 188 189 210 203
204 218 229 226 223 217 197 185 182 165 168 173 180 178 186 196 199 194 208 205 194 198 206 209 206 187 189 223 220 221 205 188 200 222 220 207 203 207 222 230 229 223 205 189 168 147 141 148 161 167 160 165 177 180 183 181 186 188 201 213 208 195 190 197 201 189 184 202 203 197 209 214 219 219 210 186 192 195 172 196 195 190 194 183 178 185 194 201 207 194 192 208 203 196 197 187
234 236 235 228 218 209 199 183 176 160 180 186 194 195 195 187 185 195 212 205 192 197 197 196 205 193 185 204 197 216 229 226 217 217 221 220 226 206 194 224 231 226 225 203 180 164 164 168 178 179 169 172 187 187 192 194 185 183 192 197 195 188 189 205 205 209 204 219 211 200 203 195 206 220 220 204 219 224 199 184 182 208 212 193 176 191 197 200 192 189 195 191 178 182 197 185
238 229 224 223 217 205 197 194 189 180 193 195 206 206 193 177 183 190 196 202 202 193 193 196 190 189 196 198 192 213 227 223 217 216 217 219 225 223 186 193 226 221 218 208 194 193 197 190 184 187 180 190 197 188 197 204 200 209 206 197 193 201 180 180 191 198 207 215 211 201 206 196 198 216 211 209 212 213 209 192 180 200 205 184 173 193 197 196 193 190 186 190 187 182 192 195
226 219 220 224 221 212 202 200 199 206 201 205 205 200 202 189 184 174 171 175 191 196 192 194 159 173 218 214 214 208 207 211 218 218 213 219 215 209 196 190 202 199 190 199 189 184 193 196 199 197 189 199 207 204 206 208 213 215 217 200 182 182 182 176 185 184 192 164 173 198 199 183 164 195 217 192 191 188 189 198 192 189 195 187 193 204 195 203 208 205 206 206 192 183 194 193
191 200 225 225 219 213 201 193 196 200 203 205 199 202 209 203 203 194 182 171 169 182 178 185 163 172 221 219 213 213 213 205 205 211 201 204 214 203 194 192 203 200 184 188 185 190 198 199 197 198 201 203 202 199 200 199 197 198 192 170 158 172 172 158 177 198 177 152 175 195 180 142 131 170 200 176 180 182 174 190 198 181 176 187 187 186 191 202 204 191 186 197 204 202 198 185
193 183 208 221 217 219 208 196 202 200 198 199 194 204 204 191 194 208 210 177 161 179 188 183 167 155 177 192 192 191 209 204 204 207 197 195 193 189 199 205 208 206 189 187 192 194 195 195 193 192 192 192 188 179 179 181 184 185 173 181 176 169 173 173 187 207 202 176 167 171 148 113 134 170 189 179 175 177 189 191 197 183 191 204 207 206 216 214 208 202 184 187 202 202 201 196
195 179 193 224 222 215 209 197 198 202 200 196 193 197 188 160 170 184 214 190 177 187 183 173 179 168 158 180 188 195 220 208 197 193 210 210 196 192 202 208 205 185 172 181 192 193 195 199 198 188 177 175 169 167 171 184 190 193 189 193 198 178 169 185 193 190 192 178 164 159 144 138 149 164 178 172 162 164 189 203 196 198 210 215 212 201 202 209 216 218 212 204 208 211 206 202
203 202 192 222 230 224 219 205 199 194 190 189 179 156 147 150 149 167 168 158 153 163 178 194 199 159 162 189 188 199 217 206 187 194 214 227 219 208 214 217 207 197 184 193 193 186 188 190 194 189 183 167 163 165 175 189 185 189 196 199 191 186 185 185 186 186 188 185 190 200 188 191 185 180 189 192 176 159 158 190 203 217 223 225 222 214 213 207 216 201 203 207 201 203 213 209
202 212 191 195 219 218 209 196 203 197 185 184 171 151 136 139 139 157 161 154 134 155 184 182 198 196 193 199 192 207 208 208 203 205 223 222 218 214 217 212 206 208 203 198 196 198 203 202 188 189 177 170 181 190 192 192 176 182 185 194 185 179 173 183 183 189 192 193 182 183 190 201 198 195 185 191 204 200 197 203 196 210 211 208 211 220 211 210 206 204 204 207 203 198 199 197
228 206 194 183 197 209 207 200 203 207 205 196 170 152 137 142 146 160 174 186 195 196 194 200 210 201 176 168 172 192 201 210 205 205 215 219 218 214 213 212 209 208 203 202 200 210 209 206 199 183 168 169 185 199 194 174 173 178 175 177 169 173 162 184 194 193 193 197 159 148 184 221 219 197 190 181 183 194 196 187 186 206 217 201 183 188 194 207 207 203 199 192 198 193 189 189
211 200 205 216 214 220 212 206 206 215 219 198 155 142 138 155 190 207 214 206 208 210 217 223 217 203 186 160 146 162 186 202 204 202 198 205 206 205 211 209 204 207 205 201 206 208 200 196 182 165 160 170 184 195 199 183 178 182 184 186 187 181 175 182 188 190 191 188 157 98 172 194 193 184 182 181 202 197 207 192 187 198 204 199 181 176 180 195 198 191 187 182 172 166 172 182
216 209 223 239 213 210 211 189 202 208 212 198 165 177 183 195 203 211 218 211 205 209 220 220 218 219 208 199 164 151 154 178 193 196 194 195 198 196 199 202 199 203 203 199 192 190 182 175 161 144 144 155 178 194 205 209 206 196 189 186 176 171 185 181 183 183 160 160 156 169 178 167 178 178 181 186 188 185 194 186 175 180 186 198 193 181 178 188 196 191 177 162 161 173 176 164
220 213 224 223 207 196 198 194 192 211 207 202 202 205 205 208 214 217 222 220 217 215 217 205 203 198 198 206 201 185 177 181 170 165 172 175 180 178 176 183 250 189 214 189 175 171 166 155 136 123 118 122 150 172 180 186 185 195 187 181 170 173 184 175 165 170 163 170 180 195 193 184 189 187 192 192 185 178 174 176 171 178 169 167 175 175 171 183 179 171 172 170 169 163 158 163
208 213 222 223 218 207 186 182 189 201 193 184 182 180 205 214 191 185 181 180 204 211 210 201 181 176 179 199 201 199 193 185 171 160 167 178 181 179 180 179 176 177 177 174 163 155 145 132 124 124 126 135 148 163 173 179 190 193 181 185 174 158 166 171 162 170 184 181 180 173 181 198 195 185 179 179 184 182 175 186 161 161 143 138 148 161 172 181 185 173 171 188 174 149 149 165
213 213 213 210 213 218 201 181 170 176 178 172 160 180 197 202 180 167 153 152 161 172 177 174 171 166 171 189 198 195 189 186 183 179 173 176 182 178 177 165 161 173 175 164 152 150 147 147 150 149 149 152 149 153 175 182 188 203 202 187 169 160 162 174 172 169 165 173 183 181 176 183 181 175 189 192 184 183 193 179 161 149 146 141 139 156 169 161 180 193 182 189 169 145 146 161
223 210 200 202 214 212 196 195 192 183 173 180 197 197 191 181 177 145 121 116 119 124 136 145 169 185 190 200 201 189 179 179 177 176 165 164 184 188 177 165 172 183 177 174 166 157 159 171 180 172 161 158 155 152 160 166 157 173 212 188 189 182 166 163 171 172 163 162 172 182 184 185 187 181 189 214 188 183 188 182 167 157 182 154 148 160 184 189 188 187 177 178 175 155 157 168
208 211 212 217 218 210 198 195 198 200 190 188 191 188 183 172 156 133 111 97 94 88 112 147 171 189 196 190 176 179 188 176 165 170 169 172 184 194 174 172 184 183 171 182 178 170 163 177 187 190 156 154 162 165 157 151 144 159 167 166 161 172 179 167 160 158 156 160 176 179 172 175 193 184 168 170 183 186 184 180 162 154 157 159 150 146 157 179 186 186 169 165 176 170 171 175
