examples/data/proba_v_italy_sicily/probav_s10_toc_x19y03_20141011_333m_ndvi_v001.txt
ncols         1127
nrows         589
xllcorner     12.348214285714
yllcorner     36.598214285714
cellsize      0.0029761904761905
NODATA_value  -9999
[rows 0 to 51 of 589, columns 480 to 575 of 1127]
28 39 12 13 19 18 13 14 12 17 16 12 14 13 11 17 15 7 10 7 26 6 22 23 30 33 9 9 9 28 9 11 11 22 11 19 19 16 15 19 20 17 15 9 15 28 16 12 8 10 8 9 9 9 10 31 30 24 8 22 18 15 14 15 16 16 20 19 19 21 23 9 23 31 31 8 15 22 22 16 7 11 11 21 22 18 17 19 20 19 20 23 21 19 22 22
17 27 15 23 25 15 22 17 15 16 14 14 28 29 17 22 8 8 7 7 23 17 23 24 10 8 26 11 11 24 25 27 9 9 9 9 20 9 9 9 9 18 17 16 13 15 21 21 8 8 11 11 9 11 17 8 8 28 10 32 31 21 20 19 18 16 15 33 34 40 9 9 25 14 26 28 27 17 24 22 11 11 11 21 17 17 14 9 17 18 19 20 21 20 21 21
29 16 12 19 18 16 16 18 16 16 14 14 21 25 22 14 10 21 8 7 8 10 8 10 20 8 9 29 32 26 9 17 9 9 9 24 22 14 9 9 9 18 19 21 17 14 17 18 24 10 8 9 9 10 16 8 25 8 10 17 18 33 32 30 32 20 29 17 16 13 35 33 9 14 13 9 15 26 20 22 20 11 9 18 21 21 22 19 17 10 8 17 17 18 19 18
39 37 9 9 10 14 18 16 16 18 16 14 13 15 19 11 10 11 8 8 11 10 10 26 10 20 11 11 23 9 9 9 29 20 9 19 16 11 9 9 11 11 17 16 15 13 14 15 18 17 11 24 10 10 18 17 25 14 6 8 10 8 8 8 10 31 21 17 18 21 23 25 17 16 19 14 13 25 11 7 21 22 21 19 21 20 19 19 18 17 17 16 16 18 21 21
27 30 16 16 21 18 18 18 16 16 16 19 14 13 13 11 11 6 8 8 8 10 10 10 8 9 23 11 17 11 11 9 9 11 11 11 11 17 11 17 11 11 11 17 17 17 17 17 17 20 21 21 24 10 10 18 21 19 17 14 10 10 8 15 14 22 20 22 19 19 21 18 14 14 15 16 7 21 21 18 19 11 20 21 19 21 19 17 18 17 20 20 19 17 10 20
19 30 18 22 22 18 14 14 14 14 16 16 13 13 11 9 10 10 6 6 10 8 10 10 10 10 28 22 11 11 11 9 11 11 11 26 29 11 11 18 18 16 15 15 15 15 16 16 16 26 22 23 26 18 8 8 17 20 20 16 16 29 22 17 18 26 44 35 32 21 19 21 21 15 26 17 13 27 31 19 18 21 19 19 17 32 19 17 17 19 21 19 19 20 16 10
19 21 12 14 16 16 16 14 14 12 13 23 17 14 11 16 10 10 6 10 10 10 10 10 10 10 11 9 9 11 11 9 9 11 11 19 9 11 11 18 19 19 17 17 17 11 9 15 17 19 17 15 30 9 8 8 8 10 23 17 17 17 10 48 29 17 10 15 19 21 17 21 23 21 27 17 16 20 32 33 31 38 19 18 29 22 16 18 17 16 16 8 10 20 21 19
14 12 11 10 12 15 14 31 33 30 22 17 19 17 13 15 14 10 6 6 8 8 10 10 8 10 11 9 9 9 9 9 9 11 11 9 11 11 11 20 21 19 20 19 21 19 17 18 14 14 15 17 15 15 14 13 11 8 8 19 21 18 32 27 10 18 16 8 15 17 9 9 17 17 17 16 17 17 18 24 23 17 29 33 18 16 35 28 27 19 40 39 10 8 10 8
14 13 15 16 20 22 22 19 24 16 16 13 11 17 18 11 10 10 10 10 23 21 17 8 9 9 9 9 9 9 9 9 9 11 9 32 24 11 9 11 11 9 21 25 21 18 17 16 19 14 15 16 14 14 17 19 16 11 8 16 21 19 18 16 14 18 10 13 18 21 19 8 15 16 15 17 20 19 21 19 23 20 22 22 18 21 20 21 25 49 30 8 30 8 30 12
13 18 22 22 20 16 14 19 24 13 13 13 16 9 11 10 10 6 10 8 9 8 21 9 9 8 9 9 9 9 9 11 11 9 9 9 9 9 9 21 20 9 22 28 36 34 18 19 20 21 27 17 16 17 16 19 17 10 10 15 16 17 17 21 24 19 12 9 9 18 19 17 15 17 16 7 7 22 21 19 20 19 20 23 20 24 40 33 16 14 8 8 8 8 12 35
15 13 10 28 16 12 24 24 27 28 29 26 22 17 15 14 16 10 10 10 8 8 8 9 9 8 9 9 9 9 9 11 9 9 9 11 9 9 9 11 22 11 11 24 9 16 20 18 11 23 18 26 28 17 17 18 15 11 12 14 16 8 29 11 17 27 22 14 9 9 17 17 9 9 7 7 9 11 22 21 19 20 21 19 20 21 27 17 18 16 8 21 8 8 8 8
18 23 21 20 24 23 23 18 20 19 18 19 17 11 9 11 10 10 10 10 10 8 8 9 9 9 9 11 9 9 9 9 9 9 9 9 18 7 11 11 9 9 11 11 21 19 9 20 18 31 28 18 18 19 19 16 18 14 14 14 16 18 8 34 24 23 24 21 15 9 11 8 30 7 11 11 11 7 22 18 16 15 18 19 18 16 15 18 17 16 14 16 8 8 12 8
18 18 18 13 24 20 24 20 17 15 15 14 13 14 9 11 10 10 10 8 8 9 8 9 8 9 9 9 9 8 11 11 9 9 8 8 8 11 7 7 9 25 9 7 9 11 9 19 18 17 9 17 20 21 21 21 28 21 17 14 9 9 8 11 11 18 22 23 22 18 9 24 18 9 11 11 11 11 20 21 20 18 17 18 20 22 21 21 19 19 19 18 25 23 8 8
15 13 7 4 6 10 20 17 13 14 16 16 15 14 9 10 6 6 10 8 11 9 9 9 8 9 11 9 9 9 9 11 11 11 11 9 8 11 11 7 9 11 9 11 9 9 9 21 9 9 8 9 11 18 19 19 18 18 14 9 9 9 25 23 9 9 11 11 11 9 9 23 9 7 11 7 11 19 21 22 20 19 18 20 22 23 23 20 18 15 16 19 17 15 10 8
22 26 31 34 34 36 13 24 19 14 14 12 12 15 10 10 6 6 10 10 10 8 8 8 10 10 9 9 9 9 11 9 9 9 9 9 9 11 13 11 9 11 11 11 11 9 11 9 9 9 9 8 8 9 18 20 19 21 17 9 9 9 9 11 9 11 11 11 11 9 7 7 7 23 7 9 9 21 21 21 20 20 21 21 21 21 21 22 21 21 19 19 19 20 20 18
40 39 32 34 35 22 20 16 24 18 13 12 13 16 16 13 8 10 10 8 10 10 10 10 10 11 9 9 9 9 9 9 9 11 11 9 11 11 11 9 11 9 9 9 9 9 9 9 9 9 11 8 8 9 9 9 9 17 18 16 9 15 15 11 9 9 11 9 9 11 11 11 7 7 7 9 9 23 23 22 23 22 21 21 18 16 19 20 20 20 19 20 20 19 19 19
29 36 28 13 19 25 20 18 16 15 16 13 13 14 16 13 6 6 8 8 8 6 10 6 10 10 8 8 8 9 9 9 9 9 11 11 9 11 11 11 9 9 9 9 9 9 9 9 11 16 9 9 9 11 11 9 9 23 18 18 16 11 9 9 9 7 9 9 7 11 11 11 15 7 7 9 7 7 21 21 21 20 20 19 20 20 19 17 17 18 18 19 8 10 16 17
16 23 38 36 31 31 34 28 21 11 14 17 15 10 6 15 10 6 10 10 8 8 10 10 6 8 8 9 9 9 9 9 9 9 9 9 11 11 11 11 9 9 9 9 9 9 11 9 9 33 25 9 9 9 9 9 9 9 23 17 16 15 14 11 11 16 14 9 11 7 4 7 27 7 7 9 7 7 23 24 23 21 19 21 21 19 18 19 19 18 18 16 17 17 19 22
11 11 16 23 23 15 16 22 13 19 18 14 13 14 10 8 10 6 10 10 6 6 8 11 10 10 8 9 11 9 9 9 9 9 9 11 9 9 11 11 9 9 7 9 9 9 9 9 9 9 9 9 9 9 7 9 28 25 9 9 16 16 15 15 16 16 17 9 11 11 7 7 11 7 7 9 7 7 19 22 23 22 21 19 19 18 17 18 19 20 21 19 18 18 20 22
20 16 15 21 27 23 17 13 12 10 11 17 15 14 3 9 10 6 10 6 6 19 8 8 10 10 10 9 9 9 19 9 9 9 11 11 9 9 9 9 9 9 9 9 9 9 9 9 8 9 9 21 18 23 9 9 11 11 11 17 17 18 16 11 9 16 18 15 7 11 11 11 7 7 9 7 7 21 23 23 25 24 23 21 18 17 15 16 20 21 21 22 23 22 20 19
15 17 15 13 29 33 27 12 13 21 23 24 20 14 10 8 6 6 16 6 6 10 8 8 10 10 10 8 9 9 22 9 9 9 11 11 11 9 9 19 19 11 11 9 9 9 11 9 9 9 9 9 23 19 7 7 7 9 7 9 19 28 18 18 18 18 19 16 7 11 11 4 7 7 5 7 7 9 22 23 23 23 23 22 20 18 15 8 8 19 21 22 22 22 21 19
32 21 23 17 11 8 8 6 7 22 22 9 11 17 16 11 8 6 11 6 8 8 8 6 10 10 11 11 11 10 11 9 24 18 11 11 11 9 9 23 11 9 9 9 9 9 9 9 9 9 9 9 9 9 9 9 9 9 9 9 9 11 17 26 22 17 19 18 7 11 11 7 7 9 7 7 20 21 29 26 24 24 22 21 21 20 17 15 10 8 6 19 19 21 22 21
24 22 16 28 28 14 10 14 8 22 9 11 18 4 8 8 6 6 6 8 8 8 8 20 17 10 10 10 10 11 9 9 9 9 11 11 11 11 9 11 9 9 11 13 9 9 9 9 9 9 9 9 11 9 9 9 7 11 11 9 9 11 9 9 9 9 9 9 9 7 7 7 7 9 9 7 26 7 7 7 21 25 25 24 23 21 19 18 17 8 8 8 8 8 21 21
30 32 23 25 32 15 14 28 26 18 16 14 14 10 9 8 6 10 10 8 23 8 11 24 26 11 10 10 10 11 11 11 10 10 11 11 9 11 9 9 11 11 9 24 21 18 18 20 17 13 11 11 9 9 9 9 11 9 9 9 9 9 9 11 9 27 9 9 9 9 4 7 7 7 5 7 9 9 9 22 20 21 23 23 24 23 22 19 17 8 8 12 8 8 8 12
18 26 29 28 25 27 18 20 18 19 28 7 21 10 9 8 10 6 10 8 11 11 10 10 11 10 10 10 10 10 10 10 10 10 11 11 25 9 13 19 11 11 9 31 28 29 25 22 21 18 14 11 9 9 9 9 11 9 9 9 11 11 9 11 9 9 9 9 9 5 7 7 7 7 7 7 9 9 9 14 23 22 22 21 21 22 22 22 22 19 6 10 10 10 8 10
10 13 22 25 26 28 29 23 16 13 12 22 10 17 9 8 6 6 8 6 8 8 10 10 10 18 13 13 11 11 10 13 10 18 17 11 10 31 24 23 20 20 17 28 26 24 9 24 21 17 16 13 9 9 9 9 23 9 9 9 9 11 11 9 9 9 9 9 5 7 7 7 7 9 7 7 9 9 9 30 7 8 8 24 25 24 22 29 24 21 14 19 6 6 10 12
23 13 14 23 29 26 28 29 24 20 15 11 20 7 9 8 10 17 16 6 6 6 10 10 11 21 22 20 20 11 10 19 20 18 13 10 10 7 7 19 17 19 19 22 11 9 9 9 9 9 11 11 9 14 9 9 26 20 16 9 11 9 11 11 9 11 9 9 26 24 7 7 9 7 7 21 9 9 7 7 8 8 8 8 8 6 24 22 36 30 25 19 15 6 10 10
22 12 19 13 17 21 18 21 20 18 17 15 6 7 9 10 16 18 19 16 10 15 10 10 14 19 20 17 28 27 23 22 24 26 22 16 17 17 15 13 16 22 24 9 11 9 9 9 9 9 9 9 11 11 11 11 14 30 14 13 9 9 11 9 9 11 9 9 9 4 9 7 9 7 7 29 9 7 7 25 19 8 8 6 6 8 8 8 6 21 21 32 12 10 23 19
27 19 15 17 12 17 22 23 24 20 17 17 17 18 9 8 8 16 16 18 15 16 15 17 21 20 36 33 32 35 30 19 16 21 24 19 18 21 26 24 19 9 9 8 34 33 8 9 9 9 9 9 9 11 11 18 19 20 19 19 15 11 11 9 9 11 9 9 7 9 9 5 9 7 7 9 9 7 7 7 28 8 6 25 19 8 8 10 10 35 20 22 22 20 10 28
27 29 19 14 14 23 26 23 24 25 22 18 17 17 19 18 17 17 16 18 17 15 18 21 21 25 21 18 16 17 23 19 16 13 13 11 17 18 20 28 11 11 9 8 9 8 8 9 9 9 9 11 11 11 11 22 20 25 23 19 20 17 16 9 11 11 5 5 4 11 11 5 9 7 5 7 9 7 7 7 7 6 8 8 8 8 8 6 20 20 10 6 19 20 17 12
31 16 17 13 26 24 23 19 17 19 16 23 17 8 10 16 17 16 16 24 19 15 15 23 21 8 21 21 22 22 21 22 18 21 16 17 14 21 24 25 31 36 34 35 9 11 8 9 9 9 9 9 9 9 9 23 20 21 22 17 19 19 18 17 11 9 21 9 20 7 7 5 7 7 5 7 7 7 7 7 7 7 8 8 6 8 8 8 8 21 19 21 19 19 29 19
12 15 21 22 21 14 11 10 13 15 16 18 19 19 10 8 18 21 19 16 18 19 17 8 18 12 12 8 20 25 20 8 10 12 16 14 10 8 10 22 19 22 23 26 29 11 11 11 9 9 9 9 7 9 19 17 17 9 21 9 9 9 9 9 9 9 9 9 7 7 7 7 22 7 7 7 7 7 7 7 7 26 6 18 6 6 8 8 8 8 19 22 22 22 25 21
11 10 12 28 18 19 18 19 24 23 28 20 17 19 18 15 18 20 19 17 17 16 18 16 6 10 10 19 15 18 10 8 8 12 17 33 10 30 28 23 19 22 26 25 29 29 9 9 9 9 7 9 11 31 26 12 18 9 11 9 9 9 9 17 9 9 22 18 7 7 7 9 7 7 7 5 7 9 9 7 7 6 25 22 8 8 6 8 8 8 10 10 21 19 28 25
15 15 9 6 25 29 26 19 19 9 8 12 17 18 28 20 18 18 18 18 16 17 15 18 16 6 15 23 27 29 35 8 29 39 26 26 39 31 36 38 36 33 33 30 29 32 33 33 9 9 30 36 32 28 27 19 9 9 9 9 9 9 9 9 9 11 11 11 7 7 5 7 7 9 7 7 19 20 18 7 8 6 16 8 8 8 26 8 21 19 16 10 19 20 19 19
12 13 14 29 25 19 15 7 6 18 12 8 8 9 38 28 18 16 26 18 18 16 6 6 19 10 10 25 25 17 26 36 24 30 30 16 10 20 9 20 14 15 13 15 21 23 28 30 32 28 21 22 21 20 20 9 9 9 9 9 9 9 11 9 9 11 11 7 7 7 7 7 9 9 7 9 7 22 24 7 8 8 6 8 8 8 8 6 8 21 19 19 17 10 16 15
12 12 31 24 17 15 8 5 4 25 11 18 17 20 10 16 16 11 16 16 18 17 10 10 17 16 10 10 32 31 24 17 10 22 30 23 8 10 20 24 20 17 23 17 18 19 24 27 34 34 27 22 9 9 11 9 9 9 9 9 9 9 9 9 9 9 9 7 7 7 7 7 7 9 7 9 7 7 7 7 8 6 6 10 6 6 6 18 18 20 21 21 22 22 22 19
32 27 22 19 15 9 8 6 8 5 31 17 24 29 29 21 24 17 17 17 16 15 19 18 17 19 16 6 6 8 8 8 8 10 11 9 9 10 9 9 21 9 9 9 11 9 9 8 9 9 9 11 9 9 9 9 9 11 9 9 11 9 9 9 9 11 11 7 7 5 5 7 7 7 9 9 7 7 9 9 8 8 6 6 8 8 20 20 21 21 21 20 19 19 21 21
27 24 18 18 12 11 11 8 4 7 8 6 7 9 33 23 21 19 19 19 31 33 25 17 8 18 18 6 6 6 6 8 8 12 9 11 12 9 9 9 9 17 9 9 9 9 9 8 8 6 9 9 9 9 9 9 9 7 9 9 9 9 9 11 11 11 7 7 9 7 7 7 7 7 7 25 9 25 7 7 6 6 6 6 6 6 22 22 23 21 20 20 20 19 21 21
9 15 25 25 17 12 16 17 10 22 17 8 9 9 10 46 20 18 18 17 17 15 28 23 13 7 18 17 6 6 8 8 8 10 9 12 9 17 9 9 9 16 9 9 9 9 9 9 9 9 9 9 9 9 9 9 9 9 9 9 9 9 9 9 11 11 7 7 9 7 21 7 7 7 7 7 9 7 7 7 8 6 6 6 6 8 8 8 22 22 23 23 22 20 20 21
24 19 25 17 23 20 21 23 13 10 30 22 8 10 10 17 19 19 16 17 19 16 9 23 24 7 8 16 8 8 6 8 8 9 11 25 24 9 9 9 21 20 16 9 9 9 9 9 9 9 9 9 9 9 11 9 9 9 5 9 9 9 9 5 7 7 7 9 7 7 5 5 7 7 9 5 22 21 7 8 8 23 22 6 6 4 6 6 6 20 21 23 24 24 24 23
12 17 25 22 27 23 17 20 19 13 10 7 7 10 18 17 18 21 29 33 34 15 9 10 7 17 8 15 16 16 19 7 12 14 10 10 11 9 9 9 27 19 9 9 9 9 9 8 9 9 9 9 9 9 9 9 5 9 9 9 7 7 7 7 23 21 7 7 7 7 5 7 9 9 9 9 7 7 7 8 6 6 8 8 6 6 10 6 13 22 22 20 20 20 21 24
21 20 20 20 15 21 15 17 15 10 10 18 20 16 15 16 29 22 18 14 12 18 21 19 16 17 21 20 18 15 8 10 10 10 9 8 11 8 8 9 9 8 9 9 9 9 9 8 6 9 9 9 11 7 5 5 5 7 9 7 5 7 9 7 5 7 7 7 7 13 10 5 7 7 7 7 21 7 5 21 6 8 8 8 6 6 17 10 6 21 33 22 22 32 21 25
23 18 16 26 8 11 9 9 14 9 15 16 31 21 24 26 27 22 22 24 25 24 24 21 19 7 8 13 12 15 22 19 16 11 10 10 8 8 8 9 9 9 9 8 6 9 9 9 9 9 9 9 21 11 7 7 7 7 7 7 7 7 9 25 7 5 7 7 7 7 7 7 7 7 7 7 28 7 8 25 6 6 6 16 6 20 25 10 10 20 20 20 19 17 21 23
13 16 17 18 10 8 12 17 17 18 18 16 10 21 18 19 21 28 28 27 26 22 18 7 7 13 15 20 21 19 22 22 17 14 12 9 11 11 9 9 9 9 9 8 9 6 9 8 9 9 11 7 7 7 7 7 5 7 9 9 5 5 7 7 7 7 5 7 7 7 7 7 16 22 25 7 7 6 18 15 6 18 8 23 6 9 10 6 22 20 20 20 20 18 17 17
16 18 10 11 13 14 17 18 24 18 10 11 22 22 17 21 24 25 29 29 28 27 29 27 21 6 8 16 20 13 15 16 15 11 10 9 11 9 9 9 11 9 9 9 11 9 9 9 9 9 11 7 7 7 9 18 9 7 7 7 9 7 7 7 7 5 5 7 7 7 7 7 24 7 7 7 7 5 24 6 23 23 8 27 8 6 6 19 24 20 19 19 19 19 20 18
10 16 19 15 22 21 22 6 6 22 10 20 17 16 19 17 17 17 19 21 21 23 25 30 30 32 30 19 25 20 17 18 10 10 9 9 9 9 9 25 9 9 9 9 9 11 9 9 9 9 9 7 7 7 9 27 23 9 5 9 7 5 7 7 29 24 7 9 7 7 7 7 7 7 7 7 7 7 6 6 8 6 16 23 8 6 10 19 19 21 19 19 19 19 17 20
40 30 17 20 14 13 4 10 10 11 10 11 16 16 21 24 22 19 16 12 21 18 19 26 29 29 30 21 29 22 19 9 9 8 8 9 9 9 9 9 9 9 11 25 22 9 9 6 9 9 6 7 9 9 9 7 9 7 7 9 9 7 7 7 7 7 7 5 9 21 7 7 7 7 7 7 7 7 8 8 6 6 19 23 8 6 19 19 17 27 21 21 21 19 23 22
25 19 24 18 22 11 10 11 17 14 10 11 13 28 28 26 21 24 17 16 9 9 18 17 18 19 13 11 15 27 19 9 9 8 9 9 9 9 9 9 20 16 19 18 9 9 6 9 9 9 11 11 9 7 9 7 9 21 9 7 7 7 7 7 5 5 5 9 5 37 35 31 7 5 5 16 16 6 6 17 37 19 34 21 21 32 18 19 29 18 31 19 19 18 19 20
28 24 19 13 12 12 22 20 11 18 21 20 16 18 21 30 27 19 25 15 22 19 19 21 18 18 24 23 19 20 17 14 9 9 9 9 9 9 9 24 24 31 37 27 8 22 15 9 9 30 11 7 13 9 9 9 7 28 23 11 9 7 7 7 7 9 25 25 7 7 7 16 17 15 15 17 20 19 19 19 21 22 22 23 21 21 35 20 21 19 18 19 22 24 30 20
10 10 21 18 9 21 21 24 22 26 11 12 23 15 16 16 17 22 23 18 16 24 22 22 21 19 17 16 17 19 22 27 18 9 9 9 9 9 9 9 20 9 9 9 8 23 17 9 11 11 7 9 7 9 9 9 9 9 9 9 7 7 7 7 7 7 30 23 16 7 21 21 17 15 16 17 16 15 19 21 6 6 18 18 19 20 21 22 21 21 22 23 22 23 24 23
10 15 10 10 7 18 18 11 18 26 10 10 24 23 28 29 19 21 17 18 22 22 17 14 15 10 11 8 16 14 9 8 14 18 9 9 9 9 9 9 9 9 9 8 8 25 20 11 11 7 7 9 9 27 30 24 7 9 9 9 7 9 7 10 7 7 7 25 5 7 18 23 23 19 15 13 16 14 7 7 17 6 19 21 20 22 21 22 22 22 21 21 19 19 18 35
9 7 9 10 9 34 9 11 17 34 10 16 26 25 23 19 17 21 17 12 18 27 26 24 6 6 20 12 13 23 18 14 23 15 9 9 9 25 9 9 11 9 9 12 9 9 9 11 11 36 7 9 9 9 9 9 9 9 9 7 9 42 37 30 7 7 7 5 7 15 19 23 24 25 25 22 19 20 18 16 17 13 6 19 19 19 23 25 25 24 24 23 24 23 22 21
