examples/data/proba_v_italy_sicily/probav_s10_toc_x19y03_20141211_333m_ndvi_v001.txt
ncols         1127
nrows         589
xllcorner     12.348214285714
yllcorner     36.598214285714
cellsize      0.0029761904761905
NODATA_value  -9999
[rows 230 to 275 of 589, columns 576 to 671 of 1127]
132 112 91 101 102 105 117 126 98 110 104 97 86 93 78 102 117 109 112 103 122 143 139 132 105 79 84 82 94 115 139 132 122 120 120 137 142 126 107 116 99 108 107 141 125 105 149 150 147 79 66 95 94 99 117 151 148 152 160 137 128 119 126 127 138 147 161 169 152 149 165 184 167 171 168 172 179 159 149 157 168 185 209 214 205 205 199 209 205 201 202 194 196 185 186 191
137 111 92 99 109 100 101 100 106 118 118 118 112 139 103 121 133 109 76 75 78 81 105 132 130 99 74 68 79 110 135 123 117 119 116 118 135 133 117 97 99 122 118 103 117 112 132 98 117 76 83 97 84 91 118 144 153 147 130 127 121 135 145 125 132 136 161 182 188 177 170 175 166 163 149 160 167 166 154 155 148 166 192 208 200 192 183 199 202 193 198 205 203 198 198 196
160 158 135 136 135 121 118 117 135 152 166 141 118 141 129 107 121 114 119 105 120 118 121 123 134 107 75 102 127 131 122 128 121 123 122 106 116 128 129 129 112 107 124 110 118 124 113 119 96 116 106 116 108 107 134 155 135 154 187 184 173 181 170 162 135 139 151 167 227 182 183 181 168 156 148 155 149 154 151 149 160 165 161 173 182 173 168 185 206 208 201 195 199 199 210 210
149 150 147 149 177 192 147 114 137 162 156 114 96 131 150 134 119 124 124 110 126 131 130 145 130 105 92 113 127 132 128 123 126 128 128 132 111 131 152 149 132 125 111 112 115 106 91 102 110 112 117 99 102 103 133 148 148 179 193 197 178 169 173 167 153 154 154 146 156 157 168 163 145 152 165 150 148 155 162 158 158 159 165 173 167 160 157 167 179 192 199 191 196 207 213 208
135 141 140 148 170 160 132 133 137 146 148 128 113 133 154 163 149 122 120 116 82 93 87 118 112 103 115 119 136 140 134 129 120 131 135 131 123 119 144 154 152 132 121 131 142 135 144 127 125 85 85 99 116 122 121 133 130 144 154 171 164 167 153 142 138 163 144 148 159 148 157 157 146 177 192 182 185 186 190 182 174 181 173 173 167 172 175 177 169 177 198 192 195 182 174 186
119 134 129 144 165 152 124 118 132 138 132 111 121 131 136 173 157 125 99 107 95 77 79 81 96 115 131 106 112 119 123 109 125 121 119 111 126 121 124 124 137 146 135 125 137 140 143 138 129 118 72 111 119 108 105 127 136 157 196 218 168 164 136 124 119 119 150 172 153 154 166 168 151 173 193 198 192 190 185 189 183 183 158 168 169 170 170 191 206 203 201 201 192 175 172 174
117 108 109 118 127 123 114 104 117 100 112 85 90 103 103 143 142 120 93 109 96 93 83 80 101 97 82 80 60 98 113 140 112 140 131 118 117 133 120 136 141 146 138 122 136 132 128 129 134 122 93 111 133 128 135 134 142 156 177 172 163 133 112 142 155 148 144 173 162 167 165 174 159 168 157 169 178 174 185 179 172 178 186 189 191 193 188 194 195 201 202 190 180 173 187 201
117 127 122 117 111 114 116 110 125 146 166 159 120 104 120 135 146 124 124 135 102 91 104 124 137 108 94 86 103 110 123 111 131 133 145 130 134 146 145 142 124 114 132 139 125 117 124 130 111 111 140 145 127 113 136 149 142 153 155 161 154 139 135 157 177 163 165 175 185 166 152 139 155 164 144 165 182 183 170 172 158 171 177 189 185 192 193 203 202 199 195 183 166 172 182 191
121 119 116 126 137 138 136 162 169 169 164 169 152 133 125 138 158 155 143 133 113 108 116 111 136 165 135 113 122 109 131 111 121 118 131 137 120 125 133 121 137 138 139 122 121 115 117 128 133 111 108 117 104 97 100 112 126 148 153 157 143 140 143 155 175 180 178 172 157 156 154 137 135 138 132 164 188 180 184 187 191 183 191 184 167 175 195 208 205 198 194 185 175 189 180 173
123 106 116 111 109 101 112 157 186 190 182 159 136 115 78 125 153 151 155 130 122 120 121 132 152 173 132 108 109 125 99 120 121 118 126 131 138 143 137 121 131 126 132 107 119 135 142 146 133 107 90 104 122 130 137 127 116 117 137 144 126 127 139 137 142 189 181 171 140 151 152 134 124 135 150 137 153 164 184 194 206 203 195 197 191 175 172 186 192 176 183 187 189 188 171 165
98 97 117 103 99 100 94 127 158 164 169 146 85 88 86 95 122 134 121 112 120 118 120 137 140 118 123 122 104 123 99 99 100 121 129 123 135 159 153 144 147 133 139 146 130 114 130 133 127 117 118 117 110 132 135 137 138 134 145 151 147 156 143 154 168 187 188 179 162 159 137 125 126 142 153 159 152 173 188 191 197 208 208 202 194 202 174 155 158 202 183 193 182 173 158 149
107 86 91 106 114 108 95 100 115 129 130 131 130 136 99 87 103 111 110 124 121 106 100 104 109 111 119 113 106 97 122 121 111 128 134 96 84 133 177 168 152 140 138 139 128 125 119 122 134 138 138 130 120 132 153 144 139 152 160 159 164 170 175 173 180 185 169 167 154 150 140 148 156 150 163 157 164 190 190 200 198 191 186 206 185 166 172 155 146 145 212 202 196 181 140 143
80 113 105 97 100 108 95 102 99 81 73 108 154 145 111 90 88 92 127 134 127 114 108 99 94 106 103 83 100 98 106 119 101 88 103 93 123 159 149 148 145 146 130 115 121 158 145 145 132 138 144 159 123 101 129 150 127 126 133 140 140 152 166 169 170 164 156 143 164 149 129 144 148 149 147 166 170 166 165 191 172 158 184 205 173 163 144 133 168 176 175 185 181 179 162 176
101 115 101 93 99 123 97 85 82 100 93 86 115 139 117 111 119 114 110 119 124 114 103 98 107 119 129 111 99 107 106 124 122 112 122 120 149 162 130 103 134 145 133 123 106 115 134 133 130 130 110 123 128 130 150 152 131 121 131 140 133 136 141 150 168 162 156 158 136 124 128 135 132 142 160 161 152 147 142 136 182 196 226 195 193 169 143 149 184 204 177 157 183 199 177 180
107 137 128 119 108 99 103 80 67 87 93 106 95 106 105 101 94 93 114 125 127 130 120 110 97 94 110 121 96 91 107 145 145 141 137 125 128 152 147 120 101 115 138 151 149 129 110 110 113 120 120 137 154 150 149 153 146 141 139 141 132 129 142 145 141 140 146 152 146 129 120 149 128 134 175 137 133 137 152 159 208 179 182 186 176 157 156 161 138 171 173 181 190 200 189 173
95 112 130 133 142 136 127 85 87 110 108 125 105 96 104 97 82 86 105 117 123 148 139 126 95 68 78 91 93 91 84 84 117 141 139 128 131 134 136 134 124 124 126 125 143 161 148 146 141 115 111 124 120 130 130 137 159 135 131 128 141 138 120 125 150 144 137 145 148 143 137 119 120 108 128 133 147 183 218 239 247 163 169 162 217 170 172 173 156 145 149 155 182 186 178 187
110 96 112 117 138 135 132 128 112 110 128 119 116 89 93 90 99 99 105 109 115 164 158 139 128 113 101 99 105 106 109 86 86 107 116 171 190 176 147 161 146 134 131 126 147 139 154 136 137 157 135 135 134 135 134 119 132 134 156 165 146 139 123 105 117 133 121 134 155 147 138 145 146 129 139 158 161 158 153 211 203 157 207 218 207 165 178 210 179 152 141 154 155 131 164 196
138 102 94 97 97 127 141 130 121 115 140 146 142 114 97 103 89 91 98 99 118 158 144 124 119 109 120 126 133 124 102 89 85 96 143 151 173 192 179 165 156 158 170 135 124 138 132 114 139 181 181 176 155 134 118 117 141 160 165 149 152 142 127 137 132 142 131 154 158 153 146 152 156 151 141 148 173 177 171 198 195 158 141 144 141 179 171 212 204 172 168 165 162 126 136 177
149 125 111 115 123 126 132 132 131 139 147 141 136 114 108 118 125 107 91 96 107 120 124 119 125 130 151 139 133 140 129 112 122 105 129 139 158 159 170 173 151 151 161 132 122 139 148 137 132 148 174 163 180 161 141 151 168 156 158 158 154 140 130 143 149 141 141 149 155 160 151 143 134 148 157 173 176 179 206 172 194 160 154 151 152 130 186 201 186 202 178 146 154 142 93 166
158 142 117 106 107 109 123 110 111 125 134 134 134 122 114 148 154 144 113 101 106 114 120 130 134 124 150 152 137 145 133 125 120 114 95 116 154 164 165 146 133 138 142 140 151 142 140 158 142 121 128 136 148 180 186 182 182 172 171 171 176 186 173 164 160 156 143 153 160 157 151 154 147 161 182 180 181 181 196 196 170 188 206 199 160 129 138 186 199 200 174 115 87 51 0 111
133 139 134 127 121 120 120 111 102 111 106 131 155 146 141 161 135 121 124 110 142 123 128 136 118 119 137 144 136 145 149 145 142 146 117 125 136 130 143 136 147 124 134 144 154 150 142 129 117 105 104 97 85 110 151 172 158 164 173 174 180 176 159 152 153 150 154 160 156 148 134 133 156 156 149 177 189 186 183 178 189 182 192 209 184 182 178 195 158 157 192 170 167 154 109 148
124 122 128 133 124 124 130 126 116 118 129 135 142 148 146 132 120 120 103 130 155 129 126 124 131 120 123 137 157 152 133 148 151 136 131 133 138 141 145 134 132 134 127 126 142 142 149 137 106 128 103 96 87 93 131 146 153 161 161 157 171 172 150 137 137 141 150 148 138 148 153 134 154 160 155 171 171 185 196 169 163 168 175 184 181 164 131 120 133 133 155 166 165 160 146 164
111 111 125 144 165 149 153 144 103 115 148 132 129 158 160 124 137 154 145 141 137 117 99 106 108 101 110 139 170 161 130 122 138 116 139 176 159 164 148 137 130 121 115 134 132 148 160 151 120 145 133 121 107 100 119 126 109 113 126 147 154 154 154 152 151 137 145 146 145 155 165 161 156 154 154 164 158 166 188 179 160 172 177 186 189 164 132 124 137 144 137 157 197 187 165 154
128 145 139 151 166 160 160 175 161 147 151 139 124 130 144 153 144 154 146 132 123 114 101 125 122 108 107 134 174 170 124 97 134 144 141 145 176 168 155 123 110 136 133 120 126 147 146 154 137 150 167 174 163 112 75 92 103 93 97 139 161 160 165 153 155 156 150 145 152 160 162 164 167 178 171 160 150 158 153 164 162 146 139 133 147 163 155 123 129 161 128 133 207 225 210 185
142 159 170 169 150 152 163 165 145 131 144 146 137 128 137 151 157 147 150 121 135 134 122 132 124 119 124 139 152 171 159 127 127 148 140 139 152 151 143 129 130 133 116 100 108 126 142 155 142 139 166 154 159 142 129 117 123 127 140 162 186 155 160 149 156 169 144 138 142 140 149 164 167 163 158 137 155 143 129 123 136 140 137 128 145 159 172 165 149 119 121 126 181 224 173 158
160 154 157 158 147 136 146 137 143 143 134 136 108 135 141 165 161 159 160 158 160 152 130 135 144 155 143 135 138 149 154 149 141 127 128 135 128 140 148 155 158 152 136 119 109 117 136 165 168 159 170 162 156 160 170 146 145 166 178 188 177 156 161 161 152 156 167 160 161 135 116 171 167 153 156 152 140 137 145 137 138 128 135 146 147 154 176 192 178 144 126 176 217 204 159 145
141 159 153 146 156 159 144 163 152 136 138 124 132 141 132 176 174 158 151 155 160 158 152 139 130 126 111 106 113 132 139 149 153 140 122 125 118 129 153 162 169 172 171 158 147 149 163 179 175 133 148 166 150 144 146 140 139 144 163 167 160 138 153 151 148 159 168 164 167 144 96 86 120 138 130 125 134 143 148 132 152 160 136 134 155 157 155 169 157 133 115 145 185 175 156 147
142 154 146 144 146 146 152 150 139 143 137 140 143 150 155 150 130 151 129 120 121 121 122 139 142 120 103 112 106 131 136 144 160 163 142 122 95 94 95 145 156 155 165 174 170 176 195 192 168 100 104 128 140 142 154 147 125 122 122 130 152 129 149 160 169 188 186 185 178 174 162 145 139 145 127 133 131 151 155 141 144 173 170 171 167 160 146 142 128 126 143 157 169 164 154 144
138 152 157 152 154 140 135 142 177 181 165 151 156 171 165 138 151 141 155 160 140 136 133 133 125 117 114 108 128 141 137 144 145 162 168 159 142 139 155 165 165 160 156 147 142 145 174 160 101 128 161 131 129 146 167 151 152 142 122 123 147 167 195 205 184 164 143 139 152 148 154 154 156 145 127 130 117 150 165 161 157 159 150 147 143 142 131 134 132 125 121 126 142 150 167 183
146 148 164 162 165 165 147 139 152 179 171 156 168 177 173 164 147 150 157 160 155 161 147 142 163 148 141 120 128 144 155 137 143 147 156 164 143 150 162 160 160 148 156 155 148 166 181 166 103 158 146 112 117 156 161 161 154 161 152 158 157 181 180 171 157 174 171 160 145 153 153 159 162 161 148 147 142 148 155 167 162 125 126 151 156 158 139 131 133 133 120 127 117 140 165 161
133 156 164 166 163 162 176 163 175 191 189 188 187 180 165 156 147 152 156 145 147 150 144 127 133 139 142 128 112 117 149 158 142 147 147 140 122 139 156 155 151 152 154 146 148 178 193 195 171 168 152 81 64 112 163 168 157 165 171 158 156 160 176 174 167 151 164 169 156 163 167 164 172 186 160 156 156 162 165 171 168 155 162 164 183 172 158 153 136 135 144 143 126 112 144 149
115 122 122 126 150 180 189 183 178 171 177 180 179 147 141 116 106 121 140 151 175 181 162 132 112 141 168 170 144 126 136 156 153 152 167 185 155 152 136 151 145 163 154 153 157 185 192 188 172 157 152 142 140 143 164 164 157 152 150 138 153 166 168 151 135 138 154 177 156 164 171 166 179 184 170 167 152 162 166 179 183 197 184 181 178 165 158 154 156 128 133 133 146 145 156 158
146 147 124 108 137 157 169 179 182 173 173 169 173 140 111 120 112 130 164 164 191 191 176 135 108 144 167 178 177 169 156 151 149 177 192 180 177 160 158 143 144 165 172 169 171 174 187 192 176 153 158 172 157 153 151 134 136 115 143 149 166 184 185 170 141 115 146 172 199 224 223 197 195 187 175 172 167 158 147 159 178 185 185 182 180 176 162 180 182 162 109 90 108 117 124 148
163 147 155 176 140 155 173 163 168 172 163 139 111 146 138 165 190 190 198 197 188 193 186 153 115 153 180 185 178 175 186 195 187 184 183 167 176 179 168 154 146 162 188 179 182 181 183 189 197 175 175 197 185 144 115 142 170 179 171 161 179 175 163 165 145 158 168 180 146 117 103 87 96 133 168 165 144 155 158 161 152 156 142 129 138 142 154 174 178 178 152 112 86 99 89 119
149 139 152 173 142 154 161 165 159 175 168 169 185 182 165 183 192 195 203 203 202 200 187 161 173 183 186 182 182 202 205 208 200 178 179 177 173 165 165 166 169 191 205 198 196 198 211 194 192 196 209 197 185 179 151 138 152 158 163 167 172 163 156 158 153 155 165 153 132 101 78 75 82 79 82 117 149 154 168 174 176 167 161 166 161 161 177 173 171 142 130 120 100 106 126 137
124 136 145 151 149 160 167 191 211 215 200 186 180 157 132 116 108 146 151 180 191 194 190 170 160 176 176 173 175 191 189 193 172 138 149 157 157 147 151 159 186 185 190 193 190 192 192 178 171 189 188 176 169 164 162 175 171 162 175 178 164 153 151 150 173 164 161 141 158 156 126 93 102 132 155 168 151 146 137 138 150 168 163 179 192 193 201 202 163 141 114 111 120 144 142 143
118 118 144 162 162 176 177 192 191 189 195 170 162 175 164 171 152 98 106 134 142 150 183 172 170 178 165 142 136 171 191 195 198 177 152 127 120 137 173 166 159 163 180 188 174 164 151 120 135 164 169 161 185 174 166 176 185 160 154 155 156 163 165 167 166 180 163 156 157 152 154 118 106 174 161 173 144 121 85 125 183 206 181 168 174 188 198 179 159 101 136 141 155 168 159 138
124 129 150 142 164 158 150 160 184 201 186 123 147 167 160 167 175 163 151 134 118 153 186 211 202 190 157 124 144 177 181 186 191 184 185 167 175 175 181 185 179 159 153 170 186 186 154 121 136 175 168 160 154 158 187 188 173 133 135 149 152 168 177 165 173 172 173 169 162 159 162 156 162 160 144 139 136 136 111 122 149 179 171 142 148 165 150 147 161 146 156 150 152 149 153 143
119 131 121 132 134 127 139 161 163 160 162 143 158 143 126 172 187 175 169 177 146 167 190 235 196 172 143 166 191 194 187 182 168 183 182 176 173 184 184 180 170 166 200 180 139 153 174 181 180 179 171 176 183 184 172 174 171 141 136 145 163 168 185 186 173 176 173 180 170 161 148 153 158 166 149 138 122 137 131 118 129 146 152 150 144 164 161 178 178 163 168 165 149 145 162 162
145 154 142 147 120 116 104 114 130 124 120 112 135 142 119 131 152 155 162 156 166 174 188 200 197 184 164 181 181 183 184 159 163 166 165 153 126 143 152 162 164 199 237 215 184 154 177 185 199 200 173 173 195 193 186 164 163 161 164 173 172 187 170 181 161 193 186 180 166 162 148 143 152 151 157 149 127 144 153 132 133 149 137 165 176 154 169 175 172 176 172 173 141 140 156 159
146 155 155 162 156 130 106 112 129 151 147 126 170 166 146 113 130 156 149 177 182 181 192 201 199 196 159 155 174 163 180 157 182 180 181 156 134 160 167 168 182 210 192 196 183 172 164 178 217 206 180 174 181 174 191 177 157 168 173 168 171 165 159 161 172 183 174 189 183 178 169 166 164 152 145 145 132 137 162 143 122 122 129 144 157 143 157 161 161 150 167 176 162 146 153 158
129 125 141 153 158 145 104 127 136 146 128 150 176 170 150 153 167 145 147 154 166 153 177 186 189 164 117 142 185 191 200 186 173 187 187 181 161 164 162 151 176 176 159 161 167 155 137 165 210 210 183 183 194 178 172 197 197 192 178 140 147 152 148 145 143 143 161 160 176 171 173 159 167 163 140 151 137 152 150 138 122 137 157 165 150 151 144 153 161 158 153 165 186 177 149 146
111 92 96 114 123 120 111 149 155 146 123 137 134 140 124 144 145 143 132 140 144 157 170 169 165 199 211 201 214 204 214 201 187 178 183 173 159 155 161 177 178 158 155 158 157 156 151 158 209 214 192 174 192 159 166 172 165 143 165 137 157 171 174 160 153 151 146 142 157 168 173 169 158 155 153 152 156 181 157 152 151 140 165 161 167 153 156 151 163 188 197 191 184 174 142 134
108 107 99 98 114 112 85 89 111 127 115 114 111 139 174 170 154 142 141 128 151 168 201 159 163 206 218 199 206 192 181 194 195 171 165 163 171 177 193 191 186 177 170 163 169 173 166 181 177 189 167 145 153 147 163 178 163 173 164 167 164 167 181 179 169 184 162 141 142 135 140 161 164 177 155 159 182 181 167 162 180 179 170 165 162 168 141 123 171 195 191 187 180 193 149 125
120 116 113 98 91 94 92 91 96 121 117 125 155 194 197 199 199 197 196 187 154 155 153 188 137 145 214 230 219 208 192 191 198 211 200 184 187 193 193 182 199 207 213 215 206 197 191 179 188 192 189 181 169 158 168 164 157 175 165 152 163 186 189 191 170 168 179 165 147 154 184 201 180 179 185 172 164 194 181 173 168 157 161 158 146 164 175 156 144 164 160 138 119 137 169 144
130 127 110 101 98 100 100 129 93 99 115 121 125 152 172 193 195 189 193 194 165 133 151 156 155 195 205 218 225 222 207 200 209 196 189 209 197 196 187 174 195 211 220 205 210 206 195 181 184 190 183 166 161 171 186 158 171 159 162 167 167 173 182 177 164 172 183 166 165 167 160 185 187 180 179 184 167 185 180 153 139 148 163 170 155 152 166 160 155 150 148 139 125 137 151 160
