examples/data/proba_v_italy_sicily/probav_s10_toc_x19y03_20141011_333m_ndvi_v001.txt
ncols         1127
nrows         589
xllcorner     12.348214285714
yllcorner     36.598214285714
cellsize      0.0029761904761905
NODATA_value  -9999
[rows 416 to 467 of 589, columns 96 to 191 of 1127]
25 26 21 23 30 32 16 9 6 9 13 6 6 9 9 19 19 18 17 15 17 22 18 19 20 21 25 18 17 29 34 23 19 20 21 20 21 23 6 7 13 11 10 8 6 22 19 18 15 12 18 9 9 12 10 15 20 22 20 18 23 41 28 19 12 9 12 12 22 21 20 20 23 26 15 17 20 17 20 20 19 19 20 20 21 22 23 23 22 21 21 20 19 21 22 22
22 19 23 27 27 28 27 13 6 6 6 11 9 17 22 22 21 22 22 22 21 24 13 22 25 22 25 30 28 29 39 32 17 9 1 0 0 3 5 8 11 9 11 13 10 12 23 15 12 12 12 19 9 9 7 10 18 22 24 22 22 48 38 23 12 12 9 12 19 21 23 22 21 22 20 24 23 23 25 24 21 20 21 21 22 21 20 22 23 22 22 21 21 22 22 21
23 11 11 11 23 25 6 41 6 11 33 34 27 23 22 21 20 22 21 23 27 28 29 28 24 24 23 28 29 25 18 42 33 23 15 7 19 2 5 9 10 10 10 8 15 15 15 12 12 12 24 20 19 10 11 13 15 20 22 26 28 24 47 29 23 9 9 24 25 20 19 24 27 28 30 30 27 25 26 27 24 20 19 18 17 19 19 20 21 23 24 24 24 22 22 22
23 18 9 9 11 11 11 11 11 11 11 8 22 21 20 20 20 23 25 39 24 22 21 22 25 26 26 20 23 20 20 28 36 33 27 17 9 23 18 0 6 17 10 10 12 12 14 14 12 12 9 24 19 16 13 12 29 13 25 25 29 29 26 40 26 26 24 22 22 23 20 20 22 25 26 26 23 22 22 26 24 23 20 18 18 20 21 22 22 22 24 24 24 23 21 22
18 18 9 9 9 9 6 11 11 11 24 23 22 23 24 22 19 20 22 19 20 22 22 21 27 26 33 34 18 18 17 23 23 28 31 26 20 11 2 3 9 9 8 12 12 12 17 14 12 12 12 9 20 22 9 12 16 15 24 24 26 30 30 29 28 26 26 24 25 26 22 19 21 20 21 24 26 27 25 24 27 26 25 23 22 23 22 21 20 21 21 17 25 24 21 20
17 6 11 11 11 26 11 6 26 26 25 22 20 20 22 22 18 19 20 17 18 23 28 25 22 25 31 37 16 16 31 21 25 23 23 26 29 21 12 3 0 9 10 12 12 9 14 14 12 12 12 12 12 12 13 12 28 21 23 22 20 22 25 40 26 25 25 24 24 26 27 25 23 21 21 23 24 24 24 21 23 24 24 25 23 22 20 18 19 21 18 18 21 22 22 22
9 13 11 13 11 11 11 9 22 20 20 20 22 22 21 23 20 17 18 22 23 22 20 21 22 18 21 30 32 29 31 34 20 22 21 18 22 26 18 6 0 0 8 13 15 14 14 14 6 9 12 9 12 12 14 12 7 27 22 17 17 20 20 17 52 28 21 24 24 25 25 24 21 20 19 21 21 22 24 23 22 23 25 26 23 21 20 19 19 22 22 23 25 25 22 20
9 11 11 11 11 11 11 22 9 9 6 6 6 14 33 16 18 21 20 19 21 21 20 21 22 22 22 26 33 30 28 34 34 21 27 17 15 25 30 29 18 5 9 16 12 17 17 14 9 18 21 12 12 20 14 12 12 28 21 20 15 16 17 18 42 37 27 20 22 21 21 20 21 22 21 19 19 20 21 21 19 20 20 20 18 18 22 22 20 21 21 21 21 22 22 21
11 11 20 11 11 11 11 6 9 9 9 24 24 23 22 55 38 22 22 21 22 22 21 20 18 22 25 20 21 25 23 22 24 26 24 18 17 19 22 23 23 13 4 21 14 22 26 9 23 14 31 10 13 15 14 11 24 24 13 15 15 16 20 18 32 42 31 26 17 19 18 22 21 17 16 17 16 16 17 20 19 20 19 19 19 19 22 24 21 18 17 18 18 18 21 22
11 11 11 22 6 6 11 9 9 9 9 26 27 23 22 22 20 19 20 22 22 22 21 23 24 20 27 27 22 21 24 24 16 27 21 19 18 29 17 24 21 20 10 25 26 14 14 21 9 14 25 24 22 12 11 14 23 26 30 29 28 14 24 25 22 45 39 28 26 21 22 21 22 21 18 17 15 13 16 20 19 21 17 18 19 19 19 20 21 19 18 19 19 19 19 18
11 9 9 20 6 11 11 9 9 6 9 19 22 20 19 20 22 24 23 21 30 19 19 21 26 24 23 29 26 21 13 15 26 27 24 21 26 26 19 15 18 20 14 9 32 13 13 16 15 14 14 14 26 29 28 9 9 12 24 29 26 16 18 25 26 24 32 25 22 18 21 20 21 23 23 21 22 21 18 16 19 21 23 24 22 21 20 19 17 20 21 21 21 21 21 21
13 9 9 9 9 11 13 9 11 6 7 30 17 22 22 19 19 18 22 22 22 19 21 22 26 33 26 27 27 29 29 32 31 30 25 22 28 31 35 29 11 13 12 2 13 28 22 20 14 14 11 11 11 24 26 28 30 30 23 25 28 12 14 24 26 26 48 39 31 29 21 22 22 21 21 20 17 16 17 16 16 19 21 21 19 20 21 21 19 18 20 21 21 19 21 21
18 9 9 9 6 11 11 11 11 11 9 6 19 31 24 22 18 20 22 23 22 21 21 21 21 38 23 27 32 28 25 21 22 24 24 24 30 30 30 23 17 12 11 11 11 17 15 25 14 14 11 11 11 14 22 26 26 26 23 22 26 27 25 24 24 24 23 58 52 40 30 19 18 18 21 25 22 18 16 18 17 19 18 17 18 19 19 19 15 16 15 21 21 19 19 21
9 9 9 9 9 11 11 11 11 11 18 20 26 20 22 19 23 19 18 21 21 21 20 20 19 20 21 24 30 32 28 25 23 15 22 25 26 25 26 27 30 31 14 9 10 15 14 11 22 14 14 32 30 25 24 23 23 23 23 22 22 26 25 21 20 22 21 21 21 27 29 28 17 16 18 20 22 19 17 18 19 18 17 16 17 15 18 20 21 20 24 20 21 20 19 26
9 9 16 6 6 19 15 11 6 6 9 25 30 25 23 18 18 18 17 23 17 19 20 20 20 20 21 22 26 31 37 37 34 16 16 19 21 28 32 29 27 29 27 11 32 35 15 14 14 17 27 29 29 25 20 20 22 20 19 10 9 9 22 24 21 21 22 21 23 23 24 20 20 15 17 15 19 21 21 18 19 18 18 16 15 15 13 23 16 20 19 19 20 21 21 17
9 18 19 16 16 19 16 14 13 6 9 24 28 24 17 18 18 21 18 16 22 21 21 21 23 23 23 23 24 26 25 26 28 14 17 23 19 23 27 28 26 27 29 27 25 24 6 14 14 14 17 20 21 22 22 21 22 24 12 8 37 9 21 15 18 22 25 24 22 21 37 29 22 18 19 18 16 19 19 17 18 18 18 18 15 15 15 17 15 16 20 19 18 20 19 21
11 11 21 19 19 19 18 16 16 15 11 20 20 21 21 19 17 17 21 22 21 21 25 24 23 23 18 22 22 26 24 23 12 14 14 24 25 25 26 26 25 25 27 25 26 26 0 5 14 14 17 24 28 30 25 21 20 14 12 10 10 13 12 15 23 22 23 23 20 18 18 30 24 21 17 18 18 17 18 18 17 16 17 17 15 13 14 14 14 17 19 21 24 22 19 20
11 9 9 11 18 19 19 18 17 16 15 16 21 22 22 21 18 11 21 20 22 24 28 23 21 25 21 22 22 21 22 19 17 14 24 23 24 25 25 23 24 27 24 23 22 15 6 1 9 17 20 22 21 25 25 25 24 17 14 15 25 28 15 17 20 20 22 22 18 19 24 36 30 21 18 18 17 13 13 16 21 22 18 18 20 18 15 14 11 13 12 16 22 27 23 19
11 11 11 9 11 11 15 18 20 19 17 17 19 18 18 19 19 17 21 20 20 21 21 22 20 25 25 25 26 24 22 18 24 14 23 19 16 20 26 26 20 26 29 25 25 22 14 6 4 26 26 26 24 23 24 28 27 14 9 24 25 26 26 23 14 12 18 20 21 19 15 29 33 25 20 21 21 19 17 18 17 17 18 21 22 20 18 15 13 12 12 16 16 18 20 19
11 11 8 11 11 11 24 19 17 21 18 21 17 19 22 20 19 20 20 11 18 21 21 23 21 24 28 24 27 25 23 23 11 26 27 26 23 19 22 31 27 29 30 25 29 24 20 21 26 26 24 28 22 21 23 23 27 29 27 25 28 29 29 27 27 26 18 20 18 14 16 23 25 21 19 19 20 20 20 19 20 19 20 21 22 23 20 12 12 12 19 18 16 15 15 19
11 11 11 22 17 11 17 21 21 11 11 9 18 20 20 20 19 19 18 18 19 20 21 24 22 22 23 22 21 23 24 14 14 26 31 32 31 28 28 29 21 16 26 22 22 23 22 21 19 7 17 19 20 27 23 24 23 26 27 21 20 22 25 25 23 26 13 15 17 21 19 23 32 28 18 18 20 20 19 18 19 21 19 18 21 23 15 14 13 13 14 20 20 17 15 16
8 11 11 19 19 11 22 9 9 9 9 9 9 19 21 21 19 19 19 19 18 25 21 21 19 20 22 21 21 20 21 14 14 22 19 18 22 22 20 23 23 22 20 20 20 27 23 24 18 9 8 17 22 22 23 22 22 20 23 22 19 21 23 27 27 24 18 19 20 20 17 23 22 20 21 21 20 19 20 20 18 19 19 19 23 27 30 32 33 29 26 25 22 17 19 18
19 20 19 19 15 11 11 9 9 9 17 11 9 9 13 9 15 16 16 17 19 19 20 21 23 22 21 21 20 20 22 14 14 19 19 20 20 14 17 20 21 20 20 18 20 20 19 26 27 14 5 10 19 20 22 22 21 22 22 25 22 21 23 20 25 24 17 24 27 25 23 23 22 20 19 21 21 21 19 18 18 18 21 23 24 24 27 28 26 27 26 23 20 21 16 15
25 26 25 11 17 11 11 11 11 11 11 11 11 11 26 21 9 14 18 20 15 21 20 21 21 19 21 24 24 21 6 11 14 20 21 21 18 27 17 17 17 15 13 13 16 22 23 22 24 23 17 13 21 17 23 24 28 23 24 25 28 25 23 22 23 26 26 25 25 26 24 20 22 22 25 22 22 22 23 23 24 22 22 23 22 20 18 23 29 28 25 26 24 22 22 18
27 29 29 31 25 19 16 8 8 16 14 9 9 7 7 22 21 16 18 25 22 20 20 19 21 23 23 23 25 17 12 14 17 20 24 24 25 20 12 13 7 2 5 12 16 16 20 20 19 20 19 15 15 17 20 25 26 24 24 23 22 23 24 23 21 22 22 23 22 24 23 20 21 23 23 24 25 25 24 20 23 23 21 16 23 24 24 24 23 23 20 23 25 24 19 19
21 27 28 32 29 18 11 11 11 24 21 9 9 7 7 24 22 21 21 23 21 30 20 20 22 21 19 18 20 21 12 14 9 9 19 24 23 20 16 13 10 11 14 13 12 16 18 18 19 19 14 14 16 20 17 19 20 20 21 21 25 23 24 24 23 23 24 23 22 22 24 23 21 22 22 22 23 24 22 21 22 21 22 20 21 20 19 18 17 19 20 22 23 24 23 14
6 6 6 6 6 8 11 11 8 11 9 9 9 11 7 26 25 23 21 22 22 22 22 17 21 18 19 14 16 10 9 9 28 27 27 20 17 13 13 10 11 17 20 16 16 17 13 10 13 12 14 15 16 15 14 20 20 19 20 22 22 21 22 24 25 22 22 20 19 21 23 24 25 24 23 22 20 19 21 21 21 18 18 21 19 20 20 22 22 21 21 19 24 24 28 22
6 6 8 18 6 11 11 11 11 8 11 11 11 9 27 26 29 25 24 24 21 18 18 18 19 24 22 14 9 14 14 28 31 28 20 20 18 17 12 10 13 14 11 22 15 14 21 19 18 18 16 14 9 7 12 20 20 20 27 19 21 21 25 25 23 23 22 22 22 21 22 22 26 21 20 22 23 23 23 23 20 21 19 19 19 20 20 19 20 20 18 18 19 20 24 23
6 6 6 16 8 8 22 11 11 18 8 11 11 11 22 21 20 21 16 17 20 19 16 15 16 23 32 33 28 26 21 29 25 24 15 16 14 13 17 20 20 10 9 14 22 19 13 20 22 17 14 10 7 7 7 12 17 20 27 24 31 21 22 23 21 22 22 22 24 23 19 18 30 23 19 19 20 28 20 20 23 20 20 18 21 20 20 19 18 19 21 18 18 20 22 21
8 18 16 17 6 6 11 11 6 23 11 11 11 29 24 19 16 14 17 18 17 20 22 17 14 11 20 30 31 8 11 27 25 29 27 14 15 15 16 20 18 15 16 20 19 22 26 27 10 7 12 17 16 14 12 12 17 23 27 15 13 35 20 21 21 22 24 24 25 26 25 22 27 22 19 18 19 17 19 19 20 20 19 19 20 20 20 20 20 19 21 21 17 19 24 26
8 8 8 8 8 17 6 6 11 18 19 8 11 24 27 7 9 21 24 18 17 17 22 22 20 17 12 15 16 11 19 23 27 24 15 11 17 19 22 15 18 12 20 16 20 21 18 11 15 23 34 37 31 30 23 20 35 37 24 27 27 19 35 27 20 20 22 22 21 21 23 24 38 24 17 18 18 17 17 16 18 18 17 18 23 20 22 22 17 23 24 28 27 22 22 23
8 8 5 8 8 8 8 11 18 16 8 8 8 7 1 23 9 9 7 20 22 21 20 20 20 9 7 9 13 12 13 20 27 20 15 19 8 13 23 21 19 19 12 18 12 8 12 25 38 30 21 17 18 16 22 20 20 35 28 33 23 23 20 24 22 21 22 20 20 19 20 22 24 26 24 23 20 25 18 18 16 17 20 20 20 20 19 23 19 18 18 19 18 18 18 26
8 8 8 6 8 8 6 11 8 11 8 8 8 14 9 2 4 6 8 10 9 8 7 11 11 12 11 22 12 11 12 15 17 20 16 14 17 16 18 18 18 25 20 13 12 15 24 29 26 20 16 12 12 10 13 17 23 30 33 26 36 18 18 20 20 18 20 18 19 20 20 21 21 35 22 23 22 19 20 20 20 18 20 19 18 18 25 23 21 19 19 20 20 19 18 20
8 8 8 8 20 15 6 6 11 11 11 11 8 11 19 10 5 7 11 11 11 14 6 6 7 5 11 17 19 21 18 11 16 16 16 35 16 19 20 24 20 14 12 13 14 22 21 23 21 16 12 9 12 19 17 23 27 30 30 32 42 32 27 24 24 22 19 20 19 19 19 18 18 25 32 20 21 21 21 23 24 23 18 18 18 19 21 24 23 22 19 20 21 21 20 18
8 8 5 20 8 18 22 11 19 18 16 11 11 11 20 17 13 17 19 19 18 13 9 19 21 20 20 20 19 19 22 9 14 18 18 20 21 27 21 18 18 14 17 20 22 16 11 17 23 19 13 14 16 19 24 25 26 26 26 29 30 33 27 32 35 29 24 22 21 27 29 19 20 24 30 22 21 19 23 26 27 21 21 20 20 19 19 23 21 19 18 18 18 19 21 20
8 5 25 8 8 8 8 8 8 17 25 11 8 7 10 10 9 7 17 18 21 6 10 17 14 16 17 13 15 21 22 6 9 16 18 22 21 19 19 20 18 23 16 29 19 20 23 18 13 18 20 14 20 8 13 18 18 12 5 3 3 13 14 16 22 22 18 20 30 24 26 19 17 25 30 25 30 28 25 24 22 19 18 23 19 20 19 25 24 21 20 20 19 18 18 18
8 20 8 5 10 10 8 5 8 13 29 18 9 10 10 8 8 10 14 11 24 19 7 20 30 21 15 12 11 16 21 21 13 25 19 19 25 26 19 16 21 18 15 19 28 32 30 27 23 12 11 19 25 23 17 11 16 16 16 10 10 11 21 15 18 22 20 20 27 28 27 22 20 21 20 23 24 24 22 19 22 21 21 19 21 22 23 24 23 22 21 21 20 19 19 19
8 12 8 8 8 10 24 8 10 8 6 9 5 9 20 17 17 9 8 11 18 17 12 7 12 20 16 10 22 18 19 10 12 20 19 22 20 17 15 21 22 17 19 23 26 25 20 12 12 17 17 16 17 19 17 13 10 14 15 14 14 17 28 21 20 14 12 12 18 25 22 18 17 20 23 26 26 27 22 19 19 19 27 20 20 20 20 21 24 18 21 21 21 31 32 20
8 8 8 8 8 5 10 8 8 8 6 19 14 18 18 16 14 4 5 7 9 7 9 12 10 18 22 15 10 11 13 16 22 26 17 21 18 23 20 22 19 23 26 24 19 5 5 10 18 24 25 21 13 12 15 17 9 3 11 17 13 16 12 20 18 9 8 2 11 20 22 17 20 18 21 27 23 23 20 20 22 22 21 20 22 22 21 20 22 25 20 20 21 32 17 19
5 17 8 8 8 20 16 8 8 8 8 25 15 16 16 19 18 9 22 24 24 17 18 8 9 11 20 21 15 13 21 21 23 21 23 18 28 26 25 24 22 21 18 13 14 17 16 10 10 20 21 25 21 16 9 9 15 17 15 9 9 16 18 10 37 12 14 17 16 17 19 14 25 22 22 21 19 20 19 20 19 21 22 20 19 21 21 20 23 23 23 20 22 38 16 17
16 8 8 8 8 24 8 13 8 8 8 13 19 14 18 19 17 23 6 3 17 26 23 19 9 18 17 19 29 15 20 21 22 27 27 26 25 23 32 22 19 23 11 15 15 10 11 11 11 10 21 21 21 13 15 13 14 10 17 11 9 23 17 13 21 23 37 12 20 16 19 18 21 23 24 22 17 15 18 28 21 22 21 22 21 21 19 18 18 19 20 19 21 23 38 23
18 8 22 8 5 8 8 8 13 8 11 18 24 27 20 18 17 18 4 4 1 3 9 19 8 12 22 21 23 18 23 23 20 16 20 21 15 17 24 26 19 22 16 14 18 19 10 11 10 10 30 26 28 26 17 20 11 10 11 11 11 36 25 14 10 9 11 10 10 24 25 23 22 22 21 19 12 12 22 23 23 23 21 21 21 23 18 24 21 23 27 26 22 23 24 26
18 21 8 8 15 8 19 8 11 11 19 18 16 18 17 15 21 18 17 11 8 3 5 8 10 9 11 9 12 15 15 24 16 17 15 26 16 18 19 29 29 35 20 18 18 22 10 11 10 10 25 20 21 22 19 19 19 10 10 11 11 21 30 27 18 14 17 21 21 19 23 24 22 21 21 20 23 23 22 24 31 22 22 23 28 21 20 19 18 21 25 29 27 26 24 21
8 8 8 19 19 20 8 13 11 11 21 19 17 17 16 14 14 19 23 18 12 5 7 10 12 14 13 13 9 7 13 13 19 12 16 22 19 23 17 26 24 21 22 21 17 18 10 11 11 11 10 18 17 25 22 21 10 10 10 11 18 13 20 26 18 19 18 19 21 20 23 25 22 22 25 27 27 26 23 24 25 22 21 20 20 23 21 19 22 22 22 25 26 23 24 25
14 8 13 11 6 11 8 8 11 11 17 20 17 24 18 15 14 13 25 20 17 10 9 14 14 12 9 12 17 11 11 16 18 16 17 19 33 27 15 15 17 18 23 22 21 10 11 10 10 10 10 10 22 25 24 24 10 13 13 21 11 22 30 23 23 30 28 20 22 19 12 12 16 21 24 22 21 22 21 20 23 25 23 20 20 21 21 16 25 24 18 19 20 22 22 19
8 12 13 8 11 6 8 8 18 20 19 17 16 21 23 20 18 18 14 13 14 14 15 13 16 17 14 12 14 11 8 19 25 25 13 15 21 19 14 11 20 16 21 19 21 20 11 18 10 13 11 11 16 16 18 20 11 11 15 10 16 21 15 19 20 18 21 15 8 1 8 14 23 21 19 20 19 21 21 20 20 24 23 21 20 17 16 18 17 23 20 20 17 18 19 19
17 12 12 11 13 10 8 8 8 20 20 17 19 18 21 23 20 19 18 17 16 29 25 22 18 20 15 10 10 14 12 24 27 25 30 11 20 20 18 17 23 24 27 33 28 26 10 8 10 10 11 13 13 11 19 20 10 10 12 11 11 24 27 27 27 24 15 17 20 21 15 8 24 24 22 22 21 39 25 21 26 18 20 20 22 23 20 19 20 21 16 18 19 24 17 19
16 18 13 8 8 8 10 8 8 8 18 8 21 22 21 21 21 11 14 20 22 20 24 25 25 22 17 15 16 18 17 15 16 17 18 18 15 16 16 17 23 25 25 17 26 23 22 18 10 10 10 10 10 10 32 33 27 10 11 11 18 19 19 22 15 9 20 13 11 11 11 6 20 24 23 24 24 23 21 21 20 18 20 19 19 22 25 22 22 23 21 20 20 22 22 22
16 16 15 16 18 16 13 14 8 14 11 11 12 18 22 20 11 7 5 0 5 5 7 16 20 24 23 14 17 20 18 14 11 15 17 16 16 22 23 18 24 19 20 25 21 23 23 36 11 17 11 11 11 10 11 11 11 12 9 11 9 27 21 16 9 12 20 22 10 13 13 17 19 23 25 23 26 25 24 23 23 23 21 19 20 21 22 23 24 26 27 25 23 23 23 23
14 13 11 16 18 17 15 17 18 14 14 14 14 16 19 12 9 12 15 15 10 6 6 7 27 29 31 31 19 21 18 14 13 8 8 13 15 19 26 18 21 16 13 20 18 25 21 17 11 11 28 11 11 11 21 11 10 12 12 11 11 18 18 13 21 14 14 15 18 19 20 16 21 21 24 23 22 22 23 23 22 20 34 21 22 19 22 20 21 21 23 25 25 24 20 27
15 13 14 14 17 21 20 15 17 18 17 11 11 8 13 11 13 15 22 27 31 26 30 29 26 24 28 31 33 21 10 16 21 18 14 7 22 11 22 19 25 18 13 14 17 22 24 20 21 21 11 11 11 10 9 10 17 10 12 11 9 14 23 11 18 11 36 41 44 49 42 29 22 21 21 21 20 21 22 22 19 31 28 25 22 21 24 20 21 22 21 19 22 23 23 22
17 17 18 19 18 18 19 17 18 20 20 8 8 11 11 11 8 5 8 13 18 18 13 14 17 18 17 20 24 28 23 18 16 20 23 24 15 5 8 20 27 21 17 16 19 40 19 18 23 13 11 11 11 10 12 11 16 9 19 13 11 11 12 12 22 13 19 44 49 25 24 19 19 19 27 21 21 21 22 21 24 23 22 21 23 23 21 20 17 18 19 18 19 19 19 20
