examples/data/proba_v_italy_sicily/probav_s10_toc_x19y03_20150501_333m_ndvi_v001.txt
ncols         1127
nrows         589
xllcorner     12.348214285714
yllcorner     36.598214285714
cellsize      0.0029761904761905
NODATA_value  -9999
[rows 94 to 140 of 589, columns 576 to 671 of 1127]
33 32 37 37 36 36 37 30 31 32 32 31 32 32 32 32 33 32 32 31 31 31 31 30 30 30 30 29 27 24 30 30 29 29 29 29 29 29 33 33 33 31 31 33 33 32 32 33 33 32 32 33 33 29 30 30 31 32 30 29 30 29 29 30 30 28 30 30 29 29 29 29 30 29 29 30 30 30 30 30 29 29 30 29 30 30 30 28 29 29 29 28 28 29 30 29
32 30 34 35 36 37 37 32 32 33 31 33 31 31 31 31 32 32 32 32 31 30 30 30 30 30 30 30 25 25 29 29 30 29 29 29 34 33 32 33 33 33 33 33 33 29 30 29 30 29 29 30 31 30 31 30 30 28 29 30 29 29 30 30 31 29 29 30 30 29 30 30 28 29 29 29 29 30 30 29 30 29 30 30 29 30 30 29 30 30 30 30 30 31 31 31
32 32 35 35 36 31 31 32 32 34 32 31 33 32 31 32 31 31 30 30 30 30 30 30 30 30 31 67 24 32 34 33 31 31 33 33 33 29 29 34 35 34 34 30 29 30 30 29 30 30 31 31 30 30 31 30 30 29 30 30 29 30 29 30 30 30 30 29 29 29 29 30 30 30 31 30 30 30 29 29 29 31 31 29 30 30 31 29 31 31 31 31 30 30 29 30
32 32 37 37 32 32 32 33 32 32 33 32 33 32 32 31 31 31 31 30 31 32 31 30 31 30 31 79 29 33 30 30 32 34 34 30 29 29 29 30 30 29 30 30 30 29 29 30 29 29 31 31 31 31 31 31 30 28 29 30 30 31 31 31 29 30 30 31 31 30 30 29 29 29 29 31 30 30 30 30 31 28 30 31 31 32 30 31 32 31 31 31 31 29 30 29
34 33 32 32 34 34 34 33 34 32 32 32 32 32 32 31 31 31 31 30 31 30 30 30 30 31 30 27 31 37 31 31 30 30 30 29 31 31 30 30 30 30 30 30 30 30 31 29 31 29 29 29 30 31 30 31 31 30 31 30 30 30 31 31 30 29 31 31 29 31 31 30 30 29 30 31 31 31 30 30 30 31 31 32 31 31 31 31 31 29 29 31 31 30 31 30
34 34 31 32 33 34 34 32 32 32 32 33 33 32 33 34 34 33 32 34 33 31 33 34 35 37 38 38 39 39 38 30 31 31 31 31 31 31 31 31 30 30 29 31 31 30 29 29 29 29 31 31 29 30 30 30 30 30 30 31 30 31 30 30 31 31 31 32 31 31 30 30 30 31 31 30 30 31 30 31 31 30 31 31 31 31 32 30 31 31 31 30 30 30 30 30
31 33 33 33 34 35 33 32 32 32 32 33 32 31 33 33 32 31 35 35 31 36 37 38 36 37 37 36 37 37 38 30 31 31 30 31 30 30 30 30 29 30 30 30 31 31 30 30 31 30 30 30 31 30 30 29 29 31 31 31 31 31 32 31 30 32 32 31 31 32 32 32 31 31 31 31 30 31 30 31 31 31 31 31 31 32 32 29 32 31 31 31 30 31 30 31
30 32 34 34 31 30 33 34 33 34 35 36 34 35 36 32 31 35 36 29 29 38 37 39 38 37 37 31 32 32 33 33 33 32 31 30 31 31 32 32 32 31 31 31 30 30 30 29 29 29 29 30 31 30 30 30 29 31 31 31 31 31 31 30 30 30 32 32 32 32 32 31 32 32 32 32 31 31 32 32 32 32 30 31 31 31 31 31 32 32 31 32 32 31 31 31
39 37 36 36 33 32 35 36 31 32 35 37 36 38 39 40 38 38 30 30 30 37 38 38 39 76 33 31 31 31 31 32 33 31 30 30 30 31 32 32 31 31 31 31 32 30 30 29 32 30 31 31 31 31 31 30 31 30 31 31 31 31 31 31 31 30 30 31 32 32 32 32 32 32 33 32 32 33 33 31 32 32 30 31 32 32 32 32 32 32 30 32 30 32 30 30
40 41 42 41 41 42 42 42 41 40 40 40 39 37 37 40 40 31 31 31 33 32 33 33 32 75 31 32 32 32 33 32 32 32 31 32 31 30 29 30 29 30 31 30 30 31 31 30 30 31 32 32 31 30 30 30 31 31 31 31 31 31 31 32 31 31 31 32 32 31 32 32 32 32 33 33 33 33 33 32 32 31 32 31 31 32 32 32 32 32 30 30 30 31 32 31
40 39 41 41 31 39 41 40 41 41 42 41 40 39 39 40 41 31 31 32 34 32 33 33 31 77 33 32 32 32 32 33 33 34 33 31 32 32 31 30 29 29 31 31 31 31 31 31 31 31 31 30 30 31 30 31 30 31 30 32 31 32 31 31 31 32 33 32 31 31 32 32 33 32 33 34 33 33 34 33 34 32 32 32 32 32 32 32 32 31 31 33 31 30 31 32
33 35 33 33 36 35 41 40 33 41 42 41 41 41 41 40 41 34 34 32 34 35 33 32 32 33 33 35 34 34 35 33 32 34 35 33 32 31 31 31 31 31 31 31 32 31 31 32 31 31 31 31 31 29 30 30 29 31 30 30 32 32 31 32 32 32 31 31 32 32 32 33 34 34 33 33 35 32 32 34 34 34 34 33 34 33 32 32 32 32 30 31 32 32 31 31
32 32 33 34 34 36 35 34 37 41 43 43 43 42 42 31 31 33 34 32 32 33 36 35 68 37 34 34 34 34 34 34 33 35 34 34 33 33 33 33 32 31 31 31 31 31 31 32 31 31 31 31 31 31 32 32 32 32 31 32 33 33 33 34 32 32 31 33 33 31 32 33 33 32 33 32 32 33 32 32 33 33 34 34 34 35 35 33 33 33 33 33 34 32 32 31
33 32 33 34 34 35 37 36 35 43 44 44 43 43 32 31 32 35 34 34 35 35 36 35 67 36 33 34 32 29 34 35 33 34 33 33 33 31 32 34 32 33 32 31 31 30 31 32 31 32 32 31 32 32 32 33 32 32 32 32 33 33 34 35 34 33 32 33 32 32 32 33 33 33 33 32 32 35 33 33 33 35 34 33 33 33 33 34 34 34 35 33 33 32 33 33
34 34 35 33 35 38 36 38 34 44 44 43 34 36 36 37 37 38 40 38 38 38 39 38 43 45 32 128 138 109 36 36 35 34 33 33 33 33 32 33 33 32 32 33 33 32 32 30 33 33 33 33 33 33 33 34 33 33 34 34 33 36 34 34 35 36 35 34 33 33 32 33 33 33 34 33 33 35 36 33 33 34 34 33 32 33 36 35 34 34 36 35 35 34 35 34
33 33 31 35 41 44 37 33 33 33 32 33 33 36 40 42 41 39 40 40 40 41 43 49 51 41 34 120 133 143 113 71 29 32 34 35 33 34 34 33 33 32 34 34 34 34 34 33 33 33 33 34 34 33 33 34 33 33 33 35 35 35 36 36 34 36 34 36 36 36 35 33 33 33 33 33 32 34 34 33 33 34 36 34 35 37 35 36 36 35 36 34 35 34 35 34
27 31 35 41 39 36 36 36 32 29 34 38 37 38 43 44 43 43 40 41 43 45 42 58 61 34 92 131 149 145 131 115 100 79 70 33 36 36 31 31 30 31 34 33 34 34 37 37 36 35 33 34 34 34 35 35 34 34 35 35 37 37 38 36 34 35 34 35 35 35 37 37 38 38 39 41 41 37 36 35 37 37 36 35 34 36 36 35 36 35 34 35 35 36 35 35
129 87 30 61 61 63 60 96 114 108 87 33 34 39 41 43 43 44 47 46 43 41 36 59 79 151 152 165 172 180 156 141 126 90 98 92 80 67 85 101 95 83 65 30 35 35 37 39 39 39 38 37 36 36 36 37 35 35 37 38 38 37 37 36 36 36 36 36 37 38 37 37 37 38 38 39 41 41 40 39 41 40 47 48 36 36 37 35 38 38 36 38 35 65 72 69
168 169 163 139 125 136 146 154 152 162 173 147 127 99 30 32 37 38 109 116 115 119 141 172 175 182 195 194 187 180 152 147 125 115 96 132 173 142 127 149 159 149 138 122 97 80 69 63 32 31 34 37 42 40 39 39 39 40 40 39 39 38 38 38 37 37 37 37 39 38 38 38 38 37 37 37 37 40 39 40 50 47 47 49 38 39 39 39 40 39 36 64 98 118 126 140
188 175 186 198 191 186 181 179 176 185 203 206 192 180 153 133 153 163 178 177 175 188 186 183 187 189 186 178 176 172 172 170 157 146 140 164 185 178 163 158 181 176 168 163 154 145 145 158 166 156 124 99 78 76 37 39 39 40 84 39 39 39 39 38 40 42 40 39 38 32 29 29 37 39 39 41 40 39 40 40 40 48 48 50 51 50 42 40 37 82 105 116 132 125 126 131
186 165 177 196 205 193 186 181 189 199 209 200 187 176 175 157 155 160 161 164 185 199 206 203 200 183 169 178 178 169 169 159 157 170 186 187 178 173 160 163 185 184 174 179 172 177 198 208 199 194 194 179 146 137 129 123 113 100 97 104 113 112 110 102 89 41 40 99 104 128 136 124 97 76 50 51 51 51 50 51 51 51 50 50 52 53 54 91 111 131 158 172 174 157 128 118
197 195 206 185 165 189 199 183 180 192 198 183 176 174 186 178 170 175 182 186 198 192 188 199 199 174 171 177 175 167 161 168 180 192 186 185 188 168 151 130 163 188 188 175 192 193 204 206 200 197 181 180 182 172 162 172 178 172 160 179 172 152 135 115 88 81 84 103 144 166 148 157 169 143 123 92 55 54 54 53 127 135 109 122 132 144 151 150 165 164 149 153 163 153 137 145
188 205 218 204 180 174 169 161 166 172 180 180 180 187 197 191 183 194 188 186 195 199 197 206 188 181 168 193 211 221 207 190 196 194 191 188 204 191 160 138 168 191 201 203 201 205 205 192 178 180 188 175 179 181 183 177 164 146 167 190 175 177 170 154 138 139 146 139 144 142 119 155 179 171 181 169 149 166 158 161 172 179 184 186 177 168 162 145 150 162 146 158 175 171 150 130
195 203 206 210 211 192 174 188 185 188 185 177 182 193 195 187 178 185 186 183 185 197 215 205 200 190 180 201 223 234 226 202 202 189 179 190 203 202 180 153 158 176 194 207 217 220 197 203 198 207 207 190 169 188 197 200 206 205 207 195 176 184 190 200 194 177 173 160 161 149 115 130 159 189 195 193 162 170 185 194 182 190 189 190 185 178 173 170 186 189 175 157 177 191 159 123
197 181 180 203 207 193 179 188 182 187 183 183 190 199 206 206 196 186 187 184 191 199 209 196 189 189 199 212 205 222 216 222 215 185 182 192 194 190 180 158 171 173 181 193 205 210 205 204 204 208 208 200 211 213 208 201 214 214 211 203 193 192 197 196 195 172 182 186 181 163 125 136 136 161 196 191 166 170 179 197 190 185 196 195 205 190 182 180 195 207 196 185 181 178 193 159
213 204 173 179 196 200 200 185 201 194 199 191 188 187 186 193 201 186 179 187 204 197 177 174 191 201 209 208 202 218 233 214 193 186 194 199 216 217 188 169 181 185 183 183 190 187 190 217 221 206 198 203 213 211 206 204 209 220 204 186 198 206 200 186 193 174 169 173 173 163 136 148 132 135 174 174 180 192 197 186 179 207 196 181 194 185 183 197 191 206 211 204 195 189 182 176
208 201 190 194 198 197 197 182 204 208 216 201 191 203 192 188 192 190 198 206 203 202 182 163 168 176 180 178 168 166 181 181 184 188 205 201 193 197 164 168 179 182 183 185 191 192 187 192 212 208 209 225 215 208 203 192 208 212 213 204 194 201 193 199 193 183 176 169 170 169 145 164 158 154 165 181 196 204 188 191 192 205 213 192 184 185 199 194 188 193 206 204 193 192 190 188
200 198 196 204 200 206 212 195 200 211 214 201 180 183 195 209 211 210 213 214 210 200 189 178 177 183 182 172 157 186 183 186 199 193 198 200 197 193 158 166 188 193 197 199 196 193 192 199 203 204 204 216 216 207 206 215 213 206 212 211 200 190 189 200 198 190 177 168 169 169 145 164 167 161 168 191 208 203 184 190 221 224 224 207 184 183 204 215 191 184 200 203 195 189 189 188
189 209 210 208 214 224 221 191 183 188 186 195 207 202 200 184 187 189 189 195 200 195 185 186 190 192 195 185 186 195 202 196 199 198 204 208 215 194 165 161 186 188 198 201 193 194 197 195 196 205 210 213 209 212 213 213 208 204 200 207 215 199 195 191 197 204 184 174 177 177 158 172 171 158 156 167 196 228 217 197 204 217 209 228 203 185 208 218 209 196 189 190 189 185 184 190
207 208 206 199 206 214 199 191 184 184 186 208 221 230 227 209 193 190 193 203 203 199 193 197 198 187 173 176 183 193 189 188 188 200 198 200 207 201 171 149 163 176 186 187 190 196 199 196 200 208 199 216 224 222 224 218 207 199 169 133 191 193 202 208 205 195 186 182 189 187 169 178 179 163 164 166 167 184 205 201 200 229 231 221 218 207 202 213 220 198 200 190 200 194 204 202
207 205 202 204 197 184 191 179 173 202 220 215 190 189 210 224 206 190 180 176 186 194 192 196 198 200 186 177 185 199 196 189 186 197 201 198 199 170 163 155 173 173 174 169 185 189 191 201 205 217 214 217 221 218 212 215 219 210 160 149 174 188 200 208 196 186 184 187 194 182 182 146 169 170 166 156 154 166 178 180 158 180 224 222 213 217 191 186 209 204 202 189 214 191 192 193
205 215 224 208 200 194 175 181 208 212 187 199 190 178 185 193 197 192 189 190 195 187 193 192 191 204 206 204 209 209 213 209 195 191 188 187 170 167 177 173 176 173 178 172 177 176 186 202 205 204 202 204 221 212 207 206 210 208 184 178 190 207 215 220 206 196 176 175 189 188 188 172 167 178 165 176 166 193 198 191 193 184 221 233 219 212 209 210 221 218 202 199 183 195 185 196
208 216 223 208 191 190 195 202 229 205 190 202 204 185 182 192 188 189 198 193 193 184 197 207 204 210 209 207 217 215 216 210 210 194 179 157 161 177 183 192 196 184 193 193 184 180 190 202 204 204 201 214 216 212 205 202 210 212 206 197 210 195 209 217 206 209 203 192 200 196 209 198 175 182 166 191 172 182 180 179 185 191 195 200 200 201 207 215 213 218 212 220 210 198 192 209
206 206 215 202 190 199 206 181 182 211 202 198 202 197 185 177 174 179 180 192 196 187 183 191 206 211 211 192 180 199 191 191 182 185 175 181 171 173 191 212 220 207 197 191 185 184 186 192 199 201 202 210 206 206 207 218 221 211 194 203 201 200 196 194 197 204 197 196 184 203 201 201 200 171 173 179 171 179 180 179 185 194 197 206 213 207 213 215 214 218 226 206 215 196 183 168
201 207 217 202 193 204 210 204 197 195 195 197 217 209 195 179 173 180 167 178 195 197 181 186 201 221 204 185 166 163 169 170 171 169 173 181 190 201 215 197 207 212 193 186 181 182 187 193 204 211 197 194 210 221 212 223 228 219 212 211 227 216 198 197 210 200 199 204 201 195 198 201 204 180 168 169 162 160 184 155 187 198 196 199 202 215 221 210 216 221 214 200 206 199 183 161
208 209 209 199 185 180 191 193 199 196 196 192 205 198 184 179 175 164 174 179 199 219 211 201 191 189 187 180 173 186 188 168 182 187 185 210 222 222 200 196 210 205 207 205 199 202 203 195 202 202 194 194 205 210 214 221 237 238 235 220 215 224 209 215 210 206 205 207 202 198 195 185 184 183 167 161 169 138 153 173 177 179 184 192 199 206 218 222 215 209 205 217 207 197 195 187
209 205 194 191 195 192 189 185 186 187 187 200 200 190 177 186 187 183 186 185 183 204 212 191 183 177 169 166 180 178 192 184 196 202 193 194 210 203 200 203 225 223 224 224 219 209 217 207 195 197 199 203 218 207 210 216 217 228 225 222 214 206 224 211 205 215 199 198 192 191 205 197 189 182 174 172 179 181 180 192 200 202 196 197 195 190 200 213 215 213 217 211 219 213 200 210
199 198 191 188 185 195 191 185 180 190 186 208 214 200 179 177 186 193 198 202 202 201 196 195 177 167 164 153 160 172 191 200 204 201 183 179 183 178 190 195 217 219 211 208 212 205 204 208 204 207 205 206 210 208 206 205 216 229 227 223 219 214 221 213 207 215 208 193 205 197 203 191 189 180 181 180 181 182 178 175 178 189 186 190 193 187 192 215 207 205 207 212 211 210 211 212
196 188 192 192 178 172 191 188 183 175 183 196 197 194 181 180 188 190 190 182 182 186 183 172 172 170 169 167 174 191 192 202 196 188 198 195 184 183 198 196 200 214 208 204 209 201 198 203 206 221 212 215 221 222 217 210 216 233 228 219 215 225 224 220 212 208 199 197 196 191 189 189 187 181 178 188 196 187 195 191 196 194 195 201 210 212 215 215 209 208 214 228 220 214 221 201
204 196 200 215 203 189 192 192 181 173 179 187 177 177 181 174 173 174 168 175 175 162 158 135 133 155 166 169 187 201 194 188 187 176 172 191 196 178 172 181 191 204 207 201 203 209 217 232 231 226 226 229 235 229 223 219 218 224 225 215 206 217 221 217 213 213 206 197 202 206 199 195 203 190 190 180 176 178 183 182 186 210 210 199 206 223 231 225 218 219 217 212 198 207 207 213
193 189 189 194 194 183 185 185 180 179 165 157 163 153 168 171 175 180 175 173 166 162 175 165 147 158 174 182 178 187 181 178 192 188 174 185 185 176 166 179 189 194 199 189 197 206 210 216 219 219 227 229 233 234 228 218 219 224 224 216 210 216 221 220 221 217 217 218 196 208 201 209 203 196 205 195 175 188 186 166 116 174 208 207 195 189 183 194 213 219 228 227 212 207 203 225
174 186 192 183 177 186 188 191 184 175 171 174 188 184 183 185 181 183 182 185 171 163 171 170 161 152 174 184 191 196 194 192 202 204 206 205 195 177 173 182 183 196 188 191 210 212 202 197 195 212 219 216 219 230 228 216 221 219 212 208 218 220 218 219 220 210 206 199 199 213 209 204 202 194 188 191 185 175 192 186 174 194 194 190 194 170 184 185 205 225 218 213 213 211 219 219
184 181 188 180 179 186 198 198 181 180 185 178 170 180 174 172 168 172 176 176 174 167 162 161 159 151 170 198 198 197 203 217 213 209 217 204 196 193 194 200 197 211 199 194 190 190 202 205 207 213 217 218 218 218 222 226 224 231 232 225 224 219 209 212 215 218 197 191 214 231 223 210 202 204 201 192 186 179 176 197 206 194 188 208 205 203 204 206 213 221 223 223 218 190 184 186
193 182 184 183 175 170 165 175 178 177 193 189 177 183 174 184 192 202 200 188 191 203 205 186 168 169 184 212 201 191 194 198 202 204 211 220 213 190 193 200 205 206 207 207 207 210 210 204 201 208 209 212 218 222 224 226 223 226 232 237 225 215 216 217 219 218 199 206 226 227 225 212 199 195 194 178 170 190 181 160 174 175 196 211 214 207 190 189 194 197 207 221 231 226 212 202
190 183 207 211 205 186 173 169 173 170 167 152 163 178 175 180 202 203 196 202 209 213 208 195 189 190 179 175 180 188 202 206 207 209 210 219 217 204 205 212 204 201 203 204 194 199 199 203 217 227 225 221 221 231 229 222 221 224 222 226 220 213 222 228 226 216 216 206 210 222 219 212 204 187 174 174 197 202 199 182 177 193 206 210 211 209 207 196 194 200 198 202 213 224 234 227
189 188 184 203 197 190 184 184 173 170 146 135 144 176 185 180 193 207 204 200 194 199 198 191 186 192 172 178 188 191 197 203 208 214 211 210 214 210 204 208 210 223 207 190 196 216 217 218 224 226 228 234 233 227 217 219 218 215 218 215 214 217 228 233 224 219 217 202 193 211 223 207 202 200 191 209 204 189 198 203 191 190 192 195 220 223 220 210 198 206 204 204 196 204 226 231
178 179 176 188 191 190 182 187 171 137 128 148 157 182 186 183 179 192 196 199 184 175 182 183 174 185 183 179 191 184 182 181 169 193 209 209 206 196 207 218 232 230 204 179 195 204 202 202 222 222 226 232 223 217 220 222 218 216 223 229 224 225 226 222 204 216 221 217 212 209 219 220 221 207 194 192 191 184 192 201 190 169 179 175 194 197 202 205 187 206 208 202 196 205 217 219
