examples/data/proba_v_italy_sicily/probav_s10_toc_x19y03_20150611_333m_ndvi_v001.txt
ncols         1127
nrows         589
xllcorner     12.348214285714
yllcorner     36.598214285714
cellsize      0.0029761904761905
NODATA_value  -9999
[rows 150 to 199 of 589, columns 288 to 383 of 1127]
122 122 140 155 166 167 152 162 165 148 136 127 172 187 149 104 125 145 151 139 120 130 127 134 137 123 120 124 92 87 96 109 111 108 131 131 108 111 120 107 108 119 130 135 150 157 137 121 117 116 123 114 118 141 129 130 169 192 204 224 233 236 228 230 234 238 242 243 243 238 229 216 193 168 155 132 134 152 160 152 137 145 173 155 146 140 144 161 171 150 118 95 118 107 104 126
146 153 159 174 186 209 199 174 173 170 139 143 206 204 153 123 124 130 139 145 118 134 133 124 144 151 131 107 76 92 120 114 104 106 116 115 101 101 103 107 126 148 161 175 183 156 143 130 107 108 125 119 118 115 110 115 155 176 195 222 226 236 239 237 236 240 244 245 239 232 226 215 197 172 145 119 122 144 152 152 133 127 156 145 143 136 147 158 161 143 106 106 133 124 114 128
170 186 175 155 157 182 199 175 166 166 144 131 146 156 144 163 157 125 109 126 118 138 133 125 124 118 111 111 109 112 121 109 116 127 134 132 130 131 119 111 133 142 158 176 173 144 136 115 115 116 170 127 131 132 134 137 164 163 174 215 213 221 231 237 238 237 242 235 217 212 212 203 190 182 163 164 163 156 158 148 142 133 116 133 119 114 150 147 123 130 135 142 139 131 125 133
168 143 130 115 121 138 154 162 161 157 138 145 120 160 189 201 193 173 163 146 127 132 133 121 115 119 141 133 117 106 108 128 138 146 155 149 149 133 122 126 153 153 151 143 143 119 123 117 110 119 133 142 136 138 141 129 136 159 170 211 215 223 212 227 231 228 227 225 212 205 203 207 196 164 151 164 174 165 168 169 153 146 121 109 110 91 105 133 134 133 132 141 152 132 117 117
149 148 173 168 135 129 139 158 132 125 154 190 166 135 156 155 168 169 154 150 132 122 143 130 121 148 177 171 144 111 109 142 136 139 157 147 152 148 145 188 183 146 132 120 120 148 173 121 115 125 139 143 132 131 129 120 145 172 210 227 233 237 219 224 237 229 223 226 225 204 217 204 193 184 172 167 178 169 164 181 157 132 137 128 137 111 120 158 140 128 139 153 148 130 126 133
140 156 178 184 129 116 130 160 153 162 164 163 162 129 151 145 108 101 108 153 143 144 182 154 110 113 122 112 111 116 122 148 157 130 120 133 164 192 182 155 134 138 139 122 125 151 143 145 152 146 145 125 108 135 164 168 189 210 217 223 228 215 207 238 241 238 237 232 226 226 213 191 190 195 179 169 195 207 191 181 147 114 115 141 156 150 128 146 151 141 144 143 143 148 138 128
140 133 111 106 113 123 130 162 163 176 196 180 148 130 116 122 102 109 123 151 175 168 159 171 151 118 144 142 106 134 164 177 183 138 124 137 152 176 174 166 153 161 139 120 137 146 174 171 168 136 143 159 140 153 177 201 204 182 186 214 225 229 231 233 233 240 241 233 219 211 209 197 191 193 197 213 217 223 198 192 187 171 164 156 150 158 127 119 142 149 148 141 144 144 137 116
184 185 141 99 115 136 115 124 126 122 129 159 113 92 101 128 118 115 111 128 173 164 122 128 163 165 150 138 132 141 153 167 169 136 135 146 136 163 185 185 178 149 132 139 140 134 139 153 168 155 166 181 176 162 172 197 207 188 160 198 218 222 231 235 236 240 238 226 205 203 229 223 198 207 232 235 230 214 223 206 192 188 182 136 146 168 153 118 127 132 143 144 136 134 140 129
164 175 135 104 127 157 155 142 141 159 143 103 90 95 104 116 121 111 85 109 160 157 104 93 112 149 180 158 148 147 134 147 156 142 162 144 147 171 189 175 170 194 179 173 138 137 151 161 168 174 170 166 178 149 167 199 218 218 199 203 213 217 226 229 238 239 238 233 202 228 231 217 204 206 229 232 230 215 226 219 196 174 172 155 145 144 132 129 136 125 123 141 149 145 140 131
138 163 149 157 184 179 157 132 151 158 151 124 107 122 134 85 77 83 85 100 111 118 96 90 104 133 134 141 148 157 156 161 155 127 136 136 125 125 142 136 132 162 171 166 163 131 138 150 168 177 174 181 179 178 179 193 217 226 231 218 215 217 223 227 235 240 239 238 212 236 233 224 219 223 231 233 232 228 218 203 183 178 190 166 132 131 129 136 142 146 132 132 144 150 131 114
150 130 98 130 148 119 108 118 142 153 179 155 154 144 119 85 92 116 124 126 112 126 114 97 110 117 158 156 142 132 122 115 141 142 135 125 109 109 149 144 153 141 167 142 130 126 139 167 188 187 185 198 205 198 186 193 222 225 225 219 221 224 222 223 226 229 231 234 211 237 227 224 231 234 237 234 231 231 228 215 173 146 183 196 159 163 157 132 122 136 134 139 145 147 142 145
119 114 105 102 112 121 125 132 130 107 111 105 102 119 126 122 136 124 123 127 107 98 100 95 116 131 115 111 113 123 164 143 110 129 132 120 123 118 106 121 137 145 156 207 171 150 186 213 213 200 199 205 219 208 196 206 223 222 229 232 225 222 227 228 219 211 212 216 231 237 227 231 238 236 233 229 230 228 212 232 224 189 187 198 185 173 168 159 147 144 136 145 158 154 148 157
107 107 132 125 93 83 105 137 152 92 90 118 97 114 131 111 106 121 131 131 111 99 106 111 124 122 108 121 148 140 139 177 140 102 124 124 124 122 121 120 120 129 145 169 166 154 167 183 190 195 208 218 222 206 189 215 233 235 237 237 226 223 228 229 221 215 213 203 218 214 216 232 237 233 233 234 234 232 207 226 218 210 194 170 180 202 183 147 134 141 140 146 145 148 150 155
108 114 125 110 99 94 119 101 106 110 99 104 128 99 109 95 89 93 98 103 103 104 114 122 121 131 111 101 119 112 95 124 166 124 124 114 125 107 112 123 133 128 128 136 143 144 161 179 187 196 202 212 217 216 223 228 232 233 234 237 233 225 232 238 214 205 201 206 194 208 216 231 234 236 236 235 237 236 233 230 221 210 200 180 173 200 176 113 105 121 123 138 141 155 171 173
100 91 100 106 107 113 97 102 106 107 107 101 105 101 104 97 102 120 141 115 131 113 97 93 98 112 112 107 99 97 99 125 140 127 108 104 109 112 108 110 114 114 111 121 130 124 136 158 172 189 198 205 196 200 219 234 237 236 237 236 234 222 226 238 238 230 226 228 225 209 209 230 225 231 235 237 234 230 230 228 227 224 211 197 203 199 183 141 115 121 117 108 127 143 164 173
94 87 97 109 101 99 115 129 123 112 93 99 102 94 91 107 109 133 158 129 112 100 90 81 93 99 115 115 94 89 94 105 124 134 140 133 127 143 139 119 119 128 132 123 131 128 123 139 145 161 164 179 174 163 172 205 233 236 237 238 240 229 223 236 240 234 228 232 236 236 211 213 217 220 217 238 233 224 216 216 220 219 220 229 208 173 167 183 163 135 123 129 139 141 154 153
86 93 101 106 109 113 109 119 114 115 88 91 90 87 89 110 101 107 142 121 106 96 94 95 90 94 132 121 92 92 95 102 111 112 128 129 111 112 110 103 116 116 118 127 150 163 150 135 131 147 137 132 135 138 144 169 175 158 156 160 167 173 156 158 182 177 177 180 186 197 187 214 225 208 212 235 233 233 228 224 228 224 229 230 213 209 203 181 188 167 138 143 148 154 147 145
101 126 110 98 112 111 105 96 91 107 99 91 100 102 108 108 110 96 101 118 109 106 92 102 125 122 118 127 113 114 111 105 109 108 109 127 112 105 100 93 128 142 109 120 124 141 144 158 143 142 137 142 128 120 132 151 138 130 140 142 138 144 148 132 137 141 150 173 181 174 165 158 178 185 189 221 235 236 232 231 228 222 227 233 230 227 217 204 191 166 173 155 116 142 122 128
116 119 115 97 95 101 96 91 97 114 119 103 119 131 125 115 103 89 85 89 106 102 92 82 92 88 98 111 109 113 136 112 104 112 110 121 111 125 145 133 116 115 97 106 129 125 135 151 145 137 146 178 160 145 136 158 143 127 150 170 161 174 165 155 145 155 149 157 165 161 167 164 164 156 155 174 198 220 233 218 217 206 210 219 223 225 232 213 193 166 142 138 129 120 127 107
115 105 123 98 90 102 96 88 108 121 115 113 124 139 133 121 96 94 93 94 100 110 106 94 105 104 113 101 99 99 120 127 113 105 104 101 94 111 120 124 122 109 107 106 133 142 140 134 136 154 154 168 160 159 156 151 146 151 154 155 150 182 186 171 153 156 153 150 153 148 156 179 175 159 159 159 185 211 211 209 215 198 204 206 199 202 203 192 178 155 137 163 143 125 117 113
127 100 109 105 108 113 102 98 98 111 107 115 137 144 132 127 117 128 127 122 112 116 117 120 135 149 133 106 102 121 121 134 144 123 127 121 115 120 109 117 121 119 127 125 124 123 119 119 145 155 147 171 182 174 172 180 181 175 158 181 176 178 175 177 175 158 148 144 150 151 162 180 180 153 155 181 165 185 188 173 178 183 187 185 181 181 178 167 154 145 135 134 130 116 106 114
96 90 98 118 128 127 107 97 96 98 103 113 133 131 130 130 124 152 150 128 101 107 120 131 117 120 129 141 147 147 135 136 143 147 163 144 128 138 140 140 154 141 121 121 113 120 136 133 140 148 152 163 163 168 170 173 172 180 159 194 187 173 159 159 165 156 146 148 158 176 189 188 161 147 160 167 180 173 188 172 162 163 161 163 175 175 164 156 137 128 126 120 148 138 125 141
94 110 116 138 129 126 108 97 111 112 114 126 119 125 129 144 132 131 124 92 96 90 108 120 152 152 159 148 127 129 133 125 126 133 150 133 124 125 118 150 170 147 133 117 122 132 138 158 162 171 176 175 147 139 154 157 181 200 190 190 187 158 134 132 140 154 155 145 150 166 175 173 165 156 158 166 184 180 196 206 187 171 156 149 153 161 158 140 122 124 131 131 126 119 144 166
95 97 112 120 128 121 119 113 127 133 127 128 118 119 136 139 140 133 115 107 96 91 123 158 166 154 123 116 124 137 130 119 122 139 138 125 133 145 128 133 155 147 139 132 131 132 128 147 176 205 200 213 210 193 133 158 176 186 184 182 186 170 168 151 167 162 160 142 144 155 158 153 154 153 154 159 153 163 187 189 188 176 159 141 132 141 151 135 121 133 145 148 161 147 162 168
107 91 103 116 134 147 147 145 149 144 127 121 132 136 133 131 143 153 149 115 99 103 130 145 121 118 114 111 125 139 122 116 126 141 151 153 155 162 162 161 143 151 133 132 142 175 180 187 190 206 206 212 216 221 191 164 196 195 201 183 185 202 201 187 172 170 168 140 131 149 149 135 146 151 153 158 148 152 172 167 172 172 161 148 137 131 138 135 128 137 162 170 176 170 188 167
119 109 113 126 135 146 133 147 173 160 133 115 114 109 102 125 140 152 146 125 130 141 108 102 107 114 115 114 112 124 132 141 131 131 137 141 159 162 162 165 170 147 124 151 161 167 206 195 176 170 185 197 203 218 221 209 198 206 185 173 191 204 190 210 186 170 171 160 148 147 153 154 163 171 163 161 145 141 160 160 156 169 159 144 140 129 124 127 140 152 153 161 177 174 185 185
117 102 117 130 135 147 126 121 139 140 118 122 143 131 134 141 148 156 148 133 125 130 128 122 130 121 112 117 119 111 126 155 157 162 155 151 158 156 148 149 162 129 134 159 176 179 167 191 172 151 172 192 192 215 221 214 205 184 166 167 178 202 201 205 192 163 165 170 169 164 156 152 140 159 164 161 159 152 152 163 158 138 137 131 121 124 134 120 123 136 136 146 162 173 138 128
139 114 120 119 134 125 110 114 132 133 134 136 142 132 141 144 160 165 148 146 146 146 145 145 138 123 116 115 118 108 119 145 154 140 143 157 178 171 164 154 158 136 140 143 156 159 131 154 152 144 147 152 166 206 205 199 196 186 157 169 205 200 197 203 201 197 201 177 175 177 179 170 128 133 160 156 161 175 166 137 123 113 118 133 132 126 137 143 135 132 137 163 164 182 198 196
139 114 125 126 139 134 124 140 158 145 128 152 157 142 139 150 145 159 152 141 150 155 144 138 133 123 130 119 115 112 106 114 130 129 147 160 163 159 160 149 156 132 130 131 147 145 193 142 155 144 135 146 180 186 191 186 164 177 191 188 192 191 197 211 211 202 185 179 176 174 176 180 180 168 175 164 170 158 138 126 114 122 115 98 140 150 138 166 143 133 151 151 165 174 186 195
136 118 131 141 144 147 143 137 138 143 165 167 162 135 110 131 160 159 161 146 145 160 145 124 127 142 157 136 126 117 89 86 105 150 170 163 167 155 161 148 147 149 140 154 192 174 169 141 138 125 119 129 172 173 175 161 144 166 178 169 189 195 198 209 209 203 193 187 188 180 177 191 198 196 192 185 169 139 130 146 128 118 115 93 112 130 140 136 129 136 141 141 151 154 163 172
152 155 157 157 145 140 140 141 136 142 167 158 151 138 125 137 161 165 159 156 150 153 147 124 128 139 144 143 127 116 105 95 85 93 131 134 136 141 163 166 153 142 137 148 158 135 155 131 127 120 133 149 177 153 164 181 187 180 163 171 197 197 189 190 197 192 174 181 183 174 174 196 204 203 204 199 175 142 142 145 122 124 114 90 108 107 114 119 109 111 116 112 118 129 134 140
147 161 149 126 114 124 125 120 123 118 128 143 149 148 141 154 164 166 177 173 153 164 165 126 121 127 111 115 125 134 135 104 73 72 101 144 136 133 142 155 164 160 145 150 157 148 170 178 141 130 150 187 208 181 161 170 192 200 203 205 195 196 193 185 194 199 192 169 176 177 180 190 195 192 189 189 187 171 154 137 104 115 112 120 124 112 114 123 134 118 132 138 107 102 113 117
152 142 119 110 129 140 139 134 143 145 134 143 146 155 144 155 155 148 160 140 158 175 185 163 164 172 158 134 119 120 119 115 120 116 162 168 134 125 146 164 162 147 134 133 137 160 180 176 177 185 193 205 220 218 178 166 189 210 210 196 193 185 180 183 185 193 191 193 177 169 169 176 181 190 192 193 193 176 156 136 104 103 120 127 124 113 122 135 142 125 141 155 124 113 112 109
160 132 111 115 127 132 131 129 142 151 117 126 149 152 145 153 153 158 158 156 159 176 195 179 161 176 171 151 152 141 137 138 135 133 132 136 146 156 164 170 190 183 162 167 170 168 179 180 187 189 188 189 205 219 204 178 181 184 181 183 188 185 183 182 171 173 174 171 156 149 143 143 153 161 157 151 150 136 131 138 113 115 120 111 116 106 113 119 128 137 135 126 109 119 122 102
142 133 114 110 114 134 127 122 142 150 130 123 132 137 157 162 168 165 158 134 148 179 179 150 148 168 174 173 186 176 155 138 134 152 157 155 175 205 183 155 163 161 165 161 159 144 159 181 189 178 178 170 173 194 196 180 179 179 180 195 182 167 157 165 172 158 148 150 165 138 128 133 129 135 126 112 106 115 114 120 112 114 116 114 117 124 113 115 122 126 129 112 102 120 145 132
134 127 119 116 114 120 115 112 143 150 136 118 116 134 138 131 144 148 149 166 167 160 172 162 163 166 163 172 189 183 158 157 160 176 200 189 178 185 183 172 163 166 152 141 159 171 172 166 167 159 166 173 181 191 184 179 176 178 180 179 148 137 136 152 166 162 135 147 145 158 150 135 114 112 108 112 104 104 109 117 113 128 135 129 131 146 130 120 127 129 121 105 105 115 136 149
109 103 113 119 133 160 153 134 129 157 168 142 126 136 133 122 115 126 145 159 155 153 170 156 168 171 164 162 158 160 143 157 172 192 196 175 166 160 161 170 177 170 157 161 159 169 170 159 158 166 165 164 182 193 181 172 181 181 159 147 128 148 141 138 143 158 158 164 162 164 156 139 137 129 110 108 113 118 131 141 138 143 134 125 142 143 138 126 132 120 107 111 111 114 110 115
119 141 150 139 135 141 130 110 103 130 139 125 154 155 141 156 151 126 148 157 154 154 159 163 180 180 160 166 162 154 150 169 184 200 185 170 181 184 172 170 177 183 178 177 174 169 165 162 162 167 175 168 168 164 150 159 162 150 159 167 149 146 149 138 122 117 129 154 166 165 154 134 133 146 123 111 110 124 140 124 107 120 136 148 119 99 112 120 118 117 115 120 117 112 98 99
121 123 139 147 143 141 142 128 112 144 135 106 140 143 127 144 181 154 138 149 166 164 166 174 185 165 145 148 145 145 179 208 188 186 182 169 167 146 161 162 201 197 185 185 181 183 185 159 151 186 192 165 157 180 167 148 158 170 183 169 164 164 146 149 138 125 138 140 139 144 144 142 140 149 139 114 113 122 109 116 120 114 124 112 94 90 98 98 80 92 104 125 113 112 117 120
133 123 125 126 141 140 130 124 106 104 104 98 107 132 136 112 132 142 139 143 152 148 161 163 161 155 151 145 154 164 172 180 167 188 192 177 156 158 172 165 188 188 187 190 183 188 190 172 184 197 178 161 175 191 177 150 149 169 180 169 147 149 145 160 166 152 151 150 136 137 141 135 133 138 121 112 101 104 110 123 123 120 128 108 98 105 105 103 79 89 109 120 129 146 154 148
154 137 115 109 123 139 169 185 162 109 98 116 124 123 148 157 149 131 118 133 157 135 152 172 154 147 148 145 143 154 164 155 149 183 215 193 189 204 171 180 208 190 155 149 157 200 192 182 174 178 203 193 196 195 184 175 164 162 159 153 137 133 146 174 180 164 147 146 141 134 131 125 127 128 124 124 124 107 104 116 94 112 123 112 97 108 118 125 125 98 105 117 105 127 153 148
149 143 144 143 164 158 169 188 163 131 121 137 145 140 136 144 123 107 115 116 130 120 150 192 198 185 155 143 134 136 152 160 167 188 213 203 201 206 187 175 164 163 168 166 161 188 172 174 185 182 195 205 201 198 184 164 155 163 165 150 134 132 148 161 159 149 115 113 112 108 112 116 115 126 120 122 109 100 99 114 95 104 117 111 97 120 134 119 122 138 124 130 143 136 144 141
117 123 126 117 127 122 137 164 168 168 148 144 150 150 134 128 118 122 130 137 145 163 177 178 164 168 188 167 176 185 187 199 192 192 187 186 199 196 209 210 172 175 165 161 158 168 173 192 215 198 189 207 212 210 204 200 185 172 173 153 143 134 127 140 145 148 127 127 141 121 108 116 122 111 103 115 121 126 122 118 97 103 116 112 110 118 118 123 146 154 157 142 135 143 137 136
91 90 99 103 123 125 123 149 155 143 132 137 156 158 136 136 156 154 140 122 135 165 171 163 155 159 159 150 168 186 189 193 199 196 199 213 214 196 184 212 217 215 196 167 169 189 197 181 191 192 192 203 193 196 188 177 165 138 141 140 134 139 128 140 145 142 130 141 156 140 114 103 112 116 118 133 128 125 118 93 89 101 113 120 125 125 119 125 146 159 155 126 106 128 147 148
90 98 116 120 112 118 112 130 137 135 135 144 158 155 119 105 138 169 139 121 138 163 165 158 155 152 149 146 164 180 177 184 192 186 182 211 215 188 172 206 220 221 208 178 164 177 171 156 171 192 201 203 194 193 185 156 142 129 126 132 128 144 155 152 150 144 138 140 137 135 124 123 123 121 117 119 123 126 126 112 126 120 100 100 104 92 92 96 94 108 138 142 145 138 143 136
96 110 122 144 147 136 119 107 104 107 123 131 145 131 92 81 91 136 136 119 145 167 168 173 165 142 155 166 187 195 185 188 182 176 181 186 195 208 217 217 201 203 218 204 185 181 173 175 194 205 205 207 201 200 203 169 121 118 141 150 145 142 142 146 154 159 158 147 121 100 111 135 140 128 109 123 118 121 120 119 133 119 110 111 100 80 89 99 89 103 120 143 133 142 155 144
124 118 117 133 144 138 123 123 126 118 116 118 120 118 106 97 86 108 141 123 137 167 174 168 138 123 141 166 176 190 197 179 158 173 173 165 164 196 211 210 215 223 229 226 205 198 193 199 206 213 214 216 211 198 186 169 141 129 138 153 151 149 143 152 155 145 139 129 130 112 104 130 130 132 120 106 108 107 105 106 114 114 113 115 96 103 93 95 104 102 109 117 120 121 123 133
139 142 125 124 121 137 132 115 109 109 112 126 128 122 128 143 139 135 157 147 139 178 176 166 157 169 153 164 167 151 163 173 117 145 146 157 188 179 193 198 213 222 223 223 221 217 210 211 212 212 216 219 215 195 170 157 152 151 151 167 176 169 150 146 146 155 152 140 96 104 100 110 102 103 108 107 107 108 106 117 115 113 122 123 106 92 82 83 106 100 101 102 99 100 91 110
143 150 147 128 116 127 132 118 115 112 117 118 111 121 118 125 141 153 162 151 152 172 172 176 176 168 175 186 183 157 146 128 97 175 183 175 192 188 180 177 177 174 207 220 223 229 231 231 227 220 215 214 207 186 176 187 176 156 145 161 183 176 155 145 158 156 141 112 107 104 103 110 118 115 108 110 112 115 122 122 110 110 115 98 77 97 106 103 106 114 115 107 96 99 109 118
147 147 153 144 138 136 129 119 124 124 123 125 143 149 145 139 152 149 151 170 174 173 162 164 186 197 198 196 206 207 138 128 141 176 213 198 199 199 189 179 182 185 201 215 220 224 232 232 223 218 220 215 197 195 206 207 201 185 172 164 181 195 177 140 161 168 131 104 125 124 119 120 117 113 104 115 123 127 126 124 117 117 115 86 82 119 114 120 115 120 118 109 105 111 111 103
