examples/data/proba_v_italy_sicily/probav_s10_toc_x19y03_20150321_333m_ndvi_v001.txt
ncols         1127
nrows         589
xllcorner     12.348214285714
yllcorner     36.598214285714
cellsize      0.0029761904761905
NODATA_value  -9999
[rows 49 to 97 of 589, columns 576 to 671 of 1127]
12 12 12 12 12 37 37 15 16 10 16 16 14 13 12 14 10 10 15 10 13 28 12 0 8 9 13 10 13 10 10 8 16 19 12 5 11 7 6 4 4 6 6 13 10 10 13 10 10 8 8 5 5 8 5 3 6 6 4 4 4 6 6 11 6 9 1 0 9 12 17 21 19 25 25 16 12 9 19 15 16 25 16 37 37 37 37 37 37 27 17 18 15 15 23 14
12 17 17 22 41 41 38 45 41 13 10 13 15 13 13 10 13 13 10 10 31 32 10 10 15 13 11 13 10 10 29 22 17 14 10 10 14 24 5 8 8 6 4 4 4 8 11 8 10 8 8 6 3 3 6 6 4 1 1 1 4 6 6 20 9 27 25 15 11 12 14 18 17 12 13 12 12 22 22 21 20 23 36 37 37 37 40 37 37 37 37 37 37 37 37 37
10 10 10 10 7 19 18 21 39 46 15 15 10 10 13 10 13 13 13 18 9 36 31 11 11 11 11 13 13 11 11 13 11 11 8 11 18 8 10 8 11 13 9 4 4 6 6 6 6 11 11 11 13 8 4 6 6 4 4 6 6 6 7 43 26 14 12 11 10 11 12 11 12 10 10 16 9 16 20 8 14 16 20 25 17 10 9 16 18 25 30 37 37 37 37 37
33 28 28 24 15 11 13 12 17 36 48 41 34 29 30 13 13 13 11 13 11 13 11 11 11 13 13 9 9 9 9 9 9 9 7 9 15 9 9 9 4 7 9 9 6 6 4 6 9 23 38 40 9 6 4 4 5 5 7 13 9 7 7 12 15 9 9 8 9 11 10 10 12 11 11 22 8 12 37 37 37 37 28 32 29 37 37 37 37 51 46 41 16 14 12 37
15 17 21 24 18 15 11 14 16 19 13 31 33 24 13 13 11 11 13 13 11 11 9 9 9 11 9 9 12 10 8 12 7 11 11 7 9 12 9 34 1 3 5 9 9 9 9 6 6 19 20 28 29 34 2 5 9 9 5 11 9 7 7 10 9 8 13 13 12 12 12 11 13 10 5 6 14 18 37 37 37 37 37 27 22 32 18 18 18 12 10 39 39 37 37 37
14 14 15 15 17 23 20 14 10 19 21 19 33 35 13 13 13 13 13 9 9 11 11 9 11 9 9 14 12 13 10 10 6 9 14 8 18 21 12 26 11 3 2 4 12 11 9 9 9 17 22 25 23 22 0 0 3 3 7 12 7 2 1 4 8 8 10 14 15 11 13 14 15 21 0 0 0 12 13 8 10 17 16 14 21 19 15 24 36 38 25 24 37 37 22 10
18 15 14 17 18 20 26 23 15 16 19 12 12 6 8 12 13 11 14 12 9 9 33 34 36 36 36 12 12 12 12 14 12 7 7 9 12 10 11 12 11 0 33 38 45 9 9 12 5 1 11 20 20 2 4 5 6 6 14 12 8 29 16 8 6 8 11 13 16 18 12 16 9 20 35 37 37 37 13 5 0 9 18 19 19 28 16 13 13 17 37 16 14 14 19 37
18 18 13 15 17 19 18 18 12 19 32 15 17 15 14 14 14 12 10 10 10 8 21 25 22 9 12 12 12 12 12 12 12 8 8 16 14 14 20 13 3 10 14 6 6 31 35 33 0 24 22 25 13 33 37 37 37 37 37 37 10 19 15 11 9 8 9 9 10 13 14 25 27 17 22 37 37 37 26 37 18 16 18 19 24 21 17 11 13 37 37 37 37 37 34 40
18 20 18 15 15 14 19 24 19 11 37 46 9 10 15 13 9 14 6 9 12 23 19 20 28 4 6 12 9 9 10 10 10 11 11 16 8 10 14 16 11 11 10 8 6 16 26 0 0 19 27 35 30 18 32 37 37 37 37 37 15 10 11 8 8 9 8 9 12 13 4 15 34 38 37 29 37 42 46 25 29 28 19 14 3 16 25 37 37 37 37 37 37 37 27 16
11 13 17 20 19 13 12 18 25 20 9 24 42 40 39 30 15 14 10 10 12 10 10 10 23 16 5 10 8 10 10 8 8 10 9 16 16 18 16 12 10 14 10 6 6 6 30 6 37 16 37 37 37 37 14 36 37 37 37 37 10 10 11 10 7 8 9 9 11 22 14 9 13 11 19 38 29 19 42 40 22 18 18 25 37 37 37 37 37 37 37 37 37 37 37 37
18 18 37 37 23 22 17 17 21 25 23 20 19 21 22 33 19 11 7 8 8 8 10 6 8 13 7 8 9 8 8 8 6 5 8 3 37 37 37 37 37 8 8 4 6 9 9 37 37 37 37 37 37 37 11 17 12 6 9 37 9 10 8 5 5 7 8 9 7 9 14 11 22 22 20 21 27 18 8 9 20 27 16 37 27 37 37 37 37 22 37 37 37 37 37 37
28 17 37 37 23 23 21 20 22 21 19 19 21 16 19 33 33 34 33 7 8 10 8 8 10 10 16 12 10 8 5 6 37 37 37 37 37 37 37 37 37 37 37 37 37 37 37 37 37 37 37 37 24 16 23 37 37 37 8 16 15 10 20 17 19 18 17 18 14 5 9 23 21 11 16 17 16 14 25 15 18 39 43 30 19 24 37 37 38 31 38 41 37 37 42 37
28 37 37 37 20 22 24 23 18 26 21 18 17 13 12 19 24 31 36 41 41 42 6 7 37 37 37 37 37 14 9 37 37 37 37 37 37 37 37 37 37 37 37 37 37 37 37 37 28 25 38 35 28 28 14 37 37 37 37 17 6 0 0 5 7 7 7 7 5 6 7 9 9 9 12 17 11 9 19 9 9 37 13 18 37 13 18 20 15 28 37 32 37 37 31 38
24 31 29 22 19 15 20 16 17 17 20 22 21 21 17 16 16 16 19 12 21 28 8 20 36 36 37 37 37 37 37 37 37 37 37 37 15 8 0 22 28 37 37 37 37 37 37 27 31 27 20 30 19 11 37 37 37 37 8 20 32 24 9 4 8 21 6 6 37 37 37 37 9 7 5 7 7 12 19 7 8 37 37 37 37 37 37 26 37 37 37 35 36 25 7 29
20 23 23 18 11 19 19 10 10 10 12 14 15 16 20 17 17 21 27 37 37 37 37 37 12 31 40 45 40 37 37 37 15 15 40 43 36 35 24 17 8 15 17 30 28 23 25 18 11 13 7 6 8 37 37 37 37 37 37 37 25 36 22 37 37 12 37 37 37 37 37 37 37 37 37 37 37 8 19 11 8 37 37 37 37 24 37 37 37 37 14 23 30 23 13 34
16 18 16 20 16 11 18 18 18 16 11 11 12 18 25 24 16 20 28 36 37 37 37 37 19 19 16 17 32 35 30 24 23 19 13 13 19 26 25 37 37 20 26 37 16 17 10 9 6 10 11 9 37 37 37 37 37 37 37 37 37 37 37 37 37 37 37 37 37 37 37 37 37 37 37 37 37 37 37 37 37 37 37 37 37 37 37 37 18 15 7 13 27 27 19 41
14 13 14 12 21 18 19 19 18 11 9 18 17 15 18 26 28 23 37 37 37 37 37 22 23 37 12 20 20 20 27 28 22 21 26 16 11 19 27 37 37 37 37 37 14 21 13 2 2 5 7 8 37 37 37 37 37 37 37 37 37 37 37 37 37 37 37 37 37 37 37 37 37 37 37 37 37 37 37 37 37 37 37 37 37 37 37 37 12 28 20 9 9 21 13 13
12 10 10 12 10 11 24 27 22 9 20 22 9 13 18 20 18 31 28 34 16 16 16 24 37 37 37 37 24 37 37 8 17 18 27 29 13 15 23 37 37 37 27 28 21 11 20 14 8 8 7 9 37 37 37 37 37 37 37 37 37 37 37 37 37 37 37 37 37 37 37 37 37 37 37 37 37 37 37 37 37 37 37 37 37 37 37 37 6 13 17 19 37 37 13 20
13 14 14 16 16 9 10 1 14 16 27 17 8 8 12 12 17 25 37 15 36 41 39 37 37 37 28 27 30 27 22 12 12 14 9 23 21 21 29 25 37 37 14 24 24 16 6 10 9 9 9 9 37 37 37 37 37 37 37 37 37 37 37 37 37 37 37 37 37 37 37 37 37 37 37 37 37 37 37 37 37 37 37 37 37 37 37 37 24 21 37 37 37 37 6 18
11 12 12 12 25 21 16 37 37 15 19 28 16 12 6 7 17 33 30 10 0 15 31 35 41 39 35 30 33 27 21 15 6 17 14 13 17 12 24 31 36 21 10 20 18 18 12 37 37 37 37 37 37 37 37 37 37 37 37 37 37 37 37 37 37 37 37 37 37 37 37 37 37 37 37 37 37 37 37 37 37 37 37 37 37 37 37 11 26 32 36 37 37 37 37 2
11 13 14 14 15 32 36 37 27 26 37 25 37 19 17 9 21 24 30 28 37 37 10 16 19 28 27 21 12 9 15 25 17 12 19 19 23 20 15 22 35 37 37 37 37 37 37 37 37 37 37 37 37 37 37 37 37 37 37 37 37 37 37 37 37 37 37 37 37 37 37 37 37 37 1 6 13 37 37 37 37 37 37 37 37 37 37 23 37 37 20 31 37 37 37 37
12 21 12 8 16 11 12 28 32 31 39 29 15 29 18 12 9 24 13 22 30 24 13 12 11 14 15 16 17 11 11 15 14 10 15 19 18 19 11 7 12 37 37 37 37 37 37 37 37 37 37 37 37 37 37 37 37 37 37 7 13 8 7 23 20 37 37 37 37 13 9 9 6 37 12 37 0 10 16 20 20 36 37 37 37 37 37 37 37 37 24 37 37 37 37 37
12 13 16 14 24 19 26 9 9 11 26 36 27 15 10 11 12 27 23 37 37 37 0 11 12 11 11 15 17 9 4 11 12 13 12 9 9 37 37 37 37 37 37 37 37 37 37 37 37 37 37 37 37 37 37 37 37 37 23 16 37 37 37 37 7 21 14 7 11 18 37 37 37 37 37 37 37 37 8 15 37 4 25 20 13 13 7 14 18 30 37 37 37 37 37 37
9 11 30 24 18 19 18 17 17 8 5 4 4 7 7 8 13 24 31 35 37 26 11 5 9 10 11 14 29 24 10 9 12 12 12 9 37 37 37 37 37 37 37 37 37 37 37 37 37 37 37 37 37 37 37 37 37 37 30 37 37 37 37 37 37 37 37 37 37 37 37 24 31 30 38 44 37 33 37 32 37 37 37 18 21 37 37 37 37 11 15 23 26 37 37 37
9 24 37 0 0 0 17 11 8 14 16 37 37 4 6 10 14 20 21 17 22 31 27 13 10 10 10 8 13 21 17 10 11 11 11 11 37 37 37 37 37 26 37 37 37 37 37 37 37 37 37 37 37 37 37 37 37 37 29 37 37 37 37 37 37 37 37 37 37 37 37 37 37 37 37 37 37 26 37 37 37 37 37 37 37 37 37 37 37 37 37 37 15 37 37 37
37 37 37 37 37 37 37 37 37 37 37 23 37 16 10 10 10 11 11 11 9 9 10 12 11 11 10 9 9 11 12 11 12 12 11 14 37 37 37 37 37 37 37 37 37 37 37 37 37 37 37 37 37 37 37 37 37 37 27 37 37 37 37 37 37 37 37 37 37 37 37 37 37 37 37 37 37 37 37 37 37 37 37 37 37 37 37 37 37 37 37 37 37 37 37 37
37 37 37 37 37 37 37 37 22 27 37 37 16 9 7 6 8 10 10 9 9 11 10 9 9 11 9 8 9 9 9 11 10 12 11 9 37 37 37 12 12 15 37 37 37 37 37 37 37 37 37 37 37 25 20 15 16 31 33 37 37 37 37 37 27 37 37 37 37 37 37 37 37 37 37 37 37 37 37 37 37 37 37 37 37 37 37 37 37 37 37 29 19 18 26 23
43 37 37 37 37 48 37 37 37 37 37 37 37 37 7 9 7 10 9 10 9 10 11 10 10 9 9 8 9 12 8 9 9 14 20 21 27 20 21 20 17 22 24 22 37 37 16 13 10 37 37 37 37 29 37 37 37 37 37 37 37 37 37 37 37 37 37 37 37 37 37 37 37 37 37 37 37 37 37 37 37 37 37 37 37 37 37 37 37 37 37 37 23 37 37 37
16 35 46 34 37 16 37 37 37 37 37 37 37 26 18 17 10 9 9 10 9 10 10 10 11 9 9 9 10 15 17 11 11 13 15 15 12 26 13 19 14 15 13 15 22 28 27 37 37 37 37 37 37 32 37 37 37 37 37 37 37 37 37 37 37 37 37 37 37 37 37 37 37 37 37 37 37 37 37 37 37 37 31 37 37 37 37 37 37 37 37 37 37 25 31 36
37 1 14 37 37 37 37 37 37 37 29 19 13 16 14 10 10 10 10 9 11 9 10 11 11 10 10 10 10 9 10 11 24 15 16 22 23 37 11 16 14 12 18 14 17 18 27 37 37 37 37 37 37 37 37 37 37 37 37 37 37 37 37 37 37 37 37 37 37 37 37 37 37 37 37 37 37 37 37 37 37 37 37 37 33 37 37 37 37 37 37 37 37 21 37 19
37 37 37 37 37 37 34 34 27 28 32 34 20 8 7 7 7 9 8 9 10 10 10 10 10 10 9 10 11 10 10 9 11 14 14 17 30 29 20 20 19 18 18 37 37 37 37 37 37 37 37 37 37 37 37 37 37 37 37 37 37 37 37 37 37 37 37 37 37 37 37 37 37 37 37 37 37 37 37 37 37 37 37 37 37 32 31 37 37 37 37 37 37 14 20 32
37 24 25 39 42 29 13 23 17 14 7 8 9 9 9 9 9 9 10 8 9 10 9 9 9 9 10 10 10 10 15 14 11 17 22 22 23 28 26 25 25 21 37 37 37 29 37 37 37 37 37 37 37 37 37 37 37 37 37 37 37 37 37 37 37 37 37 37 37 37 37 37 37 37 37 37 37 37 37 37 37 37 37 37 20 25 37 37 37 30 37 37 23 22 26 26
35 35 18 14 20 26 17 17 19 17 12 10 10 11 10 11 11 10 10 10 10 10 10 10 10 10 9 10 10 10 10 13 11 11 14 15 14 13 21 26 31 29 37 25 26 27 28 37 37 37 37 37 37 37 37 37 37 23 37 37 30 37 37 37 37 37 37 37 37 37 37 37 37 37 37 37 37 37 18 37 37 37 22 24 23 37 37 37 17 17 18 37 37 37 17 24
13 13 12 11 10 10 13 12 12 11 11 11 10 10 10 10 10 10 9 9 10 10 11 10 10 10 10 11 11 10 11 11 12 12 11 11 13 19 12 11 17 31 27 24 23 16 15 37 37 37 37 37 37 37 37 37 37 37 37 37 37 37 37 37 30 37 37 37 37 37 37 37 37 37 37 37 37 37 12 37 37 37 18 37 37 37 37 37 37 24 37 37 37 37 37 37
12 12 12 13 12 13 12 12 11 11 11 11 12 11 10 11 11 10 9 10 10 9 10 10 9 10 9 10 10 10 11 11 11 12 11 9 12 21 20 20 14 19 26 25 31 32 37 37 37 37 34 37 37 37 37 37 37 37 37 37 37 37 37 37 27 30 37 37 37 37 37 37 37 37 37 37 37 37 10 14 16 37 27 37 37 37 37 37 37 37 23 37 37 37 37 37
12 13 13 12 12 13 13 10 11 11 12 10 11 11 11 11 11 10 10 11 10 11 9 10 9 11 11 10 10 11 11 13 13 12 16 14 15 25 26 21 19 15 12 13 13 20 37 37 20 27 22 29 28 37 37 36 37 37 37 37 37 37 37 37 23 28 29 37 37 29 31 31 36 39 37 37 37 37 37 14 13 37 43 32 37 37 37 37 37 16 15 37 37 37 37 37
12 12 13 13 12 10 11 10 10 10 11 12 11 10 11 10 11 11 11 11 10 10 11 11 9 11 11 10 11 10 11 12 15 12 13 13 10 14 18 19 15 12 11 11 12 37 37 37 9 21 14 20 19 21 22 35 38 37 37 37 37 37 37 37 22 26 27 29 27 22 20 18 15 24 44 37 37 37 22 18 14 37 37 39 19 23 30 37 37 37 37 37 31 37 37 37
13 12 12 13 12 12 12 12 12 12 11 12 10 10 12 11 11 11 11 10 10 10 9 11 11 10 10 10 10 10 11 11 12 12 11 11 10 11 11 12 12 11 12 11 12 37 37 37 37 16 16 16 17 18 16 23 35 36 37 37 37 37 37 37 15 21 22 18 19 21 25 29 37 37 19 39 45 36 24 18 16 18 23 37 28 37 18 29 29 37 37 37 37 37 37 37
12 12 12 13 12 13 12 11 11 12 11 10 10 10 11 11 11 11 11 11 10 10 11 9 11 9 10 10 11 11 12 12 12 12 11 11 12 11 12 12 13 11 10 12 12 37 37 37 37 14 13 13 25 17 19 23 29 32 37 37 37 37 37 37 37 22 26 37 37 13 18 33 34 25 16 13 14 15 13 17 37 16 24 37 32 37 37 13 29 37 37 37 37 37 37 37
12 12 12 12 12 12 11 11 11 12 12 12 11 10 12 11 11 11 9 11 11 11 10 10 11 9 10 10 11 12 12 12 11 11 11 12 12 11 10 10 11 11 10 11 37 37 37 37 13 12 12 13 16 28 16 21 31 33 31 37 37 37 37 37 37 20 32 32 37 37 37 15 34 30 20 14 11 13 37 37 37 37 37 37 38 37 37 23 37 37 37 37 37 37 37 37
12 12 12 12 12 12 10 11 11 11 11 11 11 11 11 11 11 11 10 9 11 11 10 10 10 9 9 10 11 12 12 12 12 12 11 12 12 11 11 10 11 22 16 16 20 37 37 37 21 30 12 11 14 14 14 15 23 34 35 37 37 37 37 37 37 37 17 32 35 34 27 15 12 19 16 11 11 37 37 37 37 18 17 16 17 28 37 34 40 37 37 37 37 37 32 32
12 13 12 12 12 12 10 11 11 10 12 12 12 12 11 11 12 12 11 11 10 10 9 10 10 10 11 10 10 12 12 12 12 12 12 12 11 11 12 12 11 11 11 37 37 15 23 28 11 13 10 12 12 12 13 14 13 21 35 35 37 37 37 37 37 37 12 17 22 26 28 21 12 11 12 10 37 31 37 37 37 19 21 37 37 37 37 25 27 34 37 37 37 37 24 19
12 12 12 11 12 12 11 11 10 11 12 11 12 11 12 12 12 12 12 12 11 11 9 10 10 9 10 11 11 12 12 13 13 12 13 13 13 13 11 13 24 26 11 37 37 37 37 12 11 30 11 10 11 11 11 12 13 14 24 34 35 32 31 32 34 26 14 11 10 11 11 12 12 12 12 37 37 21 28 37 37 26 37 37 37 37 37 24 37 28 37 37 37 37 37 37
12 11 12 12 13 12 13 11 12 12 11 12 12 11 10 11 12 12 11 12 11 11 10 10 10 10 10 11 9 11 13 13 14 13 13 13 12 13 13 11 17 12 12 37 37 37 37 10 22 31 11 12 11 11 13 13 13 14 15 21 26 26 24 26 24 22 16 13 12 12 13 11 13 29 11 37 37 37 37 33 33 37 37 37 37 37 37 37 28 37 37 37 37 37 37 37
12 12 11 13 11 11 11 13 12 11 10 11 12 10 11 11 11 11 11 11 11 12 11 11 10 10 10 11 9 11 12 12 13 13 13 11 12 12 24 15 21 13 37 37 37 37 19 12 24 10 12 12 12 12 13 13 13 12 10 10 9 14 14 19 21 17 15 11 12 13 11 12 11 11 11 37 22 18 24 21 37 37 37 37 37 37 37 25 26 28 30 34 37 37 37 37
11 12 11 12 12 12 12 12 13 12 12 12 12 11 12 11 11 11 12 13 12 12 12 11 11 11 10 10 11 12 12 12 12 12 12 13 13 13 13 13 13 13 37 37 26 22 17 11 12 10 12 12 11 12 12 11 12 16 19 16 10 11 13 16 19 16 13 13 13 12 12 12 11 11 12 23 23 37 37 37 37 37 37 37 37 37 36 31 37 37 17 19 37 37 37 37
13 13 12 12 26 29 12 11 11 12 13 12 13 10 10 11 12 11 12 12 13 12 12 12 12 10 11 10 10 11 11 12 13 14 17 12 17 19 16 13 13 21 19 19 17 37 14 12 12 12 10 10 12 12 13 12 13 17 26 28 17 10 13 13 26 25 31 25 15 12 12 11 13 13 23 23 12 37 37 37 37 37 37 37 18 14 13 37 37 37 37 13 13 15 13 24
14 12 13 17 23 12 12 12 12 13 12 11 12 12 11 11 11 11 12 13 13 13 11 11 12 10 12 11 10 10 11 12 13 13 13 12 27 12 13 14 14 20 37 37 37 13 13 12 12 12 12 11 12 13 13 13 12 11 13 21 19 28 27 12 11 12 11 12 14 12 12 14 25 25 25 13 14 16 17 19 19 19 17 18 19 37 37 37 37 37 37 37 13 15 19 25
14 14 13 14 12 12 12 13 12 13 13 14 12 12 11 12 12 12 14 13 12 12 13 13 12 11 11 11 11 12 11 22 13 13 13 13 13 14 22 24 16 22 37 37 0 13 15 14 13 12 12 11 11 12 13 14 13 14 13 13 14 13 13 12 11 12 13 13 13 13 18 21 25 13 13 14 14 17 18 17 18 18 17 21 0 37 37 37 37 37 28 27 28 15 19 21
