examples/data/proba_v_italy_sicily/probav_s10_toc_x19y03_20140711_333m_ndvi_v001.txt
ncols         1127
nrows         589
xllcorner     12.348214285714
yllcorner     36.598214285714
cellsize      0.0029761904761905
NODATA_value  -9999
[rows 416 to 467 of 589, columns 576 to 671 of 1127]
88 80 77 72 76 81 77 75 73 75 83 70 61 68 80 85 75 72 94 97 95 79 72 72 77 83 77 68 65 66 74 74 79 86 83 76 79 83 83 68 63 70 71 70 66 66 59 65 63 62 76 73 61 65 64 61 67 68 70 71 68 72 82 73 67 67 62 60 62 63 65 65 64 64 65 81 90 70 57 56 53 52 59 74 76 72 73 60 56 52 51 63 74 64 58 57
60 35 31 33 54 69 63 65 72 80 110 102 73 74 99 98 87 80 99 93 81 74 78 94 92 80 66 64 67 70 78 76 73 79 84 82 86 83 67 67 75 76 71 66 64 62 57 62 68 64 72 74 65 65 65 65 66 74 81 69 60 81 97 84 67 60 62 71 68 65 60 58 64 69 63 76 93 67 56 56 60 72 95 122 96 71 73 66 55 61 75 67 62 61 65 63
17 17 18 33 15 15 16 17 29 44 57 63 70 77 93 105 94 88 102 99 84 72 86 92 81 72 72 74 76 72 70 71 73 81 79 82 90 87 71 63 63 67 67 70 68 69 72 67 63 63 71 79 65 59 62 70 68 66 81 69 62 64 79 96 85 61 59 67 66 65 61 64 74 76 76 78 75 59 57 60 61 83 107 108 76 71 68 60 70 87 91 67 62 65 66 67
25 25 24 36 24 24 25 24 19 16 13 12 13 23 33 48 69 70 81 86 84 80 84 84 77 69 67 78 86 84 72 79 85 87 85 87 92 87 79 65 65 68 62 66 65 71 70 65 58 60 69 72 64 63 63 62 62 76 86 81 71 62 58 76 82 82 72 67 64 57 59 113 115 79 79 98 86 55 52 56 64 87 77 57 63 81 80 77 84 70 54 73 78 79 77 76
26 26 26 25 26 29 26 25 24 24 24 25 24 21 18 15 12 14 23 37 60 72 82 91 86 78 80 79 81 84 87 89 88 77 82 79 73 71 73 73 72 68 62 64 65 64 62 61 64 62 65 68 60 62 63 64 65 70 73 69 64 59 57 61 77 79 71 65 74 77 67 102 95 77 92 103 87 62 58 56 56 57 56 58 65 74 80 89 89 70 66 79 80 71 73 73
26 26 27 36 21 25 24 26 25 25 25 25 25 25 25 28 24 23 20 15 10 15 26 61 60 47 56 67 67 66 79 80 83 80 77 70 66 67 77 78 71 68 64 64 67 65 68 70 69 64 63 73 66 65 66 71 68 64 70 70 64 65 64 63 66 66 58 66 76 71 61 53 62 87 106 80 66 57 57 63 61 56 59 60 65 76 72 61 65 73 72 74 73 73 79 74
27 27 27 27 27 27 27 27 26 26 26 26 26 25 26 26 24 23 25 25 23 22 19 16 15 11 10 9 11 15 28 46 64 75 91 99 84 84 83 78 67 65 65 70 68 66 62 67 66 62 67 79 71 68 71 72 67 68 70 65 59 58 60 64 68 66 66 59 61 61 62 61 74 97 85 79 67 66 61 63 66 67 76 80 84 78 68 73 71 72 77 74 69 67 74 69
27 28 27 27 27 27 27 26 26 27 26 26 26 27 25 23 26 26 23 25 24 24 23 24 23 22 21 21 20 19 31 2 10 25 59 76 84 88 81 80 86 78 73 78 74 70 67 63 63 63 67 75 71 72 77 68 62 69 72 68 67 64 68 71 66 54 68 66 71 72 62 64 65 87 77 73 64 65 67 69 69 83 84 67 62 74 76 79 77 83 84 83 78 65 71 69
26 27 27 27 28 28 28 27 27 27 27 26 26 27 26 26 26 22 26 26 25 25 25 23 24 24 23 23 24 23 29 35 27 20 12 11 20 43 61 71 80 80 73 80 93 83 73 64 63 70 69 71 73 68 67 70 67 73 78 71 68 64 66 65 64 63 70 66 66 69 67 63 63 85 75 69 63 68 79 85 71 65 61 63 62 72 77 74 72 72 76 70 64 66 80 85
26 27 27 26 26 27 27 27 27 27 27 27 26 26 26 26 27 27 26 26 25 25 25 24 25 25 24 24 24 24 35 30 21 22 23 21 17 4 7 26 50 65 69 80 97 100 97 83 73 72 68 69 73 69 69 70 62 58 62 66 66 64 67 67 66 76 82 65 66 78 69 59 68 90 87 83 79 73 70 72 65 56 61 60 69 76 78 82 74 66 69 75 80 91 97 91
27 28 27 27 27 27 27 27 27 27 27 27 26 27 26 27 27 26 21 26 27 26 25 25 26 27 25 25 25 25 23 24 23 22 23 23 23 19 21 17 13 12 27 53 69 81 89 96 90 78 70 70 70 71 75 71 57 53 52 52 62 71 68 60 55 68 79 81 77 62 61 64 86 90 80 64 59 65 69 72 68 62 58 58 69 72 73 88 100 83 81 79 80 87 89 89
27 27 27 28 27 28 28 28 28 28 26 26 26 26 25 26 26 25 26 25 26 25 25 26 26 25 26 27 26 25 26 25 25 25 24 25 25 23 31 21 21 21 18 9 18 31 57 75 97 100 88 84 79 78 75 68 51 48 50 50 58 64 62 55 54 60 73 78 72 60 67 79 94 71 55 59 67 69 60 61 62 61 60 59 72 74 72 71 86 91 82 76 82 81 80 81
26 27 28 28 27 30 28 28 26 27 26 26 26 26 26 25 26 25 26 25 26 25 26 27 27 27 26 26 26 26 26 26 26 26 23 24 25 25 23 22 22 21 22 23 20 16 8 21 47 64 82 104 91 79 83 74 57 56 60 53 55 55 53 54 60 59 68 73 76 75 80 89 81 65 59 59 63 64 64 64 61 59 61 70 75 72 76 73 75 80 81 75 84 77 78 79
26 27 28 28 28 29 29 28 28 26 26 26 25 25 25 25 25 26 26 25 25 25 26 26 26 26 26 26 26 27 27 26 25 27 28 25 25 26 26 25 24 23 18 21 20 20 22 19 6 14 38 59 67 75 90 75 55 51 63 59 47 49 47 47 54 57 62 70 74 86 95 75 54 50 57 60 55 56 59 58 58 60 67 96 115 81 77 79 73 78 81 82 80 70 77 93
27 28 29 28 29 29 29 28 27 26 26 25 25 25 24 25 25 25 26 26 25 26 26 26 26 26 26 27 26 27 27 25 25 27 26 27 26 26 26 26 25 25 25 26 23 24 22 21 22 18 7 13 34 75 103 106 74 58 58 53 39 40 47 47 56 60 56 59 69 86 82 61 52 52 65 69 65 64 65 65 63 63 73 102 105 77 77 82 74 76 77 80 74 81 71 82
28 27 27 27 27 28 28 26 26 26 26 25 25 25 25 24 25 25 25 25 25 26 25 26 26 25 27 27 26 26 26 25 26 26 25 26 25 26 27 27 26 27 27 25 25 25 23 22 23 23 22 21 13 20 65 83 83 77 69 54 49 54 49 46 47 52 49 50 70 94 89 67 56 62 63 64 63 57 59 71 73 72 75 86 83 68 67 72 72 76 79 83 80 82 85 83
27 27 26 28 26 26 26 26 26 26 25 24 24 25 25 24 25 25 25 25 25 25 26 26 25 26 26 26 26 26 27 26 25 26 25 27 26 26 26 27 26 26 25 26 24 24 25 25 23 23 24 24 22 18 11 30 35 35 31 27 42 52 53 54 46 46 53 58 77 69 68 73 71 74 68 64 67 64 61 70 76 73 79 79 67 65 64 72 82 76 77 77 82 74 90 101
26 26 26 27 26 26 26 26 26 26 26 26 24 24 24 25 25 26 27 26 25 26 23 26 26 26 26 26 22 23 25 26 27 26 26 26 26 25 25 26 26 25 25 25 26 25 25 25 24 24 25 24 22 22 21 18 18 16 13 15 13 16 41 61 65 76 92 90 78 62 53 53 62 79 70 58 60 65 70 70 67 64 70 65 60 69 76 78 83 80 83 81 82 86 92 90
26 26 26 26 26 25 25 26 26 26 26 26 25 25 26 26 25 27 25 25 24 24 24 24 26 27 27 23 26 26 26 26 26 25 21 27 26 25 25 25 27 25 25 26 26 26 25 25 26 25 25 25 26 26 24 23 22 22 24 22 22 20 15 24 72 103 107 91 81 56 40 40 52 73 64 64 66 71 75 74 72 71 71 71 77 74 72 81 88 89 94 84 81 78 82 85
26 26 26 27 26 26 26 25 26 26 26 26 26 26 25 25 25 25 25 25 25 24 24 24 24 23 26 26 26 23 26 26 26 23 23 26 26 21 26 26 26 25 26 26 26 21 25 26 25 25 25 26 26 26 25 24 24 22 22 22 23 25 22 21 16 19 29 52 57 43 39 39 40 42 45 69 74 66 73 77 86 90 92 89 84 66 63 75 85 81 82 90 85 78 83 86
27 26 25 26 25 26 27 26 25 25 26 26 24 25 25 25 24 24 25 26 25 25 24 24 24 24 23 26 26 26 26 26 26 26 25 26 22 23 20 27 26 25 25 21 26 25 25 26 26 26 26 27 27 25 26 28 23 23 23 22 22 23 21 22 22 21 17 32 28 46 49 43 38 40 39 44 64 68 76 83 92 97 96 103 122 94 86 100 86 76 86 89 86 87 100 102
27 26 25 27 25 26 27 26 26 26 26 26 26 25 25 24 26 26 26 25 27 24 26 24 24 23 24 26 26 24 26 25 25 25 25 25 26 26 27 27 26 26 25 25 26 26 26 26 25 26 26 25 27 27 25 30 25 24 23 23 23 22 22 22 23 23 22 32 38 22 39 44 46 48 41 48 58 57 58 51 49 69 86 86 86 87 107 100 79 71 80 83 83 89 90 91
26 26 25 25 25 24 25 26 26 25 24 26 26 25 25 25 26 24 24 24 25 24 25 25 25 25 24 27 25 27 27 27 26 27 26 27 27 27 27 27 25 26 26 26 26 26 26 26 26 26 26 26 26 26 23 25 25 24 24 23 22 22 23 23 24 23 22 27 24 13 8 29 53 56 63 58 44 44 58 71 65 69 83 80 80 82 89 76 73 78 72 77 75 82 77 78
25 25 25 25 25 25 26 26 26 26 26 26 26 25 25 25 25 24 25 25 26 25 25 25 24 25 27 25 25 27 27 27 27 27 27 26 26 27 26 26 26 25 26 26 26 26 26 26 26 26 26 26 26 27 25 25 25 26 25 25 24 22 22 24 24 24 23 22 18 20 16 9 25 25 79 100 71 67 95 96 80 75 84 77 74 79 76 73 68 77 75 76 73 77 84 83
27 25 26 26 26 27 27 26 26 25 25 25 25 24 25 25 25 25 25 25 25 25 25 24 26 26 25 24 26 27 27 25 26 26 25 25 27 27 27 26 26 26 26 26 26 26 26 25 26 26 27 26 30 27 27 26 27 27 25 25 25 24 24 24 23 23 21 18 17 17 16 14 11 29 15 52 89 89 98 101 86 78 80 69 75 91 94 86 81 93 96 79 69 73 76 84
25 25 25 26 26 26 26 26 26 26 26 25 26 26 25 25 25 25 25 25 25 26 25 28 28 24 25 26 27 26 27 26 26 26 26 25 25 26 26 27 27 27 26 27 28 26 25 26 26 27 23 26 26 25 25 27 27 26 25 25 25 26 25 25 24 23 20 19 19 18 18 16 16 22 17 4 16 66 81 76 76 67 66 67 71 74 80 67 77 96 96 78 72 77 66 70
26 27 26 25 26 26 25 26 25 26 26 26 26 26 25 25 26 26 25 25 26 26 24 24 24 24 26 26 27 26 26 26 27 27 27 26 27 27 26 26 27 26 26 25 27 26 26 26 27 26 27 27 26 25 26 26 27 25 26 26 25 27 27 25 24 20 20 20 19 18 19 18 23 18 16 22 19 12 23 44 62 61 57 57 59 60 71 74 76 70 93 110 82 75 69 68
26 26 27 26 26 26 25 26 26 26 26 25 25 25 25 26 26 26 26 25 26 25 24 24 26 26 26 25 26 26 26 27 27 26 27 27 27 27 26 25 26 26 26 26 26 26 27 26 25 28 26 25 26 26 27 25 26 25 25 26 25 26 27 25 26 20 23 20 20 20 20 20 19 29 22 21 21 23 19 9 35 67 69 57 58 59 68 78 83 75 107 141 101 94 108 85
27 26 26 26 26 25 25 26 26 26 25 25 25 25 26 26 25 25 25 25 25 26 26 25 26 26 27 26 26 26 27 28 27 26 27 27 27 27 26 25 25 26 25 26 26 26 26 26 27 26 26 26 26 27 26 25 25 27 26 25 26 26 24 26 26 25 21 20 21 21 21 20 19 24 18 21 22 21 21 21 14 25 45 48 61 58 55 71 77 76 77 81 82 104 142 130
27 27 27 26 26 27 27 26 26 26 26 25 25 25 25 25 25 25 25 25 25 25 25 24 24 27 26 26 26 26 26 27 27 27 27 27 27 27 26 26 26 25 26 26 25 26 26 26 26 27 27 27 24 26 26 26 26 26 27 26 26 26 26 24 24 24 23 21 20 20 20 19 21 26 22 19 22 23 22 21 21 15 12 34 60 69 64 60 50 57 71 72 76 120 121 122
27 27 26 26 26 26 27 27 25 26 26 25 25 25 25 25 25 25 25 25 25 24 24 25 27 27 26 26 26 28 27 26 26 27 27 26 26 31 26 26 21 26 26 26 26 26 25 26 27 27 26 27 26 27 27 27 26 27 27 27 25 26 25 25 25 24 24 24 20 22 21 20 21 19 19 20 20 20 22 23 17 23 17 9 58 79 62 49 42 44 57 55 110 162 123 92
26 27 26 27 28 26 26 26 26 27 25 25 25 25 26 25 25 25 24 26 24 28 26 27 27 26 26 26 26 31 27 25 26 26 26 26 25 26 27 26 26 26 26 26 26 27 27 27 26 26 27 25 27 27 27 26 27 27 27 26 25 26 26 26 25 24 26 26 24 24 25 21 20 19 21 20 20 21 20 23 24 21 21 17 11 40 52 53 52 50 47 47 52 73 64 80
28 27 26 27 27 27 27 25 25 25 25 25 25 25 25 25 25 25 25 25 24 28 26 27 27 26 26 26 26 29 26 26 26 26 26 26 26 26 27 27 27 27 26 26 26 26 27 26 26 26 26 27 26 26 27 27 27 27 27 26 25 26 25 25 25 26 27 25 24 24 25 26 24 24 25 24 21 20 22 23 23 23 22 15 20 7 32 48 53 50 49 48 45 49 59 55
26 26 26 26 26 26 28 24 25 25 25 25 25 25 26 25 25 24 24 24 27 27 24 27 27 26 26 26 27 26 25 29 24 26 27 28 26 26 26 27 26 26 26 26 26 26 26 26 27 26 25 26 26 26 26 26 27 27 26 26 27 26 26 25 26 25 26 26 27 25 21 25 24 25 25 25 25 26 19 24 24 24 19 18 22 21 4 23 46 48 51 48 46 46 55 59
27 27 26 26 26 26 24 25 25 24 24 25 24 24 25 25 24 25 24 24 24 27 27 26 27 27 27 26 26 25 26 26 26 26 26 26 28 26 26 26 26 26 26 26 27 27 26 27 26 26 26 27 26 27 27 27 27 27 26 27 27 27 27 25 25 27 27 26 26 26 21 27 27 24 25 25 25 25 26 25 23 23 24 21 20 17 12 15 21 40 44 49 50 42 46 49
28 26 26 26 26 26 25 25 25 24 24 25 24 24 25 25 25 24 24 26 26 28 28 27 27 26 26 26 28 27 27 26 26 26 27 28 28 26 26 26 25 26 26 26 26 26 26 26 26 26 26 26 25 26 27 27 27 25 28 27 27 26 26 25 26 27 26 26 26 27 22 26 22 25 26 25 25 25 25 26 21 21 23 24 21 20 18 24 18 13 35 48 49 46 47 43
28 26 25 27 26 26 24 25 24 24 24 24 24 24 24 25 25 25 24 25 28 28 28 27 27 27 27 27 27 26 26 26 26 26 26 26 26 27 26 27 28 26 27 26 26 26 26 26 26 26 26 26 26 26 26 26 27 27 27 27 27 26 26 28 27 26 26 26 25 26 27 26 26 26 26 24 27 27 26 26 25 25 20 21 23 23 20 19 22 19 10 36 46 50 47 46
28 26 25 25 26 24 24 24 24 24 24 24 24 25 25 24 24 25 25 28 28 27 28 28 27 27 27 27 27 27 27 26 26 26 26 26 26 26 26 26 27 26 26 26 27 27 27 26 26 26 26 26 27 27 26 26 26 27 27 27 27 27 27 27 27 26 27 27 26 26 28 27 27 21 26 26 25 27 26 26 25 24 25 20 21 21 23 25 27 17 10 9 31 54 58 65
28 25 24 26 24 24 24 24 24 24 24 25 24 24 24 24 25 25 28 28 28 27 27 28 27 26 27 28 25 24 27 28 27 26 26 26 26 27 27 26 26 27 26 27 28 28 27 27 26 26 26 26 26 26 26 26 25 26 26 26 27 27 26 26 26 28 27 27 27 26 26 26 27 26 28 26 25 26 27 27 27 28 25 23 21 20 19 24 25 27 18 22 7 27 51 61
28 25 24 24 25 24 24 25 25 24 23 24 24 24 24 24 24 29 27 28 28 27 28 28 28 27 27 27 27 27 27 26 26 26 27 26 26 26 27 26 26 27 27 26 26 26 27 26 26 27 27 27 26 26 27 26 26 27 27 26 26 26 26 26 26 26 27 26 26 28 26 28 28 26 26 26 28 26 28 28 27 27 26 27 20 20 20 25 24 25 27 26 23 14 26 45
27 27 32 24 24 24 24 24 24 24 23 23 24 24 23 23 29 30 29 27 27 28 27 27 27 27 27 27 27 27 28 27 27 26 26 27 26 26 27 26 26 26 27 27 26 26 26 27 26 27 27 26 27 27 27 27 27 26 27 27 28 28 28 27 26 27 28 27 28 27 27 28 28 27 27 27 26 26 26 28 29 27 27 22 21 20 20 21 21 26 24 24 27 24 13 20
26 26 26 28 23 23 23 23 23 24 24 24 24 24 23 24 24 28 29 30 28 27 28 29 27 29 28 27 26 27 27 27 27 27 27 28 27 27 28 28 26 28 27 26 27 27 27 26 27 27 27 26 27 27 27 27 27 27 26 27 28 28 28 27 28 27 27 28 28 28 27 27 26 27 27 26 26 27 28 28 29 26 26 21 20 21 27 28 28 27 25 23 25 26 24 16
23 24 24 24 23 23 23 23 23 23 24 23 23 23 23 24 29 27 28 28 28 29 28 28 27 28 29 28 27 28 28 27 27 27 28 27 28 27 27 27 27 26 28 27 27 27 27 26 27 27 27 26 27 27 27 27 27 27 26 27 27 27 26 26 26 27 27 27 27 29 28 27 27 27 26 27 26 27 26 27 27 27 27 28 20 21 27 27 28 29 27 27 24 25 27 26
24 24 24 23 23 24 24 23 23 23 23 23 24 23 23 30 29 28 28 27 27 27 27 28 27 29 27 27 27 28 27 27 27 28 28 27 27 28 27 27 28 26 26 26 27 27 28 27 27 27 28 27 28 28 28 27 27 26 27 27 28 27 27 27 27 27 29 28 27 26 26 26 28 27 27 28 28 26 26 29 30 28 28 28 27 27 21 27 28 27 21 25 25 27 26 24
24 24 23 24 24 24 24 24 23 23 22 24 24 24 24 31 30 30 29 28 28 27 28 27 27 28 28 27 28 27 27 27 27 28 28 28 28 28 27 27 27 27 26 27 28 28 28 28 28 27 27 27 27 28 27 28 27 27 28 28 28 26 26 28 27 28 29 28 28 28 29 28 27 29 30 30 29 28 29 29 22 22 22 21 30 27 22 23 27 29 22 21 24 24 24 23
23 24 24 24 24 23 23 23 23 23 23 23 23 28 28 30 32 29 28 28 28 28 27 27 28 28 28 27 27 27 27 28 28 27 27 28 28 28 27 27 26 27 28 28 28 28 27 27 27 27 28 28 28 27 28 27 28 28 29 29 27 27 26 28 28 28 28 29 27 27 28 29 29 27 28 29 30 28 29 29 29 30 21 31 31 28 24 29 30 26 28 27 21 23 25 22
24 23 24 24 23 24 24 23 23 23 24 24 23 28 28 28 31 28 28 28 29 29 29 27 27 28 29 28 27 28 28 28 28 28 27 27 26 28 28 28 27 26 28 28 28 28 28 28 28 28 28 28 28 27 28 28 28 27 28 28 28 28 28 27 28 28 27 27 27 28 28 29 29 29 30 28 28 27 27 28 29 31 30 32 30 29 30 30 30 28 27 26 25 25 24 23
23 24 23 23 24 24 24 23 23 23 24 24 24 28 28 28 32 32 29 28 28 29 27 27 28 28 27 28 29 28 27 27 28 28 27 28 28 28 28 27 27 29 27 27 29 28 28 28 28 27 27 28 27 28 27 27 28 26 28 28 28 28 28 27 27 28 28 28 29 28 29 28 28 28 30 29 28 28 27 30 29 29 30 31 29 29 30 30 28 28 29 28 22 25 26 21
24 24 24 23 24 24 24 24 24 24 24 25 24 29 27 26 27 33 31 29 29 29 28 27 27 28 28 28 28 28 28 28 28 29 28 27 28 27 28 29 28 28 28 28 27 29 28 28 28 28 28 27 28 27 28 28 28 28 28 28 29 29 28 28 28 29 29 28 29 29 29 29 29 28 28 29 28 29 28 28 22 22 22 22 22 29 30 28 28 28 28 29 27 27 27 21
23 23 24 24 23 24 24 24 24 24 24 23 29 29 27 27 28 30 28 28 29 28 29 27 27 27 27 27 28 29 28 28 28 28 29 28 28 28 28 27 28 27 27 28 29 29 28 28 28 28 28 28 29 29 30 28 28 27 28 29 29 27 28 28 27 28 28 29 29 29 29 29 29 30 30 29 27 29 31 31 30 31 22 29 32 30 29 29 29 29 29 29 30 28 26 25
24 24 24 24 23 24 24 24 24 24 23 24 27 31 30 28 29 28 28 29 29 29 28 28 29 27 27 27 28 27 28 28 28 28 28 28 28 28 28 27 27 28 27 29 28 28 28 28 28 28 28 28 28 28 29 29 29 29 28 27 28 29 29 29 29 29 29 29 30 29 30 29 29 29 31 30 30 30 29 28 27 27 30 30 30 30 29 31 29 29 29 29 28 30 28 22
24 24 24 24 24 23 24 24 24 24 24 24 24 24 31 29 28 27 28 28 29 28 29 28 29 28 28 28 28 28 28 28 29 29 28 28 28 28 28 27 27 29 27 28 28 29 28 28 28 28 28 28 28 28 28 29 30 29 29 28 28 30 29 29 29 29 30 30 30 29 29 29 30 31 30 29 29 28 29 29 29 29 31 29 28 30 30 30 29 28 28 28 27 28 28 28
