examples/data/proba_v_italy_sicily/probav_s10_toc_x19y03_20140621_333m_ndvi_v001.txt
ncols         1127
nrows         589
xllcorner     12.348214285714
yllcorner     36.598214285714
cellsize      0.0029761904761905
NODATA_value  -9999
[rows 357 to 407 of 589, columns 576 to 671 of 1127]
98 97 101 96 96 79 75 94 94 100 92 78 73 72 75 83 76 82 108 75 97 121 102 73 69 62 67 80 91 94 98 107 86 85 92 94 102 101 98 102 95 96 104 103 89 87 77 85 92 104 109 110 121 106 109 115 105 109 98 104 97 95 90 83 77 75 91 99 91 84 77 78 86 84 89 103 124 123 114 122 122 113 117 113 101 101 101 105 105 98 121 151 158 141 105 102
117 121 82 77 91 81 61 67 81 87 91 87 66 65 71 78 88 79 92 76 91 108 76 82 81 73 75 79 88 93 94 104 85 86 98 97 94 87 97 103 97 97 99 101 96 95 96 93 97 113 122 122 121 97 103 113 109 109 96 96 94 91 83 79 74 65 74 87 95 87 72 81 91 89 92 85 81 85 100 106 112 101 95 96 88 92 103 109 102 105 131 156 134 109 105 95
90 98 85 81 78 63 54 53 66 77 71 69 68 78 92 98 102 96 90 84 74 77 86 96 89 96 88 79 86 97 104 103 94 96 94 89 91 92 92 95 97 95 90 85 83 85 93 98 101 116 119 91 110 111 112 103 96 98 93 93 94 90 83 79 72 65 65 69 83 104 100 105 100 88 91 89 92 91 95 96 108 97 84 80 83 82 81 101 131 111 104 115 111 102 111 115
94 95 99 102 98 74 60 65 65 70 77 88 74 70 85 88 92 91 103 97 84 85 85 82 79 73 71 79 86 106 116 105 91 91 103 103 98 103 95 81 81 73 77 93 92 92 97 105 113 107 97 88 90 87 83 94 93 83 86 88 86 93 96 89 80 82 81 86 92 96 123 131 113 96 88 86 88 92 93 81 92 95 87 80 78 78 85 93 120 114 104 122 124 119 125 114
95 77 82 93 94 91 70 67 80 89 75 77 82 79 104 94 104 108 111 101 91 95 91 94 97 81 75 83 90 105 124 118 101 103 118 101 85 91 84 80 75 70 77 86 99 101 96 95 111 103 88 92 87 78 81 100 100 84 92 115 95 84 92 100 107 127 127 113 113 106 109 119 125 99 79 89 92 90 93 90 85 92 83 78 81 94 100 95 108 94 95 128 127 96 87 100
92 83 90 103 91 86 90 74 74 84 72 73 93 93 104 93 98 100 101 105 111 104 112 120 123 115 82 82 93 94 102 116 123 109 111 100 90 89 85 83 77 79 91 92 95 109 106 99 106 96 91 93 92 85 88 104 113 89 90 121 110 110 115 118 120 131 134 140 147 138 118 116 123 88 77 97 116 115 91 86 93 90 77 71 80 92 82 79 96 106 108 105 93 92 87 98
93 100 108 110 88 75 82 85 68 76 77 82 91 100 87 83 113 111 108 103 101 117 123 116 114 114 91 95 107 100 98 114 141 128 103 95 94 88 92 100 100 96 90 100 103 107 109 104 93 84 93 101 83 80 86 88 99 84 85 112 138 152 155 139 139 135 126 114 108 106 106 118 137 116 89 89 102 95 89 86 88 91 88 78 81 72 63 96 114 113 108 110 110 109 107 110
91 95 93 102 97 75 80 94 86 77 91 91 88 104 105 88 100 119 102 96 97 101 114 106 80 80 95 124 127 105 109 122 126 116 124 110 92 95 96 96 104 111 99 96 117 116 115 121 94 78 74 89 75 74 84 79 85 93 89 98 125 134 129 133 129 137 125 100 96 104 101 105 113 124 109 82 83 83 84 76 70 75 88 88 81 77 81 85 91 98 116 135 122 106 126 154
84 85 95 102 115 104 98 97 104 92 100 83 82 98 106 90 91 102 98 93 121 140 125 98 87 99 101 93 107 128 123 102 111 109 112 110 90 90 102 113 116 128 115 111 107 98 109 118 104 87 73 87 99 78 95 97 79 78 98 110 112 135 118 124 137 151 128 108 99 114 123 119 91 90 116 93 78 83 81 72 69 74 81 80 78 96 111 100 101 100 100 118 122 100 131 174
94 91 97 112 117 115 99 92 116 116 106 92 85 95 92 81 86 107 108 89 82 95 110 106 91 96 83 74 92 118 130 126 123 123 140 135 102 103 106 111 102 112 110 102 99 97 101 106 107 87 73 86 93 76 91 106 80 64 81 95 124 162 154 149 143 143 121 110 94 87 101 117 121 96 81 85 80 82 80 74 84 90 88 92 91 94 93 83 85 106 114 116 109 99 109 152
90 88 93 94 87 101 104 87 101 105 93 89 88 90 84 86 95 93 93 94 90 98 106 109 92 95 107 106 104 105 118 111 103 140 167 155 118 105 111 112 104 103 96 75 76 89 102 88 98 92 81 84 86 87 81 80 69 68 89 122 140 156 152 149 139 130 108 105 107 75 78 103 114 108 98 85 88 97 90 86 85 84 84 78 74 72 74 80 85 95 117 115 87 76 80 100
94 111 120 116 123 103 100 97 101 106 102 77 77 74 68 71 82 86 85 88 108 115 109 112 102 108 123 114 109 97 84 70 70 117 114 105 115 116 120 103 94 86 81 73 81 84 85 77 90 97 89 81 100 114 80 69 62 67 80 105 115 120 115 115 129 112 99 101 104 88 69 77 102 103 105 112 107 99 92 95 94 87 90 81 70 72 72 72 76 77 97 127 129 121 137 128
97 107 113 118 118 92 91 102 98 103 104 79 73 71 69 79 87 85 84 89 98 110 96 96 106 86 80 89 94 91 80 74 74 95 99 99 105 84 90 92 84 78 77 86 98 90 87 82 88 107 86 81 86 95 105 91 73 73 72 81 94 101 96 85 85 92 87 76 73 75 70 74 105 111 108 115 104 100 106 98 90 89 87 88 74 67 73 68 66 83 107 148 170 168 169 169
121 99 92 89 83 82 91 106 117 95 86 84 69 68 77 76 70 83 91 90 110 124 108 92 109 107 72 64 79 86 84 90 101 86 89 81 77 81 101 88 87 95 94 94 102 98 90 88 92 94 91 88 88 96 99 88 82 87 87 87 96 111 107 90 87 84 80 79 81 68 73 88 116 122 122 127 105 95 102 109 113 111 108 104 95 91 95 84 77 82 93 136 144 156 161 159
85 81 82 83 81 81 73 75 81 75 80 85 70 73 89 83 75 84 93 80 89 115 118 113 97 93 97 80 82 93 96 104 123 120 85 80 72 101 103 74 82 96 102 110 105 92 86 98 100 94 89 84 88 88 82 78 87 99 95 96 97 98 93 92 102 89 81 89 97 105 97 93 119 129 114 102 97 86 86 91 104 136 120 108 97 96 91 86 89 77 92 139 144 148 159 152
120 113 99 83 82 80 68 63 65 66 77 77 80 94 85 76 71 80 90 79 65 77 104 121 109 85 109 100 75 79 90 95 85 101 105 80 74 93 97 88 99 96 97 100 102 98 78 79 96 89 87 85 82 81 77 73 93 92 86 95 95 93 103 128 128 125 130 117 86 97 132 116 104 116 96 101 104 88 72 68 69 95 86 81 89 87 91 89 94 92 102 135 144 140 147 156
125 92 93 81 74 70 71 68 66 67 71 68 75 94 97 82 69 75 94 117 111 114 112 112 121 98 90 89 96 98 108 125 111 83 80 69 68 74 85 81 97 107 113 118 121 93 76 71 80 76 76 76 83 80 90 96 98 97 94 89 78 78 80 102 129 129 115 115 104 94 130 120 103 102 83 88 104 93 84 79 71 78 81 78 86 84 91 93 98 111 121 131 141 149 151 150
100 68 62 64 69 66 71 71 66 68 73 70 80 93 82 68 63 78 87 110 117 132 134 112 102 102 103 97 90 81 118 142 129 102 96 93 74 74 73 72 86 113 115 90 88 84 82 84 103 85 69 57 82 97 93 104 98 107 86 85 82 88 87 85 118 138 124 122 116 110 116 107 113 99 92 89 102 111 93 83 79 83 88 83 80 81 87 92 79 86 117 133 144 149 133 109
80 75 66 64 84 80 73 78 68 65 67 73 91 99 73 75 91 116 106 98 94 99 118 115 108 106 106 112 95 93 122 142 127 95 89 106 80 68 70 78 98 114 105 81 85 98 86 84 83 62 73 80 93 98 93 96 97 98 86 89 93 97 100 90 112 140 124 95 88 108 120 107 106 110 100 107 110 115 99 88 95 85 83 82 84 90 90 89 77 67 79 123 143 128 108 99
82 69 61 64 82 110 102 97 74 62 60 67 74 81 80 86 96 106 105 96 95 90 95 104 102 96 94 101 81 87 108 103 94 95 88 109 100 66 81 109 107 87 87 85 84 85 69 57 59 66 87 98 101 108 101 80 77 90 106 107 101 89 100 100 103 128 142 114 106 143 157 135 128 154 127 118 128 143 131 112 123 111 117 101 95 108 98 86 80 78 64 71 88 105 110 106
95 80 71 67 68 76 81 71 64 63 63 72 69 70 75 77 80 91 101 93 101 115 97 98 101 91 95 90 91 109 107 101 91 100 91 88 87 73 103 115 96 89 94 87 90 81 90 86 101 99 92 80 79 99 89 81 83 87 100 84 100 116 118 103 118 130 130 113 106 134 143 139 104 111 127 139 141 139 131 126 102 92 85 79 83 88 84 74 74 82 76 64 73 98 116 115
94 100 88 73 66 66 72 86 67 62 71 80 74 69 81 88 74 80 98 86 67 101 115 120 137 111 80 61 73 95 96 94 94 94 77 78 79 85 108 96 98 106 101 78 69 79 108 108 97 87 87 85 83 99 92 91 92 86 83 81 85 92 102 111 141 170 155 100 83 116 131 137 89 88 136 166 158 141 128 123 117 99 82 74 76 82 88 83 72 76 87 88 81 102 110 92
87 79 88 90 83 73 61 62 68 73 66 68 75 77 88 92 88 93 91 93 89 104 113 119 129 97 90 89 100 109 95 91 82 85 95 91 87 83 93 96 104 86 75 62 71 90 95 100 107 102 97 98 92 97 106 93 80 89 94 82 81 89 110 138 160 171 169 149 129 142 132 120 106 70 77 118 120 104 100 102 100 90 79 81 77 74 77 84 67 70 86 109 98 97 99 87
92 86 105 121 102 98 94 85 81 84 77 71 74 73 78 85 99 89 71 73 83 94 103 91 90 86 75 89 99 81 93 109 99 91 103 95 84 74 68 84 88 82 96 90 90 93 96 107 113 109 110 115 115 101 101 91 83 85 85 81 76 94 135 139 156 157 158 149 139 122 119 127 140 121 88 93 93 87 102 111 102 90 80 82 85 81 70 74 70 75 76 101 107 101 101 107
104 107 104 118 140 132 123 107 99 110 99 87 98 90 79 81 97 102 87 95 94 86 99 93 77 83 83 90 98 104 98 97 95 96 95 89 95 77 71 81 77 78 100 92 88 95 84 82 86 88 95 107 115 106 92 95 94 88 76 82 78 77 103 141 150 128 110 118 133 126 133 145 148 150 143 149 142 112 123 135 123 116 124 122 131 135 104 87 83 73 74 100 115 112 114 135
129 124 91 80 96 109 89 105 136 120 89 85 100 102 90 67 80 124 119 130 113 90 101 105 102 94 90 79 71 76 85 86 86 90 94 98 103 93 83 83 81 86 95 96 91 83 77 75 73 87 104 104 109 105 92 80 85 93 96 96 93 73 73 95 99 89 92 103 122 142 147 153 146 137 137 152 186 175 127 124 118 123 148 142 138 160 133 99 93 82 82 109 121 105 96 131
136 149 104 76 75 96 125 124 123 107 93 88 81 63 68 59 67 102 101 90 77 73 77 93 126 126 95 88 86 83 68 69 72 76 96 99 90 90 83 82 86 88 99 105 87 80 82 82 83 95 110 94 97 109 106 87 73 92 86 77 94 89 78 80 87 84 93 101 122 144 139 134 136 125 115 122 176 203 156 145 145 143 152 146 145 167 174 158 132 121 118 117 122 118 105 120
165 164 135 124 121 95 110 116 94 95 102 82 71 74 87 90 89 105 103 91 83 77 86 96 92 81 67 89 92 86 75 74 78 82 81 82 88 95 105 106 101 88 95 87 71 73 79 91 101 97 99 102 104 105 102 89 76 82 78 86 100 89 77 78 77 79 86 91 88 126 131 109 97 90 94 102 125 174 197 150 128 134 145 149 126 119 114 103 113 128 129 119 126 111 117 123
151 148 114 116 135 120 121 116 107 118 110 81 63 69 84 90 90 90 91 118 101 79 80 83 81 76 74 80 101 103 101 103 102 94 85 83 87 101 107 109 107 97 79 64 65 71 73 83 99 95 85 93 104 108 101 99 85 78 85 87 77 89 91 80 70 80 80 77 75 91 113 105 98 99 103 94 82 103 165 173 150 131 110 103 89 78 76 74 83 116 128 123 112 111 108 118
162 140 109 88 106 132 149 134 118 107 99 91 81 91 92 94 95 98 84 85 89 85 79 80 85 77 88 93 89 97 101 96 90 89 82 88 91 92 86 98 115 117 85 65 67 74 75 79 94 87 81 92 111 123 96 87 95 92 84 76 80 87 90 91 82 77 80 86 87 90 92 84 83 96 104 108 91 88 137 190 169 135 93 75 77 79 78 74 83 109 120 115 97 84 88 110
151 127 113 95 97 115 113 122 132 131 107 87 87 101 91 93 98 112 114 102 102 90 85 82 92 89 88 92 77 82 91 88 82 87 90 98 89 71 67 76 102 109 77 73 78 80 75 90 99 93 93 103 110 101 94 83 80 83 92 82 81 90 94 82 72 64 69 86 93 99 93 80 79 85 91 95 89 88 73 79 125 144 116 81 74 83 80 80 100 109 111 110 107 94 103 115
88 78 98 102 108 126 125 96 116 125 94 79 83 94 103 110 109 95 102 98 95 91 92 96 100 87 79 75 76 75 76 96 103 97 95 92 89 83 71 71 96 116 82 77 85 89 84 103 108 104 108 90 83 87 88 78 79 84 91 75 75 97 96 82 74 75 72 76 84 92 100 86 83 88 102 111 92 17 0 47 88 127 119 85 73 78 78 80 101 117 120 109 95 110 111 103
73 76 98 103 85 81 88 85 90 86 83 78 86 95 116 114 87 73 70 70 72 71 82 83 81 80 79 76 75 70 73 99 124 117 103 86 84 89 76 73 80 118 117 97 101 117 109 111 116 114 98 88 79 79 82 82 80 98 103 78 82 92 90 89 87 83 83 86 90 90 100 94 85 83 82 72 9 21 63 73 81 110 95 71 73 84 82 74 78 99 112 103 98 114 99 85
77 92 121 130 99 88 88 94 86 100 104 98 103 98 86 77 77 77 72 68 70 77 83 81 78 82 82 81 78 73 78 102 118 110 90 82 73 75 79 77 76 91 118 122 130 115 105 104 118 105 84 81 83 83 84 88 89 97 94 79 78 82 90 89 86 80 70 75 83 77 86 95 91 86 85 76 74 102 117 84 67 77 75 66 74 80 82 72 77 75 79 88 92 94 80 87
86 130 141 114 98 90 84 90 99 108 110 100 88 74 89 93 88 84 78 81 84 87 88 82 77 80 81 80 81 74 82 107 111 93 91 87 81 71 88 98 96 93 105 104 128 102 94 88 93 84 77 80 75 75 84 91 101 96 85 81 79 71 74 76 74 73 69 86 101 89 85 85 86 93 93 96 89 93 95 81 70 71 69 74 73 73 74 75 76 74 68 74 85 79 86 104
92 127 126 108 98 89 96 99 107 112 106 78 76 86 95 84 95 111 87 87 93 88 91 94 79 89 96 84 92 88 85 92 92 88 90 90 106 104 102 114 118 105 81 98 118 103 83 81 83 76 68 73 68 67 83 96 91 91 90 78 77 73 68 66 64 67 80 93 94 84 76 79 74 70 87 83 74 83 85 81 79 82 83 73 74 76 77 81 76 78 76 74 89 96 90 112
105 92 83 79 79 89 118 94 69 75 101 84 76 75 63 59 74 90 95 78 89 94 78 75 70 79 90 78 82 100 98 88 88 87 83 83 100 111 93 94 116 115 86 84 99 118 88 83 79 66 78 90 78 71 82 87 71 73 77 76 80 86 72 63 62 72 87 86 75 74 72 71 67 62 83 90 73 74 78 75 73 76 76 76 72 75 77 85 79 72 74 65 65 76 95 86
77 76 88 85 69 69 76 73 67 60 74 111 118 91 74 87 96 96 99 88 115 134 102 76 76 80 91 90 78 84 101 88 76 82 89 98 102 88 82 97 116 103 83 80 83 101 99 87 79 71 76 74 66 72 83 86 82 70 67 72 80 84 75 63 68 72 79 89 69 62 64 72 77 69 74 84 71 75 77 71 73 74 73 73 74 70 71 73 85 68 62 62 63 65 74 85
76 83 104 99 66 60 67 70 75 71 63 71 77 79 85 102 100 88 121 137 132 135 131 123 124 109 94 82 78 89 112 108 81 82 96 105 98 89 81 89 99 85 83 86 73 70 111 108 78 73 69 63 59 60 81 103 100 74 60 64 74 75 65 59 63 70 73 80 84 70 67 78 84 82 74 87 72 71 77 75 77 75 68 72 68 65 62 59 63 67 61 63 66 69 69 86
93 81 84 84 68 62 60 72 84 82 69 65 68 92 95 93 102 97 114 116 106 99 96 112 144 128 116 96 103 133 140 141 122 119 116 112 91 86 80 89 85 79 87 80 74 79 113 112 86 82 73 59 62 68 80 102 109 73 59 63 68 76 64 63 63 66 74 76 77 72 67 80 82 82 72 75 82 82 84 76 71 73 72 69 66 75 70 62 60 66 73 65 61 68 74 79
87 78 73 83 86 69 64 77 87 79 74 86 98 104 90 86 94 102 101 92 101 107 104 109 125 130 135 129 129 142 142 147 164 153 131 117 112 102 98 102 88 94 101 94 108 116 118 109 83 76 75 71 79 88 83 68 67 66 66 64 64 69 71 77 78 68 66 72 73 75 75 72 74 71 69 61 67 82 98 78 66 68 64 59 60 65 66 59 59 65 75 72 64 76 97 77
80 76 76 82 87 73 70 78 81 72 75 91 98 85 84 78 87 107 105 93 92 97 89 88 104 117 123 123 129 123 133 162 146 103 92 104 114 114 98 100 92 95 108 110 106 91 95 80 72 69 80 80 78 87 78 69 72 66 67 70 73 65 63 69 79 78 75 81 87 88 84 75 81 74 69 58 57 62 80 70 62 59 59 60 60 59 57 58 63 65 64 61 69 69 71 66
83 85 85 80 82 73 72 68 71 78 82 82 74 73 80 85 93 94 92 91 83 79 75 79 98 110 111 107 111 115 134 181 131 96 75 72 79 76 78 93 87 86 84 79 74 79 89 77 70 72 76 88 87 90 73 65 70 70 70 76 71 63 65 75 71 65 62 76 91 89 82 73 85 85 78 66 61 74 90 90 70 65 61 60 62 58 44 54 68 70 74 62 66 73 65 59
84 96 90 83 89 86 76 66 62 67 80 80 67 74 84 92 87 89 87 82 77 75 78 91 112 118 109 102 97 88 71 39 51 76 81 80 68 70 77 81 77 77 78 78 77 73 83 93 83 79 72 78 91 80 70 66 65 73 66 61 62 60 68 73 67 61 66 71 78 73 71 73 73 74 77 80 70 68 79 92 75 75 76 65 58 54 55 66 72 66 78 80 73 73 77 62
81 79 70 79 89 100 96 76 67 68 72 76 69 78 93 93 78 77 74 70 75 75 86 89 92 107 108 99 105 91 38 10 59 73 80 92 91 87 81 74 75 73 66 67 72 64 69 103 98 75 74 72 77 79 71 71 74 74 71 69 67 66 71 67 63 67 72 70 74 76 71 72 67 62 65 70 71 61 54 72 81 85 90 69 59 56 63 71 70 67 69 68 70 72 72 61
91 87 79 86 83 86 85 75 73 78 67 59 58 75 95 86 73 80 77 69 74 83 100 88 85 93 81 81 91 84 77 68 66 71 64 66 73 84 79 73 77 71 67 66 65 64 61 70 79 68 83 81 76 87 87 79 76 72 73 70 71 72 74 75 66 75 75 75 74 63 67 68 68 71 74 73 77 74 67 67 66 69 93 88 69 57 66 71 72 67 63 59 78 75 61 68
88 90 95 94 84 80 85 78 62 76 86 70 63 65 79 96 80 77 72 70 69 73 92 89 87 76 61 57 62 72 84 77 63 71 71 67 72 81 81 80 79 74 71 69 72 81 81 69 86 82 79 78 72 76 81 80 67 65 67 66 67 71 80 84 73 71 69 67 75 70 67 81 80 72 59 65 74 71 72 66 64 65 76 121 100 68 66 73 74 63 56 57 79 69 67 68
86 85 91 89 81 74 70 71 62 72 72 66 72 74 71 102 96 73 70 69 69 74 74 67 71 71 68 66 64 75 82 71 64 63 65 70 74 72 76 74 69 68 69 79 79 76 71 73 81 81 75 73 73 77 79 82 76 60 63 62 65 70 73 82 73 72 71 64 72 84 89 92 81 64 58 69 78 68 62 55 64 81 70 78 105 73 58 62 66 62 51 45 49 60 73 67
93 90 87 90 76 60 61 64 60 71 68 65 71 78 68 84 107 75 72 70 69 75 74 70 69 75 72 70 70 69 65 65 75 66 61 69 72 77 81 76 69 69 74 73 81 82 80 73 70 73 76 72 76 81 76 79 86 72 72 75 70 73 71 75 81 90 96 76 73 78 83 88 78 70 68 69 72 71 66 61 60 65 71 63 81 82 59 56 57 60 59 56 60 59 69 64
100 98 92 91 83 69 68 79 72 65 80 94 83 78 79 79 99 78 69 69 72 75 71 68 65 69 70 78 79 70 64 67 74 72 68 69 71 76 73 62 66 72 75 70 73 72 70 68 69 75 79 74 74 74 77 80 76 67 75 73 72 78 80 85 90 85 77 69 70 77 80 83 79 67 66 84 89 76 66 59 54 56 56 53 75 84 56 58 58 69 74 66 66 58 63 63
93 87 80 82 81 77 102 129 104 106 136 144 105 77 82 82 91 80 71 72 54 58 67 75 67 70 80 83 74 59 59 66 71 72 69 67 63 60 65 66 67 70 64 61 64 68 69 62 58 56 66 73 70 66 70 89 85 72 68 68 63 67 73 70 73 68 62 68 64 68 81 86 85 74 71 103 127 103 74 59 56 52 56 57 77 77 55 64 70 79 82 76 70 64 57 58
