examples/data/proba_v_italy_sicily/probav_s10_toc_x19y03_20150221_333m_ndvi_v001.txt
ncols         1127
nrows         589
xllcorner     12.348214285714
yllcorner     36.598214285714
cellsize      0.0029761904761905
NODATA_value  -9999
[rows 350 to 399 of 589, columns 672 to 767 of 1127]
165 154 125 97 77 76 70 84 24 24 191 206 208 170 173 162 132 112 104 117 138 158 162 166 175 184 170 180 174 164 190 198 187 185 185 199 183 145 122 85 91 93 30 77 104 129 152 171 195 176 196 189 179 201 215 209 196 211 228 229 190 174 174 183 219 213 194 181 178 153 159 169 156 159 153 149 125 129 152 164 167 162 146 150 151 186 205 203 194 170 151 151 155 170 197 193
151 167 109 109 111 126 142 156 174 164 176 195 205 191 196 183 131 122 141 143 146 170 189 189 193 192 183 188 186 182 200 196 188 181 180 194 216 196 139 102 108 153 140 131 140 185 202 210 210 200 191 200 209 212 224 202 184 181 206 201 192 198 186 180 191 180 176 169 169 152 150 161 154 153 160 161 142 137 158 157 171 170 148 146 166 194 201 197 209 207 185 169 163 173 201 215
142 147 137 125 130 126 112 121 164 174 176 182 195 141 107 141 151 177 181 169 187 206 208 195 185 181 201 202 189 180 174 177 180 184 178 193 217 146 125 214 233 133 109 136 178 185 183 199 190 188 195 202 221 223 212 169 171 184 199 206 189 192 202 173 162 134 142 168 165 152 149 149 157 151 164 172 155 142 143 138 146 158 156 150 193 200 201 193 209 220 199 173 163 170 194 206
152 168 155 125 101 90 89 137 161 160 175 182 151 110 100 135 145 166 177 158 177 202 194 193 186 171 184 190 182 168 166 178 185 205 176 134 151 173 173 180 210 206 116 119 172 198 211 212 194 195 206 207 211 212 211 180 165 188 190 206 211 200 201 175 154 153 150 137 135 139 117 133 172 181 181 182 157 153 168 162 170 165 176 187 201 182 166 172 205 198 194 158 159 180 201 209
183 172 142 122 133 133 124 170 169 157 153 161 164 155 140 131 142 156 153 149 171 175 170 196 187 184 206 193 162 168 176 182 174 182 185 163 148 173 190 193 142 129 139 150 187 200 208 213 170 194 189 195 230 222 206 202 213 223 214 210 193 162 148 157 154 147 144 154 161 176 157 133 125 155 166 166 173 193 196 171 169 178 182 177 181 154 179 189 203 207 216 204 185 181 204 209
165 156 134 106 108 116 111 148 168 161 146 147 170 188 169 142 141 163 177 177 168 194 192 185 185 176 192 161 148 164 153 159 180 165 146 148 139 174 210 118 80 59 75 138 209 204 200 205 189 199 196 202 216 212 223 239 250 215 199 204 175 154 155 154 166 171 160 164 169 177 169 168 157 160 164 143 161 189 177 167 177 157 197 207 191 180 188 212 206 175 186 196 200 207 213 210
146 145 146 137 137 122 87 110 109 172 178 165 164 164 150 132 168 184 173 164 157 170 178 174 192 197 203 179 170 170 116 138 182 164 163 183 164 182 185 128 22 29 66 109 196 195 190 196 214 218 212 201 206 212 205 202 234 222 176 172 160 165 157 157 176 162 133 143 149 136 117 150 156 138 149 145 135 148 195 197 200 198 192 211 173 185 185 182 170 173 192 189 181 199 207 186
154 140 144 102 99 134 105 107 114 96 94 104 95 143 146 137 187 208 201 199 187 175 176 197 201 199 203 201 192 193 184 191 195 188 190 188 170 186 165 88 79 28 67 111 180 223 198 175 187 207 217 194 189 202 204 213 213 204 192 175 182 178 130 155 185 160 143 130 152 129 133 149 158 147 168 188 205 194 195 199 224 223 228 228 183 183 179 180 171 175 197 194 175 186 198 170
169 155 160 154 160 168 98 151 147 164 156 75 26 145 146 184 203 181 183 191 200 183 169 195 197 169 177 200 194 186 187 190 197 191 181 175 159 167 176 133 98 68 75 87 136 181 175 176 187 188 195 173 173 168 175 195 226 235 244 230 212 203 154 160 166 152 173 168 157 127 121 165 181 187 207 203 212 216 204 201 202 220 226 223 194 188 196 194 192 178 199 207 185 192 212 223
169 133 124 125 114 105 85 151 149 173 87 188 141 127 140 158 170 156 169 167 166 166 162 178 185 159 116 130 180 164 161 172 184 188 185 178 179 185 185 171 134 96 135 142 99 146 170 162 165 166 150 156 168 181 174 183 208 205 222 228 228 215 160 160 129 126 182 212 191 142 145 192 195 185 201 196 188 202 195 192 191 201 196 182 182 198 208 213 214 207 208 228 213 195 214 225
148 197 233 105 144 106 229 145 146 188 96 112 77 75 150 162 138 102 147 170 169 163 147 167 158 119 97 111 163 168 173 170 171 178 182 173 164 167 179 191 180 166 185 156 123 131 172 156 153 147 155 157 161 181 163 157 153 158 185 183 158 140 155 209 180 164 152 185 193 178 166 178 183 189 212 208 193 195 194 197 200 207 198 186 198 211 210 214 213 221 226 230 226 209 214 226
172 123 99 113 104 250 250 250 204 194 179 141 97 93 142 156 166 163 172 178 186 202 204 193 176 177 175 173 183 180 184 175 162 167 161 156 159 164 172 143 145 157 163 183 160 138 149 159 150 160 178 167 154 157 139 132 129 147 164 145 142 152 148 169 188 179 158 176 165 168 174 163 170 163 173 186 180 175 195 195 178 172 162 162 188 197 201 198 203 203 215 216 227 239 241 241
171 200 176 152 142 250 167 159 250 232 250 250 207 170 142 146 182 198 197 198 202 195 192 196 203 204 198 205 200 192 202 199 196 188 165 172 179 184 185 147 145 167 158 192 206 181 166 145 133 141 154 166 153 136 141 119 119 111 125 135 148 147 144 158 188 188 175 189 171 156 172 163 141 136 159 191 197 197 197 196 188 180 183 168 173 182 197 215 228 228 223 228 234 245 249 246
195 233 250 225 200 169 151 122 118 250 250 250 250 211 190 157 166 202 223 181 177 180 180 184 201 203 197 207 195 186 194 203 193 185 186 174 170 184 174 152 154 164 154 182 209 166 151 165 153 140 136 136 124 129 141 124 133 121 135 158 145 142 152 162 183 183 152 158 174 160 154 175 164 148 155 185 180 185 200 199 191 183 192 198 189 197 202 222 233 223 214 226 243 250 250 241
248 250 167 236 204 193 168 119 102 97 196 250 247 225 203 172 194 236 223 194 181 180 182 181 201 203 204 210 214 210 202 193 178 166 181 186 184 177 184 191 172 186 196 182 184 176 160 151 149 149 136 130 119 128 128 126 136 136 127 138 130 125 141 142 152 167 160 158 166 177 180 179 186 167 150 175 187 177 181 191 193 183 189 205 212 216 217 230 236 226 225 237 235 244 249 239
250 250 250 240 204 172 177 163 142 107 72 186 163 180 222 199 213 218 214 208 196 191 198 209 213 208 197 195 214 234 233 205 191 184 168 168 187 199 214 204 174 176 163 153 146 168 181 142 132 130 127 131 126 132 120 140 154 138 139 142 149 143 152 170 159 161 170 169 160 180 182 175 184 185 165 168 171 171 182 164 186 199 188 187 194 214 222 229 234 237 246 246 238 235 230 245
232 213 250 247 208 124 119 186 179 174 29 93 57 58 138 196 185 196 196 188 200 212 210 199 201 210 209 203 206 205 199 210 203 198 171 144 185 203 212 199 190 177 163 153 151 146 145 153 155 135 122 122 134 144 134 146 169 137 154 157 165 147 157 184 181 167 151 148 152 168 176 176 179 200 192 167 167 170 179 166 184 215 216 188 194 226 240 237 227 229 242 245 241 234 227 233
172 162 150 215 138 104 107 202 189 180 164 126 130 133 87 178 190 201 210 202 207 207 210 196 212 217 220 201 195 202 198 205 199 177 173 187 205 223 215 212 190 167 191 171 137 138 154 162 140 140 137 124 159 144 121 144 146 140 142 156 178 167 139 155 160 148 145 158 173 171 168 170 162 182 198 177 167 174 159 185 206 201 196 204 219 236 234 227 220 218 239 243 238 234 238 239
106 100 112 131 65 68 125 111 106 113 171 146 147 111 127 178 203 193 191 197 203 210 209 209 216 219 221 215 206 209 186 159 176 171 159 194 213 222 214 202 192 162 165 145 148 158 178 185 166 171 164 152 140 111 109 131 159 137 134 164 182 171 147 128 131 140 154 168 173 172 167 171 157 155 165 163 151 115 120 164 191 199 210 225 235 230 226 222 220 215 232 231 233 232 234 227
112 99 130 97 73 49 30 28 150 129 127 181 194 195 202 198 198 202 206 202 208 212 206 204 199 206 217 218 214 207 191 179 178 176 183 189 210 222 218 190 178 164 149 143 155 165 195 193 161 133 158 169 152 125 136 149 138 163 157 175 200 195 183 150 151 170 175 176 163 151 155 139 137 129 136 148 150 139 170 208 208 198 194 227 226 220 232 227 220 219 226 220 226 238 227 224
226 209 205 194 123 134 145 176 163 185 188 193 198 189 180 177 184 203 214 209 204 197 195 192 182 184 191 205 198 177 173 182 181 175 182 194 204 174 176 172 154 158 145 162 168 172 174 154 168 164 159 186 195 194 174 175 159 166 146 155 196 190 195 189 176 206 217 215 195 185 163 130 136 152 147 130 141 193 226 205 208 202 203 216 212 219 233 225 210 219 222 220 226 223 207 209
189 197 196 184 147 127 134 158 156 140 164 187 166 160 169 178 190 201 210 205 189 178 178 174 177 178 178 188 171 174 177 169 185 188 182 188 184 158 146 161 157 166 147 143 169 197 198 181 181 192 200 195 184 181 153 159 161 157 167 170 200 191 170 173 171 198 207 224 239 231 227 212 183 183 179 156 163 210 219 222 226 227 227 223 218 215 231 240 223 213 220 220 225 216 199 210
193 190 192 194 154 119 141 154 142 161 173 189 173 172 174 188 182 170 161 147 158 166 175 188 191 183 177 165 134 147 183 196 193 189 176 175 183 183 162 164 153 154 155 154 181 196 192 183 161 168 167 176 172 167 147 156 169 173 165 171 184 192 190 185 170 184 184 172 171 186 182 176 190 215 218 211 218 233 231 224 216 214 216 217 223 218 218 225 212 220 207 211 206 197 180 189
192 189 188 169 156 150 161 159 154 168 183 178 157 180 190 215 219 188 166 163 172 196 195 189 167 154 136 110 124 160 174 183 189 187 179 154 150 170 199 163 151 183 172 162 193 166 164 178 174 164 160 176 175 167 132 93 86 134 187 218 198 172 152 164 179 159 165 165 158 183 182 167 181 209 215 220 224 230 231 216 194 183 212 218 209 250 234 217 219 222 205 187 194 202 180 191
171 182 192 174 161 158 159 154 135 140 170 170 170 196 197 192 191 183 190 214 206 198 190 177 167 163 159 141 128 156 175 173 185 169 156 171 181 171 200 162 129 171 185 171 187 180 179 172 166 175 178 189 207 195 102 71 80 152 176 183 187 184 160 147 166 160 170 187 185 189 199 191 179 177 152 165 209 189 192 220 205 184 186 199 212 232 205 205 198 218 201 194 168 196 200 199
159 172 178 180 144 124 123 131 121 137 164 182 204 210 206 178 152 157 204 223 209 182 176 172 192 170 145 130 122 127 124 131 150 143 142 163 180 166 159 163 156 176 191 189 191 171 173 166 165 192 194 179 189 214 175 110 87 107 113 192 113 163 140 131 150 162 175 180 196 171 161 199 187 124 126 178 217 219 223 227 211 205 169 169 211 230 224 218 199 196 189 191 195 197 202 207
173 189 191 154 142 149 160 166 183 180 178 196 207 196 174 177 201 192 170 180 203 183 157 163 171 161 129 109 123 128 128 127 136 149 154 160 164 145 135 151 176 184 196 188 185 176 180 183 194 216 213 196 182 173 169 162 155 136 92 78 95 120 129 130 140 143 156 171 198 159 154 148 179 153 140 166 175 205 233 241 226 207 199 208 214 225 237 229 213 213 205 195 188 186 200 201
180 188 205 194 192 189 181 204 214 199 195 208 199 180 160 170 175 137 144 168 161 138 145 164 143 132 134 125 128 146 154 145 143 153 158 155 171 182 174 154 174 200 217 192 169 159 152 184 190 180 185 184 172 165 167 174 170 160 105 89 116 132 110 124 160 166 156 149 163 178 186 185 196 204 200 201 214 211 211 226 212 198 187 226 207 193 215 216 201 213 208 192 182 176 174 187
139 165 186 182 194 207 191 196 190 200 180 131 134 159 178 209 172 125 142 150 123 133 153 155 141 131 150 168 143 127 156 157 149 159 158 165 186 167 167 162 181 211 213 178 150 165 162 148 142 167 172 172 36 34 85 88 94 147 86 85 120 142 89 131 147 138 162 184 171 174 184 178 178 201 218 224 228 208 189 211 206 192 188 209 214 197 202 181 174 198 199 164 148 143 143 151
117 143 166 172 174 195 201 192 174 168 173 175 180 196 216 192 148 151 198 201 135 130 149 160 153 138 153 168 170 153 157 165 143 145 173 187 184 163 172 206 206 199 187 180 169 181 159 113 115 149 159 165 152 37 37 36 90 117 102 69 81 94 125 141 150 133 152 186 178 171 181 184 187 207 215 225 216 202 202 211 201 198 187 201 200 184 184 167 166 178 169 158 153 155 146 121
147 161 186 160 162 193 205 192 172 174 184 185 174 205 215 222 227 197 191 209 172 159 161 156 152 150 143 152 164 148 146 148 125 129 171 199 199 197 204 211 198 197 179 167 158 144 158 145 157 193 159 131 38 150 145 38 133 134 107 97 68 111 164 157 173 160 159 147 166 166 177 182 180 192 179 193 199 187 193 192 224 189 179 180 170 164 160 159 152 157 144 145 152 141 142 127
200 174 184 179 193 208 221 223 204 179 182 194 187 195 207 195 187 170 171 192 191 181 174 166 151 150 146 140 129 140 121 124 140 146 173 196 204 206 200 202 186 179 173 157 152 138 140 168 162 191 167 138 36 36 141 112 123 104 98 107 111 92 136 158 150 156 169 158 152 179 181 182 178 183 196 164 165 168 171 163 167 180 162 150 158 159 167 154 144 157 151 146 149 152 138 126
220 208 196 187 188 194 188 197 213 189 177 179 187 179 200 208 177 172 181 182 182 174 176 172 153 154 157 151 140 140 139 131 122 109 112 192 203 186 34 32 32 185 194 174 154 155 143 175 161 141 147 154 146 158 169 133 108 107 111 119 127 155 161 90 104 157 167 153 161 181 172 167 172 184 161 164 164 159 160 172 182 203 186 173 161 161 166 161 154 159 153 166 171 146 146 130
206 192 183 189 184 206 201 190 190 176 180 187 186 185 186 168 146 152 181 180 178 167 153 166 169 158 156 172 158 145 147 127 81 148 172 192 171 155 167 181 203 216 184 158 138 145 166 180 170 154 154 153 153 154 138 109 105 121 119 144 149 125 71 34 35 141 149 142 133 140 165 167 150 132 147 149 144 157 156 166 183 185 175 150 150 155 171 177 170 186 177 163 159 153 171 142
195 192 192 182 171 189 204 200 190 187 191 189 192 191 181 172 159 163 161 153 153 151 136 144 152 144 139 174 149 134 166 120 116 147 169 173 41 42 164 174 183 200 163 126 132 140 151 160 154 144 145 153 151 146 177 131 132 158 146 164 155 75 89 107 110 162 159 149 154 149 163 156 148 142 153 161 157 161 163 160 155 157 135 140 150 149 160 171 175 187 186 179 177 154 131 118
182 182 181 173 164 173 197 221 210 193 190 168 160 161 156 165 167 159 151 145 137 142 159 166 164 173 157 157 149 155 81 175 61 29 169 143 151 171 169 167 178 181 148 139 152 130 138 155 143 122 127 146 146 146 142 140 136 150 162 170 162 135 134 161 166 157 152 173 180 173 154 152 154 173 156 146 144 157 179 162 160 146 128 155 169 134 125 139 159 173 171 167 181 163 127 121
170 157 155 177 175 179 188 184 185 176 173 171 154 156 165 179 167 150 149 150 162 169 161 160 153 174 178 168 172 161 89 31 90 142 132 137 153 161 143 155 169 177 170 158 181 178 104 172 148 154 160 38 36 37 38 104 104 122 120 137 153 161 162 156 167 169 154 173 184 169 171 172 157 156 141 126 132 150 185 169 136 129 111 127 159 143 134 155 155 145 166 157 156 165 160 156
152 116 94 169 192 185 164 163 178 168 166 183 174 143 158 179 174 151 147 159 170 175 162 164 164 156 200 185 146 152 148 134 129 129 134 149 171 166 159 155 160 143 144 166 185 185 122 157 116 38 37 36 35 35 128 95 73 39 39 84 148 154 160 176 165 172 172 156 160 158 159 162 154 155 157 157 147 144 147 160 135 121 123 128 140 158 148 144 143 136 158 186 173 166 157 149
136 84 84 170 188 163 151 167 174 154 158 168 167 154 156 157 150 143 142 151 159 161 162 172 180 182 199 192 162 164 161 147 141 126 128 133 132 109 102 97 113 143 180 177 158 157 117 91 82 39 37 35 35 36 104 36 36 35 134 150 166 162 175 177 183 183 192 173 164 165 159 159 152 150 167 160 133 127 143 154 146 141 137 147 143 171 189 173 184 169 153 144 145 147 150 139
121 0 59 148 148 140 141 144 142 138 138 141 135 136 140 141 146 143 151 159 164 153 153 171 195 197 172 170 163 128 134 163 164 127 133 132 91 31 33 35 145 184 186 181 168 161 155 147 148 108 37 35 35 36 37 88 103 166 187 188 173 172 182 184 166 163 158 160 184 198 186 157 157 164 167 165 135 117 147 162 158 150 128 151 151 150 179 185 192 200 182 172 151 150 140 146
108 0 101 138 138 144 143 136 126 112 119 124 119 121 143 133 149 166 172 173 181 176 162 173 180 179 186 193 166 134 164 181 187 175 101 116 86 31 33 36 100 178 192 194 178 156 151 136 118 109 38 36 185 143 126 86 122 165 144 170 182 169 176 177 176 173 157 170 188 211 198 180 173 171 167 151 159 154 184 184 150 140 140 152 174 154 164 185 166 168 180 161 162 167 179 163
148 179 148 122 136 145 135 122 114 114 112 119 137 142 138 126 141 157 158 162 176 186 172 175 178 180 178 153 150 169 183 168 163 166 131 151 155 113 93 115 137 168 175 169 174 161 144 144 149 131 107 123 161 149 139 133 147 154 138 167 183 179 193 199 192 193 183 188 192 202 195 179 176 180 186 160 147 169 195 166 137 144 148 151 173 172 155 166 176 177 175 179 187 167 165 159
150 171 131 120 120 126 129 117 113 123 127 134 129 122 132 145 143 162 177 159 146 158 170 183 177 180 172 152 156 172 143 130 135 144 131 148 158 108 139 183 185 157 142 134 162 170 155 147 155 149 151 150 141 223 154 151 126 179 170 167 183 183 193 182 177 197 180 166 182 194 214 193 168 180 198 186 151 156 141 122 141 161 155 154 175 175 150 152 171 184 199 185 150 131 176 156
170 138 143 138 117 102 137 144 121 128 129 139 124 124 142 149 159 199 214 199 169 184 181 178 162 138 150 151 142 161 174 147 133 140 159 153 134 148 149 174 169 189 204 182 166 154 157 167 155 174 163 153 151 177 168 158 155 149 171 160 190 194 183 179 174 181 169 182 183 188 211 194 166 180 195 178 166 171 168 145 143 187 181 160 159 178 191 174 177 184 146 130 132 171 167 166
149 119 132 148 137 124 139 153 125 132 148 146 130 143 161 154 168 177 178 190 179 192 172 156 165 178 196 175 164 129 137 176 177 137 136 138 132 108 103 150 155 187 191 182 172 128 250 199 158 162 162 155 162 182 150 103 110 153 169 168 184 174 167 171 188 165 170 192 190 205 213 189 162 168 202 194 156 161 175 166 163 185 165 148 152 163 176 165 142 148 129 143 150 152 180 178
164 144 141 139 134 138 153 157 133 131 135 123 129 152 178 184 194 178 135 135 132 134 140 152 166 157 179 160 160 179 161 168 174 159 156 173 166 139 159 189 154 150 136 192 204 185 168 140 132 177 170 163 168 183 171 153 144 169 191 177 173 181 172 184 201 178 177 188 185 187 195 182 173 178 191 182 166 168 172 170 175 171 161 178 183 171 145 151 169 143 160 164 148 137 151 154
171 150 151 160 176 171 162 157 148 131 122 144 176 175 189 194 183 157 136 145 125 145 144 164 186 190 136 161 126 145 147 189 205 189 160 203 182 140 156 171 176 169 167 187 197 115 114 91 71 176 187 179 179 35 37 36 189 133 194 164 160 168 160 158 172 171 163 167 190 197 181 179 175 202 198 201 179 187 182 166 178 196 177 177 186 168 167 180 178 188 197 159 163 195 192 180
183 176 172 190 201 172 142 141 149 166 156 181 193 174 160 166 157 139 144 171 156 155 159 144 143 159 139 145 146 148 149 153 161 192 182 172 159 177 180 182 166 122 113 121 99 161 186 85 187 36 209 195 110 206 35 102 127 130 164 164 161 158 177 169 147 161 149 174 190 180 180 170 165 196 215 225 198 160 214 223 199 197 200 187 181 168 170 184 182 183 216 172 187 215 195 189
220 207 182 176 171 150 142 169 178 182 166 177 182 155 143 153 132 115 128 144 149 146 156 156 155 163 156 154 153 146 132 136 147 165 166 195 160 190 156 171 162 80 100 144 165 162 162 99 210 94 157 222 105 147 137 162 174 169 162 148 147 157 197 160 129 142 157 192 194 153 167 185 183 211 217 224 217 144 164 215 194 184 198 198 195 186 171 183 210 220 213 203 218 213 185 159
204 191 185 178 179 183 159 168 192 189 168 158 166 168 168 175 150 129 141 158 168 169 159 159 151 147 133 123 116 116 151 157 132 150 197 190 168 164 192 136 156 98 105 82 87 171 185 187 184 160 116 200 84 137 150 162 165 154 143 131 136 169 194 173 131 150 179 201 222 192 154 173 206 207 210 224 242 200 143 181 200 183 195 201 190 190 175 188 197 210 200 185 197 189 184 182
