examples/data/proba_v_italy_sicily/probav_s10_toc_x19y03_20150621_333m_ndvi_v001.txt
ncols         1127
nrows         589
xllcorner     12.348214285714
yllcorner     36.598214285714
cellsize      0.0029761904761905
NODATA_value  -9999
[rows 0 to 50 of 589, columns 288 to 383 of 1127]
27 27 27 28 27 27 26 27 27 27 27 27 28 28 28 28 27 28 28 28 27 26 27 27 27 28 28 28 28 27 27 27 27 28 28 27 27 28 28 27 27 28 28 35 28 28 28 28 29 29 29 28 28 28 28 28 29 28 28 28 28 29 29 28 29 28 28 29 29 29 29 29 28 94 29 28 28 29 30 33 29 29 29 29 29 29 30 37 31 37 30 29 29 30 37 37
27 27 27 27 27 27 27 27 27 27 27 27 27 27 28 27 28 27 28 27 27 27 27 28 28 28 28 27 28 27 28 27 27 27 27 28 28 28 27 27 28 28 28 27 27 27 28 28 28 33 27 27 27 28 28 28 28 28 27 28 28 28 28 28 28 29 29 28 28 29 29 29 29 29 64 29 30 30 29 29 28 29 30 29 29 29 29 29 29 29 29 29 30 30 31 29
27 27 27 28 27 28 27 26 27 28 27 27 27 28 28 27 28 28 27 27 27 27 28 28 27 27 27 27 27 28 28 28 27 27 27 27 27 27 27 28 35 28 28 27 27 27 27 28 28 28 27 28 28 28 27 28 28 28 28 28 27 28 28 28 28 28 29 28 28 29 28 28 28 29 29 29 30 30 30 29 29 29 29 29 29 30 29 29 30 30 29 29 30 29 29 30
27 26 27 28 27 27 27 27 27 27 27 27 27 27 27 27 27 27 27 27 27 28 28 27 27 28 27 27 27 28 27 27 27 27 28 28 28 26 27 27 28 27 39 28 27 28 28 28 27 28 28 28 28 27 28 28 28 27 28 28 28 28 28 28 29 28 28 28 28 28 28 28 28 28 29 29 28 29 29 29 28 28 29 28 29 30 30 38 30 29 28 29 30 30 29 29
27 26 27 27 28 27 27 28 27 27 28 27 28 27 27 27 27 27 27 27 27 27 27 27 27 28 28 28 27 27 27 27 28 27 27 27 27 27 28 28 27 27 28 28 27 56 28 27 27 27 28 28 28 28 27 28 28 28 27 28 28 27 28 28 27 28 29 28 28 28 28 27 28 29 29 40 29 29 29 28 28 29 29 28 28 29 42 29 29 29 29 29 29 30 29 29
27 27 27 27 27 26 27 27 27 27 27 27 27 28 27 27 27 27 28 27 27 27 27 27 28 28 28 28 27 27 27 28 27 27 27 28 27 27 28 27 27 27 28 27 28 28 28 28 27 27 28 28 27 27 28 27 27 27 28 28 29 28 28 28 28 29 28 28 28 29 28 28 29 29 28 40 29 29 29 28 29 28 28 28 29 29 29 29 29 30 30 29 29 29 29 29
27 27 27 28 27 26 27 27 27 27 27 27 27 27 28 26 26 27 27 27 27 27 27 27 27 27 27 27 27 27 27 27 27 28 28 27 27 27 28 27 47 27 27 29 29 28 28 27 27 28 28 28 28 28 28 27 27 28 27 28 29 28 28 28 28 29 29 28 28 28 28 28 28 29 28 28 28 29 29 28 28 28 29 29 28 29 29 29 29 29 29 29 29 29 29 37
27 27 28 28 28 27 27 27 27 27 28 27 27 27 27 27 27 27 27 27 27 27 27 27 27 27 27 28 27 27 26 27 28 28 27 27 27 28 27 27 28 28 28 28 28 28 27 27 28 28 27 27 28 27 27 27 28 28 28 28 28 28 28 28 28 28 28 28 28 28 28 28 28 29 28 28 29 29 37 28 28 29 29 29 29 29 29 30 29 29 29 29 29 29 29 29
27 27 27 27 28 27 28 27 27 27 27 28 27 27 27 27 26 27 27 28 28 27 27 27 28 28 27 27 28 27 27 28 28 44 27 26 26 28 27 27 28 58 27 27 28 28 27 27 28 28 27 27 27 26 27 27 27 28 28 28 28 28 27 28 27 28 27 27 28 28 28 28 29 28 28 28 28 28 28 28 28 29 29 28 28 28 29 29 29 29 29 29 30 29 29 29
28 28 27 27 28 27 27 27 27 27 27 27 27 27 27 27 27 27 27 28 27 27 27 27 26 27 27 27 28 28 27 27 28 27 27 27 27 27 27 27 28 47 27 28 28 27 28 28 28 28 28 27 28 27 27 28 28 27 27 27 27 27 27 27 27 28 28 28 31 28 28 28 28 28 28 47 28 28 28 27 28 29 29 28 28 28 28 29 30 29 28 29 29 28 29 29
27 28 28 27 27 27 28 27 27 27 26 27 27 27 27 27 27 28 28 28 28 27 27 28 27 27 28 28 27 27 27 27 28 28 27 27 28 27 28 28 28 28 27 28 28 28 28 28 27 27 28 28 28 27 27 28 28 28 27 28 27 27 27 27 28 28 51 28 28 29 28 27 27 28 27 28 28 28 28 28 28 29 28 28 28 28 28 38 28 29 28 28 29 29 28 29
27 27 28 27 27 27 27 26 26 27 28 28 27 27 27 27 27 27 28 27 27 27 27 28 28 27 27 27 27 27 28 28 28 27 27 27 27 27 27 27 27 28 28 27 27 28 27 27 28 27 28 28 28 28 28 27 27 28 28 27 28 28 28 27 27 53 28 28 27 28 28 28 28 28 27 28 28 28 28 28 29 28 28 28 28 28 28 28 29 29 29 28 29 29 29 29
27 27 27 27 28 27 27 27 27 27 27 27 27 27 27 27 27 27 27 27 28 28 27 27 28 27 27 27 27 28 27 26 27 27 27 27 28 28 28 27 27 28 27 27 27 27 27 27 28 27 27 27 28 28 27 27 27 28 28 27 27 27 27 27 28 27 27 28 27 43 27 28 28 28 28 28 27 28 29 29 28 28 28 29 28 28 28 28 28 28 29 29 28 28 45 29
28 27 27 28 27 27 27 27 27 27 26 27 27 27 27 27 27 27 28 28 28 28 28 28 28 27 27 27 27 27 27 27 27 28 28 28 27 27 28 28 28 28 27 28 28 27 27 28 28 27 28 28 27 28 28 28 27 27 27 28 28 28 27 27 28 28 27 27 27 27 27 28 28 28 28 28 27 27 28 29 28 28 28 28 28 28 28 29 28 28 28 28 55 29 29 29
27 27 27 27 27 27 27 27 27 27 27 27 27 28 27 27 27 27 28 28 28 27 27 27 27 28 39 28 27 27 27 28 27 28 27 27 28 28 27 27 28 27 27 28 28 28 28 27 27 27 28 28 28 27 27 28 28 28 27 27 28 28 28 27 28 27 28 28 27 27 35 28 28 28 27 31 28 28 28 64 29 28 28 29 28 28 27 28 28 28 28 47 29 29 28 29
27 26 26 26 26 26 26 26 27 27 27 27 28 27 27 27 28 28 27 27 27 27 27 28 28 27 27 27 26 27 27 27 27 28 27 27 27 28 27 28 28 27 28 28 28 27 27 28 28 27 28 28 28 28 28 28 28 28 28 28 61 38 28 27 27 27 44 28 27 28 28 28 28 28 28 28 28 33 28 27 29 28 29 28 28 28 27 28 28 28 28 28 28 28 28 29
27 27 27 27 27 27 27 27 27 27 27 28 28 28 27 26 27 28 27 27 27 27 28 28 28 27 26 27 27 27 28 28 27 27 28 27 27 27 27 27 27 28 28 28 28 27 28 27 28 28 28 28 27 28 28 29 28 28 28 57 28 28 28 28 28 28 28 28 29 28 28 28 28 44 28 28 42 28 28 38 27 28 28 29 29 28 27 28 28 28 29 29 28 28 29 29
27 27 27 27 27 27 27 27 27 27 27 27 27 28 27 27 28 27 27 27 27 27 27 27 27 26 27 28 27 53 28 27 27 27 27 27 27 27 27 27 27 27 28 28 27 27 28 28 28 28 27 28 28 28 28 28 28 27 28 28 40 27 28 28 28 28 28 28 28 28 57 28 29 29 29 28 28 28 28 28 46 28 27 28 28 28 28 28 28 28 28 28 27 28 28 29
28 27 26 26 27 27 27 27 27 27 26 27 27 27 27 27 28 28 28 27 27 27 27 27 28 27 27 27 27 27 27 27 27 27 28 27 27 27 27 28 28 27 28 27 28 28 28 28 28 28 28 28 28 28 28 28 27 28 27 28 42 28 28 28 28 27 27 28 64 28 28 28 28 28 28 28 28 28 28 29 58 28 28 27 27 28 28 28 28 28 28 28 28 28 28 28
28 27 26 26 27 27 27 27 27 27 27 26 27 28 28 27 28 27 28 27 27 27 27 27 27 27 27 26 26 27 27 27 27 28 27 27 28 27 27 27 28 27 28 28 28 28 28 28 28 28 28 28 28 28 28 28 28 28 27 27 27 27 28 29 29 27 28 60 29 28 28 28 28 28 28 28 28 28 29 28 28 28 28 28 28 28 28 28 28 28 28 28 28 29 28 28
27 27 27 28 27 26 27 28 28 27 27 28 28 26 27 27 27 27 27 27 27 27 26 27 27 27 27 26 26 27 27 27 26 27 49 40 27 27 27 28 28 28 28 28 27 28 28 28 28 27 29 29 28 28 28 28 28 28 28 27 28 28 28 58 28 28 28 28 28 28 28 28 27 28 28 28 28 29 29 59 28 28 29 28 28 28 28 28 28 28 28 28 28 28 28 29
27 27 27 27 26 27 28 28 27 27 27 27 28 27 27 27 28 27 27 26 26 26 26 26 27 26 26 26 26 27 27 27 27 27 27 27 27 27 27 27 27 27 27 27 28 28 27 28 27 27 28 29 29 28 28 27 28 28 28 28 28 28 48 27 28 28 29 28 28 28 29 28 28 28 28 28 28 28 45 28 28 28 28 29 28 28 28 28 28 28 28 28 28 28 28 28
27 27 28 28 27 28 27 27 27 27 27 27 27 27 27 27 27 27 27 27 27 27 26 27 27 27 26 27 27 27 27 27 27 27 45 27 27 27 27 28 27 27 28 27 27 27 28 28 28 28 28 27 28 28 28 28 28 27 27 28 27 28 51 28 27 28 28 28 28 28 28 28 28 29 28 28 27 28 29 28 28 28 28 29 29 28 28 28 28 28 28 28 28 28 28 28
27 27 28 27 27 27 27 28 28 28 28 27 27 27 27 27 27 27 27 27 27 27 27 27 27 27 27 27 27 27 27 27 28 27 27 26 27 27 27 27 27 27 27 27 27 28 28 27 27 28 28 28 28 28 28 27 28 28 27 27 36 27 27 28 27 27 27 28 28 28 29 29 28 28 28 28 28 56 28 29 28 29 28 28 28 28 28 28 47 28 29 28 29 28 29 28
27 28 27 27 27 27 27 28 28 27 27 27 27 27 27 27 27 27 26 26 26 27 27 27 27 27 26 26 26 26 26 27 27 27 27 27 27 27 27 27 27 27 28 28 27 27 28 28 27 27 27 28 27 28 28 27 27 27 27 27 27 27 28 50 28 28 27 28 28 28 28 27 28 45 37 27 60 28 29 29 28 28 29 28 28 28 28 29 29 28 29 29 28 28 29 29
27 27 27 27 27 28 27 27 27 27 27 27 27 27 27 27 27 27 26 26 27 27 27 27 27 27 27 27 27 27 26 27 27 28 27 27 27 26 26 27 27 27 27 28 28 27 27 28 27 27 28 28 28 28 28 27 27 27 27 27 28 28 27 27 27 28 28 28 28 28 28 27 27 38 28 28 28 28 29 29 29 29 28 28 28 28 28 82 28 28 28 28 28 28 29 29
27 28 27 27 27 27 27 27 27 27 27 27 27 27 26 27 28 27 26 27 27 27 28 27 27 27 27 26 27 26 27 27 27 27 27 27 28 27 27 27 28 28 27 27 27 28 27 28 28 28 29 29 27 28 28 28 27 28 28 28 27 28 28 27 28 28 28 29 28 28 28 28 28 28 28 28 28 28 29 29 28 28 28 29 42 28 28 28 28 28 28 28 29 28 54 29
27 27 27 27 26 26 27 27 27 27 27 27 27 28 28 27 26 26 28 28 27 27 27 27 27 27 27 27 28 27 27 27 27 27 27 27 27 28 28 28 28 27 28 27 27 27 27 27 28 27 27 28 28 28 28 28 28 27 28 27 27 27 27 28 28 27 28 28 28 28 28 28 28 29 29 28 40 28 28 29 29 28 28 28 58 28 28 28 28 28 28 28 28 29 29 28
27 27 27 27 27 26 27 27 28 27 26 26 27 28 28 27 28 28 27 27 27 27 27 27 27 27 27 27 27 27 26 27 27 28 28 27 27 28 28 28 28 28 28 28 28 28 27 27 28 27 28 28 27 27 27 27 27 28 28 27 27 28 28 27 28 28 27 28 28 28 27 28 28 28 28 28 28 28 28 29 29 28 28 76 28 28 28 28 29 29 29 28 29 28 28 28
27 27 27 27 27 26 27 27 27 26 27 27 27 28 27 27 27 28 28 27 27 27 27 27 26 26 27 27 27 27 27 28 27 27 27 27 27 28 28 27 27 27 28 28 28 28 28 27 28 28 27 27 28 27 27 27 27 28 27 28 28 28 28 28 27 28 28 28 28 28 28 28 29 29 29 28 28 28 28 28 28 28 28 63 28 28 28 28 29 29 29 28 29 28 28 28
26 26 27 26 26 27 27 27 28 28 27 27 27 27 27 27 26 26 27 27 26 27 27 26 26 26 26 27 27 27 27 27 27 27 27 27 27 27 28 28 28 27 28 27 27 28 29 28 28 27 27 28 28 28 28 27 27 27 28 28 28 28 28 28 27 28 28 28 28 28 28 28 29 29 29 28 28 28 28 28 29 28 28 52 28 28 28 29 29 29 28 49 28 28 29 28
27 26 27 26 27 27 27 27 27 27 26 26 27 27 27 27 27 27 28 27 27 27 27 27 27 26 27 27 27 27 28 28 27 26 27 28 28 28 27 28 27 27 27 27 27 27 28 28 28 28 28 27 27 28 28 27 27 27 27 28 28 28 27 28 28 28 27 28 28 28 28 28 29 29 28 28 28 28 29 29 29 28 28 28 71 28 28 28 28 28 28 37 28 28 28 29
26 27 27 26 26 27 27 28 27 26 26 27 27 27 26 26 27 27 27 27 27 26 27 27 27 27 27 28 28 27 27 28 28 27 27 27 27 27 27 28 27 27 27 27 27 27 27 27 27 27 27 27 27 28 27 28 27 27 28 28 28 27 27 27 27 28 28 28 28 28 27 27 28 28 28 28 28 28 28 28 28 29 28 28 28 28 36 28 28 27 28 28 28 28 28 28
26 26 26 26 26 26 28 28 27 28 28 27 27 27 27 27 27 27 27 27 27 27 26 27 27 27 26 27 27 26 26 27 28 27 27 27 27 27 28 28 28 27 28 28 28 27 27 27 28 28 27 27 28 28 27 26 26 27 27 27 28 28 28 27 27 28 28 28 28 29 28 28 29 28 28 28 28 28 29 29 28 27 29 28 28 28 29 28 28 28 28 29 29 29 28 28
26 26 26 27 26 26 27 26 26 26 26 26 27 27 27 27 28 27 26 27 27 27 27 27 27 26 26 26 27 28 27 27 27 28 27 27 28 28 27 27 28 28 28 28 27 28 28 28 28 28 28 28 27 27 28 27 27 28 28 28 28 28 28 29 29 28 28 28 28 28 28 28 29 28 28 28 28 28 29 29 29 28 28 28 29 28 28 28 28 28 28 28 28 28 28 28
27 27 26 26 26 26 27 27 27 27 27 26 27 27 26 27 27 26 26 27 27 27 28 27 27 28 27 27 27 27 27 27 27 27 27 28 27 27 27 28 28 28 27 28 28 27 27 27 28 28 28 28 27 27 28 28 27 28 28 28 28 28 28 28 28 27 27 28 28 28 28 28 28 29 29 28 29 28 29 29 29 29 28 28 28 28 40 29 28 28 28 27 28 29 28 28
27 27 27 27 27 27 27 27 28 27 27 28 26 26 27 27 27 27 26 27 28 27 27 26 27 27 26 26 26 27 27 27 27 28 27 28 27 28 27 27 27 28 27 27 27 27 27 27 27 27 28 28 27 27 27 27 27 27 27 28 28 28 27 28 28 28 28 28 28 28 29 29 29 29 28 28 28 29 28 29 29 28 28 28 28 29 28 28 28 28 28 28 28 28 29 28
27 27 27 27 27 27 27 27 27 27 26 28 28 27 27 27 26 28 28 26 27 27 27 26 26 27 27 27 26 27 27 27 27 28 27 28 28 27 28 28 38 28 28 27 28 27 28 28 27 28 27 27 28 27 27 27 27 27 27 27 28 28 28 28 28 28 28 28 28 29 28 28 28 28 28 28 28 28 29 29 29 29 29 29 28 28 28 28 29 29 29 28 28 28 29 28
26 27 26 26 28 27 27 27 27 27 26 27 27 27 27 27 27 27 27 26 28 27 26 27 27 26 26 27 27 27 27 27 27 28 28 28 28 27 28 28 28 28 29 28 28 28 28 28 29 29 28 28 27 27 27 28 28 27 27 27 28 28 28 27 28 28 28 28 28 28 28 28 29 29 28 28 29 29 29 29 28 28 28 29 29 29 29 28 28 29 28 28 28 29 29 29
26 26 26 26 26 27 27 27 26 27 26 26 27 26 27 27 27 27 27 27 26 27 27 27 26 26 26 27 27 28 27 28 27 28 28 28 28 28 28 28 28 28 29 29 28 28 27 28 28 28 27 27 27 27 27 27 27 27 27 27 28 28 28 28 28 27 28 28 28 29 28 28 29 29 28 28 28 29 29 29 28 28 28 28 29 28 28 28 29 29 28 28 29 29 29 28
27 27 27 26 26 27 27 28 26 26 26 27 27 26 26 26 26 27 26 27 26 26 26 27 27 26 26 27 27 26 27 28 27 28 28 28 28 28 28 27 27 28 30 29 28 28 28 28 27 27 27 27 27 27 27 26 27 27 27 27 28 28 28 28 28 28 28 28 28 28 28 28 29 28 29 28 29 29 29 29 28 28 29 29 28 29 29 28 28 29 29 28 29 29 29 29
27 27 27 27 26 26 27 27 27 27 27 27 27 26 27 26 26 26 26 26 26 26 26 26 27 27 26 26 26 26 27 28 27 28 28 28 28 27 28 27 28 29 29 29 29 29 28 27 27 27 27 27 27 27 27 27 27 27 27 27 27 27 27 27 27 28 28 28 28 28 28 29 28 28 28 28 28 29 29 28 28 29 29 29 29 29 29 29 28 28 29 29 28 28 29 29
26 26 26 27 27 26 27 27 27 27 26 27 27 27 28 28 27 28 27 26 27 27 25 26 26 26 26 27 27 27 27 27 28 27 28 28 29 31 28 27 29 29 29 29 28 28 27 27 28 27 28 27 27 27 27 28 28 27 27 27 27 28 27 27 27 28 28 28 28 29 29 28 29 28 28 28 29 29 29 28 28 28 28 28 28 28 28 28 28 28 29 29 28 29 29 29
27 26 27 27 27 27 27 27 27 27 26 26 27 28 27 27 27 27 27 27 27 27 27 27 27 27 28 27 28 27 28 28 27 27 29 127 113 107 109 34 27 29 29 29 28 29 28 28 27 27 27 28 28 27 27 27 27 27 27 28 27 29 28 28 28 28 29 29 29 28 28 28 29 29 28 29 29 28 29 29 28 28 28 29 28 29 29 28 28 28 28 28 29 28 29 29
26 26 27 26 27 27 27 27 27 26 27 27 27 27 26 27 26 27 27 27 26 27 27 28 27 27 27 27 28 44 25 155 127 125 132 139 142 133 112 113 30 29 30 29 29 28 28 28 28 27 27 27 26 26 27 27 27 27 28 28 27 28 28 28 28 27 28 29 29 28 28 29 29 28 27 28 28 29 29 28 28 28 29 29 28 28 29 29 29 28 28 28 28 28 28 28
26 26 26 26 26 26 27 27 27 26 26 26 27 26 26 27 26 26 27 26 26 26 27 28 27 26 28 29 51 26 131 149 150 131 137 138 152 135 117 92 35 28 29 29 29 29 29 28 28 28 27 27 28 27 27 27 27 28 28 27 27 28 28 29 28 28 29 29 29 29 28 29 29 28 28 29 29 28 28 28 28 28 28 28 29 28 28 28 28 28 28 29 29 28 28 29
26 27 26 26 27 27 27 27 27 26 29 26 26 25 26 26 25 26 26 27 28 27 27 28 27 28 29 52 26 144 144 141 125 126 140 141 138 130 114 97 97 28 29 29 30 29 29 29 28 28 28 28 27 28 28 28 28 27 27 27 27 28 55 28 28 28 29 30 29 29 29 29 28 28 28 28 28 28 27 28 29 28 29 29 28 29 29 28 28 28 28 28 28 28 28 28
26 27 26 26 27 27 26 26 25 91 102 120 26 26 26 26 26 26 27 26 27 27 28 27 25 65 51 135 148 155 140 112 113 123 129 128 131 130 122 125 133 111 93 31 29 29 29 29 28 27 28 28 28 28 28 27 28 28 28 28 28 27 28 28 28 28 29 31 30 28 28 28 28 28 29 29 29 28 28 29 29 29 29 29 28 28 29 29 29 29 28 28 28 28 28 29
27 26 27 26 25 26 26 27 27 30 84 77 25 25 26 26 27 27 27 26 27 64 33 28 64 28 97 128 151 159 131 123 116 118 129 131 124 130 129 115 101 78 48 28 30 30 29 29 28 28 28 28 28 28 28 28 28 27 28 28 28 28 29 28 28 28 29 30 29 29 28 29 28 28 29 29 29 28 28 28 28 28 28 29 28 28 28 28 29 28 28 29 28 29 29 29
27 27 27 27 27 26 27 27 28 25 23 26 95 32 26 27 27 28 27 27 28 136 27 27 60 116 127 136 125 111 108 114 113 121 129 128 125 133 117 107 88 36 26 30 29 30 29 28 28 28 28 27 28 28 28 27 27 28 28 29 28 28 29 28 28 29 29 29 29 28 28 28 28 28 29 28 28 28 29 28 28 28 28 29 28 29 28 28 28 29 28 28 28 29 29 29
27 27 26 26 26 26 27 26 28 27 26 26 80 88 100 27 25 28 128 26 85 94 117 25 91 106 120 127 122 110 106 104 108 118 128 132 125 128 123 109 96 67 19 29 30 29 29 29 29 28 28 29 28 28 28 28 28 28 28 28 28 28 28 28 28 29 29 28 28 28 28 28 28 29 29 28 28 28 28 29 28 28 28 29 29 28 28 28 28 29 28 28 28 29 29 29
