examples/data/proba_v_italy_sicily/probav_s10_toc_x19y03_20150501_333m_ndvi_v001.txt
ncols         1127
nrows         589
xllcorner     12.348214285714
yllcorner     36.598214285714
cellsize      0.0029761904761905
NODATA_value  -9999
[rows 376 to 422 of 589, columns 576 to 671 of 1127]
166 176 174 170 178 160 151 162 189 186 161 161 166 167 170 134 107 109 122 119 117 125 131 133 140 139 118 110 110 105 126 154 149 145 111 102 138 115 105 133 151 150 115 103 101 131 172 204 196 184 170 146 134 122 113 141 149 137 131 125 128 121 120 127 128 170 168 144 154 159 175 180 178 180 180 161 153 133 123 142 148 171 197 191 186 186 168 144 151 186 190 177 165 163 174 169
181 182 184 196 212 192 170 188 208 195 154 175 190 185 183 166 127 116 128 138 151 169 140 131 129 156 133 105 103 98 117 131 126 115 112 102 105 127 118 121 134 139 102 117 115 124 159 187 185 168 157 137 113 110 116 142 139 117 132 135 124 123 119 128 150 142 164 153 149 170 185 182 168 166 159 159 151 131 165 180 176 168 195 192 184 190 192 149 135 155 162 159 155 161 170 171
193 196 190 188 202 211 198 174 176 178 174 186 193 187 179 163 153 142 138 144 90 112 127 156 128 118 114 95 132 142 134 130 125 119 133 130 122 167 158 119 114 124 104 151 153 152 153 155 146 142 139 133 114 106 110 132 129 124 139 144 127 125 119 135 155 172 171 139 125 164 189 182 174 148 157 181 177 177 171 168 155 165 163 168 168 140 150 163 140 156 175 174 163 160 167 152
192 204 194 186 190 171 128 140 142 118 122 155 181 189 174 163 179 180 175 154 115 114 119 134 127 126 143 146 142 142 129 128 131 117 126 132 122 167 164 106 94 119 142 155 152 127 141 142 143 142 144 141 139 120 112 124 134 136 147 147 138 141 148 133 113 173 187 171 161 161 173 171 165 160 157 174 171 170 158 151 144 149 156 159 141 112 141 163 145 150 157 165 160 148 160 147
194 169 145 138 137 160 151 171 157 116 143 174 189 185 164 156 170 207 220 204 174 152 144 111 104 107 106 127 148 118 104 127 147 129 118 117 127 172 185 135 120 133 142 144 154 148 140 144 147 145 152 147 155 141 126 123 127 142 139 137 139 149 140 141 156 175 178 176 185 177 183 181 168 166 176 176 166 159 166 163 148 151 181 171 150 136 125 116 130 147 138 163 171 168 161 158
128 115 113 112 112 123 148 157 168 130 124 157 137 145 172 177 166 201 221 215 175 159 154 118 115 131 118 120 122 117 117 128 134 133 135 146 146 158 152 130 118 135 127 143 161 144 144 140 128 128 136 150 165 153 133 133 128 138 129 123 125 148 172 177 180 167 174 180 185 181 187 187 178 175 175 178 175 164 161 168 164 149 167 181 186 185 159 138 142 124 108 156 162 165 159 174
111 110 166 175 165 144 161 190 182 165 167 160 123 122 154 181 161 157 145 143 139 162 140 111 100 115 126 132 121 122 127 121 124 142 149 157 145 135 149 161 144 138 130 138 133 139 137 136 138 143 146 146 155 156 151 147 132 139 148 126 145 156 166 175 170 170 169 157 159 181 184 180 175 166 167 168 181 182 166 158 157 156 172 166 169 191 178 162 139 134 117 145 153 155 145 173
106 111 153 190 188 168 152 145 167 184 186 151 113 97 121 168 182 170 147 136 165 171 128 117 128 126 137 120 95 123 171 166 146 153 167 137 120 138 154 144 149 163 161 147 128 127 134 131 130 136 145 136 135 145 146 137 133 131 142 139 142 155 157 169 176 163 159 153 128 176 175 158 161 158 150 152 183 193 171 169 174 178 168 160 175 201 202 178 159 162 158 154 156 156 152 150
127 133 115 123 142 150 140 124 159 169 169 132 114 116 121 141 161 160 142 135 145 158 140 115 128 121 95 99 117 124 154 183 172 146 152 136 119 120 135 135 141 143 145 143 126 125 126 128 139 137 135 135 135 139 144 145 149 139 128 167 173 165 161 165 173 155 124 150 148 164 166 143 137 134 137 165 183 192 198 172 160 172 187 183 182 180 187 188 169 153 166 170 164 162 162 164
137 116 114 124 119 114 127 128 114 125 128 114 97 130 154 168 177 180 172 157 152 163 163 149 146 132 121 111 132 127 119 135 142 149 140 144 142 153 164 159 144 149 137 124 117 117 111 118 134 131 120 121 129 137 140 146 147 144 150 173 166 148 151 154 158 149 141 157 158 138 143 146 145 143 149 163 170 167 180 177 172 176 210 213 198 203 208 202 189 173 164 166 168 164 163 165
141 111 116 132 132 112 114 121 125 133 108 144 133 134 151 170 167 154 140 144 149 135 131 132 147 137 124 122 134 132 132 142 138 134 148 163 148 153 156 157 153 149 138 121 115 110 105 105 120 120 111 123 135 147 138 130 149 161 163 154 167 150 146 138 111 102 116 120 144 148 145 141 142 156 159 168 164 171 187 197 163 155 199 222 220 231 221 218 198 175 166 165 166 158 153 159
132 119 100 103 108 108 124 119 111 131 138 164 164 146 152 155 153 150 147 149 156 143 139 124 135 154 158 154 150 146 145 141 142 143 159 168 148 134 137 137 149 156 131 124 125 118 106 130 130 128 124 124 127 134 140 128 140 152 148 132 137 158 173 161 122 114 152 142 154 159 149 146 155 170 180 182 178 173 150 151 126 126 167 198 216 201 189 190 174 161 161 167 176 164 151 161
154 150 120 101 113 123 131 107 101 125 167 170 169 155 150 161 164 154 165 155 172 162 160 149 149 160 153 177 173 161 156 156 159 170 163 146 141 132 121 122 134 156 127 119 131 130 115 145 145 137 137 126 111 121 132 127 141 147 146 148 158 173 182 162 141 163 178 176 154 159 166 162 162 178 183 178 160 125 60 73 129 157 181 211 210 191 172 167 166 164 164 162 162 167 161 146
163 177 144 114 115 114 145 141 142 157 151 162 161 155 169 182 167 152 165 163 174 172 178 170 158 154 144 168 182 173 160 149 167 153 154 148 132 136 120 111 104 155 154 134 142 155 144 150 155 150 134 120 116 117 128 150 168 171 160 156 162 162 151 149 161 152 149 145 149 165 168 164 165 169 175 160 99 67 128 144 138 160 191 194 184 167 157 160 170 169 174 168 150 155 148 143
112 131 112 111 152 150 143 138 118 149 147 144 151 156 153 155 145 155 184 191 188 198 187 177 161 155 141 138 144 169 173 152 149 154 153 135 121 119 119 111 121 131 166 162 153 155 147 139 144 153 153 133 123 124 128 145 153 168 172 164 161 159 151 157 158 158 169 175 175 182 182 174 170 170 170 153 112 158 182 163 158 156 164 154 142 163 170 167 173 168 156 161 155 149 124 114
157 131 105 135 170 159 133 114 103 150 154 153 159 167 159 168 167 169 183 195 187 197 193 188 182 171 141 144 168 183 177 171 155 148 142 135 128 113 128 146 152 120 154 158 157 139 132 126 128 140 148 136 133 130 143 145 142 146 159 165 160 153 178 179 163 156 190 192 171 160 163 164 159 157 156 156 155 159 165 174 161 156 156 147 142 145 166 167 168 163 154 161 147 125 123 115
180 137 103 114 132 140 126 105 116 151 154 138 144 160 164 197 187 176 173 180 185 186 178 183 181 189 167 147 173 173 164 157 150 143 140 137 150 150 156 170 163 151 118 149 158 144 125 128 139 149 146 141 155 155 148 149 145 131 149 178 178 163 173 176 177 174 173 168 163 145 130 152 154 157 151 158 165 147 152 158 153 163 172 161 155 145 147 149 144 148 155 157 161 141 124 120
178 168 128 109 120 126 113 99 104 108 122 119 144 168 169 175 187 185 168 168 196 192 191 194 180 164 173 168 167 173 168 156 147 137 127 124 135 157 155 164 172 169 145 141 154 146 132 128 151 158 151 176 180 165 151 153 161 162 152 154 167 167 153 145 154 162 159 148 143 150 160 160 163 166 176 168 148 130 143 154 154 163 163 150 146 151 160 159 148 136 159 162 169 160 149 157
192 195 161 143 143 123 115 130 118 89 118 153 143 161 165 177 190 189 185 171 179 190 178 190 195 176 167 166 149 130 160 154 120 137 138 126 119 139 139 169 177 168 142 131 137 144 134 131 157 171 187 201 194 174 167 161 154 170 175 158 143 157 152 151 157 159 161 160 180 185 176 186 180 171 176 171 156 132 130 152 158 160 163 149 146 156 165 180 169 141 144 153 142 147 135 145
127 148 133 143 147 133 130 132 131 141 161 167 155 190 191 195 189 178 178 175 182 193 187 186 185 176 167 161 156 137 146 158 136 126 120 119 147 151 141 138 159 145 136 141 131 121 141 148 149 156 195 219 209 190 174 168 169 214 228 203 173 160 161 145 147 163 168 172 182 193 178 194 202 187 165 166 163 140 124 131 150 155 156 155 157 154 153 173 186 171 145 146 131 153 147 149
154 154 152 150 149 156 156 136 167 191 173 158 134 172 178 165 182 182 180 172 175 150 167 178 178 171 157 162 168 141 146 170 164 155 139 150 159 161 166 156 147 138 144 137 134 121 153 156 143 139 148 170 184 188 173 162 164 195 217 200 173 163 163 155 162 170 163 168 181 171 154 157 196 195 168 158 156 134 132 140 138 148 163 162 156 174 179 182 187 182 155 163 169 159 156 162
166 184 203 190 183 164 142 152 181 177 168 180 174 161 156 149 156 170 163 175 190 185 168 193 196 178 167 187 181 159 132 158 181 190 187 183 173 166 162 161 153 159 155 137 129 151 153 153 153 159 160 127 153 163 154 120 123 129 159 162 159 157 170 177 177 169 164 153 160 150 149 157 180 189 166 148 163 175 165 145 132 153 156 148 146 151 165 177 181 150 137 151 159 149 147 144
182 180 202 213 195 167 158 136 151 173 178 158 161 148 147 152 150 159 167 166 168 172 166 154 175 169 174 172 162 140 159 196 185 160 160 165 171 176 180 178 169 175 181 174 155 153 142 142 159 176 167 144 140 155 137 109 121 155 162 147 174 186 189 196 188 166 152 159 174 172 176 182 173 181 164 140 157 166 161 152 154 166 151 133 150 163 159 176 154 138 135 166 172 164 147 152
175 180 175 182 195 172 167 153 138 149 183 164 150 134 131 158 170 162 153 157 160 162 161 170 186 193 195 172 160 149 168 201 194 179 175 174 176 185 180 160 147 155 162 163 164 154 144 184 183 182 194 163 148 149 119 102 113 146 156 171 184 169 145 165 195 191 167 169 208 215 202 175 175 176 164 153 165 160 156 165 152 161 153 142 155 157 106 116 170 132 124 128 136 151 147 146
186 200 193 188 184 176 171 164 153 157 178 164 133 135 145 167 167 154 156 165 167 166 174 181 189 170 182 189 176 178 169 133 143 178 184 181 173 175 174 161 160 156 165 173 166 155 144 159 171 178 193 201 184 160 148 145 162 159 149 164 165 165 135 172 185 188 168 165 211 217 208 172 156 157 154 167 172 174 166 167 158 143 156 154 154 151 123 152 164 150 141 135 139 166 167 151
179 163 136 144 168 179 172 147 152 163 159 154 139 150 166 164 152 150 164 174 170 158 167 186 177 177 160 179 193 177 141 82 141 156 173 189 184 177 175 169 167 164 159 175 171 154 163 148 151 161 167 164 170 171 176 171 167 157 141 134 143 154 186 188 183 177 181 172 190 191 184 189 180 164 165 174 170 162 166 167 159 165 162 142 149 152 154 172 159 161 158 144 135 150 164 164
187 166 134 145 165 164 156 143 135 138 137 142 145 171 185 158 169 185 180 179 177 178 178 178 189 180 162 169 164 159 156 157 144 150 154 159 166 170 171 166 164 158 173 192 176 168 188 184 166 149 148 151 172 186 179 171 162 163 169 146 123 145 160 148 148 163 135 121 160 136 150 187 190 161 174 193 188 165 193 215 199 181 172 135 159 159 141 156 150 145 166 158 139 146 151 160
161 151 162 170 178 155 146 145 118 135 140 134 125 156 184 169 143 182 182 163 151 166 173 145 155 158 182 170 140 130 148 154 147 140 132 127 141 153 154 156 162 154 137 152 155 150 163 174 168 150 158 156 156 165 164 163 149 155 164 146 130 133 131 128 131 133 116 141 151 127 105 152 165 160 139 140 157 154 172 191 198 181 164 171 171 152 147 145 160 161 167 172 148 128 156 153
139 141 157 173 168 149 126 122 98 118 125 126 141 147 159 162 148 164 174 163 151 164 167 144 146 164 164 160 147 145 153 149 140 116 116 132 146 154 159 170 168 163 148 142 145 150 134 134 124 127 138 141 143 149 148 151 154 134 117 123 135 142 152 136 114 117 132 166 179 175 152 146 148 135 106 122 168 173 168 159 159 166 162 175 172 159 148 136 160 161 157 159 152 120 144 153
160 162 150 151 147 135 130 124 120 169 152 133 151 159 149 148 152 136 151 153 156 170 180 192 176 157 170 197 187 167 146 140 144 148 163 166 169 168 162 157 166 167 155 147 168 185 168 138 118 117 129 132 138 146 136 148 155 140 137 146 148 155 168 162 140 142 131 142 152 146 148 139 126 147 144 147 159 164 172 175 169 151 174 181 187 167 136 125 130 142 166 152 146 131 132 147
156 156 171 166 151 126 128 132 130 137 169 164 158 160 149 130 134 147 145 152 151 154 163 167 171 162 148 157 149 161 149 160 154 145 138 168 189 164 157 144 143 146 163 176 173 158 168 152 146 151 141 139 138 143 144 141 152 147 148 153 154 152 155 163 158 137 125 105 132 146 148 151 151 155 154 158 167 169 175 181 178 161 168 168 158 165 131 171 167 152 170 166 161 154 150 152
173 169 172 172 145 124 130 119 117 121 134 145 148 147 144 139 117 107 114 139 119 112 138 140 132 136 149 156 150 169 174 161 148 136 137 136 144 153 151 145 144 149 148 147 148 149 138 117 115 133 163 152 148 142 137 160 162 146 146 147 144 143 170 187 165 140 137 134 134 149 152 159 161 156 153 154 154 166 168 155 151 161 171 177 168 165 151 161 170 151 152 153 152 179 167 169
158 157 150 163 155 132 124 116 124 156 145 111 134 127 136 136 121 114 112 121 93 139 151 144 136 138 144 157 153 166 161 137 150 151 145 149 141 133 136 143 131 140 145 137 133 139 139 116 132 150 159 155 159 149 133 138 145 142 150 163 149 126 134 167 172 145 139 149 141 143 148 143 147 150 163 164 137 139 144 143 133 130 125 156 158 165 159 153 152 153 158 146 141 146 161 175
145 151 143 152 142 120 124 117 106 121 134 138 142 139 134 162 156 133 129 137 148 152 149 128 141 145 144 150 151 153 158 138 162 160 159 178 167 143 133 149 140 142 151 152 149 138 141 128 134 162 160 165 176 160 116 126 132 150 159 156 148 152 145 116 111 117 126 132 134 134 146 142 140 145 167 161 126 124 133 145 133 120 124 154 160 164 170 164 153 162 175 153 138 134 156 169
157 162 136 127 119 126 145 139 145 150 147 127 156 173 149 134 142 134 132 124 136 155 149 146 141 140 149 157 160 147 139 126 138 150 154 155 156 146 143 145 146 136 135 168 175 161 138 131 141 143 135 134 139 146 135 132 133 125 131 135 147 150 130 111 115 127 144 144 125 113 123 135 132 136 151 161 147 135 135 148 137 133 148 157 158 154 169 170 147 147 153 150 155 149 152 169
168 164 141 127 167 152 156 162 153 138 175 158 163 220 186 146 140 151 143 132 126 106 147 151 130 132 149 135 157 150 131 121 115 120 122 132 148 167 172 144 142 136 142 160 164 151 141 116 120 126 121 115 118 125 151 141 124 120 127 131 135 139 128 123 133 132 135 133 127 124 136 141 142 135 153 150 132 134 135 134 131 169 165 160 150 150 154 163 157 149 125 123 155 162 153 158
176 143 122 130 129 141 133 140 132 150 181 173 150 196 208 174 134 133 143 158 154 149 147 133 130 141 141 141 138 139 138 141 129 118 119 122 130 136 160 174 180 185 167 147 143 136 141 132 116 121 115 106 141 149 142 135 124 126 137 139 137 140 137 133 143 121 113 122 131 121 122 134 140 125 157 171 166 159 150 160 160 159 172 173 158 156 160 155 141 142 132 118 141 165 154 158
154 118 110 145 141 140 139 131 123 147 160 154 137 140 155 165 155 133 136 185 183 178 152 140 143 145 128 138 144 140 139 144 125 121 122 123 116 111 161 184 186 181 165 139 137 135 133 123 95 127 117 114 152 151 141 131 138 143 156 155 137 135 135 147 152 141 132 126 136 143 187 181 176 167 160 155 165 161 152 148 154 143 149 160 154 130 133 153 156 144 145 161 153 163 162 157
120 154 186 184 172 176 160 144 116 143 146 146 149 161 173 167 173 177 136 141 169 159 194 178 148 149 145 154 173 172 161 142 118 118 135 146 151 152 158 162 162 150 143 148 143 138 135 155 180 148 131 156 143 146 133 126 140 148 153 155 140 167 170 161 163 161 149 135 141 167 185 186 167 163 162 157 167 158 147 143 146 146 152 143 135 109 148 152 152 137 128 166 175 182 179 163
166 195 179 166 173 172 164 166 135 129 139 139 156 174 177 160 166 157 144 155 162 161 166 174 133 150 158 150 157 160 150 141 111 121 126 135 153 162 159 150 152 154 157 167 148 136 131 165 153 141 131 155 151 137 142 140 148 150 148 151 154 193 188 162 159 158 159 149 128 96 141 166 156 158 175 176 200 194 166 139 138 157 163 158 147 146 177 167 159 146 133 152 175 162 158 176
197 190 183 168 164 155 130 132 143 131 151 169 175 167 170 159 157 173 163 138 145 156 143 152 151 174 166 156 135 132 135 135 129 133 129 110 122 135 138 138 140 147 179 175 141 144 135 166 153 114 148 169 162 157 145 144 140 145 152 153 149 154 163 156 160 139 151 163 164 137 164 157 151 145 146 142 159 168 159 150 140 144 150 144 134 136 157 162 159 139 124 141 162 150 129 143
134 138 112 112 120 118 100 116 129 129 158 161 154 165 146 141 143 160 177 156 140 151 165 159 158 148 143 150 145 131 128 115 128 130 137 122 125 149 166 177 166 158 157 141 134 134 135 149 178 156 165 195 178 152 138 129 139 144 150 143 132 125 132 152 164 141 153 160 168 166 156 141 140 149 158 161 172 172 170 170 158 143 136 124 145 146 145 148 143 142 146 144 151 159 160 171
85 87 88 18 50 50 19 70 74 72 82 96 105 115 124 128 124 149 166 163 134 132 153 172 169 160 146 129 139 137 129 133 145 142 118 115 142 147 161 174 175 187 148 129 133 130 135 145 159 158 166 188 175 157 139 131 144 153 163 152 151 146 152 149 153 152 154 166 153 142 147 140 135 146 198 194 178 180 181 192 178 148 122 120 139 145 154 156 157 158 153 141 157 172 174 174
35 34 34 49 49 50 31 30 26 19 16 14 62 64 51 68 86 94 115 119 119 139 136 159 162 149 123 114 122 130 112 141 143 130 117 119 175 186 165 158 160 151 172 180 160 151 137 144 148 162 162 170 174 160 142 134 114 141 172 167 160 160 146 153 143 161 157 159 148 140 133 112 99 140 201 186 170 175 192 175 170 138 109 126 151 146 144 149 160 157 153 159 170 173 191 189
32 49 47 47 48 50 50 32 33 32 30 30 132 124 109 91 69 56 52 51 74 97 106 117 121 133 140 143 124 111 115 133 143 119 114 131 179 174 163 137 143 163 149 157 139 145 154 142 132 155 164 166 170 159 138 130 110 109 130 164 157 157 151 151 152 142 153 159 151 137 126 119 145 177 177 176 149 178 180 168 157 155 139 141 154 160 163 156 154 151 163 179 185 175 168 175
30 46 30 29 30 29 48 30 31 31 29 32 32 32 50 33 33 133 130 107 14 17 61 68 86 79 89 87 82 80 89 105 116 119 125 133 138 138 131 135 156 154 140 170 168 154 155 169 170 173 170 153 143 145 177 155 135 127 135 164 161 154 156 169 153 158 149 141 152 196 139 121 125 154 148 164 160 145 151 151 160 159 151 144 152 158 154 143 131 161 162 162 167 175 169 152
29 46 28 27 28 28 27 29 29 29 27 29 29 46 47 50 31 32 35 35 37 35 32 24 20 18 19 47 44 45 49 44 78 97 120 132 121 131 131 152 183 153 156 164 165 187 184 166 168 185 188 174 156 146 205 181 152 149 136 137 158 159 151 158 157 158 166 139 157 194 152 113 149 143 134 134 153 140 133 142 138 143 163 162 165 158 161 166 164 174 160 139 170 190 172 145
