examples/data/proba_v_italy_sicily/probav_s10_toc_x19y03_20140911_333m_ndvi_v001.txt
ncols         1127
nrows         589
xllcorner     12.348214285714
yllcorner     36.598214285714
cellsize      0.0029761904761905
NODATA_value  -9999
[rows 212 to 264 of 589, columns 288 to 383 of 1127]
107 91 92 88 92 91 95 107 106 107 123 143 48 52 60 74 84 82 90 85 157 154 154 136 118 94 74 83 103 119 147 170 149 103 85 83 83 120 133 140 145 139 121 106 93 82 72 64 73 73 70 75 81 81 84 91 88 82 91 89 78 71 80 79 74 90 127 131 118 100 106 120 124 115 98 88 79 71 82 100 102 100 106 102 90 95 103 116 118 112 96 94 101 107 118 149
122 95 87 97 87 79 95 118 119 111 122 129 114 102 86 91 114 106 83 82 139 140 123 126 149 151 127 153 190 171 149 150 151 137 118 109 105 115 127 137 148 137 125 123 110 79 78 79 107 107 99 88 80 79 87 105 101 105 107 81 79 77 85 88 88 124 157 158 150 114 89 98 106 101 117 128 112 93 93 99 104 110 104 93 84 79 80 81 85 96 99 98 110 128 149 164
176 158 111 100 112 109 107 107 111 120 117 129 125 103 86 102 124 117 100 116 137 156 152 143 134 147 179 189 202 198 186 168 162 123 98 91 96 96 92 94 116 139 132 118 102 110 116 127 143 155 156 185 176 164 132 118 109 102 117 118 105 111 121 145 132 122 124 122 128 115 97 92 91 116 131 115 102 101 97 95 107 112 114 99 91 89 83 88 101 108 103 101 124 142 142 158
169 117 90 98 118 111 104 91 86 102 104 111 107 84 93 103 119 117 106 114 133 150 133 121 113 110 111 124 131 142 148 158 178 173 126 117 139 152 160 186 166 170 172 175 160 122 107 129 154 129 166 168 144 192 202 188 155 132 121 120 123 135 132 128 126 108 105 116 104 90 85 78 91 117 109 100 96 108 112 96 95 94 94 93 98 94 96 100 99 108 108 112 128 135 136 165
142 109 122 160 138 109 102 98 90 89 98 103 106 99 99 90 97 99 81 91 101 102 98 96 96 87 94 91 85 95 102 116 120 116 115 115 159 174 179 175 167 156 167 164 144 113 99 102 103 107 126 133 123 132 142 140 126 136 128 121 117 113 122 109 95 91 92 109 105 84 80 88 106 132 141 136 120 97 102 100 95 100 115 114 117 97 93 106 102 105 110 104 101 98 105 137
140 103 91 107 111 105 96 93 111 108 103 117 117 105 96 101 110 99 65 83 94 95 95 92 80 73 77 90 83 69 68 83 85 89 99 102 112 123 150 162 160 190 183 179 185 164 144 138 130 120 114 119 124 116 124 117 112 125 128 116 104 103 125 123 106 107 109 127 140 134 122 122 106 128 166 168 176 167 154 148 126 100 108 115 99 87 83 98 109 99 84 76 77 84 107 134
158 111 99 83 73 79 88 103 108 98 94 106 111 115 99 85 105 110 71 77 90 94 94 92 81 70 76 95 96 76 68 69 74 78 87 89 77 88 96 106 108 125 109 112 133 130 133 136 130 128 128 116 111 108 104 114 110 100 92 81 85 98 125 134 123 107 97 101 110 129 129 135 135 121 116 119 142 114 108 129 133 99 88 97 84 75 73 83 93 85 67 67 76 82 86 88
112 86 93 91 94 98 92 103 109 98 95 92 95 94 87 89 100 96 96 87 92 102 105 104 99 90 81 90 108 87 69 70 73 72 80 95 79 71 74 76 72 73 77 86 116 101 112 123 120 122 128 112 94 105 110 115 114 88 78 85 119 138 132 122 118 121 106 110 103 118 137 119 123 127 119 115 129 124 114 133 140 115 86 88 74 73 77 79 84 86 84 77 95 93 79 71
102 81 80 86 96 99 102 101 108 98 95 106 99 105 108 101 104 96 103 96 89 97 94 103 104 95 90 125 144 107 97 92 70 69 89 90 73 72 67 67 71 73 74 78 83 87 100 93 91 77 82 87 89 103 97 89 95 94 102 117 130 131 133 121 112 106 101 113 104 108 113 108 104 118 119 119 124 133 141 149 136 117 90 85 78 71 86 89 86 90 114 118 97 82 88 103
76 87 86 90 86 102 118 114 107 98 98 115 116 113 120 112 112 108 101 89 80 94 98 94 102 98 111 153 191 182 175 163 135 110 121 124 89 74 72 73 73 71 69 71 77 78 89 89 83 84 77 78 87 85 111 123 122 123 128 132 119 105 109 114 108 105 107 111 102 110 124 116 102 106 110 114 130 143 143 157 137 102 89 88 82 75 91 97 87 85 108 117 93 85 87 81
75 78 86 88 94 102 115 112 106 97 120 137 140 140 139 141 123 113 107 112 120 102 112 115 116 111 107 119 129 125 133 126 133 127 102 108 111 94 73 69 76 79 72 76 82 78 75 86 85 86 92 92 106 117 137 136 116 98 119 125 119 118 106 99 108 110 91 91 96 93 97 114 126 127 130 127 127 136 131 134 139 102 90 97 101 100 98 98 90 81 87 86 88 87 73 62
77 79 85 83 105 130 117 113 100 98 115 108 116 137 149 131 121 107 105 117 123 110 102 99 93 104 112 101 104 111 104 88 84 82 70 72 91 96 89 85 92 93 73 72 79 80 76 84 95 86 82 120 146 137 110 97 104 98 123 134 114 107 100 89 90 101 110 112 96 89 90 95 105 110 114 105 103 95 95 105 122 124 111 109 116 102 97 102 91 59 66 81 79 76 70 74
97 85 89 100 111 114 103 120 122 121 124 117 107 117 139 139 134 119 116 114 104 107 109 103 81 73 83 85 95 109 108 92 82 80 78 79 83 70 74 76 79 88 85 84 94 86 90 113 148 143 148 156 149 124 116 108 98 103 113 128 119 100 89 80 86 106 107 109 105 95 96 94 88 87 93 97 97 100 104 106 132 153 161 134 115 91 88 91 91 71 73 83 77 76 79 77
83 87 85 95 126 111 105 126 115 131 139 115 84 93 135 158 137 113 124 126 116 115 99 106 108 97 101 91 83 87 96 85 89 101 89 86 88 92 97 101 94 88 90 97 109 127 161 166 158 150 132 128 124 113 103 99 99 96 74 83 109 107 93 78 89 116 109 105 101 92 93 85 76 80 92 107 111 93 98 116 166 200 203 195 128 84 82 80 78 83 84 85 83 79 77 79
73 74 82 92 122 121 124 137 129 123 126 106 95 105 148 168 141 111 118 121 119 97 63 80 107 111 112 121 117 119 131 125 119 107 72 78 81 83 92 106 111 113 130 166 192 198 145 107 131 154 132 102 94 97 101 100 103 92 91 101 96 97 102 96 99 96 127 136 104 95 131 112 100 113 120 116 116 108 90 99 124 143 186 207 143 90 76 78 80 79 73 73 78 77 83 91
80 82 86 98 88 99 123 129 125 119 109 115 128 128 126 135 132 126 98 96 111 99 81 96 111 104 99 112 121 117 118 115 111 105 77 96 93 72 74 78 95 135 193 193 198 187 143 116 119 102 118 120 110 98 105 102 103 94 101 100 88 85 100 108 108 95 96 119 110 99 91 85 99 128 129 108 102 100 96 97 93 102 170 205 183 155 106 89 86 76 71 70 71 73 70 74
75 77 84 109 124 123 133 139 148 143 104 98 138 153 144 146 129 113 106 111 120 116 108 85 99 109 110 100 103 97 101 132 125 98 95 119 94 84 105 102 115 177 202 198 193 173 142 116 98 79 85 95 102 109 128 121 109 108 95 92 93 98 102 118 128 121 122 105 91 84 90 99 109 148 168 160 151 122 100 92 99 125 145 168 205 209 180 123 84 47 35 58 70 69 71 69
71 77 91 118 124 118 134 142 124 118 110 113 126 150 151 141 127 121 119 107 108 109 114 111 117 114 101 91 91 108 111 138 126 102 91 120 113 110 135 124 134 196 161 134 144 135 115 98 90 86 83 88 88 93 106 120 132 121 104 96 89 114 132 134 122 112 118 113 93 90 99 100 97 113 128 145 138 95 82 72 76 91 86 86 105 115 145 164 112 65 50 43 69 71 77 78
81 89 102 112 108 121 122 114 116 115 128 149 145 135 121 118 120 120 105 102 109 120 125 116 140 117 97 92 104 129 121 103 94 87 84 112 137 127 96 100 122 154 152 120 98 96 94 88 92 92 80 83 93 106 105 116 136 127 116 115 101 102 130 126 132 125 103 104 103 110 99 95 97 94 110 111 111 95 87 81 84 91 87 85 95 91 107 118 94 75 75 63 58 67 70 71
82 83 98 101 102 110 105 105 113 132 134 138 132 109 101 104 99 102 98 105 112 115 112 112 129 132 126 121 142 136 137 132 111 99 88 90 84 78 70 83 107 150 159 146 123 117 120 116 107 95 80 82 91 92 85 98 100 107 123 147 159 165 148 148 158 147 130 132 138 132 115 110 111 107 108 118 120 104 91 94 100 87 81 83 91 103 91 86 80 76 73 81 72 64 65 67
73 76 89 100 98 81 90 98 116 130 139 149 136 115 102 100 90 87 110 136 128 104 106 123 124 134 141 152 153 136 133 107 100 116 104 87 78 85 104 130 173 192 199 184 155 161 155 139 127 114 93 93 99 92 97 119 116 112 122 113 94 111 137 148 158 148 149 133 137 155 154 178 170 123 97 106 107 119 110 105 120 96 89 96 93 97 97 87 76 73 68 68 77 76 76 65
74 75 86 103 102 91 92 93 116 132 141 146 108 110 133 132 115 128 152 157 156 123 105 132 126 133 141 160 125 158 171 141 114 114 119 127 128 146 155 139 141 155 161 161 172 159 158 161 151 128 108 114 125 122 113 110 109 94 89 88 89 92 100 128 134 110 100 114 131 129 117 141 166 185 154 116 106 141 134 117 120 114 127 110 87 96 105 86 78 72 72 77 84 84 79 72
77 73 78 93 117 103 88 90 113 137 138 113 107 123 120 128 132 142 169 170 165 158 147 139 127 117 139 136 126 143 154 132 145 154 164 182 191 182 153 134 173 182 164 150 157 191 181 163 151 117 103 102 106 106 99 109 113 108 103 92 88 96 105 113 119 120 102 107 116 142 151 117 120 192 160 131 136 138 106 99 124 126 107 85 80 102 96 94 105 91 89 85 78 79 83 85
78 73 82 84 88 92 84 93 97 127 131 124 140 129 142 153 139 133 150 168 172 176 176 143 140 123 117 124 128 136 145 151 163 174 184 171 165 166 145 143 164 170 153 162 156 157 150 153 129 101 95 100 101 101 105 120 119 123 123 106 96 89 92 90 95 100 96 94 91 119 154 137 141 167 121 111 148 115 107 136 117 94 91 96 90 106 113 100 110 129 133 103 81 82 79 76
75 77 69 66 75 96 92 94 83 98 112 117 122 108 152 151 127 96 109 129 138 158 179 175 155 145 138 137 137 140 129 117 137 152 141 132 135 142 152 187 180 170 173 161 155 110 103 112 107 92 94 93 108 140 103 112 112 112 156 150 145 123 105 94 87 86 102 108 97 121 169 173 159 152 112 103 108 128 135 115 86 76 94 120 104 89 98 116 138 142 149 133 96 78 76 75
66 73 71 69 71 83 93 91 91 99 104 108 97 98 124 128 126 97 84 82 82 104 134 159 188 181 166 153 148 147 157 146 127 131 120 118 133 170 209 202 185 197 178 175 155 103 96 113 139 138 127 127 106 99 79 85 99 114 166 178 168 156 183 163 130 109 121 128 128 161 192 184 162 140 121 103 120 104 89 82 77 84 93 97 97 108 130 129 137 146 163 140 92 80 84 85
68 72 83 72 73 87 97 86 80 92 102 111 105 110 125 104 92 84 73 85 99 107 121 150 177 151 144 180 178 152 151 149 132 141 154 142 167 193 203 207 207 188 175 183 183 149 146 167 195 198 155 110 81 85 93 96 104 128 175 195 134 115 184 187 162 139 124 113 128 163 177 149 131 141 137 120 97 90 81 74 75 81 109 111 121 134 136 142 147 162 155 116 89 89 94 97
70 70 79 80 69 74 102 94 76 90 112 107 114 119 101 92 88 90 87 91 121 126 141 160 151 126 137 179 183 183 183 173 150 200 224 193 202 189 185 194 179 171 197 204 196 176 185 194 186 135 83 85 109 112 115 113 108 128 175 192 201 132 152 177 181 180 158 125 140 168 163 126 119 144 140 100 75 80 80 82 74 83 129 158 136 109 113 130 136 142 152 143 135 139 133 118
75 73 74 77 83 83 104 110 88 103 123 93 92 105 101 96 104 107 113 111 125 112 120 174 179 175 158 167 153 184 212 194 181 208 211 195 202 222 204 189 193 207 201 189 186 191 193 185 166 116 86 114 154 133 117 114 117 120 136 153 163 139 109 104 133 156 176 148 134 135 130 111 120 110 98 80 72 72 73 80 83 106 132 131 119 123 120 118 119 119 127 133 130 128 129 131
84 79 76 75 75 80 89 97 96 103 121 108 95 99 102 103 108 107 115 122 112 90 99 131 152 138 133 175 142 170 190 244 233 219 212 200 187 191 199 195 207 203 198 192 186 186 159 125 118 127 128 115 115 103 98 115 133 128 149 114 91 100 125 121 110 112 145 154 120 99 104 102 102 90 100 101 96 86 82 98 94 98 116 125 112 128 117 106 105 112 116 107 121 115 115 128
89 85 82 81 77 73 87 94 70 85 96 106 109 102 103 98 102 110 127 128 102 85 93 105 118 122 138 182 199 174 176 198 221 223 221 220 213 200 195 195 205 205 203 215 186 149 142 126 125 144 134 122 106 92 90 104 118 112 113 98 95 96 105 122 117 104 106 121 126 113 103 89 101 93 99 106 116 112 104 100 112 124 125 121 112 127 100 86 104 121 122 106 111 120 100 97
103 100 101 99 85 68 72 88 91 100 109 111 120 103 107 103 107 132 133 125 107 92 92 100 118 100 117 130 145 170 176 159 186 211 235 232 216 195 189 199 211 225 220 157 129 130 123 113 94 108 111 87 80 85 95 94 107 117 94 97 100 99 90 88 85 79 101 135 132 118 119 100 112 129 129 129 133 132 116 114 125 133 122 124 115 111 107 95 103 118 132 120 121 127 108 73
84 91 110 145 159 138 118 101 91 99 110 113 116 114 89 82 99 143 145 121 106 96 92 90 116 100 113 99 113 127 186 149 174 202 201 186 143 155 186 217 230 206 178 122 104 108 136 135 94 83 84 82 87 91 90 85 93 107 89 82 88 86 79 77 83 85 90 118 137 129 130 118 96 97 101 110 114 126 122 127 123 137 144 130 125 108 104 97 105 135 150 146 136 152 138 119
78 81 87 94 127 141 114 97 90 104 102 109 113 116 110 108 130 157 148 113 102 98 91 84 99 97 104 127 128 150 136 110 116 125 139 142 149 167 151 153 161 176 154 116 92 120 156 173 145 95 81 84 86 93 94 91 105 113 87 79 88 83 81 82 89 100 97 99 118 142 141 112 85 80 82 89 89 97 100 122 125 130 151 124 116 106 99 104 119 145 135 126 125 121 130 145
80 76 83 93 103 116 115 94 93 102 100 117 121 104 126 133 149 145 129 106 91 103 108 101 103 104 111 124 130 115 123 104 110 109 116 141 163 180 153 146 145 142 168 167 161 159 161 168 172 138 92 88 92 96 88 86 98 99 94 88 85 80 81 92 99 101 108 104 109 154 158 104 81 80 82 87 87 82 73 91 113 119 130 117 115 105 103 126 137 106 98 81 88 109 107 100
83 82 85 90 105 130 122 95 106 106 98 107 119 106 126 136 143 130 118 100 80 82 92 103 113 116 110 102 98 102 110 113 110 109 126 139 118 123 119 135 122 133 137 158 169 171 165 151 141 134 101 82 87 90 90 109 121 96 94 100 99 92 96 94 103 96 93 97 112 143 155 117 93 102 99 96 92 94 114 102 122 136 126 113 112 127 133 127 102 88 95 100 111 111 96 92
92 94 99 107 88 104 112 105 107 106 93 97 119 117 115 148 146 125 111 89 82 88 103 107 105 100 104 105 92 89 102 116 118 122 119 118 126 132 134 129 114 143 165 173 194 202 183 166 160 135 118 93 84 88 105 117 113 96 98 108 109 109 106 87 85 87 82 83 102 134 132 122 96 102 102 91 80 96 147 146 150 160 146 143 154 161 140 99 87 82 87 83 91 103 110 133
123 111 87 95 88 87 100 107 104 104 100 100 115 125 123 151 138 93 92 96 83 83 92 95 96 100 103 104 98 84 98 125 124 103 99 123 133 121 122 130 149 172 174 187 216 189 148 130 160 144 116 99 96 106 113 110 101 89 85 91 101 102 98 85 87 90 82 87 97 126 131 131 102 91 100 109 112 118 138 155 158 175 167 150 147 141 99 74 81 89 84 81 87 110 123 127
113 106 95 103 104 75 78 87 90 95 101 100 105 122 123 133 121 83 110 119 85 80 81 89 90 93 103 106 106 91 90 122 116 100 102 113 130 122 139 166 160 150 138 135 169 173 116 96 117 123 106 91 104 104 104 104 95 91 95 90 94 104 119 124 124 115 93 88 92 106 116 122 97 82 95 114 116 112 130 155 157 153 149 141 135 137 118 89 96 103 95 95 93 92 112 97
123 122 100 92 104 94 90 89 93 97 105 105 97 101 128 154 137 98 112 112 87 75 83 94 93 90 106 88 94 96 91 112 112 113 114 121 126 121 151 167 144 124 132 112 118 139 131 114 100 100 101 95 96 94 95 90 82 82 88 87 102 123 129 117 119 126 109 112 125 128 132 119 96 83 86 95 112 123 137 132 129 137 128 133 109 120 127 90 83 91 90 89 90 93 108 96
117 114 87 77 85 94 101 97 92 90 97 111 111 120 157 164 135 95 84 77 71 76 92 108 87 83 90 70 62 64 81 100 121 128 121 116 118 106 110 123 114 124 106 104 114 120 139 134 111 101 98 106 106 96 94 91 85 76 68 71 84 96 104 109 121 139 125 117 114 120 125 132 115 93 96 102 125 135 126 121 128 128 116 119 107 108 114 75 60 68 73 83 97 93 83 107
92 87 90 89 89 84 87 100 99 90 102 118 117 112 124 150 147 114 87 80 74 81 90 92 88 104 109 96 81 80 83 93 114 115 114 113 109 114 99 111 128 128 97 122 153 139 140 162 158 121 86 83 92 104 110 96 78 70 65 60 61 63 79 100 120 127 121 119 143 144 126 104 108 102 103 99 125 126 123 123 125 130 117 115 121 124 117 76 65 72 75 77 73 81 73 80
100 104 107 107 101 89 98 100 98 101 111 118 104 108 100 111 148 142 114 91 87 69 72 88 123 152 138 110 93 94 95 102 107 113 116 118 108 111 101 105 114 112 97 121 142 143 126 126 133 118 81 83 99 109 112 107 90 81 76 65 58 68 82 93 102 109 104 103 124 133 117 100 104 100 95 95 116 119 107 105 121 145 145 132 128 111 108 109 85 76 80 93 103 94 70 69
95 96 101 94 104 101 97 86 95 101 97 107 105 108 106 99 110 132 139 100 77 94 116 122 149 174 151 112 107 107 99 104 101 98 116 121 109 115 106 94 97 110 97 106 123 125 118 109 106 116 100 95 118 121 111 110 98 81 81 82 85 86 98 94 84 97 104 101 100 109 104 80 75 100 101 113 120 94 96 111 106 124 131 114 105 86 91 118 107 87 93 90 90 84 76 78
93 108 105 86 101 106 101 92 114 118 107 107 106 93 98 110 105 119 146 124 82 102 118 121 115 111 108 103 84 88 100 95 93 107 115 112 111 115 108 109 112 121 120 102 104 111 120 122 111 108 103 99 116 121 109 89 85 101 108 95 88 84 90 103 96 98 104 108 108 106 99 95 99 116 119 125 116 99 104 123 106 100 91 98 93 74 70 80 84 77 84 86 92 94 85 95
104 116 110 95 111 123 115 109 125 131 124 103 102 97 111 125 114 114 146 147 129 129 126 129 109 105 107 111 103 87 95 103 110 111 109 119 124 114 101 100 102 112 123 113 106 110 122 132 126 107 102 91 86 103 109 97 83 103 110 86 73 81 96 105 99 100 95 105 104 65 79 100 98 83 78 99 115 116 111 105 97 91 83 87 93 86 71 75 87 88 78 78 80 91 93 96
132 127 125 127 137 134 128 133 131 118 112 108 118 117 116 110 107 110 138 149 135 132 120 110 106 107 105 103 106 111 113 102 107 96 85 100 108 123 117 112 105 100 120 121 116 115 118 132 109 88 91 92 92 99 94 99 105 102 95 87 86 101 113 103 91 81 81 95 84 30 36 61 52 32 68 110 121 124 132 110 98 109 110 94 81 84 69 79 95 93 77 70 77 81 89 96
124 123 125 110 102 121 120 110 111 116 116 106 107 117 126 121 108 117 158 173 122 107 109 110 100 97 103 96 99 108 123 107 101 94 67 92 101 117 120 120 123 115 115 115 108 111 115 101 92 101 107 81 86 107 102 107 94 76 72 82 89 85 90 95 101 96 91 88 72 45 34 40 59 65 80 119 113 75 84 100 92 102 100 94 89 83 77 78 87 93 79 70 66 69 78 88
88 97 96 85 71 86 107 97 115 144 138 127 135 124 112 104 100 109 136 154 104 100 109 105 99 107 109 103 98 110 120 121 113 93 73 125 148 129 121 117 114 111 109 106 108 111 116 94 90 89 86 73 83 104 103 92 72 75 72 80 77 92 105 103 102 96 85 77 79 75 66 83 103 108 99 96 101 96 106 116 112 101 91 89 92 90 99 94 87 94 90 78 69 69 71 78
85 77 78 93 118 123 128 106 106 131 127 129 136 118 105 108 119 122 130 165 129 105 112 106 92 95 112 108 101 98 96 109 96 79 96 109 112 115 106 102 94 94 107 108 99 101 112 100 102 107 100 83 89 103 95 76 72 76 87 94 83 83 104 95 83 75 66 66 78 81 88 100 96 97 101 102 116 121 120 106 104 100 100 98 101 99 94 94 93 97 104 88 80 82 86 73
98 84 87 95 105 115 137 125 106 106 112 113 117 116 103 103 109 107 124 156 147 119 121 126 105 98 110 94 88 91 78 88 98 101 110 93 87 98 104 102 97 88 90 93 93 105 117 94 94 103 102 84 68 75 88 86 82 86 82 78 71 75 92 90 93 90 81 67 64 86 104 96 93 94 98 94 99 120 115 108 111 110 110 82 90 94 100 105 104 107 117 102 89 97 113 97
110 116 113 113 115 113 125 132 112 113 111 111 111 112 110 106 108 118 136 160 164 111 87 95 116 107 98 94 90 92 96 101 109 109 111 99 92 96 103 109 113 114 104 90 94 110 101 86 87 87 73 60 56 68 86 91 82 90 87 72 80 86 81 75 88 95 88 67 56 70 83 77 80 86 90 97 103 110 107 100 109 120 121 78 75 100 105 114 128 138 144 123 120 129 130 118
115 123 114 112 120 122 117 122 116 115 115 104 100 107 111 106 99 104 135 156 157 98 84 109 99 85 84 90 96 98 95 94 101 106 108 101 98 100 104 113 114 117 106 96 99 121 100 79 92 90 91 55 55 75 77 78 78 87 84 79 94 112 106 97 86 97 108 96 76 67 69 68 68 70 69 80 92 97 90 88 106 100 102 113 103 104 97 96 117 147 164 158 142 133 124 98
