examples/data/proba_v_italy_sicily/probav_s10_toc_x19y03_20140701_333m_ndvi_v001.txt
ncols         1127
nrows         589
xllcorner     12.348214285714
yllcorner     36.598214285714
cellsize      0.0029761904761905
NODATA_value  -9999
[rows 468 to 519 of 589, columns 960 to 1055 of 1127]
79 54 51 50 50 51 29 29 28 27 27 27 27 27 27 26 25 25 25 25 25 24 25 26 25 25 25 24 24 24 24 24 24 24 24 23 23 24 24 24 24 24 24 25 24 23 23 23 23 24 26 24 25 25 25 25 23 25 26 25 24 24 24 24 24 24 24 24 24 25 24 24 25 24 24 25 24 24 25 26 26 24 25 28 26 25 23 24 26 26 27 27 27 30 29 27
91 67 52 29 28 28 27 27 27 27 26 27 26 26 26 26 25 25 25 26 26 24 25 25 24 23 24 23 24 23 24 24 24 24 23 23 23 23 22 23 23 24 25 25 24 23 24 24 23 24 24 24 25 25 24 24 24 25 26 24 24 23 24 24 25 24 23 24 24 24 22 24 24 26 25 25 25 24 26 25 25 26 26 26 24 24 23 25 26 25 26 26 26 28 29 27
60 53 47 28 28 26 26 26 26 26 26 26 26 25 26 25 24 25 24 25 25 25 24 24 24 23 23 23 23 23 23 23 24 24 23 25 23 23 23 24 24 23 23 24 24 24 24 24 23 24 24 23 23 24 23 25 25 25 25 24 24 24 24 25 25 25 24 24 24 24 24 25 25 24 24 24 24 24 25 24 25 28 25 24 24 24 25 26 26 26 26 27 31 30 28 27
27 27 27 26 27 26 26 26 26 26 25 26 26 25 25 25 24 25 24 25 24 24 24 24 25 24 23 23 23 23 23 23 23 24 23 23 23 23 23 23 23 23 24 24 24 24 24 23 24 25 25 25 24 25 25 24 24 25 25 24 24 25 25 25 25 25 24 24 24 24 24 24 25 25 25 24 25 24 23 23 25 25 25 25 26 26 28 27 25 25 26 28 28 28 29 28
27 27 27 26 26 27 27 26 26 25 25 26 26 25 25 25 25 25 25 25 25 25 24 24 24 23 23 24 24 24 23 24 22 24 24 24 23 23 24 23 23 23 23 23 23 24 23 24 24 24 25 24 24 25 25 24 24 25 25 24 24 24 26 25 25 25 24 24 24 25 24 24 25 25 25 25 25 25 24 25 24 24 27 26 27 27 28 29 28 27 30 31 29 28 28 28
27 26 26 26 26 26 25 25 25 25 25 26 25 25 25 24 25 25 24 24 24 24 24 23 23 24 24 24 24 24 23 24 24 24 25 25 25 24 24 24 24 23 24 23 24 24 25 25 24 24 25 24 24 25 24 25 26 25 24 24 24 25 25 24 24 24 24 24 23 24 24 25 24 25 25 25 25 25 26 25 25 25 25 26 27 26 26 28 28 27 30 29 28 27 27 28
27 26 26 27 26 26 25 25 25 25 24 25 25 25 25 25 24 23 23 24 25 25 24 24 24 24 23 23 23 24 24 25 24 23 23 23 24 24 25 24 24 23 23 23 24 24 24 25 25 24 25 25 25 25 25 25 24 24 23 23 25 25 25 25 25 24 23 24 25 24 24 24 24 25 25 24 24 25 26 26 25 25 25 26 26 26 26 27 28 31 33 30 28 28 28 30
27 26 26 25 25 26 26 25 24 24 25 25 25 25 25 24 24 25 25 25 25 24 24 25 25 26 25 25 24 24 24 24 24 24 23 24 23 23 24 23 23 23 23 24 24 24 25 25 24 25 25 25 25 25 25 24 25 24 24 24 25 24 24 24 25 25 25 24 25 25 25 24 25 26 25 25 26 26 25 25 26 25 25 25 26 27 26 27 30 31 32 31 29 28 29 29
26 26 25 25 25 25 26 25 25 25 25 24 24 24 25 25 25 25 25 24 24 24 25 25 24 25 25 24 25 24 24 24 23 25 24 24 24 23 23 23 23 24 24 24 24 24 25 25 24 24 25 26 25 24 24 24 24 24 24 24 25 24 24 24 25 25 25 24 25 26 25 24 25 27 26 26 27 25 25 26 26 26 25 26 27 28 26 26 27 27 28 29 28 27 27 28
26 26 26 24 25 25 25 25 24 24 24 25 25 25 24 24 24 24 25 26 25 24 24 24 24 24 25 25 24 24 24 24 23 25 25 25 26 26 25 25 25 25 25 25 24 25 24 24 24 25 25 25 25 24 25 25 24 25 25 25 25 24 24 24 24 24 25 24 25 25 24 25 27 26 25 27 26 25 26 27 26 26 26 27 29 27 26 27 28 26 27 28 28 30 29 28
26 26 25 25 25 25 25 24 25 25 25 24 24 24 25 25 25 25 25 24 25 24 24 23 24 24 24 25 24 24 23 24 24 24 25 24 24 24 25 25 25 25 26 25 24 24 24 24 25 25 25 24 24 25 25 24 24 24 25 24 25 25 24 24 24 24 24 25 25 24 24 26 27 26 26 25 24 25 27 26 26 26 27 28 28 27 26 26 27 27 28 30 31 31 29 31
25 26 26 26 25 25 26 25 25 25 24 24 24 25 25 24 25 24 24 24 24 24 25 24 24 25 24 24 24 24 24 24 24 23 24 24 24 24 24 24 24 25 25 24 24 23 24 24 24 25 25 24 24 24 24 25 24 25 25 25 24 25 24 24 24 25 26 25 26 25 26 25 26 26 26 25 25 26 26 26 26 26 30 31 28 28 27 27 27 30 32 32 32 29 31 37
26 26 26 25 24 25 25 25 24 24 24 24 24 25 25 25 24 24 24 24 25 24 24 24 24 24 24 24 25 24 24 25 24 24 24 25 24 24 24 24 24 25 24 24 23 23 24 24 24 24 24 24 25 24 24 24 24 24 24 24 24 25 24 24 24 25 25 25 26 25 25 25 27 26 25 25 27 26 25 26 26 27 31 32 27 27 27 28 29 29 30 32 31 31 34 40
26 26 25 25 24 25 24 24 24 23 24 25 24 25 25 24 24 25 24 25 25 25 25 25 25 25 24 24 24 24 25 25 24 24 25 25 26 26 26 26 25 24 24 24 25 25 25 25 23 23 24 24 24 24 24 25 24 24 24 24 25 24 24 24 25 25 25 25 25 26 26 26 26 25 25 26 26 26 27 27 27 26 26 28 27 27 28 30 31 31 31 29 30 33 38 37
26 25 24 24 25 24 25 24 24 24 25 26 24 24 23 24 25 25 25 24 24 25 25 25 25 24 24 24 25 24 24 24 25 26 26 25 24 24 25 25 24 25 26 25 26 25 25 24 24 23 23 24 24 23 24 24 24 24 24 24 24 24 25 25 25 24 25 25 25 26 27 29 27 27 27 27 27 27 28 27 27 27 27 28 27 29 32 30 30 30 28 30 33 34 36 35
25 25 24 24 25 25 25 25 25 24 24 24 24 25 26 26 25 25 24 25 25 24 24 25 25 25 24 25 25 24 25 25 24 25 25 24 24 24 26 26 27 27 26 24 23 24 25 24 24 24 24 24 23 23 24 24 24 23 24 25 24 24 24 25 24 24 26 26 26 26 28 27 26 27 27 26 26 27 27 27 26 28 29 29 29 31 32 31 31 31 32 35 35 34 31 33
25 25 25 24 24 24 24 24 24 25 24 24 24 25 25 26 25 24 24 24 23 25 26 25 25 27 26 26 26 27 28 26 24 24 24 25 26 25 24 24 24 24 24 24 24 24 24 24 24 24 24 24 24 24 24 24 24 23 24 25 24 24 24 25 24 25 26 26 25 26 28 28 26 27 26 26 26 27 28 29 28 28 29 29 31 32 32 36 33 31 36 36 34 35 33 32
24 25 25 24 24 24 24 24 24 24 25 24 25 25 25 25 26 25 24 24 24 25 27 27 27 26 25 25 26 25 25 25 25 25 24 25 25 24 24 24 24 23 23 24 24 24 24 24 24 24 24 23 23 23 25 24 24 25 24 23 24 24 25 25 24 25 27 27 25 27 28 27 25 26 26 26 27 29 28 29 29 28 28 29 31 31 30 31 32 30 30 32 33 36 36 35
24 24 25 24 24 24 24 24 25 24 26 26 25 25 25 25 24 24 25 25 25 24 24 25 25 25 24 24 25 24 24 25 26 26 25 24 24 24 24 24 24 24 25 25 25 24 23 24 24 24 24 24 24 23 24 24 24 24 25 24 24 24 24 24 25 26 27 27 27 26 26 25 27 26 26 26 26 28 28 29 29 29 29 29 31 33 31 31 33 32 33 33 36 39 34 36
24 24 25 25 25 25 24 23 25 25 25 25 25 25 25 25 25 24 24 25 25 26 24 24 25 26 26 25 25 26 26 28 27 24 24 24 24 24 23 23 24 24 24 25 25 24 24 24 24 24 24 24 24 24 24 25 24 24 24 24 24 24 24 24 25 27 26 26 27 27 26 26 26 26 26 26 26 26 27 28 29 29 27 30 32 33 33 33 33 34 32 31 32 34 32 36
25 25 25 25 24 25 24 24 25 25 24 23 24 25 25 25 25 26 26 25 25 25 25 25 25 25 25 26 25 26 26 26 26 24 24 24 24 24 24 25 24 23 23 24 24 24 24 24 24 24 24 23 24 24 24 24 24 24 24 24 24 25 25 25 26 27 28 27 27 26 26 26 26 25 25 25 25 25 27 26 28 29 29 29 30 29 29 30 32 33 35 35 37 37 35 38
25 25 24 25 25 24 24 24 24 24 24 25 24 24 24 24 24 24 26 25 25 26 25 24 25 25 24 25 24 24 24 23 24 24 24 24 25 25 24 25 24 23 23 24 23 24 25 24 24 25 25 24 24 24 25 24 25 25 24 25 25 25 25 26 26 27 27 25 25 25 25 26 26 26 26 26 26 27 28 27 28 29 31 32 33 32 29 29 31 33 35 33 35 34 34 35
25 24 25 25 25 25 25 26 25 24 25 25 24 24 24 25 25 24 25 25 24 26 26 24 24 25 24 25 25 24 24 24 25 24 25 25 24 24 25 25 24 24 24 24 25 24 24 24 24 24 25 25 24 24 24 25 25 24 25 25 25 26 27 26 27 28 25 25 25 25 25 25 26 27 27 27 27 28 28 27 27 27 29 29 32 35 32 31 32 34 38 36 40 42 40 38
25 25 25 24 24 24 25 25 25 24 24 24 24 24 24 24 24 24 23 24 25 25 26 25 24 26 25 25 24 24 24 25 26 25 25 24 24 24 24 25 24 25 24 25 24 24 24 24 24 24 24 25 24 24 25 24 24 24 25 26 25 27 29 28 27 27 26 26 25 26 27 27 29 29 26 26 27 29 28 27 28 30 32 33 32 35 35 34 33 32 32 36 35 34 34 34
25 26 25 24 24 24 25 24 24 24 23 24 24 24 24 25 24 24 24 23 24 25 26 26 25 25 24 25 25 26 25 24 24 24 24 24 24 23 24 25 24 24 24 24 24 24 24 25 25 24 24 24 24 24 24 25 24 24 25 26 27 27 27 27 26 26 26 26 26 27 28 29 32 31 29 31 30 33 32 34 32 34 36 35 32 32 34 34 34 36 36 34 34 35 36 33
26 25 25 24 25 24 24 24 24 24 24 24 24 24 24 25 25 24 25 24 24 24 25 24 25 26 24 24 24 25 24 24 24 24 24 24 25 25 24 24 24 25 25 24 24 24 24 25 25 25 25 25 25 25 25 25 25 26 26 28 28 27 27 29 27 26 26 26 26 27 29 28 29 30 29 31 34 37 34 33 31 30 32 32 33 34 33 35 37 39 37 36 38 37 35 36
23 25 26 25 24 24 25 25 25 24 24 24 24 24 24 24 24 24 24 24 24 24 24 24 25 25 24 24 24 24 24 24 24 24 24 25 25 24 25 24 23 24 24 25 25 25 24 24 25 25 25 25 25 25 25 25 25 26 27 27 26 27 30 30 27 26 26 27 27 31 31 27 28 29 30 32 32 31 28 29 31 32 31 35 35 33 36 36 35 36 37 38 38 35 33 36
24 24 25 25 26 25 24 24 24 24 25 24 24 24 26 25 24 25 24 24 25 25 24 24 24 25 24 24 24 24 24 24 25 25 24 24 24 24 24 24 24 25 24 24 25 25 24 25 25 25 25 25 25 25 25 26 27 28 27 26 26 28 29 28 28 27 27 32 37 38 32 29 29 28 29 31 31 30 29 30 36 39 34 32 34 32 35 39 40 37 36 34 33 34 35 35
24 24 24 24 25 25 25 24 26 26 24 24 24 24 25 25 25 25 24 24 24 24 24 24 24 24 24 24 24 24 24 24 25 25 25 24 24 24 24 24 24 24 24 24 24 25 25 26 26 26 25 25 25 26 26 27 27 26 26 28 27 28 29 29 28 28 30 35 34 33 29 27 29 29 30 32 31 30 31 32 34 39 38 32 31 34 38 41 40 38 36 35 33 34 36 36
25 25 25 24 25 24 25 25 26 26 25 24 24 24 24 24 24 24 25 24 25 24 24 25 24 25 26 25 24 24 24 25 25 25 25 25 24 24 25 25 25 25 25 24 25 24 24 25 26 26 25 25 25 26 28 28 26 26 25 26 29 28 27 27 27 28 28 29 27 28 29 29 30 31 31 29 30 29 28 29 31 34 37 32 30 32 33 33 35 42 41 37 33 34 34 39
24 25 25 26 26 26 25 24 24 25 25 26 25 24 24 24 24 24 25 25 25 25 24 24 24 24 25 26 25 23 24 25 25 25 25 25 25 25 25 25 25 25 25 25 25 25 25 26 26 25 25 25 26 26 27 26 26 25 26 29 31 28 25 26 27 28 28 32 30 29 29 31 31 29 29 30 29 28 29 29 30 35 36 32 32 33 34 35 36 36 38 38 37 39 37 38
24 25 24 25 25 25 25 25 24 24 24 25 26 25 24 24 25 25 25 24 24 25 25 24 24 24 24 25 26 25 25 25 25 25 25 25 25 25 25 24 25 25 25 25 25 26 26 25 26 26 25 25 26 27 26 26 26 27 28 30 30 27 26 27 29 29 29 29 29 29 29 31 31 29 30 30 29 29 30 30 34 37 32 31 37 41 37 34 35 34 40 41 44 45 43 43
25 25 24 25 24 24 24 25 24 24 24 24 25 25 26 25 24 24 24 24 24 24 24 24 25 24 25 24 25 24 25 25 25 25 25 24 25 25 25 25 25 26 25 25 26 26 25 26 26 25 26 26 27 28 26 26 27 28 28 28 26 27 29 28 29 28 27 28 31 30 29 32 31 28 29 29 29 30 29 29 32 35 35 36 38 35 34 37 37 37 39 38 36 38 39 45
24 25 25 25 24 25 25 24 24 24 24 24 25 24 24 25 26 24 24 25 25 25 25 25 24 25 24 24 25 25 25 25 25 25 25 25 25 25 25 24 26 26 25 26 27 26 27 27 26 26 26 26 28 28 27 26 27 29 31 29 27 28 29 30 29 28 27 29 31 30 30 30 31 30 31 32 31 30 30 33 35 34 35 40 43 38 35 39 35 32 35 37 34 38 37 37
24 23 24 24 25 24 25 25 24 24 24 24 25 25 25 24 25 26 25 25 25 26 25 24 24 24 25 25 26 25 24 25 25 25 25 25 26 25 25 24 24 24 26 26 26 26 27 27 26 26 26 26 27 28 27 26 26 30 33 32 30 28 30 30 27 29 30 31 29 30 29 29 30 33 34 33 32 32 33 35 34 34 36 35 41 43 39 36 33 35 35 35 37 42 35 33
23 23 24 24 24 26 27 25 24 24 25 24 25 24 24 25 25 25 25 24 24 25 25 24 24 24 25 26 26 25 25 25 24 26 26 26 25 25 26 25 26 26 26 26 26 26 26 28 28 27 25 25 27 27 27 26 27 29 29 30 30 33 31 28 28 29 32 35 32 31 30 30 30 32 34 34 31 31 34 33 31 33 35 33 32 38 40 43 41 37 33 35 33 36 38 33
24 24 24 24 24 24 26 27 26 25 24 25 24 24 25 24 24 24 24 26 25 26 26 25 25 25 25 26 28 28 27 26 26 26 26 26 25 25 26 26 26 27 26 27 28 26 25 27 27 27 26 26 28 28 28 27 27 28 28 31 33 34 32 29 30 29 30 33 32 32 32 31 32 30 32 34 34 34 33 33 32 33 35 34 36 38 38 41 38 35 35 37 41 36 37 38
23 24 24 25 24 24 24 25 25 25 25 26 25 24 25 24 25 25 25 26 26 25 25 26 25 25 26 27 28 27 26 26 26 26 25 25 26 26 26 26 26 26 26 27 29 27 27 27 26 26 26 27 27 28 28 27 29 29 29 31 30 32 32 29 30 30 30 30 31 32 33 32 34 33 35 34 31 34 33 32 32 33 33 35 38 41 34 32 36 39 38 35 43 45 37 37
24 23 24 24 24 24 24 24 24 24 25 26 26 23 24 25 25 24 25 26 25 26 27 26 25 26 26 26 26 26 26 26 27 27 26 26 28 27 26 26 26 26 26 28 30 28 26 27 27 26 27 27 27 28 26 27 30 28 28 32 31 33 34 33 32 29 28 30 32 37 34 34 37 38 34 32 33 35 33 36 38 34 34 37 42 44 39 33 34 36 36 37 42 41 37 38
23 24 23 23 24 24 25 24 24 24 24 24 25 24 24 24 23 25 26 25 25 26 26 26 25 25 25 26 26 27 27 26 26 27 27 27 27 27 26 26 26 26 27 29 31 27 26 26 27 27 27 27 27 28 27 27 29 28 28 30 29 33 36 32 30 28 30 32 31 30 32 31 36 41 34 31 36 38 36 34 37 34 33 35 35 35 36 35 33 35 37 37 36 33 36 39
23 24 24 24 24 23 23 24 25 23 24 24 24 24 25 25 25 24 24 26 26 26 26 26 26 26 25 26 26 28 29 27 27 28 28 27 27 26 26 26 27 27 27 30 31 28 26 27 27 27 27 28 28 29 27 27 27 27 28 29 29 30 34 30 28 29 30 31 35 31 31 32 36 38 32 32 32 32 32 30 32 32 32 34 34 35 35 37 38 37 36 36 36 36 42 43
24 24 24 23 23 23 24 24 24 24 24 24 24 24 24 24 25 26 26 25 26 26 26 25 25 25 25 25 25 26 28 26 27 28 26 27 28 27 26 27 28 28 28 32 29 27 26 28 27 27 27 28 29 32 30 32 29 28 29 30 29 28 32 31 28 29 29 29 31 33 31 31 32 33 36 32 32 33 32 32 33 35 32 32 33 33 33 33 36 40 43 43 37 34 41 42
23 24 25 24 24 24 25 25 24 23 24 24 24 25 24 24 23 25 26 24 25 25 25 26 26 26 26 25 26 26 28 27 27 27 27 27 26 26 26 26 27 28 28 32 28 27 27 27 28 27 28 28 28 31 29 29 31 27 28 32 30 27 36 35 29 29 32 32 30 32 33 32 33 32 34 34 35 32 32 32 34 35 35 37 36 36 40 35 33 35 38 40 37 32 36 38
23 23 24 24 24 24 24 24 24 24 24 25 25 24 24 24 24 25 25 26 25 24 24 25 25 25 26 27 27 26 26 26 27 27 28 27 26 27 27 26 27 28 28 29 28 27 27 27 28 27 28 30 32 30 26 27 28 28 29 32 30 28 33 34 29 31 32 31 30 30 31 32 35 33 34 37 34 33 38 39 35 34 35 34 33 34 34 34 34 36 37 37 36 36 39 39
23 22 23 24 23 24 25 25 25 24 24 25 24 24 24 24 24 24 25 26 25 25 24 24 25 25 26 26 26 26 27 27 28 29 30 30 27 28 28 26 27 28 27 27 27 28 29 28 28 28 28 30 33 29 27 28 27 30 30 28 28 29 32 38 34 32 32 30 30 31 30 31 35 36 33 35 35 35 39 43 42 36 33 34 33 33 33 32 34 37 36 37 39 33 32 39
24 23 23 23 24 23 24 25 26 24 24 24 25 25 24 24 24 24 25 24 24 25 25 25 25 25 25 25 25 25 26 25 26 26 28 29 27 27 28 27 27 29 30 28 27 30 32 32 30 29 28 28 30 30 29 28 28 27 29 29 29 31 33 36 36 32 32 33 31 31 30 31 35 34 35 37 35 31 35 37 42 41 38 34 35 36 34 33 35 34 32 39 41 35 34 35
23 24 24 23 24 24 23 24 25 25 25 25 25 24 24 24 24 24 24 24 25 24 26 26 26 26 25 26 26 26 26 25 26 25 26 28 28 28 28 27 29 31 32 30 28 31 33 30 31 29 29 29 31 29 29 30 28 28 29 28 27 28 30 32 36 30 27 31 30 30 31 31 30 30 36 44 39 31 33 33 34 41 42 36 35 34 36 33 30 32 32 34 35 35 39 36
23 23 23 23 23 23 24 24 24 24 24 25 26 26 24 24 24 25 24 25 25 24 24 27 27 25 25 26 26 26 26 26 27 26 28 28 29 28 26 27 28 28 29 28 26 27 30 29 30 31 30 30 29 29 29 29 28 28 28 28 28 29 30 30 34 33 31 32 29 30 29 29 30 31 33 37 39 33 34 37 32 34 38 40 34 33 32 33 33 37 35 31 32 35 32 33
23 23 23 23 23 24 24 23 23 24 24 24 25 26 25 25 24 24 25 25 25 24 24 26 27 26 25 26 25 26 26 25 27 28 27 26 28 28 27 29 29 28 28 28 27 26 27 28 28 32 34 30 31 30 28 28 27 27 28 28 29 29 29 29 32 32 29 39 37 29 29 32 31 32 32 30 37 36 36 44 40 36 35 35 35 35 36 35 34 36 36 35 37 45 46 35
23 23 24 24 23 24 24 24 24 24 24 24 24 24 26 25 25 24 24 24 26 26 25 25 26 27 27 27 26 26 25 25 28 29 29 27 26 26 27 29 31 27 28 29 27 27 27 28 27 27 32 33 31 30 28 29 32 30 29 30 29 27 28 29 30 31 32 41 43 32 33 32 31 30 33 32 36 38 33 36 42 37 34 37 36 35 34 36 33 32 32 34 35 35 44 39
23 23 23 23 24 24 24 24 23 23 24 24 23 24 24 25 26 26 26 25 25 26 25 25 25 24 26 27 27 26 26 26 27 27 27 27 27 27 27 30 29 27 28 28 28 27 27 27 26 27 29 29 29 30 30 29 29 30 29 30 31 28 28 29 30 30 32 32 33 32 37 32 31 32 33 35 33 33 33 31 31 36 37 39 43 38 36 34 33 34 35 35 37 36 40 40
23 23 23 23 24 23 23 24 24 24 24 24 25 24 24 24 25 26 25 26 25 25 26 25 26 26 25 25 26 28 29 28 28 28 26 26 27 27 28 27 27 27 28 28 28 28 28 27 28 29 28 27 27 29 32 32 29 30 33 32 32 29 29 29 29 30 31 30 32 35 32 31 29 32 31 31 34 33 31 30 31 33 34 41 44 43 39 36 34 37 34 32 33 33 38 34
