examples/data/proba_v_italy_sicily/probav_s10_toc_x19y03_20140711_333m_ndvi_v001.txt
ncols         1127
nrows         589
xllcorner     12.348214285714
yllcorner     36.598214285714
cellsize      0.0029761904761905
NODATA_value  -9999
[rows 104 to 155 of 589, columns 672 to 767 of 1127]
28 27 27 27 29 28 27 27 27 27 27 26 26 27 26 27 27 28 36 30 28 28 30 31 26 29 40 42 45 45 48 36 33 40 30 30 30 30 30 30 28 27 29 27 28 25 28 33 33 33 31 29 35 30 41 54 76 93 115 124 113 128 153 192 199 197 160 153 139 174 203 133 140 173 166 160 158 168 178 178 190 175 180 181 192 178 180 178 178 199 196 208 211 191 185 192
28 28 27 27 26 27 27 27 28 27 27 27 26 25 27 28 27 30 28 29 28 32 31 24 46 81 110 120 117 124 136 132 67 31 30 32 31 30 33 33 32 32 28 32 27 27 29 30 28 35 55 79 101 130 138 157 176 165 186 186 146 137 166 169 180 168 145 155 162 179 192 137 133 179 164 169 177 176 179 182 146 126 137 138 179 196 189 183 174 195 193 206 194 173 172 174
27 27 27 27 27 27 28 28 27 28 27 27 27 26 27 28 28 28 28 31 32 27 22 67 111 126 114 126 130 147 158 137 88 44 32 28 24 28 27 27 35 30 27 29 39 84 112 122 122 132 140 141 162 176 186 185 206 181 193 199 188 157 177 185 170 165 165 150 158 176 193 168 162 178 156 161 172 181 167 143 116 125 120 121 162 195 194 175 168 189 199 203 205 194 173 172
27 28 27 27 27 27 28 28 27 28 28 28 27 31 31 29 28 29 32 28 24 39 96 132 131 135 127 117 132 148 171 159 150 131 121 115 108 98 97 101 102 106 98 97 113 127 127 125 135 170 180 194 188 176 181 163 178 181 158 164 187 203 220 213 192 158 147 151 155 183 191 177 175 163 150 153 156 168 180 153 140 147 144 116 139 187 207 192 184 193 187 181 193 197 191 184
27 27 27 27 27 27 27 27 28 27 28 28 28 31 32 29 32 33 26 28 77 116 137 151 155 147 156 131 135 144 147 154 166 171 193 196 168 147 143 141 130 127 122 119 124 130 130 133 132 145 146 165 190 185 185 173 174 198 222 206 185 208 227 238 211 176 160 157 149 151 169 190 185 161 160 172 179 182 199 185 168 177 159 134 150 171 186 193 182 195 214 204 186 188 175 172
30 30 27 28 28 28 28 27 30 31 28 31 32 32 32 27 27 20 46 104 134 132 138 153 166 161 151 140 135 138 141 134 158 171 191 214 174 145 148 142 140 125 121 128 123 117 117 138 151 124 157 186 236 208 192 212 214 211 205 191 200 229 234 230 220 224 223 212 188 166 168 184 185 159 182 199 168 170 175 170 150 142 149 143 144 150 161 181 181 175 175 189 187 177 167 154
31 30 25 30 30 28 28 28 32 32 33 27 29 23 42 73 77 101 121 135 155 160 140 151 166 171 156 146 135 153 161 122 137 173 183 189 182 163 149 141 156 149 136 138 127 117 120 116 125 130 150 183 234 223 185 172 204 197 177 201 194 193 228 221 228 234 224 220 205 172 157 171 194 186 186 200 163 141 157 173 168 155 150 133 141 169 176 181 175 169 179 182 178 156 155 154
31 27 35 30 31 31 28 29 29 30 27 25 75 102 130 152 152 146 148 153 150 144 138 132 149 176 180 151 122 141 155 127 125 139 143 149 151 157 151 153 177 165 155 159 160 162 157 130 117 127 142 189 236 226 225 205 221 216 179 212 215 198 224 226 227 227 222 206 186 150 132 187 180 176 185 201 177 178 173 186 179 178 162 150 138 141 142 160 168 170 172 179 181 157 174 170
95 89 70 30 27 25 25 29 32 64 92 102 128 141 137 134 131 132 146 158 138 150 174 179 174 176 190 177 153 137 142 145 139 132 124 127 145 156 149 145 153 158 147 145 145 154 148 136 134 149 173 213 234 250 245 228 224 220 200 227 238 211 208 242 242 231 212 185 166 167 161 176 189 173 181 195 179 190 169 164 150 148 157 141 112 130 140 156 174 175 185 192 179 157 179 177
87 85 98 103 126 115 102 116 133 138 132 128 125 129 128 145 148 150 171 169 161 189 178 181 197 188 186 185 172 154 156 163 168 150 155 157 158 158 139 138 159 165 166 172 169 165 160 163 165 178 232 212 239 245 242 230 232 221 220 239 244 228 221 240 239 234 224 193 168 170 186 185 160 158 168 169 171 172 175 169 165 152 135 90 87 135 152 162 181 173 176 190 187 184 190 174
82 72 112 146 145 135 130 150 149 134 147 153 144 150 128 142 164 158 188 198 190 165 191 194 205 213 193 176 177 169 176 190 184 174 156 163 164 153 153 175 213 208 179 180 185 182 183 173 191 224 231 218 238 250 239 218 229 223 229 245 245 228 239 225 224 219 197 184 205 217 203 179 172 163 157 171 174 186 187 170 167 163 159 95 85 126 148 144 155 157 159 170 187 176 182 183
115 108 147 142 126 135 165 180 160 143 151 169 167 156 160 165 170 156 177 200 214 188 174 213 222 218 193 172 194 204 183 190 179 162 165 160 165 152 176 187 204 188 184 173 158 164 189 207 204 191 216 243 230 250 242 230 244 232 232 246 245 245 240 231 212 223 210 184 186 207 183 174 164 150 160 166 168 195 183 188 179 156 149 150 105 107 149 177 179 163 155 162 178 177 179 178
124 128 154 156 143 152 176 159 164 175 181 187 176 166 178 174 174 156 164 209 216 224 228 238 234 235 228 219 203 188 175 167 183 159 155 162 132 144 170 171 167 172 193 199 171 151 170 186 183 192 244 248 230 238 239 236 234 238 250 250 250 244 224 223 236 228 224 216 204 203 217 188 158 148 154 152 166 185 169 171 160 156 181 196 140 119 150 182 191 164 146 159 179 183 176 170
122 132 153 162 161 176 196 178 169 192 203 199 190 184 188 182 182 154 153 189 231 228 242 243 237 244 244 224 208 191 180 171 185 153 148 167 160 153 161 155 170 184 190 193 187 173 166 174 191 200 233 247 239 230 236 241 236 240 248 250 238 250 249 243 236 211 187 205 211 203 219 203 186 165 153 157 162 163 167 166 165 173 166 161 147 147 178 178 171 164 152 149 148 163 175 171
130 147 146 138 150 170 176 185 177 183 201 207 182 172 186 199 207 185 171 185 208 222 237 247 250 248 246 247 238 230 224 203 165 188 172 170 159 163 174 168 184 172 177 176 188 197 178 164 178 190 194 225 206 203 227 240 243 246 238 245 229 250 250 231 222 217 195 181 187 195 183 192 191 175 164 175 158 148 156 161 175 179 158 159 166 149 140 150 168 203 215 199 184 181 171 165
124 141 152 145 147 161 166 179 196 205 188 192 201 212 214 215 215 190 192 184 198 221 244 243 247 242 236 244 243 237 234 203 171 182 175 154 149 154 191 196 200 157 186 223 210 190 179 169 174 223 227 209 183 204 231 244 235 242 232 226 232 231 228 215 205 206 203 186 169 184 172 190 200 194 194 210 194 154 153 158 175 156 163 162 172 187 157 147 151 165 206 227 214 183 153 152
156 152 161 149 151 163 164 173 201 222 203 200 219 222 201 192 205 205 209 201 205 228 247 249 249 246 244 247 246 242 238 219 209 179 171 156 150 149 189 212 215 185 204 217 209 212 199 193 196 216 233 212 196 222 233 228 232 239 239 226 215 207 202 200 213 216 206 190 202 222 219 224 213 204 206 214 223 189 161 156 156 154 163 174 171 197 177 142 137 140 172 214 222 207 183 177
162 170 174 165 154 180 186 160 165 209 233 232 236 214 211 202 195 200 224 231 228 225 240 249 245 246 245 238 236 234 225 190 176 169 174 182 161 165 181 202 215 229 221 221 218 225 201 158 165 187 212 192 195 227 240 231 224 237 250 232 205 182 185 189 200 214 199 171 199 223 224 233 226 211 216 222 232 213 188 183 172 171 142 154 150 163 157 162 174 167 165 177 175 175 177 164
155 159 171 170 152 154 175 188 172 173 195 224 241 230 222 201 170 185 215 237 239 224 230 249 250 246 238 230 224 217 211 209 190 167 205 210 202 168 181 175 177 217 233 223 225 232 207 180 201 173 175 185 191 234 250 235 220 241 250 243 228 210 197 182 192 199 195 182 178 197 208 217 194 192 206 220 221 206 176 197 218 187 132 160 156 154 155 170 188 202 197 187 169 148 151 148
182 165 166 154 147 138 146 160 171 183 162 198 231 221 212 176 154 177 216 242 232 225 224 246 250 249 238 226 225 229 211 216 192 177 169 165 158 154 151 162 158 201 218 212 205 203 207 212 205 187 177 215 240 241 245 250 241 228 229 234 229 222 193 162 173 174 169 178 176 161 163 158 138 142 172 201 201 204 196 198 203 191 168 158 146 175 199 181 161 173 190 201 188 144 143 129
170 159 150 161 170 152 174 190 182 171 174 208 215 201 216 190 159 187 241 245 224 183 198 228 243 240 229 204 191 216 223 224 228 208 181 158 145 158 157 162 194 225 221 214 216 228 220 214 220 231 236 245 249 242 250 250 242 225 225 228 218 211 193 168 186 194 185 163 163 151 152 149 156 178 196 210 216 225 199 178 186 199 189 173 167 175 196 204 209 202 181 201 217 197 171 135
183 179 165 153 158 153 161 175 171 175 195 208 195 181 206 192 179 218 238 238 230 214 204 233 232 212 208 234 225 242 244 235 212 230 229 203 176 173 180 163 206 234 240 250 237 245 229 208 210 242 248 246 250 250 243 240 243 230 226 212 194 188 193 186 189 190 181 152 154 161 176 194 212 206 201 223 231 236 216 186 178 165 188 189 160 171 183 218 225 235 209 181 208 197 189 182
192 191 177 165 155 161 153 156 171 173 179 203 178 183 193 193 192 244 250 243 229 231 239 248 229 243 242 244 248 248 243 236 235 212 203 201 193 170 173 179 194 205 198 226 228 233 244 250 233 246 250 250 250 250 243 223 220 223 228 212 183 190 198 202 166 155 142 145 167 189 213 225 232 239 234 240 243 248 235 208 194 172 193 159 144 189 201 200 196 234 240 209 200 194 190 190
159 180 184 179 176 175 182 188 188 188 187 202 205 208 196 166 163 222 243 250 250 240 238 246 249 250 249 243 240 239 233 224 238 228 200 178 156 167 199 213 199 196 193 210 221 220 216 238 250 250 249 248 250 247 249 241 239 238 234 216 176 175 200 202 158 143 136 144 174 185 203 223 234 233 212 208 225 235 223 188 180 186 203 186 161 167 189 184 195 242 247 240 233 220 176 166
153 163 166 175 182 189 195 197 189 191 188 196 194 190 176 139 134 212 250 250 249 248 240 241 242 247 237 208 209 240 232 230 244 224 214 160 192 212 230 241 241 238 231 204 218 234 226 239 250 250 249 248 250 250 250 245 248 249 242 222 192 183 200 204 176 147 134 162 205 214 193 201 228 233 197 180 195 202 211 195 177 184 195 191 165 166 177 184 222 246 245 241 203 199 180 152
181 182 174 172 155 168 167 162 162 173 186 195 172 160 158 188 200 235 250 250 250 247 245 246 244 243 239 229 236 235 231 236 225 211 195 164 163 196 214 200 198 217 217 202 207 235 247 249 249 250 250 250 249 250 250 250 250 246 218 195 176 189 190 177 169 144 142 178 204 201 201 195 231 244 223 203 206 198 195 209 197 212 201 192 188 187 175 170 199 247 249 243 200 171 163 163
182 175 176 177 178 179 166 160 154 141 160 174 162 153 158 194 229 247 250 250 250 250 250 250 249 245 231 236 250 241 240 233 232 208 171 137 156 168 172 172 170 158 181 188 186 214 242 245 247 250 250 250 250 250 250 250 248 239 224 231 220 213 191 187 181 157 160 197 206 199 199 214 225 244 245 213 220 207 194 195 179 200 201 199 214 202 184 179 188 225 247 250 231 192 176 168
174 181 176 189 191 182 191 185 178 166 176 171 174 177 174 173 189 239 250 250 250 250 248 244 246 250 243 242 249 244 250 236 233 222 216 188 170 186 184 179 160 143 154 162 183 207 214 216 235 247 250 250 250 250 250 250 245 243 250 250 245 236 210 202 178 158 172 207 228 218 202 189 191 216 234 222 209 205 188 198 194 179 183 163 187 187 194 198 180 188 230 247 242 208 197 203
184 190 168 178 181 189 197 191 179 149 158 167 185 181 193 200 214 241 234 226 236 245 243 237 239 250 250 250 250 248 245 247 235 221 222 204 187 189 192 175 155 137 133 154 178 182 195 195 234 239 246 250 250 250 250 250 250 250 250 249 242 245 235 193 176 208 219 225 218 234 232 202 184 224 240 236 234 209 189 177 205 199 204 178 180 199 194 196 184 193 241 243 236 229 218 221
194 178 167 217 189 164 170 171 154 149 171 200 184 172 214 218 215 226 238 236 222 239 249 247 245 240 240 244 246 246 240 248 246 233 234 221 213 189 178 173 163 148 153 142 131 150 184 202 216 231 241 248 249 250 250 250 250 250 250 250 250 247 232 210 190 200 222 215 208 228 242 221 214 230 231 233 237 238 222 188 185 196 231 196 202 200 198 222 206 172 229 241 221 232 247 239
196 163 180 203 170 158 187 180 171 161 180 206 197 196 228 228 207 214 224 237 234 247 250 250 250 244 242 249 250 250 250 249 248 247 239 217 221 215 188 174 176 184 190 156 156 166 187 222 220 220 225 245 250 250 250 250 250 250 250 250 249 245 238 228 200 183 189 193 226 238 236 243 244 239 235 230 217 218 209 169 134 149 189 183 184 207 210 240 232 171 191 223 221 232 244 245
180 183 162 169 200 204 167 194 183 161 159 153 158 173 192 205 200 193 196 222 229 248 242 241 250 250 246 238 241 246 247 242 245 241 203 167 188 211 207 204 211 207 182 162 201 209 195 211 214 219 242 250 250 250 250 250 250 250 250 243 234 239 233 217 201 200 203 189 219 226 241 242 244 247 244 231 220 221 193 157 144 158 170 176 194 209 205 213 225 193 170 190 185 196 210 238
167 181 158 171 217 228 225 216 186 192 209 196 176 154 162 167 178 153 163 182 197 223 236 231 244 250 250 244 240 229 200 194 221 225 171 158 181 188 190 183 178 159 146 167 216 213 195 219 219 213 239 247 235 250 250 247 248 250 250 250 246 244 239 226 229 213 195 181 177 172 206 224 241 244 227 222 232 237 223 219 205 189 203 217 215 212 227 238 222 184 176 201 218 216 223 230
173 161 155 162 196 219 224 209 193 222 224 211 188 160 130 150 160 143 133 140 158 170 197 240 241 246 249 245 244 228 201 200 227 224 195 220 234 184 177 220 203 147 139 167 214 235 226 226 214 212 231 247 247 250 249 248 250 249 249 250 250 248 241 228 216 208 181 193 219 220 230 240 244 246 237 239 250 250 224 223 217 202 194 228 199 198 237 249 210 173 157 186 213 218 228 229
177 169 160 155 196 219 216 192 177 181 184 194 196 184 167 172 152 165 188 161 146 168 208 240 242 244 246 244 243 241 219 209 218 236 219 228 250 250 246 240 203 162 182 231 235 228 229 221 222 237 225 234 247 249 244 245 250 250 248 247 250 250 236 232 215 231 239 237 247 250 249 248 244 243 245 244 250 250 245 239 241 217 196 213 199 184 188 201 155 185 202 161 153 204 229 239
125 115 116 151 195 216 210 206 181 168 188 195 203 183 187 208 205 203 213 176 164 185 193 205 216 237 250 241 228 231 245 232 213 221 242 250 250 250 248 246 244 208 203 237 244 239 228 230 241 244 242 248 250 250 250 247 250 250 244 218 223 246 247 232 226 235 243 246 247 250 250 249 248 249 244 227 233 241 247 234 225 213 175 181 180 189 175 149 149 169 155 115 144 166 200 244
127 121 157 188 188 175 177 177 151 178 190 185 200 198 216 223 211 208 195 189 210 195 178 181 203 209 226 242 245 245 241 222 219 226 244 250 248 245 242 237 239 215 178 182 210 237 238 236 238 240 232 237 245 246 246 247 249 249 248 237 235 235 219 222 243 246 242 248 245 249 249 245 250 248 237 224 229 238 229 186 166 183 188 185 193 208 164 147 172 176 142 123 160 158 160 218
109 120 152 174 144 120 142 164 148 153 190 191 181 195 213 222 232 237 223 211 202 187 190 183 186 193 221 244 250 248 232 242 226 230 241 244 244 246 244 235 214 182 172 193 202 208 234 231 221 233 240 240 246 242 246 245 243 248 245 239 233 224 224 246 250 250 250 250 250 250 250 248 250 246 231 239 245 245 236 201 180 211 235 204 170 178 189 181 167 175 194 169 158 164 199 224
114 109 123 110 72 89 158 171 161 168 181 193 175 188 199 208 218 227 220 205 174 150 180 204 205 204 221 239 250 244 240 230 230 235 243 243 250 250 250 250 244 212 178 220 240 217 224 241 244 240 246 250 250 250 248 244 246 250 248 246 235 230 249 250 250 250 250 250 250 250 250 249 243 238 218 215 224 225 215 188 199 234 241 223 185 165 201 185 144 140 162 175 166 147 149 159
116 119 124 104 87 114 142 153 141 147 164 180 171 180 220 233 232 234 216 203 187 164 144 173 206 208 201 199 219 243 233 233 239 238 232 248 250 250 250 250 250 219 176 193 223 222 227 242 250 244 244 250 250 250 250 250 247 249 250 246 245 247 249 250 250 245 250 250 247 249 250 246 221 227 230 222 218 204 191 217 233 233 240 238 224 193 158 183 181 185 179 167 149 151 146 153
196 219 213 190 149 149 160 152 137 138 169 186 162 159 217 244 240 221 198 178 169 174 150 160 186 201 178 178 195 241 239 224 231 196 162 213 250 250 250 250 248 200 150 220 237 238 242 246 250 250 250 250 250 250 250 250 250 248 250 249 250 248 243 250 250 250 248 243 247 250 250 244 226 216 223 218 217 222 222 241 235 237 245 246 239 229 201 184 168 172 156 157 165 152 157 180
171 157 146 162 150 135 174 175 136 134 158 128 121 140 210 230 197 180 169 158 133 162 143 133 174 174 165 187 228 237 237 222 239 221 185 222 250 238 239 247 242 212 176 246 250 244 250 250 250 250 250 250 250 250 250 250 250 250 250 250 250 250 250 250 250 249 246 250 250 250 250 241 228 220 225 237 244 239 228 232 245 243 250 243 236 231 228 211 175 156 154 146 157 158 151 138
139 127 112 119 138 133 128 135 137 150 159 147 126 124 174 196 170 171 184 157 130 140 149 131 155 166 174 213 233 249 245 239 234 227 231 232 249 249 250 250 250 242 208 231 245 249 250 249 249 250 250 250 250 250 250 250 250 250 250 249 250 250 250 250 250 250 250 250 250 249 247 235 231 235 243 250 248 238 222 241 247 245 239 237 228 219 234 242 237 231 227 212 193 175 165 161
160 159 131 110 133 140 128 134 125 134 151 143 126 106 102 135 186 211 184 157 141 161 191 153 155 183 190 208 224 244 247 248 249 250 244 250 250 237 250 250 250 243 192 209 237 250 250 250 249 250 250 250 250 250 250 250 250 250 250 250 250 249 250 250 250 250 248 237 235 245 244 233 228 245 250 250 250 250 244 244 244 243 238 244 236 231 236 237 244 239 231 220 214 217 223 221
179 164 120 104 115 139 137 140 142 141 134 134 149 162 153 171 219 219 159 125 161 201 214 165 138 160 183 193 219 241 239 242 240 242 244 244 244 250 250 250 250 250 204 171 224 245 248 250 250 250 250 248 250 250 250 250 250 250 250 250 250 247 244 250 247 248 249 234 222 239 240 223 245 250 250 250 250 248 243 249 250 250 250 250 245 250 239 235 249 234 225 225 211 238 242 247
158 143 126 113 119 115 118 127 137 142 138 153 152 164 171 178 228 231 177 151 167 159 187 182 144 141 191 213 223 233 229 232 242 241 243 247 246 250 250 250 250 250 214 184 230 249 250 250 250 250 250 244 250 250 250 250 250 250 250 250 250 250 250 250 250 247 249 248 244 242 223 203 246 250 246 243 234 238 246 246 250 250 250 250 250 250 249 223 240 245 246 233 215 236 238 228
187 158 130 115 129 117 123 146 151 148 145 162 168 156 157 194 239 224 199 192 197 187 171 178 175 152 171 198 204 220 217 232 246 247 244 248 250 250 250 250 250 234 208 186 233 250 250 250 250 250 250 250 250 250 250 250 250 250 250 250 250 250 250 250 250 250 250 250 250 246 219 207 238 240 234 237 244 246 250 250 249 249 250 241 250 241 229 224 249 241 250 245 242 237 233 237
167 157 133 142 141 131 141 150 147 147 158 171 178 175 158 175 213 198 186 188 217 224 198 190 189 171 165 178 178 212 239 241 245 248 248 244 250 250 250 250 250 246 241 238 220 246 250 250 250 250 250 250 250 250 250 250 250 250 250 250 250 250 250 250 250 250 250 250 250 250 249 241 241 248 250 250 250 250 250 250 250 248 247 246 246 244 250 250 250 250 250 250 250 250 243 248
159 128 118 122 145 146 158 150 137 144 151 170 166 170 170 183 208 211 185 185 219 208 188 170 168 160 157 185 186 197 227 209 228 250 250 245 241 250 247 250 249 243 243 250 239 240 247 250 250 250 250 250 250 250 250 250 250 250 250 250 250 250 250 250 250 250 250 249 250 248 241 247 250 250 250 249 246 250 250 249 250 250 250 250 250 250 250 250 250 250 250 246 245 246 250 245
192 146 119 121 119 138 143 141 133 133 161 172 170 183 196 204 228 229 224 199 171 166 164 173 176 166 182 199 207 194 188 175 208 231 240 243 250 250 245 250 250 250 249 244 248 247 230 220 233 250 250 250 250 250 248 250 250 250 250 250 250 250 245 250 250 250 250 250 250 240 240 243 242 249 250 250 250 246 241 248 250 250 250 250 250 250 250 250 250 248 250 250 250 250 250 250
197 165 128 137 139 122 134 128 119 128 206 202 185 189 211 213 207 220 224 202 180 196 191 190 170 163 190 224 240 220 184 189 210 234 244 247 250 250 250 245 250 250 245 229 245 236 200 177 197 229 246 246 246 244 236 236 247 250 250 250 250 250 250 250 250 250 250 250 250 247 250 247 237 245 250 250 250 249 248 250 249 250 250 245 250 250 250 250 250 248 250 250 250 246 250 250
181 174 156 142 137 125 134 143 130 133 188 199 184 188 172 199 210 222 232 227 207 206 202 192 176 170 193 232 246 248 237 228 246 247 250 249 248 249 248 247 249 247 246 219 235 239 180 164 197 205 228 250 250 249 229 186 185 221 239 245 246 250 250 249 249 250 250 249 248 250 250 250 250 250 250 250 250 250 249 245 231 233 249 246 250 250 250 250 247 250 250 250 250 250 250 250
