examples/data/proba_v_italy_sicily/probav_s10_toc_x19y03_20150111_333m_ndvi_v001.txt
ncols         1127
nrows         589
xllcorner     12.348214285714
yllcorner     36.598214285714
cellsize      0.0029761904761905
NODATA_value  -9999
[rows 255 to 305 of 589, columns 864 to 959 of 1127]
196 194 203 205 201 207 200 196 193 184 178 184 186 177 165 163 158 138 100 107 94 120 158 175 156 138 112 122 112 111 135 142 149 159 160 145 130 125 132 145 142 154 167 172 151 148 173 186 189 170 151 145 135 157 184 185 182 172 158 150 146 148 155 174 175 184 192 201 205 168 169 163 166 159 154 168 155 170 189 172 159 189 202 165 202 208 150 46 70 59 46 38 31 35 31 28
198 203 205 204 198 197 197 193 195 189 186 190 194 182 169 169 165 162 114 73 92 138 162 152 117 83 95 116 107 119 114 102 128 154 155 149 128 122 136 156 151 160 164 149 143 135 150 167 176 151 136 144 135 138 163 167 165 162 149 155 161 140 139 160 168 181 190 195 177 141 155 173 176 151 103 121 148 173 188 183 179 196 207 179 201 210 183 44 80 59 46 38 38 35 31 24
223 211 197 203 205 205 202 202 200 194 193 190 181 180 169 160 177 169 138 80 72 120 157 127 71 63 100 116 100 103 112 111 112 140 163 158 141 119 127 150 152 152 145 125 151 179 154 142 159 139 143 174 167 152 146 154 152 152 126 124 171 140 107 140 164 182 161 166 172 159 169 176 168 163 109 96 143 164 182 186 194 167 181 189 202 197 165 83 66 64 46 38 38 35 35 35
216 218 205 205 217 218 213 209 201 207 198 182 182 182 168 135 151 164 141 79 73 114 129 125 101 94 122 117 104 97 112 127 126 153 170 169 165 140 126 134 149 152 144 157 166 150 140 151 167 175 173 179 188 178 154 147 140 128 109 117 174 152 123 157 170 171 141 148 163 149 167 177 166 164 136 122 163 188 190 190 186 139 156 189 165 150 138 109 50 56 46 30 34 35 31 31
209 209 202 205 209 211 211 196 193 202 189 177 184 183 181 170 170 184 149 100 103 132 142 131 116 108 116 105 112 89 97 116 120 150 171 171 169 147 130 146 162 163 134 126 159 131 131 138 121 146 159 139 173 181 179 169 149 116 94 104 132 155 169 171 167 149 136 128 104 103 152 158 149 145 138 174 194 179 193 200 181 185 204 184 172 187 160 36 30 31 29 29 30 30 29 28
213 212 216 216 212 200 200 196 187 167 166 172 183 189 188 181 178 184 165 155 165 170 156 147 129 111 107 100 126 120 101 96 81 96 145 163 152 148 137 125 146 157 132 101 114 128 144 128 130 155 146 100 130 161 143 131 128 115 128 131 136 151 140 133 140 121 120 119 102 125 148 146 138 127 117 169 196 174 175 173 175 189 197 163 147 178 178 86 50 56 46 30 34 34 34 30
218 217 209 215 204 191 194 194 189 173 181 190 193 194 187 185 179 180 162 148 171 185 178 157 119 104 101 100 97 95 97 101 88 101 125 125 123 149 140 110 110 103 92 101 103 103 98 101 137 161 173 140 124 171 170 141 119 117 143 137 131 135 126 132 141 129 118 119 130 154 158 166 177 154 131 170 190 192 183 153 150 194 191 149 107 96 120 68 66 56 35 30 30 34 31 31
189 205 209 214 210 209 203 190 191 187 185 187 193 194 192 195 196 191 164 143 171 183 144 109 116 108 83 78 94 94 104 120 104 106 104 101 129 136 133 119 123 114 107 157 163 133 113 113 129 165 188 171 123 142 143 124 110 131 161 164 158 156 130 124 114 114 152 156 164 164 149 157 194 194 197 212 205 174 189 193 167 186 159 119 187 145 107 85 63 49 35 30 30 30 27 24
178 184 193 204 190 185 191 197 203 200 203 204 201 192 193 193 192 183 174 170 179 158 88 99 98 82 90 89 91 113 122 121 104 105 121 123 150 169 159 140 142 146 131 154 185 182 164 136 134 141 157 168 132 128 136 145 128 133 157 182 200 182 143 119 104 105 160 175 169 173 176 187 194 162 163 187 191 185 173 191 186 157 114 115 167 122 103 78 56 49 35 30 27 34 27 24
192 184 168 171 174 182 188 187 204 215 210 210 208 201 195 193 181 186 185 161 159 103 58 86 83 56 105 119 104 137 129 113 112 113 115 153 180 173 167 155 147 164 152 156 190 206 181 152 160 132 131 134 154 145 162 175 150 130 145 175 205 179 148 138 131 132 150 161 157 156 180 175 173 159 166 201 194 186 170 160 145 109 93 210 117 111 103 78 51 44 35 27 27 27 24 24
173 166 169 170 185 196 191 191 206 216 219 203 178 162 196 203 202 192 187 177 151 95 82 95 89 95 148 170 167 137 92 116 116 114 118 111 143 159 160 180 188 190 158 150 167 173 160 126 129 101 87 97 149 184 158 150 153 126 157 173 180 153 144 189 200 200 192 174 173 121 120 163 198 206 199 205 206 199 187 173 134 88 91 157 132 103 103 78 51 45 36 31 31 31 27 24
142 167 184 172 180 212 199 176 197 184 179 180 155 134 173 193 195 182 192 187 129 76 78 71 114 168 175 177 157 119 82 92 106 97 120 109 116 166 183 186 206 188 135 124 127 142 178 156 134 107 112 102 111 132 121 146 179 166 186 172 158 185 183 185 179 197 208 191 173 147 177 181 174 184 197 197 189 172 153 132 110 93 174 193 157 117 91 66 52 41 32 27 31 30 29 29
193 181 153 162 189 220 213 196 199 187 167 168 175 167 172 187 193 193 201 188 114 70 68 96 159 176 166 143 122 123 121 107 124 120 150 143 119 143 183 182 183 147 119 120 107 130 149 157 153 127 155 153 125 141 118 148 181 162 150 175 186 202 170 166 191 198 205 193 181 183 202 193 171 174 179 160 106 93 140 250 250 250 214 250 190 145 91 70 60 43 37 31 24 24 28 24
211 201 191 213 215 202 211 218 219 213 202 188 199 203 193 194 196 193 209 179 86 53 50 78 136 162 139 86 93 105 100 102 143 164 181 183 143 136 186 197 177 134 121 125 122 141 138 130 148 122 129 132 114 127 144 179 168 161 166 144 159 177 182 175 184 170 150 178 194 196 196 199 198 210 205 177 103 95 250 209 218 250 37 37 37 159 114 87 74 53 37 31 28 28 24 24
190 206 226 223 217 208 203 197 197 187 203 211 182 198 199 181 163 178 177 139 69 60 61 84 104 107 134 144 118 121 128 106 135 166 177 170 137 149 186 202 194 148 130 136 119 124 161 184 162 127 106 89 117 153 148 156 143 151 179 161 139 179 203 189 174 143 138 184 207 212 199 200 182 189 203 186 155 178 37 250 250 37 37 37 37 37 103 89 65 45 37 24 28 28 24 28
196 205 200 198 212 216 218 200 169 148 119 177 197 187 159 150 171 148 79 68 85 74 76 105 119 129 161 178 161 152 165 155 147 161 168 143 110 101 154 196 198 174 172 163 146 149 184 169 125 120 127 118 140 160 148 145 160 178 181 155 144 189 210 200 197 184 182 198 200 195 155 143 171 178 193 171 167 37 250 250 37 37 37 37 37 37 103 89 61 40 29 24 28 32 32 32
168 185 196 208 223 226 224 223 208 178 128 110 180 128 54 59 93 81 70 78 74 79 86 102 125 157 173 167 169 172 177 175 160 168 167 142 113 109 114 133 154 150 169 183 174 145 165 172 139 121 129 130 114 118 163 205 208 162 135 137 143 156 159 164 166 180 161 162 170 135 118 128 167 158 145 138 183 37 250 250 37 37 37 37 37 103 84 75 59 39 33 28 32 32 32 32
176 209 210 206 224 225 210 209 209 183 176 162 143 109 94 99 108 72 75 91 56 61 112 117 128 164 172 158 166 179 180 181 169 164 164 147 136 139 115 96 128 152 162 183 180 149 139 150 126 108 87 85 84 123 165 188 199 172 123 135 116 110 123 146 154 159 146 144 182 187 191 158 120 119 144 250 37 250 248 227 208 190 187 37 132 99 70 48 50 48 28 24 28 24 28 32
197 220 214 202 196 202 199 198 211 202 181 193 176 138 101 86 111 112 93 92 89 72 119 169 162 165 169 162 159 173 176 179 172 161 169 167 135 119 110 105 113 166 182 172 154 143 104 101 107 112 115 107 99 95 100 100 118 129 123 130 134 144 189 207 186 148 130 135 184 160 136 136 177 37 250 250 37 250 248 208 174 149 120 109 99 78 65 51 45 33 32 28 24 24 28 32
221 211 188 166 146 132 173 181 186 199 198 213 196 146 112 108 138 174 156 129 122 94 109 121 131 160 164 177 175 180 182 177 179 171 177 174 134 106 93 98 103 148 151 121 126 153 112 109 141 127 136 148 126 99 88 96 97 98 133 157 169 152 150 173 175 136 95 101 154 172 138 194 37 250 250 37 37 37 37 159 137 103 99 89 75 65 51 45 44 33 36 28 28 24 28 28
219 207 204 178 180 183 186 195 188 164 194 215 204 177 179 195 181 171 175 185 154 151 161 106 123 171 177 177 177 174 174 169 175 180 168 151 139 104 97 128 140 132 118 121 133 138 116 133 157 128 119 157 151 119 113 134 128 114 136 168 161 135 109 107 138 127 112 122 129 37 37 250 250 250 37 37 37 37 37 149 123 91 72 65 68 60 44 38 38 29 28 28 24 28 24 24
208 194 208 194 213 228 204 189 174 185 206 217 214 205 197 201 198 185 185 191 179 168 180 163 122 167 182 160 164 188 177 165 167 157 150 151 156 129 108 137 134 138 166 141 153 132 120 126 131 110 90 136 143 134 158 147 105 111 113 111 99 97 88 69 93 93 84 56 250 250 250 250 250 37 37 37 37 37 145 114 91 77 62 53 44 38 37 33 33 32 32 28 24 24 24 24
218 206 211 219 231 227 210 201 176 194 219 217 202 197 199 199 200 186 183 184 163 153 177 160 149 166 165 149 160 183 183 174 167 149 154 171 163 132 143 133 102 109 176 197 180 137 144 144 144 149 118 109 104 97 100 86 82 93 106 83 72 77 79 69 92 116 105 50 250 250 250 250 37 37 37 37 37 187 120 86 72 57 48 33 41 32 32 32 24 28 24 24 24 28 24 24
222 216 201 190 214 217 202 205 193 202 207 197 200 189 180 170 170 177 190 197 152 146 195 181 150 121 105 100 115 123 109 107 136 153 161 179 167 149 143 134 86 78 115 146 134 117 111 131 148 132 113 110 110 87 79 68 66 67 82 87 80 63 58 68 77 86 93 88 37 250 37 37 37 37 37 37 37 155 103 70 56 43 36 28 28 28 28 31 20 24 28 28 28 28 24 28
217 218 195 171 193 196 172 175 174 182 201 202 194 184 179 139 133 183 186 192 188 188 188 158 128 135 137 98 68 69 68 77 111 136 124 123 168 172 100 73 85 115 127 117 125 118 109 116 121 96 114 154 118 77 78 72 64 59 58 59 71 63 56 79 83 83 74 48 35 212 205 205 225 37 37 37 37 109 86 59 45 38 28 24 28 28 24 24 24 24 24 24 28 28 24 20
209 218 217 198 187 180 171 192 192 180 199 204 200 210 195 127 108 175 182 186 190 188 159 158 168 182 178 159 116 73 70 88 110 104 94 98 110 119 77 68 96 124 119 116 102 115 117 107 91 83 90 125 108 76 74 75 63 61 57 53 55 59 63 68 52 41 40 37 28 134 125 125 149 145 140 37 103 103 68 56 49 37 28 28 28 28 24 24 24 24 24 24 28 20 20 24
216 212 204 210 196 174 174 191 196 197 196 180 200 212 181 115 85 148 191 191 185 138 84 86 131 149 138 144 115 97 78 76 85 86 82 81 74 68 73 80 82 103 89 89 112 120 117 120 142 130 80 86 84 69 84 90 66 65 65 59 57 59 78 56 48 28 23 34 28 95 103 99 99 108 99 98 81 72 57 54 43 37 28 24 24 28 24 28 28 28 24 24 24 24 20 20
215 210 215 224 218 201 186 182 201 207 193 196 214 216 201 150 92 137 192 187 171 121 80 74 68 98 119 123 115 117 96 72 78 88 94 87 92 86 85 96 98 97 115 130 150 116 93 113 135 109 73 70 66 70 93 103 70 59 62 57 59 66 80 41 44 23 25 25 23 20 15 15 15 84 75 75 63 56 50 43 37 32 20 24 24 24 20 24 24 24 24 24 24 28 24 24
200 203 209 222 214 219 218 208 216 216 200 200 205 209 195 135 131 181 192 193 185 167 142 111 91 114 130 129 133 158 154 128 117 129 150 145 160 149 111 113 147 139 115 87 85 87 91 88 68 73 94 82 81 70 65 73 59 54 64 68 59 56 55 55 34 23 23 25 20 17 15 15 17 20 54 54 49 43 42 33 32 32 31 31 31 24 24 28 28 20 20 20 20 24 24 24
209 217 180 210 223 211 213 216 217 220 217 208 198 195 169 111 144 191 197 185 170 177 164 129 120 122 130 136 135 157 152 152 164 184 197 185 164 165 146 121 131 154 134 95 93 119 140 141 118 111 102 79 82 82 71 62 59 61 65 60 53 46 43 40 42 38 17 15 17 15 12 15 17 12 46 46 41 37 36 36 32 24 24 24 31 24 24 24 24 24 20 20 20 20 24 24
179 205 189 187 216 202 191 196 201 206 204 211 206 196 191 162 170 190 199 181 157 165 176 174 156 140 128 128 133 145 163 171 183 197 195 182 165 170 164 143 139 142 153 144 135 126 88 84 98 122 93 76 78 78 67 63 63 65 56 47 35 33 37 37 35 35 40 40 15 12 10 12 12 12 12 9 32 35 28 27 31 24 24 16 24 28 24 24 24 24 20 24 28 24 20 20
202 210 212 202 208 219 215 195 193 196 197 212 202 202 195 188 193 190 174 177 182 178 172 188 174 143 145 153 162 176 193 198 196 203 207 198 172 144 112 120 144 159 155 170 183 183 160 124 113 118 100 80 76 68 66 72 68 52 33 31 29 33 34 34 29 32 39 33 46 15 10 10 9 9 9 9 7 27 20 20 24 24 31 24 28 24 24 24 28 24 24 28 28 24 24 24
213 210 209 211 214 219 224 206 179 189 212 218 206 192 185 187 188 193 202 197 193 192 178 175 184 179 173 180 200 204 202 193 190 191 195 200 193 151 117 126 123 122 106 108 130 153 168 173 140 120 146 104 72 65 60 63 63 51 30 18 21 30 32 32 35 32 26 23 19 36 10 10 15 9 9 4 7 27 24 24 31 31 31 28 28 24 24 24 28 28 24 24 24 20 24 24
205 196 197 209 212 200 191 190 183 199 213 213 218 217 216 201 194 213 213 196 200 201 205 192 186 189 184 179 195 204 209 189 164 181 195 187 177 174 181 174 121 85 85 85 97 100 106 127 140 154 125 96 81 71 67 70 68 47 25 5 20 33 32 32 32 32 26 30 27 27 27 15 15 12 7 7 7 24 24 31 31 24 20 20 24 24 24 24 28 28 24 20 24 24 24 24
207 209 207 214 221 216 210 211 196 197 203 221 214 206 216 218 213 218 211 209 216 214 213 205 191 187 183 147 172 199 190 132 142 203 203 187 175 182 195 182 148 130 134 133 137 141 132 104 121 148 118 89 73 75 72 79 80 37 17 10 25 30 32 32 32 26 30 30 20 20 27 23 10 7 7 7 7 7 31 31 31 31 24 20 28 31 24 24 28 20 20 20 24 24 24 20
202 215 211 192 198 214 207 211 201 193 199 199 201 206 209 207 212 211 219 226 220 218 217 207 211 213 205 146 155 211 167 142 200 213 196 195 173 162 191 184 166 169 176 168 145 145 146 103 96 121 125 108 89 71 89 107 82 31 1 0 17 32 32 32 32 26 26 20 17 17 23 23 23 7 4 9 9 7 31 31 31 35 35 28 28 24 24 24 24 24 24 24 24 24 20 20
205 216 219 214 203 203 211 217 209 202 215 214 220 219 224 223 221 209 222 225 223 225 221 207 214 227 226 215 212 190 135 156 208 214 196 209 201 185 198 178 148 140 151 152 140 163 160 121 144 153 114 96 110 97 123 82 40 5 11 22 20 31 29 29 29 23 20 17 14 14 20 20 23 7 4 9 12 24 24 24 31 35 28 28 28 28 28 20 24 24 24 27 27 20 20 20
225 209 206 209 209 213 213 216 216 217 213 195 219 223 230 232 232 235 232 226 224 218 224 214 223 232 216 217 219 189 120 166 229 212 188 206 209 202 182 148 165 162 140 122 131 146 133 130 145 153 94 76 77 104 146 78 19 8 31 28 17 20 26 26 26 23 17 11 11 14 17 20 23 27 23 23 23 24 24 31 31 31 28 28 28 28 28 28 24 24 28 27 20 20 24 24
236 226 215 219 226 214 202 187 186 184 193 207 228 225 227 225 226 230 232 223 217 208 213 218 226 239 234 238 241 204 111 120 203 223 208 216 226 228 190 141 196 211 160 124 160 167 162 143 124 119 156 165 82 92 147 78 20 9 33 31 28 29 26 29 23 17 14 17 14 14 14 20 23 27 23 23 27 27 27 24 31 34 31 28 24 24 24 28 24 24 31 20 20 24 24 24
222 226 225 215 222 226 224 205 139 133 187 212 234 236 221 210 213 226 233 233 212 223 231 234 239 250 245 240 240 205 178 166 198 243 250 245 236 228 229 228 221 215 175 124 189 192 172 173 170 139 157 129 67 89 137 83 14 20 38 36 34 32 29 32 23 20 17 17 14 14 14 20 20 23 23 27 23 27 27 23 27 24 24 24 24 24 24 24 20 24 27 27 27 20 24 24
218 228 228 217 219 231 234 234 193 165 204 226 238 242 232 229 222 215 234 239 234 219 215 222 215 221 232 242 216 233 226 213 209 211 231 226 229 222 217 222 203 219 194 124 150 196 155 149 164 113 92 73 100 147 138 84 33 17 36 37 35 35 32 26 26 23 17 17 14 11 14 14 20 23 23 23 23 27 24 23 20 24 24 24 31 31 24 20 20 20 27 27 27 20 24 20
238 241 218 194 209 224 233 242 240 229 232 234 230 236 232 205 212 233 234 238 235 220 212 211 186 199 223 215 201 172 181 201 197 211 221 207 215 201 169 162 204 231 176 127 185 164 112 85 63 64 71 92 130 130 149 112 39 25 44 48 35 36 36 30 23 27 20 17 17 11 14 14 20 20 23 23 27 23 24 20 23 24 24 24 31 31 24 24 24 28 27 20 20 27 20 20
239 227 207 201 213 214 226 235 237 230 221 217 214 216 197 177 201 202 200 211 218 218 219 202 183 207 226 199 193 207 200 201 192 183 187 191 192 205 168 162 219 222 203 182 176 163 164 172 178 195 188 172 165 164 164 125 44 42 54 54 42 34 37 30 30 30 27 17 17 14 14 20 20 20 23 23 23 23 27 23 23 24 24 31 31 31 24 24 27 27 27 27 27 27 13 20
216 200 215 216 218 210 215 234 241 238 234 236 197 134 133 193 212 179 205 229 212 201 189 145 133 201 223 210 205 193 201 215 214 195 206 219 231 224 196 193 208 206 177 199 227 230 234 228 223 214 200 188 164 166 174 112 45 39 57 62 47 41 35 34 27 30 27 23 17 11 11 20 17 20 20 23 20 27 24 27 27 24 24 24 16 24 27 31 27 27 20 27 27 20 27 20
207 203 206 187 155 170 219 239 240 240 230 231 196 119 139 209 218 221 230 232 231 210 169 116 146 195 220 219 204 192 202 210 147 151 206 207 213 216 207 215 231 194 144 160 228 240 219 175 186 209 196 187 193 177 179 132 51 49 65 54 48 55 53 47 38 30 27 20 14 14 14 10 17 17 17 17 17 23 24 24 24 24 24 24 31 31 31 27 27 27 27 20 20 20 27 27
213 192 127 152 134 146 214 232 231 242 238 230 214 210 209 222 226 227 233 227 228 221 186 159 170 180 200 209 206 201 195 189 165 174 213 211 180 186 210 219 209 147 73 67 125 188 158 120 156 197 194 192 208 180 162 148 73 48 72 67 48 62 68 48 39 34 23 14 14 14 11 14 14 17 13 17 20 20 24 27 24 24 24 31 31 31 27 20 27 27 27 27 27 27 27 13
218 187 130 127 104 112 180 220 231 225 228 225 205 221 231 231 230 232 239 235 211 195 193 188 192 199 213 215 215 209 202 204 203 206 217 221 217 207 203 201 137 72 64 71 106 144 204 209 174 190 209 213 211 191 176 145 68 16 80 65 57 62 59 44 39 31 23 14 14 14 11 11 11 10 10 20 17 20 24 31 24 27 24 24 16 20 24 27 27 27 20 20 27 27 27 20
243 224 218 211 185 162 158 183 225 229 221 228 227 218 218 231 236 236 227 223 191 163 161 184 222 218 215 218 209 197 184 170 156 155 188 212 219 216 178 123 87 74 88 92 116 135 123 107 79 121 203 216 211 200 188 142 71 23 98 81 65 58 61 52 31 23 17 14 14 14 11 7 11 11 14 17 17 17 20 24 24 24 24 24 24 20 24 24 27 20 20 20 27 27 27 27
231 206 221 220 223 213 202 207 203 200 204 210 216 210 206 223 226 220 213 198 206 224 226 208 216 222 208 180 159 177 187 163 126 132 179 196 204 201 167 125 134 120 126 160 143 88 69 66 64 103 182 206 200 195 186 144 71 44 66 79 78 59 47 35 27 17 14 14 14 11 11 14 11 11 11 11 10 13 17 20 24 23 20 24 24 24 24 24 24 20 20 20 20 27 27 13
219 207 216 229 234 224 226 217 179 151 198 213 194 189 191 189 194 163 171 180 206 232 240 238 222 217 214 190 185 202 178 118 132 164 188 190 187 174 139 95 117 155 148 148 170 113 88 83 76 105 180 206 195 171 167 150 96 62 54 56 81 71 43 20 20 17 14 8 11 8 11 11 7 7 4 7 7 7 10 17 23 27 31 24 24 24 24 24 20 20 20 20 20 13 20 20
193 238 241 227 216 212 198 162 146 161 198 201 204 216 226 221 207 173 153 184 203 213 228 214 200 191 216 194 139 155 153 139 193 204 176 181 181 168 157 126 139 159 99 59 98 117 80 63 69 130 217 223 207 202 186 162 115 61 73 73 64 63 52 33 20 20 14 6 8 8 14 11 7 7 5 4 4 7 10 10 17 23 24 24 24 24 24 24 27 20 20 20 20 13 20 24
