examples/data/proba_v_italy_sicily/probav_s10_toc_x19y03_20140611_333m_ndvi_v001.txt
ncols         1127
nrows         589
xllcorner     12.348214285714
yllcorner     36.598214285714
cellsize      0.0029761904761905
NODATA_value  -9999
[rows 147 to 195 of 589, columns 96 to 191 of 1127]
137 149 123 122 130 120 112 125 140 142 143 136 134 128 117 105 112 119 113 110 116 117 108 121 129 132 131 142 152 148 125 110 108 112 126 124 122 111 127 132 128 121 124 130 120 128 146 131 123 126 86 60 71 131 131 107 102 115 141 127 125 149 154 166 170 160 149 146 157 160 138 123 128 161 160 145 106 77 78 105 129 131 130 134 126 112 134 128 135 136 124 117 122 124 114 114
127 147 132 135 150 161 147 119 115 108 100 94 103 114 138 102 92 113 107 87 100 103 110 138 145 147 149 148 158 178 159 125 112 125 130 117 124 130 102 97 114 110 115 102 101 124 130 123 114 106 94 87 93 124 118 117 122 116 121 118 117 139 131 136 150 149 145 149 151 150 147 134 138 146 133 137 134 146 149 116 136 148 143 144 144 134 129 123 128 141 124 108 111 122 118 110
129 134 143 128 133 152 158 111 85 81 87 90 115 144 111 90 114 118 117 107 113 128 128 118 124 128 142 153 155 157 151 133 139 135 140 120 125 106 89 88 100 106 96 91 90 109 118 106 99 95 100 111 93 85 94 100 105 105 111 120 118 126 126 118 127 135 133 133 145 131 131 134 133 143 152 141 130 138 150 145 140 138 122 135 146 148 125 118 119 120 121 133 119 110 111 113
122 118 125 106 103 122 154 132 97 98 111 117 102 133 114 89 106 139 139 125 117 134 155 134 126 137 134 122 134 136 118 109 131 116 131 128 113 98 103 120 118 118 108 113 124 133 130 125 124 112 102 104 100 100 112 110 140 131 109 104 113 132 155 137 122 124 146 144 132 130 125 128 126 129 149 157 152 158 139 144 140 135 133 139 127 121 96 84 103 114 100 119 115 102 110 119
131 116 110 120 130 146 147 148 136 118 112 125 109 118 128 124 110 121 149 119 108 118 128 122 122 144 151 130 125 129 115 86 128 125 116 125 141 133 135 160 149 140 136 126 120 119 122 132 130 115 96 91 89 92 115 115 125 111 95 87 108 141 171 160 133 123 133 135 148 138 115 94 104 131 147 143 157 152 146 145 150 153 143 139 100 78 82 98 109 115 104 116 118 110 108 123
134 134 112 110 115 152 150 140 143 121 103 122 125 117 117 113 101 98 134 120 95 115 131 131 139 152 155 149 140 133 101 73 131 111 112 155 180 174 166 166 175 163 133 144 158 140 117 124 144 141 119 101 92 92 103 111 133 146 112 90 96 121 124 131 125 131 134 123 135 131 129 123 126 131 142 146 148 147 154 152 151 147 149 141 125 114 110 118 127 132 122 130 120 114 122 115
148 144 126 126 125 126 134 147 146 129 121 125 127 122 116 110 112 111 111 110 121 117 112 136 145 137 139 137 121 69 71 102 104 99 141 171 160 140 150 170 180 166 125 138 161 153 142 147 150 144 128 112 101 108 120 151 163 163 162 133 106 115 127 128 132 139 131 129 126 130 138 141 134 141 151 149 153 148 162 168 156 171 183 177 143 137 139 116 117 136 123 127 122 119 115 94
153 148 121 121 131 109 107 140 142 139 137 121 126 122 118 134 134 115 121 126 116 101 124 135 123 112 101 86 65 30 85 96 88 102 111 116 128 130 126 154 165 174 157 147 159 157 154 166 171 175 177 151 134 157 173 165 157 138 132 122 107 115 123 134 145 142 135 135 131 119 126 133 142 132 154 149 138 137 153 158 155 161 197 187 162 153 146 130 131 125 107 113 126 119 110 106
139 157 142 126 113 106 108 126 130 130 124 134 133 127 117 120 139 138 118 111 106 108 120 118 125 112 55 25 19 33 112 124 95 105 112 120 139 167 153 150 156 158 154 150 155 154 153 155 176 187 183 167 152 142 150 163 150 123 130 144 130 129 129 153 144 134 139 143 130 125 127 134 146 144 141 155 157 164 157 158 159 163 182 185 168 166 144 117 121 127 113 124 139 139 125 123
113 117 135 127 111 106 114 107 128 139 135 146 134 111 102 114 136 145 115 103 112 107 104 118 124 106 90 62 46 110 139 130 121 132 130 123 125 146 163 172 180 177 166 169 169 163 151 135 135 150 161 153 141 141 149 149 154 134 148 145 134 153 170 160 143 132 148 141 126 122 132 144 155 153 163 170 163 170 180 157 136 150 163 164 156 144 141 139 133 128 121 120 131 135 127 120
147 126 119 120 122 117 114 106 115 120 125 135 133 128 138 147 145 136 123 118 118 104 102 125 120 113 111 95 86 121 130 134 133 133 138 123 117 116 122 141 154 147 142 146 136 120 119 117 115 121 125 154 157 153 135 127 147 141 161 145 145 150 153 142 130 127 139 139 126 115 125 121 135 147 151 155 157 166 163 162 142 161 168 167 146 128 144 171 163 133 131 131 117 114 139 124
145 153 148 135 131 126 129 135 131 132 145 146 134 138 134 114 113 108 125 156 157 147 128 127 128 111 120 132 134 143 126 131 120 110 125 112 103 117 117 121 124 108 98 111 114 102 112 132 136 137 138 147 160 135 134 123 135 132 150 160 151 155 147 144 139 147 137 125 119 115 125 114 130 137 145 154 159 154 153 158 153 147 150 151 149 147 158 168 158 137 143 145 143 126 121 109
109 129 142 143 137 126 124 125 112 116 130 136 144 116 102 92 104 114 127 145 139 140 142 135 127 134 147 130 115 110 114 115 119 128 130 115 107 135 142 127 117 121 116 116 120 130 137 124 118 128 125 129 154 153 149 132 133 141 170 203 170 159 157 163 149 136 134 142 129 119 135 133 131 126 144 143 142 133 134 141 157 153 162 153 156 145 142 141 139 131 131 123 119 113 110 113
108 108 115 120 117 111 105 92 81 101 100 91 115 113 108 115 125 149 134 140 137 125 129 130 118 120 123 122 119 127 131 105 112 132 137 136 127 134 141 130 117 123 132 139 140 126 128 122 126 137 140 126 140 139 126 129 133 194 205 192 173 153 155 145 130 137 140 144 131 113 127 140 145 147 142 143 146 139 130 128 142 158 164 152 148 138 127 134 137 131 125 111 98 100 108 121
115 101 101 112 133 122 114 104 108 107 97 101 122 131 115 121 112 137 142 128 109 130 134 127 95 101 108 109 124 141 142 123 116 123 140 127 106 110 115 106 102 122 122 115 133 136 133 132 139 141 135 139 140 138 179 192 185 181 166 172 143 120 114 101 93 120 127 123 124 109 114 126 144 177 163 141 146 139 119 127 149 172 166 154 160 150 131 117 117 128 134 122 114 106 119 128
82 72 85 103 138 128 116 116 123 132 119 116 117 108 118 137 118 110 124 122 106 120 128 134 121 124 120 117 124 128 111 102 102 104 127 120 107 126 119 101 124 140 132 130 157 160 152 147 139 147 144 156 178 157 156 175 176 177 158 134 124 107 106 118 108 90 96 109 122 145 154 146 169 188 176 154 152 150 119 125 140 166 153 148 157 148 127 122 117 142 147 126 108 104 111 141
103 92 102 114 109 105 121 136 124 121 115 111 114 112 108 115 111 116 128 135 135 108 107 121 133 118 108 96 102 125 124 116 113 116 133 130 137 151 123 93 118 145 129 123 144 153 138 140 148 156 168 183 191 173 153 148 162 169 159 142 125 127 137 135 129 105 90 112 120 131 146 153 173 180 164 169 161 151 132 114 113 123 139 135 133 139 127 124 120 118 128 119 110 120 119 129
100 116 125 116 95 121 155 139 110 126 119 117 106 129 120 130 122 136 134 117 119 125 147 130 121 112 109 111 107 123 142 132 131 138 141 130 114 109 113 115 125 137 133 114 121 138 144 173 181 167 160 168 193 194 184 159 136 135 141 135 123 119 131 141 137 120 114 145 151 142 146 175 174 178 167 161 151 147 127 125 135 133 140 151 140 150 135 121 122 119 125 119 123 133 132 110
103 128 136 127 119 111 116 124 132 133 112 104 107 133 138 121 107 115 127 129 145 158 138 116 115 124 127 123 113 113 125 136 138 145 122 102 104 115 122 137 124 124 125 122 135 150 181 160 145 147 153 158 165 167 163 133 120 156 156 145 135 130 134 150 144 136 135 145 144 142 152 188 173 166 147 133 139 148 138 141 149 147 136 144 146 144 136 118 127 122 131 130 132 128 124 112
111 111 107 125 128 117 124 123 126 126 101 94 114 120 125 116 112 104 105 113 144 146 132 121 108 118 142 142 127 127 122 103 109 131 126 111 112 135 135 136 125 136 133 131 143 168 158 138 140 144 148 163 184 180 166 157 157 155 152 138 131 136 121 144 141 125 130 133 129 123 125 146 146 136 141 125 110 138 147 142 135 141 148 140 137 143 144 133 133 138 136 125 119 126 134 122
119 127 106 101 124 125 134 116 95 99 89 87 99 108 122 111 115 108 104 112 120 114 118 118 120 118 130 137 126 110 111 99 105 113 117 113 111 112 107 126 134 129 132 146 164 147 133 139 144 145 153 164 174 174 152 134 141 145 168 156 130 138 141 154 150 128 130 131 114 111 118 129 131 131 135 139 135 138 136 131 130 135 145 142 130 110 118 132 134 138 135 124 118 130 144 148
104 100 105 97 111 102 101 105 98 112 105 106 108 118 134 124 121 104 102 123 118 119 143 138 100 112 120 125 129 131 128 120 115 128 142 123 102 103 118 135 139 128 145 158 139 119 124 125 135 137 148 146 151 152 145 141 134 147 170 137 124 134 133 144 142 130 127 124 115 118 128 129 130 134 135 151 138 142 139 131 139 140 126 134 133 129 126 125 120 128 128 124 132 126 120 144
141 106 105 121 119 97 84 99 112 123 113 107 132 141 139 130 117 115 117 129 119 116 127 128 96 104 122 122 131 141 138 126 113 131 138 122 118 125 127 109 108 135 154 142 134 128 127 135 130 129 141 134 143 141 170 165 150 145 152 145 142 136 130 135 156 152 161 138 129 125 135 142 147 135 129 135 128 128 136 142 133 129 121 132 126 133 122 123 119 129 140 142 136 128 108 98
131 118 103 113 116 108 106 124 159 171 127 104 141 140 120 113 116 112 96 127 128 123 113 131 106 103 122 127 144 155 125 117 120 128 131 133 132 124 127 121 116 127 142 137 118 120 135 126 122 121 137 134 129 125 159 176 166 151 178 159 155 139 126 148 165 154 149 135 133 136 138 143 151 142 129 141 149 126 126 154 155 144 149 139 128 132 129 126 118 127 132 134 140 138 122 117
111 120 102 104 111 104 108 119 134 139 105 107 137 139 119 106 106 97 96 128 143 132 114 131 127 112 128 124 131 156 128 121 117 103 98 111 120 112 116 129 116 128 133 124 114 125 126 116 132 136 128 132 129 124 131 170 172 157 173 174 153 156 156 155 178 143 140 133 130 129 135 142 152 153 132 126 138 135 118 129 139 140 146 139 135 130 125 125 124 132 127 105 109 116 113 120
94 108 123 114 107 111 118 123 119 102 86 95 115 134 128 114 124 129 126 133 143 134 127 143 132 112 126 132 126 120 113 115 115 118 120 113 119 124 134 131 128 136 127 118 117 126 130 117 106 119 130 151 154 151 128 160 174 167 159 173 154 165 167 162 158 147 133 146 140 127 133 140 142 143 140 135 133 150 150 127 130 135 136 141 150 135 118 117 122 131 118 103 93 85 91 114
107 112 129 130 119 113 127 133 113 107 95 102 102 98 108 114 121 134 122 117 123 125 120 126 123 129 104 110 115 110 107 110 127 134 121 115 123 133 125 121 122 118 112 122 130 131 131 121 110 125 138 151 141 139 148 158 163 146 149 155 145 150 155 157 155 145 131 136 151 131 130 129 129 134 129 134 132 137 136 131 114 110 119 114 138 136 106 109 112 113 118 102 83 79 114 126
108 113 112 110 117 118 119 120 96 99 98 91 91 103 114 108 100 107 108 99 106 117 119 124 129 152 130 108 127 128 121 120 127 124 124 118 118 130 128 120 122 129 118 126 136 130 128 118 124 131 136 137 138 163 175 166 158 142 135 142 121 124 132 141 131 139 141 140 150 133 128 120 126 137 125 133 130 128 142 140 122 99 111 125 153 159 104 88 95 99 110 121 103 94 133 167
118 124 105 97 106 121 129 128 115 92 93 103 106 102 122 117 124 120 98 92 104 121 134 119 115 126 111 104 120 116 129 124 117 122 122 124 121 115 117 135 134 133 121 127 143 147 131 130 123 125 132 132 146 155 157 159 154 127 119 123 109 129 138 146 137 136 139 139 126 134 144 135 113 128 126 130 123 106 125 137 130 125 126 119 125 146 142 102 105 115 114 128 143 132 123 145
125 127 97 96 101 99 106 115 111 88 87 100 103 99 109 110 116 122 110 113 110 115 126 128 113 111 109 101 107 106 112 130 127 116 121 122 124 135 139 143 128 119 145 154 142 138 136 133 126 136 129 117 135 145 123 132 141 119 95 102 97 131 147 142 134 143 143 140 134 135 144 139 121 119 135 130 127 121 117 128 143 135 128 115 113 129 144 126 132 140 126 118 135 147 142 136
106 116 120 142 132 108 112 111 110 99 89 96 99 98 105 111 108 128 132 119 114 120 127 136 138 135 143 140 127 112 120 125 129 124 132 133 128 131 126 131 128 135 145 148 136 121 125 133 142 147 125 104 116 130 115 130 151 125 91 101 130 132 149 148 138 141 131 140 144 141 128 126 133 125 138 138 125 119 123 142 152 139 134 130 123 122 139 138 130 122 103 106 106 109 122 133
112 124 116 115 115 115 115 106 110 118 102 90 107 121 131 132 127 142 129 123 128 123 114 133 146 136 133 139 123 123 120 121 122 119 135 128 118 118 112 119 134 142 127 127 132 126 126 134 135 137 119 117 123 131 134 130 134 115 103 117 140 144 148 152 150 135 133 125 129 135 124 135 145 128 133 136 125 126 126 127 130 130 129 124 118 112 117 125 123 115 115 120 121 138 121 123
103 117 108 91 99 125 135 123 118 115 109 106 119 128 148 155 140 129 142 143 121 123 132 152 148 141 140 119 113 114 106 107 111 113 121 132 132 136 125 120 132 148 140 138 130 136 141 128 123 119 133 146 152 148 126 105 98 116 132 119 117 131 149 140 142 143 133 138 132 114 109 144 150 134 133 122 115 125 123 122 169 188 188 158 116 105 102 106 112 127 133 118 122 139 128 126
101 109 102 89 98 132 130 116 108 98 101 123 140 129 135 128 124 122 114 116 116 122 130 142 128 135 135 128 126 122 119 108 120 118 109 123 146 152 143 136 136 153 144 135 129 154 149 127 127 131 132 140 151 148 136 124 113 123 136 121 113 128 129 133 132 132 127 146 146 126 132 150 147 137 143 138 133 125 108 81 93 122 173 171 107 107 122 104 98 118 126 120 116 129 145 130
101 110 106 115 128 138 128 112 113 119 122 128 137 139 134 137 136 136 124 113 119 142 138 132 125 131 126 125 127 125 132 134 120 104 115 131 137 144 140 136 135 143 143 128 126 138 130 121 123 134 130 128 143 144 145 139 134 129 142 130 123 140 123 119 138 138 133 152 138 123 139 142 129 118 116 139 152 121 84 70 66 91 168 165 112 132 153 133 111 118 119 120 117 122 122 107
113 126 131 123 120 125 136 131 126 125 137 141 168 165 153 145 136 122 135 133 136 131 133 131 129 128 124 119 113 121 134 135 128 120 135 145 137 134 126 133 131 131 144 141 147 143 135 117 118 126 124 131 153 163 144 138 125 130 148 131 120 124 131 137 149 128 124 132 126 125 125 134 127 114 115 134 130 132 105 73 71 94 135 127 124 125 116 113 124 118 118 137 138 121 114 122
121 109 104 120 114 125 142 140 130 122 122 147 173 161 123 131 133 122 130 143 137 130 125 133 134 126 113 104 100 107 121 121 126 128 139 132 125 127 134 132 121 120 118 133 149 142 144 138 132 122 139 132 137 143 135 129 130 132 143 132 101 90 119 130 133 126 129 126 122 126 154 144 124 108 105 127 135 133 108 73 68 69 105 121 110 113 119 109 114 124 140 172 162 159 175 181
150 130 105 121 123 121 136 129 113 116 115 135 142 117 116 130 133 122 139 146 130 120 118 131 132 115 110 113 112 130 124 125 134 127 121 113 129 127 122 125 140 133 137 125 120 138 150 144 128 124 136 132 131 129 135 133 140 138 119 145 155 123 119 116 120 150 137 125 110 113 131 140 133 112 106 130 143 146 137 99 89 88 115 139 135 116 128 131 126 145 182 179 178 192 191 181
127 124 105 116 132 121 120 118 110 106 120 152 172 144 144 143 142 127 123 134 108 112 128 132 132 120 114 127 128 130 119 126 132 127 135 127 125 116 109 120 126 119 119 123 122 139 146 144 123 114 128 125 122 131 132 125 124 129 128 138 137 123 116 105 113 127 138 131 118 115 113 127 142 133 118 141 152 139 139 111 96 98 119 128 143 141 154 170 172 172 175 167 166 200 191 174
108 106 107 109 117 123 117 120 118 115 135 168 161 143 147 149 137 124 116 120 129 127 124 132 155 138 119 119 115 106 109 113 131 128 142 130 115 120 114 114 117 106 107 124 128 134 141 125 126 126 136 137 131 120 116 110 139 140 136 122 115 116 108 106 121 126 123 123 106 105 120 130 123 125 111 126 136 118 114 120 128 118 112 122 128 140 151 148 151 163 156 162 178 191 200 189
109 106 111 117 113 119 130 132 126 117 116 131 121 146 161 137 110 126 133 125 131 137 130 128 150 147 130 134 130 111 104 108 128 130 143 146 123 123 122 119 118 112 116 120 129 144 139 122 126 133 153 156 139 131 115 107 141 130 134 143 128 113 129 139 130 123 120 126 120 116 132 122 115 127 134 128 125 126 127 135 136 134 123 120 139 168 175 164 157 159 163 156 165 202 189 150
120 121 120 126 128 121 124 134 127 113 117 140 135 134 138 128 130 144 121 103 103 132 123 124 142 128 129 135 128 121 123 110 115 133 134 137 128 122 124 119 125 121 116 125 141 159 143 136 131 137 160 147 123 142 159 142 131 134 132 129 116 114 125 124 123 125 140 136 117 117 129 131 140 137 128 127 122 123 125 121 135 124 124 132 159 178 147 131 137 147 157 176 169 186 202 173
120 112 119 131 138 133 130 127 126 130 135 132 123 120 128 123 121 132 121 117 103 118 118 121 129 120 118 120 127 123 121 116 127 136 135 137 137 131 126 124 118 122 121 127 134 153 160 144 131 133 129 121 127 143 137 136 123 128 135 122 108 110 110 125 132 130 136 146 144 145 132 130 138 159 165 144 112 120 135 123 121 117 132 144 166 160 141 123 119 131 141 174 198 198 210 189
118 98 120 131 133 132 129 135 137 133 116 107 116 126 136 138 144 142 127 130 130 132 129 133 134 129 106 106 108 106 117 127 121 111 126 125 132 137 136 136 126 115 112 115 136 149 151 131 115 119 129 139 122 120 127 136 140 126 134 155 152 143 128 128 143 127 145 146 123 128 131 132 142 159 161 150 133 136 136 133 137 142 142 131 134 139 135 139 133 133 137 169 192 170 167 160
124 136 128 122 129 130 139 133 133 132 112 120 135 135 125 129 135 130 119 114 126 122 124 132 127 127 113 106 103 94 107 112 113 106 114 97 104 129 136 134 137 136 130 112 130 135 132 117 125 125 128 139 106 107 115 129 134 134 152 143 123 138 133 118 132 135 157 158 133 128 125 133 139 138 146 135 131 137 139 130 124 117 128 115 108 108 111 128 135 132 137 146 173 164 152 158
118 127 116 98 112 124 126 125 124 120 129 140 147 145 142 135 134 124 119 127 113 114 124 117 104 95 119 117 119 134 122 112 125 114 118 121 112 108 115 126 140 143 138 118 123 137 122 123 142 117 125 158 126 113 130 124 126 131 132 116 116 146 151 143 146 146 129 124 143 133 136 152 148 124 130 130 123 118 130 124 120 121 121 123 122 128 126 131 138 129 133 146 150 158 146 156
121 120 118 123 135 127 104 99 109 118 132 124 120 126 127 133 119 115 133 147 129 102 108 120 103 85 103 113 118 141 124 111 110 117 124 130 111 106 104 88 91 101 111 112 120 126 128 122 128 104 120 149 143 136 147 135 128 136 163 168 158 148 151 148 140 136 129 125 123 121 126 136 132 119 127 132 132 124 122 117 130 122 94 101 122 130 123 107 134 129 134 136 122 123 123 127
122 123 131 133 133 123 106 100 108 119 130 120 127 127 121 134 127 122 140 151 131 116 119 108 98 101 128 153 147 135 131 116 104 102 105 114 121 112 96 99 92 96 98 106 120 132 137 133 126 124 136 131 127 128 129 140 143 133 157 180 167 165 145 142 140 137 123 108 116 114 120 122 122 116 116 110 129 130 118 128 128 94 71 69 121 135 125 129 143 128 125 131 124 116 126 141
112 121 124 109 128 152 134 120 118 117 132 130 127 126 121 143 148 129 123 133 139 139 116 90 89 114 133 129 133 141 135 120 110 101 111 130 120 99 94 111 108 131 118 104 116 128 129 135 116 128 146 142 135 143 131 117 129 121 133 151 124 127 124 111 117 121 129 137 140 128 128 120 115 106 110 122 121 106 108 106 100 86 69 73 99 129 123 132 138 130 128 130 129 124 143 141
