examples/data/proba_v_italy_sicily/probav_s10_toc_x19y03_20150521_333m_ndvi_v001.txt
ncols         1127
nrows         589
xllcorner     12.348214285714
yllcorner     36.598214285714
cellsize      0.0029761904761905
NODATA_value  -9999
[rows 384 to 431 of 589, columns 768 to 863 of 1127]
81 78 77 83 96 113 111 119 120 122 121 125 116 101 117 131 117 125 136 136 147 146 152 132 112 129 163 153 136 139 144 156 141 137 142 139 137 141 137 132 123 130 158 165 185 185 184 197 202 204 202 196 208 201 203 192 187 198 160 132 127 132 119 117 124 126 120 122 134 147 157 158 171 173 146 155 182 189 181 187 182 189 177 171 186 195 182 167 156 157 170 197 196 184 196 203
95 97 96 94 122 148 131 132 157 127 96 108 104 113 130 116 110 120 121 123 163 155 164 175 165 162 137 122 127 126 128 139 137 139 139 146 147 144 159 173 165 168 180 188 194 186 197 213 214 209 211 211 191 192 200 206 193 166 126 121 128 139 129 108 105 111 113 126 141 142 136 138 144 149 172 194 191 167 156 169 180 177 161 183 180 155 154 172 180 187 200 209 200 192 202 210
105 113 116 114 137 144 128 119 126 107 96 103 104 115 118 120 129 128 117 114 133 184 177 148 154 154 113 123 156 160 132 121 133 136 133 139 139 153 185 188 172 149 153 169 167 169 182 197 208 207 194 193 201 211 212 190 150 133 132 130 139 138 136 137 121 113 116 123 130 121 127 141 165 181 192 158 136 165 186 195 192 182 156 139 134 133 149 176 180 191 212 205 192 190 187 187
101 110 127 122 128 111 118 113 99 94 94 107 116 121 117 122 132 142 145 128 121 152 151 168 181 162 163 184 176 157 154 123 126 134 131 129 137 157 165 152 141 130 139 152 153 153 145 159 201 206 205 208 210 200 186 164 147 139 139 134 129 133 146 139 131 132 144 158 162 174 191 185 174 166 155 166 165 163 160 194 190 178 166 123 110 152 185 200 188 182 195 183 177 191 188 188
113 118 132 117 116 112 101 94 85 90 96 106 137 160 156 140 131 131 130 131 127 145 174 164 159 150 157 174 164 152 153 142 150 165 146 128 139 143 143 150 132 130 144 134 137 145 154 163 190 209 215 203 175 145 145 144 136 134 145 163 168 161 163 164 168 177 172 178 185 179 160 143 128 137 171 199 191 159 155 185 180 150 135 118 134 166 190 183 164 164 189 175 169 186 194 184
134 134 111 116 117 106 113 127 128 128 121 121 144 162 141 124 123 134 138 130 120 161 177 147 128 126 153 168 164 160 173 174 154 142 145 145 141 142 145 148 133 133 154 156 147 149 159 157 192 205 189 155 127 125 150 170 183 182 194 212 212 210 206 205 199 189 175 191 194 181 167 175 170 164 189 195 177 172 189 205 188 145 117 94 110 147 191 163 135 167 192 172 162 176 160 141
112 114 108 121 124 123 115 107 126 154 165 148 141 141 132 129 115 123 134 132 132 166 176 158 170 165 152 164 148 160 170 173 156 140 135 136 142 140 131 137 140 144 156 163 154 125 119 168 211 160 131 140 133 160 200 232 231 211 222 199 201 222 219 218 202 196 181 180 180 196 193 197 206 212 199 173 164 183 195 185 205 153 127 123 158 186 171 144 159 216 219 196 159 165 148 129
111 121 135 123 100 110 112 116 121 117 140 151 141 132 122 133 122 127 129 125 134 179 176 157 163 177 169 166 154 119 126 137 149 149 132 133 136 130 133 158 161 136 132 136 137 127 119 164 181 130 112 139 191 218 199 179 158 150 166 166 168 196 215 197 177 191 184 159 149 163 177 172 178 169 147 154 175 174 164 190 205 191 190 195 182 170 164 177 216 226 186 195 166 151 156 177
112 121 123 120 124 129 117 126 141 113 118 134 137 122 110 128 154 158 149 132 126 164 176 162 154 170 188 174 161 136 138 124 121 139 140 128 122 128 147 175 175 152 143 148 158 160 154 154 150 149 161 195 180 148 117 127 147 153 174 184 191 193 199 189 155 167 180 167 153 148 142 145 147 144 159 168 170 172 192 230 212 197 208 225 204 179 163 197 230 204 190 183 154 130 135 169
111 123 125 127 146 141 114 99 113 120 122 132 131 126 137 141 135 129 122 142 147 154 163 153 140 145 165 177 180 164 156 123 100 125 138 123 114 123 137 151 161 138 141 154 154 158 155 142 149 166 188 199 157 145 170 169 157 167 171 163 160 171 188 176 154 170 176 165 147 145 151 154 145 148 186 203 215 230 228 213 203 213 230 237 197 164 167 211 208 203 202 193 156 139 138 169
128 125 130 136 131 121 120 122 133 141 124 124 133 127 121 137 132 117 119 132 153 159 156 149 166 163 159 153 172 181 140 126 120 110 121 122 111 124 134 125 125 130 147 164 164 158 157 151 164 168 173 196 190 180 185 177 166 174 163 148 163 178 185 166 149 161 155 148 149 143 149 157 153 161 197 235 222 209 194 173 201 228 235 205 169 138 153 180 193 201 199 183 169 142 134 154
126 124 127 129 126 128 125 124 143 160 147 138 135 146 139 144 141 148 136 135 156 155 146 150 178 164 143 137 138 153 141 151 160 147 130 108 94 107 120 111 129 138 135 148 163 166 152 150 167 166 152 154 157 156 160 152 150 154 149 155 178 210 199 160 143 151 145 145 152 154 168 183 195 216 234 216 186 157 158 173 218 242 223 191 184 152 158 208 216 208 189 176 176 162 154 161
104 100 119 128 115 116 126 117 132 146 145 143 129 134 126 142 159 163 145 146 150 148 158 156 166 149 126 161 175 149 142 135 161 143 155 146 111 111 132 135 140 137 124 136 156 161 152 151 158 152 140 140 139 132 134 146 149 147 154 165 195 214 188 140 141 143 148 156 159 171 168 192 236 227 214 172 147 168 194 213 225 225 213 202 186 162 171 208 205 189 177 170 165 156 162 159
118 113 119 126 116 111 123 121 150 154 127 118 120 112 111 130 142 142 151 147 137 147 159 166 158 144 151 153 153 140 133 152 151 142 141 140 132 119 117 121 131 145 138 140 161 159 150 147 149 155 154 142 137 141 153 156 147 167 194 193 186 172 143 137 140 139 150 158 161 166 189 218 216 192 171 165 167 178 187 189 220 203 175 166 145 147 162 179 186 176 168 166 145 148 160 162
136 115 112 130 131 114 118 127 128 118 106 104 110 110 106 116 114 127 141 134 131 138 145 148 146 136 135 150 148 125 121 143 159 149 131 123 138 144 122 124 142 166 162 141 156 163 162 175 183 184 180 160 157 150 147 151 145 151 175 168 168 156 142 131 121 124 126 131 176 213 220 217 199 178 189 201 203 206 192 191 216 187 167 178 177 180 188 182 171 169 172 165 142 150 167 183
137 124 130 139 122 123 129 114 98 112 129 129 137 129 111 107 108 137 142 112 113 129 137 141 168 169 145 143 147 144 122 106 116 145 161 162 162 169 159 137 130 122 105 92 114 142 147 152 164 158 158 159 157 164 160 156 144 129 131 144 137 132 147 133 108 116 128 146 183 206 209 188 185 199 214 223 221 209 185 189 201 187 175 176 178 186 196 178 160 159 171 168 143 159 177 185
135 134 127 121 117 134 134 118 111 118 125 124 137 145 114 110 137 134 131 113 98 125 153 164 165 142 129 154 136 139 134 127 152 170 176 182 164 135 102 83 97 125 119 102 128 149 147 149 147 139 155 142 150 174 173 170 173 154 119 118 121 147 162 147 128 130 129 116 148 190 183 164 155 176 200 218 216 213 210 192 194 198 196 186 179 182 173 164 162 167 154 147 184 197 194 184
124 129 111 113 127 110 105 104 109 107 120 135 117 125 129 116 132 128 128 119 106 122 142 130 95 93 123 157 144 147 141 131 140 145 153 163 170 159 136 125 145 151 128 130 141 153 151 140 130 141 147 131 128 129 137 154 150 124 123 164 164 153 146 142 164 153 151 143 172 213 189 171 167 161 170 175 173 192 218 206 192 195 182 168 151 153 157 158 146 127 135 172 185 189 183 189
111 102 100 131 131 122 124 125 114 103 111 118 123 137 106 90 93 114 140 138 132 132 118 119 133 137 153 175 147 144 137 126 130 137 144 143 152 154 133 142 144 149 144 144 145 154 163 146 125 139 149 139 124 139 136 130 140 154 175 200 188 145 118 136 156 164 166 174 191 213 205 188 182 170 167 174 163 175 195 186 169 167 157 152 136 148 148 133 131 138 159 179 182 181 188 199
106 106 108 127 131 133 128 115 121 121 122 113 124 143 137 118 111 129 124 123 127 122 145 159 145 138 156 171 151 122 116 114 126 141 158 158 149 150 139 143 137 140 147 137 136 152 154 140 142 152 147 139 127 144 163 147 148 166 195 223 222 190 150 146 150 152 159 176 179 206 229 222 215 203 187 167 156 182 196 177 145 136 151 154 134 137 143 150 160 161 173 176 186 184 187 188
100 118 112 109 113 127 116 115 125 121 122 122 128 131 143 144 141 138 137 139 135 146 170 165 133 119 139 151 142 141 134 120 127 140 151 148 152 156 137 118 140 150 145 129 123 145 155 152 137 142 164 152 136 149 177 173 162 153 166 211 225 219 197 181 166 163 163 157 187 219 231 231 220 194 179 164 182 204 192 169 151 138 141 163 151 148 166 146 139 163 188 203 197 197 196 200
95 104 116 119 118 117 111 113 116 111 113 118 133 139 131 157 152 128 115 108 136 147 148 161 154 144 165 139 137 149 136 119 127 141 146 145 149 149 123 112 128 150 156 154 130 129 146 160 153 156 182 173 164 173 179 182 168 150 153 182 202 182 172 185 186 176 168 149 163 190 209 227 228 189 163 185 196 190 176 170 170 164 172 180 168 165 177 166 161 167 176 179 186 195 208 199
104 106 116 110 105 108 118 127 110 112 130 127 127 130 144 157 135 123 127 137 155 158 160 166 168 170 161 127 126 161 124 112 121 136 147 146 153 146 135 143 114 106 141 153 150 144 134 131 123 117 148 166 164 166 166 172 153 131 155 179 169 152 152 182 190 182 168 151 158 179 192 211 215 198 208 216 202 196 182 182 185 188 178 186 190 187 193 184 184 192 194 185 178 186 205 185
123 124 111 109 107 113 105 106 113 124 129 118 111 138 145 120 119 128 135 152 175 179 178 150 126 150 145 116 109 145 138 118 121 132 157 162 154 142 134 145 132 127 150 165 167 153 149 140 138 136 135 148 162 170 165 164 180 169 149 169 180 169 162 171 184 177 160 161 168 174 189 209 198 199 203 206 207 195 175 195 196 190 185 203 209 202 186 176 170 184 211 208 201 198 183 181
103 109 104 107 128 135 115 114 122 123 121 130 132 141 133 129 132 144 132 129 152 152 134 126 133 153 143 141 129 127 142 146 128 134 162 166 151 146 141 147 148 135 136 160 172 172 167 170 169 171 179 176 172 181 186 177 176 183 167 145 174 192 182 176 177 167 162 170 175 175 187 203 201 191 180 169 179 180 185 201 196 202 208 206 206 204 200 185 174 185 196 201 203 192 181 194
108 106 109 110 142 149 118 118 120 129 141 140 135 132 134 135 124 110 124 140 149 131 134 141 158 163 169 160 152 151 167 172 141 143 163 156 156 154 147 146 142 148 143 159 167 169 154 157 169 172 182 182 168 192 204 195 186 177 164 146 150 175 189 188 186 176 173 180 175 167 187 216 193 180 171 156 179 214 211 195 204 228 234 215 194 211 214 187 174 191 205 186 176 184 195 200
121 119 113 106 123 127 110 119 122 134 158 158 140 129 132 136 114 104 129 146 125 130 131 138 150 165 175 162 154 147 153 161 154 157 176 195 190 188 188 169 173 175 178 170 157 166 165 150 160 177 190 178 164 163 184 186 192 195 193 167 135 146 200 206 192 177 185 180 175 195 212 218 209 215 213 207 193 211 211 201 203 225 215 178 179 214 214 195 180 181 178 169 183 190 173 158
115 111 109 113 115 110 112 121 133 138 132 126 120 117 122 129 105 94 105 109 100 93 97 119 137 151 163 150 142 143 149 144 142 153 185 195 189 189 194 186 178 176 185 166 134 139 166 191 194 191 201 196 182 147 142 176 193 204 204 194 186 187 191 184 175 163 180 186 188 221 229 215 187 174 205 205 188 181 178 171 173 178 176 192 189 193 196 183 167 159 175 189 197 178 165 164
95 116 130 138 136 117 110 122 140 131 116 121 116 114 126 143 146 153 171 176 167 179 172 156 155 170 173 153 148 147 149 130 127 175 190 199 184 185 189 189 188 190 210 205 159 139 162 189 192 199 188 150 149 156 168 197 196 196 209 192 185 193 184 156 153 156 175 204 214 223 216 195 149 111 149 189 164 155 151 152 157 180 194 188 153 138 155 162 169 179 184 175 175 186 183 167
93 122 138 142 143 132 116 115 133 120 105 114 136 145 138 146 158 166 170 175 172 177 160 184 196 188 189 193 203 185 180 169 169 193 198 191 188 189 194 175 147 155 200 202 190 185 184 177 176 194 182 123 132 185 195 202 199 171 160 167 183 202 183 157 185 203 220 226 220 211 202 202 195 179 164 148 155 174 175 165 172 175 173 182 180 181 173 164 168 170 171 157 157 169 157 147
110 124 137 135 127 115 100 109 105 113 129 137 145 156 143 145 150 143 134 144 162 168 160 175 177 176 175 207 227 224 204 184 187 206 190 197 181 177 160 141 153 163 165 165 175 197 197 185 178 196 211 182 167 187 195 199 187 175 167 154 182 195 170 172 215 215 223 229 222 215 188 164 148 158 157 147 157 174 191 184 181 184 181 191 194 187 169 169 170 158 144 138 151 156 170 156
125 135 140 126 102 101 105 111 116 115 110 107 120 143 148 147 143 148 144 148 148 149 148 154 173 165 180 222 227 216 204 204 212 198 188 177 156 137 139 154 159 145 141 146 140 168 188 182 188 196 202 194 175 180 197 184 137 140 188 199 189 176 149 164 206 197 199 221 210 201 186 162 160 172 177 179 197 195 178 181 170 175 170 163 157 150 140 141 153 168 166 159 169 179 186 179
132 141 122 102 101 110 104 112 121 109 107 113 127 134 144 163 157 157 159 178 159 149 138 134 141 159 171 188 198 206 199 202 198 185 170 157 146 129 143 155 152 149 145 148 149 166 184 177 180 179 184 186 181 188 196 189 178 164 185 190 176 161 153 152 179 189 181 174 174 162 149 158 163 168 176 195 214 211 184 167 157 144 150 154 162 162 156 164 182 200 195 180 172 180 172 142
126 136 123 108 116 140 159 153 134 140 151 139 145 137 131 142 139 153 168 177 178 165 149 148 150 167 185 178 185 204 199 190 183 171 158 144 139 155 161 174 186 183 164 155 158 157 166 186 179 179 183 186 167 165 189 190 183 162 161 185 171 178 182 158 145 147 178 196 176 150 142 148 168 183 181 198 217 209 205 194 175 179 160 149 157 183 205 196 179 179 168 157 172 188 185 175
121 132 138 133 158 160 161 161 135 138 155 126 108 122 116 117 128 130 143 157 150 129 137 145 129 154 196 194 183 194 201 171 169 154 139 137 141 167 175 176 194 176 155 153 149 159 185 196 189 192 193 196 178 143 161 167 163 164 173 187 173 170 187 160 139 127 146 177 201 167 147 153 166 190 192 195 195 204 198 195 188 184 188 185 173 174 180 173 164 170 185 180 171 173 181 189
124 132 138 125 128 114 104 105 100 115 141 144 131 134 118 112 131 140 135 127 135 136 147 144 124 119 158 189 188 186 194 176 164 157 148 144 146 154 164 170 162 144 145 148 159 161 159 169 166 164 184 204 205 168 152 166 156 155 169 193 178 154 177 163 139 128 141 169 199 188 174 183 174 188 179 182 191 195 190 176 170 174 188 181 159 152 159 163 163 173 174 154 149 156 163 161
159 158 159 144 133 103 103 101 108 119 110 111 111 109 118 154 156 150 145 146 160 151 144 144 139 131 131 167 181 184 194 185 177 156 145 148 148 160 148 121 116 126 136 135 142 149 151 155 158 173 191 193 205 188 164 167 148 167 171 180 167 165 172 182 149 130 151 159 170 189 205 211 194 183 168 179 197 222 204 173 163 167 183 178 163 148 151 160 164 167 147 129 130 132 140 145
125 116 128 132 117 104 106 110 110 114 111 105 99 105 136 169 167 163 152 150 157 156 139 134 144 132 114 137 182 192 193 189 183 184 197 173 183 202 206 184 167 140 141 141 123 132 148 162 182 184 185 194 194 160 131 148 180 189 191 173 166 198 165 184 165 149 168 161 164 179 196 210 202 175 173 189 205 210 194 183 174 160 162 164 166 170 162 161 158 162 156 148 149 149 157 150
101 104 127 127 120 102 103 108 108 110 127 120 98 108 141 153 162 156 147 152 149 151 150 135 126 119 130 139 157 190 191 195 184 185 192 184 184 189 168 167 183 172 169 180 170 158 160 156 168 181 196 194 170 137 134 160 163 167 186 171 194 204 158 151 165 146 153 189 200 198 201 191 184 178 192 181 206 180 167 171 182 180 163 174 192 198 187 180 175 167 159 156 151 156 164 163
102 113 127 127 112 92 97 112 134 133 128 114 87 84 115 128 137 140 146 145 155 164 162 137 129 127 135 144 152 191 193 192 192 193 198 201 187 161 157 149 163 184 174 174 184 175 175 177 172 185 188 187 177 155 159 143 110 133 186 196 194 210 170 162 188 175 143 172 197 199 202 185 181 182 179 188 184 160 157 146 149 170 173 181 196 193 188 188 199 189 164 150 154 149 134 134
104 114 116 117 120 110 107 117 119 107 104 106 104 105 115 131 129 122 129 152 152 151 148 129 125 134 144 163 180 183 182 180 185 188 196 197 180 163 153 149 158 186 170 119 93 115 171 176 145 138 158 176 176 179 170 158 131 144 184 191 200 202 177 176 180 156 147 171 190 192 196 201 196 195 181 151 153 148 139 139 140 159 172 177 177 172 167 166 182 178 152 119 118 106 117 147
115 110 94 95 103 105 105 106 104 107 111 107 101 111 122 123 110 100 104 117 124 127 126 142 152 152 171 193 193 186 162 160 186 186 189 194 170 141 139 144 160 172 152 141 127 136 138 146 151 148 158 172 154 188 191 183 159 153 176 208 223 205 191 188 182 171 156 164 180 189 202 204 200 189 159 144 140 149 161 158 154 165 169 142 101 122 159 182 192 184 170 157 127 118 126 156
105 110 116 107 110 113 109 108 105 111 116 110 107 115 126 124 112 119 132 118 108 114 114 115 142 151 173 193 197 156 127 153 193 185 178 179 165 159 152 151 161 176 172 169 162 166 159 138 136 149 152 156 164 196 184 173 163 168 181 209 228 204 202 204 199 198 175 166 182 193 201 201 181 181 175 153 142 153 151 135 144 155 161 162 159 180 203 212 193 170 146 142 142 129 129 142
99 98 109 99 100 104 94 103 109 117 119 116 116 119 131 136 138 126 131 131 114 107 112 109 110 120 181 196 211 144 134 162 193 171 160 152 136 161 168 157 164 167 165 165 161 156 143 123 139 147 156 154 170 193 186 176 186 181 167 188 200 193 195 201 191 190 180 166 171 169 176 152 135 139 151 153 152 149 153 122 120 148 170 180 178 170 172 186 185 186 152 125 127 126 128 135
90 97 105 105 96 97 97 107 107 112 121 121 120 122 131 139 124 108 113 134 131 126 122 123 120 134 178 198 202 192 185 190 186 171 151 137 138 134 142 146 157 154 157 158 140 131 129 129 136 139 158 159 169 179 184 185 196 187 177 182 178 175 174 169 164 175 175 164 155 170 159 130 111 130 151 167 179 180 153 140 138 152 160 162 163 161 167 176 186 186 174 158 151 151 163 194
106 107 117 141 133 104 105 109 104 108 120 119 120 120 122 119 110 105 115 122 126 109 113 108 113 128 171 201 190 183 190 189 174 169 148 153 175 151 137 143 183 178 168 157 137 123 136 163 158 140 154 159 154 158 191 186 183 182 191 190 168 148 153 157 152 166 159 129 143 165 149 140 133 163 187 182 170 172 173 170 150 151 140 140 143 164 193 176 165 157 158 170 199 200 182 185
87 100 120 132 124 108 121 131 116 118 121 117 115 122 115 105 112 111 109 98 114 111 126 121 106 114 156 176 176 189 193 186 152 137 154 165 144 141 169 198 208 204 185 166 152 123 139 170 178 156 166 162 151 166 173 171 164 166 194 182 168 168 163 166 154 149 136 120 112 129 126 117 140 184 191 186 160 157 163 169 164 152 139 131 152 186 207 193 190 200 201 221 203 178 144 138
97 101 101 98 108 111 115 141 133 115 113 119 119 119 112 106 101 113 114 108 115 122 126 128 120 116 127 151 163 184 194 190 168 162 151 157 149 156 185 194 198 204 188 159 147 142 158 158 159 141 147 160 140 137 144 150 183 198 183 172 169 179 163 162 148 136 129 126 115 106 131 132 138 156 161 166 149 154 160 147 149 152 154 163 175 177 182 193 186 181 192 180 126 101 107 141
