examples/data/proba_v_italy_sicily/probav_s10_toc_x19y03_20140701_333m_ndvi_v001.txt
ncols         1127
nrows         589
xllcorner     12.348214285714
yllcorner     36.598214285714
cellsize      0.0029761904761905
NODATA_value  -9999
[rows 312 to 363 of 589, columns 960 to 1055 of 1127]
24 24 25 25 24 24 24 25 25 25 25 25 25 24 25 25 25 25 25 25 25 25 24 24 24 25 24 25 25 26 25 25 26 26 26 26 27 26 27 29 28 28 28 29 28 27 27 28 27 27 27 27 26 27 28 28 27 28 29 30 29 30 31 32 34 32 31 30 29 29 29 29 29 27 28 29 29 30 31 32 33 35 35 34 33 33 32 31 33 33 32 30 29 29 29 30
25 25 25 25 25 25 25 25 25 24 25 25 25 25 25 25 25 25 26 25 24 25 25 24 24 24 25 25 25 25 26 26 26 26 26 26 26 27 27 28 27 28 28 27 27 28 27 26 25 26 27 28 27 27 27 28 27 27 28 29 30 32 33 34 34 34 30 28 27 27 26 28 28 29 29 29 29 29 30 33 35 35 31 30 30 29 29 29 30 31 31 32 30 31 32 33
24 24 25 24 24 24 24 25 25 25 24 25 25 24 25 25 25 25 25 24 24 25 25 24 24 25 25 25 25 25 26 25 26 26 26 26 26 27 26 27 26 27 27 27 27 27 26 25 26 27 28 28 28 27 26 27 28 29 30 31 32 34 34 33 32 26 26 28 30 30 29 29 29 28 27 28 29 30 29 28 27 26 27 28 28 28 28 31 31 32 33 34 32 32 33 33
25 24 24 24 24 25 24 25 25 24 24 24 24 25 25 25 24 24 25 24 24 25 24 24 24 24 25 25 24 25 26 25 25 26 26 26 26 26 27 27 27 27 26 27 26 26 25 26 26 28 28 27 27 27 28 29 29 30 31 32 33 32 31 26 25 26 27 31 31 30 29 29 28 28 28 29 29 28 27 27 28 27 28 29 29 31 31 32 32 32 34 34 33 32 34 33
25 24 24 24 25 25 24 25 25 24 25 25 24 24 24 24 24 25 25 24 25 24 24 25 25 25 25 25 25 25 25 25 25 26 26 26 26 26 27 27 27 27 26 26 25 26 26 26 26 26 27 28 28 29 30 29 29 29 30 33 33 32 26 26 26 26 29 30 30 29 28 28 27 29 30 30 30 29 28 29 29 30 31 30 31 32 33 32 32 32 32 32 32 32 33 32
24 23 24 24 24 24 24 24 25 23 24 25 25 24 24 24 24 25 24 25 25 24 25 25 24 24 25 25 25 25 25 25 25 25 26 26 26 26 27 27 26 27 27 26 26 26 26 26 27 27 29 30 29 28 28 28 28 30 31 34 33 33 25 26 25 26 28 28 25 28 28 28 29 29 29 29 29 28 28 29 31 31 31 32 32 31 31 30 31 29 30 30 31 34 34 30
23 24 24 23 24 24 24 24 25 24 25 24 25 24 24 25 25 24 24 25 24 24 24 25 24 24 25 24 24 25 26 25 25 26 26 26 26 26 26 26 26 26 27 27 26 26 26 27 27 28 29 29 28 28 29 28 29 26 27 27 31 30 30 27 27 27 28 28 28 29 29 29 29 28 28 29 31 29 27 26 26 27 27 27 27 27 27 28 29 29 30 31 31 31 33 33
24 25 25 23 24 24 24 24 24 24 24 24 25 24 24 25 24 25 25 25 25 25 25 25 24 24 25 24 25 25 25 26 25 25 26 26 25 26 26 26 26 27 27 26 26 27 27 27 27 27 27 27 27 28 29 29 29 27 27 28 28 28 29 27 29 30 28 29 29 29 30 29 28 28 29 30 30 28 28 28 29 29 29 29 29 29 30 31 29 30 31 32 31 30 33 38
24 24 23 23 23 23 24 24 25 25 24 24 24 24 24 24 24 24 24 25 24 24 24 25 25 25 25 25 25 26 26 26 25 25 26 26 25 26 26 26 27 26 27 27 26 26 27 27 27 27 27 27 28 29 28 29 28 27 26 27 29 29 25 26 31 30 29 28 29 31 29 30 29 29 30 30 30 29 30 30 29 29 29 28 30 30 30 29 29 29 30 30 31 30 30 30
24 23 23 23 23 24 24 24 24 25 24 24 24 25 25 25 24 24 24 24 24 24 24 25 24 25 25 26 25 25 25 25 25 24 26 25 25 26 26 26 26 26 26 27 27 27 27 27 27 27 28 29 28 27 27 26 27 27 28 27 27 26 25 30 31 28 29 29 29 29 30 32 30 29 29 30 30 29 30 30 30 29 30 30 30 30 30 30 30 30 31 32 32 31 30 30
25 24 23 23 24 24 24 25 25 24 25 24 23 24 25 25 24 24 24 24 24 24 24 24 24 25 25 25 25 25 25 26 26 25 25 26 25 26 25 26 26 26 26 26 26 26 27 27 28 28 29 28 27 27 27 27 25 25 25 25 25 25 28 31 29 27 28 29 30 30 30 30 29 30 30 30 29 29 29 29 30 30 30 31 32 31 31 32 31 31 31 30 31 32 31 31
24 24 24 24 24 24 24 24 24 25 25 24 24 24 25 25 25 25 25 25 25 24 24 24 24 24 24 24 25 25 25 26 26 25 25 25 25 25 25 25 26 26 27 26 26 27 27 27 27 28 27 26 27 27 27 28 26 28 25 26 28 27 28 29 28 28 29 29 29 29 29 28 28 29 29 29 30 30 29 29 29 29 31 32 31 31 30 30 29 29 29 29 30 30 30 30
24 25 23 23 24 24 24 24 24 25 25 24 25 24 24 25 25 25 24 24 24 24 25 25 25 25 24 25 25 25 26 26 24 25 25 25 25 26 26 26 26 26 26 26 26 27 26 27 27 28 27 27 26 28 28 28 28 27 28 28 27 28 28 28 27 28 28 28 29 29 29 29 29 28 29 29 28 29 28 28 28 27 28 27 27 27 27 29 27 27 28 28 28 27 26 27
24 24 24 24 24 24 24 24 23 24 25 24 25 25 25 24 24 25 25 24 24 24 25 25 25 25 25 24 25 25 25 25 25 25 25 25 25 26 26 26 26 26 26 26 26 26 27 27 27 26 27 26 26 27 27 27 27 27 28 27 27 27 28 29 28 28 28 28 28 29 29 28 28 28 28 27 28 29 28 27 27 28 27 26 25 27 28 29 28 29 30 29 27 28 27 30
24 24 24 24 23 23 24 25 24 24 25 25 24 24 25 24 24 24 24 24 24 25 25 24 24 25 25 25 25 25 25 26 26 25 25 25 25 26 26 26 26 26 26 26 26 26 26 26 27 25 27 26 26 26 27 27 28 29 30 28 27 27 28 28 27 28 27 27 27 29 30 28 28 28 28 28 29 30 30 29 29 30 30 28 28 30 29 29 27 27 28 31 33 32 33 33
24 24 23 23 24 24 23 23 24 25 25 25 25 24 25 25 24 24 23 24 24 24 25 24 24 24 25 24 24 24 25 25 25 25 25 26 26 26 26 26 26 26 26 26 27 27 26 27 28 25 28 27 25 27 27 28 28 29 31 28 27 27 27 27 28 28 27 27 27 29 30 28 28 28 28 28 29 28 28 27 29 30 32 30 29 30 30 28 28 27 27 33 33 34 35 35
24 24 24 23 23 24 24 24 24 24 24 24 24 24 24 24 24 25 24 25 25 25 24 24 24 24 24 25 25 25 24 24 25 25 25 26 26 26 26 26 26 25 25 26 27 26 26 27 27 27 26 26 25 27 27 27 28 28 29 28 27 27 28 27 28 28 28 28 27 29 31 29 27 26 26 27 27 26 27 27 27 27 29 31 29 30 28 26 27 30 33 33 31 31 30 31
23 23 24 24 25 24 24 25 24 23 24 25 24 24 24 24 23 24 25 24 24 25 24 25 25 24 25 25 25 25 25 25 24 25 26 26 25 25 25 26 25 24 25 26 26 26 26 28 27 27 27 27 27 27 27 27 27 28 28 27 27 27 26 27 27 30 29 28 27 28 31 29 27 27 28 29 26 26 28 27 27 28 29 31 30 29 28 28 28 28 29 29 29 29 29 29
23 23 23 24 24 24 24 24 24 24 25 25 25 25 24 24 25 24 24 25 24 24 24 24 25 24 24 24 25 24 25 24 25 25 26 25 25 25 26 26 25 25 26 26 26 26 27 28 28 26 27 27 27 27 27 27 28 28 24 26 27 27 27 27 27 25 28 27 26 27 29 28 26 26 27 28 27 27 27 28 28 29 30 32 32 30 30 30 30 30 30 29 28 28 29 29
24 24 23 23 23 23 24 24 24 23 24 24 25 24 24 25 24 24 23 24 24 24 24 23 24 25 25 25 24 24 24 25 25 25 26 26 25 26 26 25 26 25 26 26 25 26 27 27 27 26 27 26 26 26 27 27 27 27 26 26 26 27 27 26 28 28 26 25 26 26 27 28 27 27 28 27 27 27 27 28 28 29 30 31 32 31 30 30 30 31 30 28 27 28 28 28
22 24 24 24 24 23 23 24 25 23 24 24 24 25 24 24 24 24 24 24 24 24 24 24 24 24 24 24 24 24 25 25 25 25 26 26 26 26 25 25 25 25 25 26 25 26 26 25 27 26 27 27 26 27 27 27 24 25 26 27 26 27 27 26 27 27 27 26 26 27 27 28 28 29 29 28 28 28 28 28 28 28 28 29 29 28 28 29 29 29 28 27 27 28 27 27
22 24 23 23 23 23 24 24 24 24 24 24 24 24 24 24 24 25 24 25 24 24 24 24 24 24 25 25 24 24 25 26 26 26 25 25 25 25 25 26 26 25 25 26 26 26 27 27 26 25 26 26 27 27 27 27 25 26 25 26 26 26 27 26 27 29 27 26 26 27 27 28 28 28 28 27 27 27 27 26 27 28 29 28 28 28 29 30 31 29 28 28 29 28 29 28
24 24 24 24 24 23 23 23 23 24 24 24 24 24 24 24 24 24 24 25 24 25 24 24 25 24 25 25 24 24 25 26 26 26 26 26 25 26 25 26 26 26 26 26 27 26 27 27 26 27 27 26 26 27 26 27 26 26 26 26 27 26 27 26 27 29 28 27 27 27 28 28 27 27 27 27 26 26 26 27 29 30 30 28 27 27 28 29 28 27 27 27 28 28 28 29
23 24 24 24 24 24 24 23 24 24 25 24 24 24 24 24 25 25 25 24 25 24 24 24 24 24 24 25 25 24 24 25 25 26 25 25 25 26 25 25 25 26 26 26 26 27 28 28 26 27 26 26 27 26 25 26 26 24 27 26 26 26 26 27 27 25 28 27 26 27 27 27 26 27 26 27 27 27 28 28 27 27 27 27 27 28 29 28 27 27 27 27 28 28 30 29
23 23 24 24 24 24 25 23 24 25 24 24 24 24 25 25 25 25 25 25 24 24 24 25 25 24 24 25 25 25 25 25 25 26 25 24 25 26 27 26 25 26 26 26 27 27 27 28 27 26 26 26 27 28 25 24 25 27 26 26 26 27 27 27 26 26 27 26 25 26 26 26 26 25 26 27 27 27 27 27 27 26 27 28 27 27 29 29 28 27 27 28 27 28 31 30
24 23 24 24 24 24 24 24 24 25 24 24 24 24 24 25 25 25 25 25 23 24 24 24 24 24 25 24 25 25 25 25 25 26 26 25 25 26 26 25 25 25 25 26 27 26 28 28 28 27 27 27 27 27 27 27 27 26 27 27 27 26 27 27 25 28 27 26 25 25 26 27 27 27 27 27 27 26 27 27 28 28 28 29 28 29 29 28 28 28 27 27 28 29 29 29
24 23 23 23 24 24 25 24 23 24 24 25 24 23 24 25 24 24 24 25 24 24 25 25 25 25 25 25 25 24 25 25 26 25 25 25 25 26 26 26 26 26 25 25 26 26 28 28 26 26 26 27 27 27 27 27 25 26 27 27 26 27 27 28 27 29 27 25 24 25 27 27 27 28 28 28 27 28 28 28 28 28 28 28 28 29 30 30 29 29 28 28 28 28 27 30
24 24 24 23 24 24 24 24 23 25 24 24 24 24 24 24 24 25 25 24 25 25 25 24 25 26 25 25 24 24 25 26 26 25 25 25 25 26 26 25 25 26 26 26 26 27 28 28 26 26 27 27 27 26 27 27 26 26 26 27 27 28 28 27 29 29 25 25 25 26 27 27 27 27 27 29 29 29 30 29 28 28 28 28 29 30 30 30 29 29 28 28 29 29 29 30
24 23 23 23 23 24 23 24 25 25 24 24 24 24 24 24 24 25 24 24 25 25 24 24 25 25 25 25 25 25 25 25 25 25 25 25 25 26 26 25 25 25 26 26 26 26 27 28 26 26 26 27 26 26 27 27 27 26 26 26 26 27 26 27 30 28 25 26 26 26 27 28 27 27 29 29 29 30 29 27 28 28 28 28 27 27 29 29 30 30 29 30 30 29 29 30
24 24 23 23 23 23 24 24 24 24 24 24 25 24 24 24 24 25 24 24 25 25 25 24 25 25 25 25 25 25 25 26 25 25 25 25 26 26 25 25 25 26 26 26 26 26 27 27 26 26 27 26 26 26 27 27 26 26 27 27 27 26 26 28 29 27 25 25 25 26 26 27 27 27 28 28 28 28 28 27 27 27 28 31 30 28 28 28 29 29 29 30 30 29 30 31
23 23 23 24 23 24 23 23 22 24 24 24 24 24 24 24 24 24 24 24 25 25 24 25 25 25 25 25 25 25 26 25 25 25 26 25 26 26 25 25 25 25 25 25 26 27 27 26 26 26 26 26 26 26 26 27 26 26 26 27 26 26 27 29 30 27 26 26 26 27 28 27 27 27 27 27 27 27 27 27 28 28 28 31 31 29 29 29 29 30 29 29 29 29 29 29
23 24 24 24 24 22 24 24 24 24 24 24 24 24 24 24 24 24 24 24 25 25 25 25 25 25 25 25 25 25 25 25 25 25 25 25 27 26 25 25 25 25 25 25 26 29 30 26 25 26 26 26 25 25 26 26 27 26 26 26 26 27 26 28 29 28 26 26 26 28 28 27 27 28 28 27 27 27 29 28 27 28 28 29 29 31 30 29 29 29 29 30 29 31 29 28
24 23 24 24 23 23 24 24 24 24 23 23 24 25 24 25 24 24 24 24 25 25 25 25 25 25 24 25 25 25 26 25 25 26 26 26 27 27 26 26 26 26 26 26 26 29 30 26 25 26 26 26 26 26 25 26 26 26 26 26 27 27 26 27 30 27 27 26 27 28 28 27 26 26 26 26 27 27 28 28 27 27 27 27 28 29 29 28 30 29 29 30 29 29 29 31
23 23 23 23 23 24 24 24 24 24 23 24 24 24 24 24 24 24 24 24 25 25 24 25 25 25 25 25 26 27 26 25 25 26 26 26 27 27 25 25 26 26 26 26 26 28 29 25 25 25 26 26 26 25 26 26 26 26 26 26 26 26 27 31 31 27 26 27 27 30 28 26 26 26 26 26 26 26 27 28 28 29 28 28 28 28 29 28 29 29 29 29 28 29 29 31
24 24 23 23 24 24 24 25 24 24 25 24 24 24 25 25 24 24 25 24 24 25 25 25 24 24 26 25 26 26 26 24 25 26 26 25 26 26 24 25 26 26 26 25 26 28 29 26 26 26 27 27 25 26 26 26 26 25 25 26 26 26 30 31 26 26 28 27 28 30 27 26 26 26 27 26 26 27 27 28 29 30 29 29 29 28 28 30 29 29 28 28 29 29 29 29
24 24 24 23 23 24 24 24 23 24 24 24 23 24 24 25 24 25 25 25 25 25 24 25 25 24 26 26 26 25 26 24 25 26 27 26 26 25 25 25 26 27 26 25 26 28 29 26 25 26 27 27 25 26 26 26 26 26 26 26 27 24 24 30 27 25 28 27 28 29 27 27 26 26 26 26 27 28 27 29 29 30 30 31 30 29 28 28 28 27 28 29 29 30 30 30
24 24 24 24 24 24 24 24 25 24 23 23 24 24 25 24 25 25 25 24 24 25 25 25 25 25 25 26 25 25 25 25 26 27 25 26 26 25 25 25 26 26 26 26 26 29 30 27 25 25 25 25 26 26 25 26 26 26 27 25 25 25 29 29 28 28 27 26 27 27 28 26 25 26 27 27 27 28 27 29 29 29 30 31 32 29 27 28 29 28 29 29 29 29 29 29
25 24 24 24 24 24 24 25 25 25 24 23 24 22 24 25 26 25 25 25 25 25 25 26 25 25 26 27 27 26 25 26 27 25 25 26 26 26 25 26 27 27 27 25 26 28 28 27 25 25 25 26 26 26 25 25 26 27 26 25 29 28 27 27 28 28 27 27 27 27 26 26 25 27 28 28 27 28 28 28 28 28 29 29 30 29 29 30 29 28 29 28 29 29 29 29
25 24 24 24 24 24 24 25 24 24 25 24 24 23 24 24 25 26 26 25 25 25 25 26 25 25 26 27 27 25 25 26 26 26 26 26 26 26 25 26 26 27 26 26 27 27 26 25 25 25 26 25 26 26 27 27 27 27 27 26 28 28 28 27 26 26 26 26 27 28 27 27 27 26 27 29 29 29 29 28 28 28 29 29 29 29 29 29 29 28 28 29 29 29 29 29
24 24 25 24 24 24 24 25 24 24 24 25 24 24 24 25 25 25 25 25 25 25 25 25 25 26 26 25 25 25 25 26 26 26 26 25 26 26 26 26 26 26 26 27 29 27 27 27 26 25 26 27 24 25 27 27 26 29 24 25 25 29 26 26 26 27 28 28 28 29 28 27 27 27 27 28 29 30 32 33 29 29 29 28 28 30 29 29 29 29 29 29 29 30 30 29
25 25 24 25 25 24 24 23 24 24 24 24 24 25 25 26 26 25 25 25 25 25 25 25 25 27 26 25 26 26 26 26 25 26 26 26 26 26 26 25 26 25 26 28 31 30 29 28 27 26 25 26 25 30 28 29 25 24 29 27 27 26 26 27 29 29 29 30 32 33 29 28 29 29 29 30 30 29 31 34 30 28 29 28 28 29 29 28 29 29 29 30 30 29 30 30
25 25 25 25 25 25 25 25 24 24 25 25 25 25 26 26 25 25 26 25 26 25 25 26 26 26 26 26 25 26 26 27 26 27 27 27 26 26 26 26 25 26 26 26 28 29 28 28 27 26 26 27 29 30 28 29 29 27 27 26 26 26 26 27 27 27 28 28 31 31 29 28 28 29 29 29 31 28 29 30 29 29 28 28 28 28 28 28 28 29 29 29 30 29 29 29
26 26 26 24 25 25 25 25 25 25 25 25 26 26 26 25 24 25 26 26 25 24 24 25 25 25 26 26 25 25 27 27 26 26 26 25 25 26 27 26 25 26 27 27 29 28 28 29 28 27 26 26 25 26 27 27 26 26 26 27 27 29 29 29 29 27 26 28 30 30 29 28 28 29 27 28 33 30 28 28 29 28 27 28 28 28 28 28 28 29 29 29 29 29 28 28
50 26 25 25 25 25 25 25 26 25 24 25 25 25 25 25 25 25 25 25 25 25 25 24 25 25 26 25 25 26 27 26 25 25 25 25 26 26 26 26 26 25 26 26 28 30 30 29 28 28 26 26 26 26 27 27 27 26 27 28 29 30 29 29 28 28 28 27 27 27 27 27 27 28 27 28 30 32 29 28 28 28 27 27 28 28 28 29 27 28 28 29 29 29 29 29
60 55 27 26 26 26 26 26 25 26 25 25 25 25 25 24 25 25 25 25 25 25 26 26 26 25 25 26 24 25 27 27 25 26 26 26 25 26 26 25 26 26 26 26 28 30 29 28 30 28 26 26 26 26 27 28 29 28 26 27 27 27 28 28 27 28 27 26 27 27 27 27 28 27 27 27 30 30 28 28 28 30 28 27 27 27 27 28 28 27 28 28 28 28 28 29
72 71 61 26 26 25 26 25 24 25 25 25 25 26 25 25 25 25 25 25 25 25 25 25 25 25 25 25 25 26 26 25 25 26 26 26 26 26 25 25 26 26 27 27 27 30 30 27 30 30 27 27 26 27 27 26 27 28 26 26 27 28 27 27 26 28 27 27 27 27 26 27 27 27 27 28 28 27 27 27 29 30 29 28 28 27 27 27 27 26 26 27 27 27 27 28
86 92 66 28 27 27 26 26 25 25 26 25 24 25 25 25 25 26 25 24 25 24 24 24 26 25 25 25 26 27 26 25 25 26 25 26 26 25 25 25 27 27 26 26 27 28 29 26 27 30 29 27 26 26 26 26 27 26 26 26 27 28 28 26 26 27 28 28 27 26 26 26 27 28 28 27 27 27 27 28 27 28 28 26 26 27 28 27 27 26 27 27 27 27 26 28
82 98 82 61 27 28 28 27 26 26 26 26 26 26 26 24 25 25 25 25 25 25 25 24 25 25 24 25 25 25 25 26 26 26 26 25 26 26 26 25 25 26 26 26 26 28 30 28 28 28 27 27 26 26 26 27 28 27 25 26 25 26 26 27 26 27 27 29 28 26 26 27 28 27 25 26 28 28 27 28 27 26 26 27 26 26 27 27 27 27 27 26 27 27 28 28
88 97 95 71 47 26 28 27 26 26 26 25 25 26 25 25 24 25 26 25 25 25 25 25 25 25 24 25 26 26 25 26 26 26 26 26 26 26 25 24 26 25 25 26 26 26 27 27 26 27 27 27 26 25 26 26 27 27 26 27 26 25 26 26 26 26 25 26 25 26 27 28 27 25 25 26 26 27 27 27 27 26 27 28 28 27 27 27 27 28 27 27 27 27 27 28
74 76 83 86 73 53 28 27 27 26 26 25 26 25 25 26 25 26 26 26 25 24 25 24 24 25 25 25 26 26 25 25 26 27 26 26 26 26 25 24 25 25 25 25 25 25 26 27 27 25 26 28 28 26 27 26 25 26 26 27 27 27 26 26 25 26 26 25 25 26 28 27 26 25 26 27 26 26 26 26 26 26 27 27 26 27 26 26 26 27 28 28 27 28 27 27
68 73 77 90 91 76 44 27 27 27 26 26 26 25 26 26 25 26 26 25 25 25 25 25 24 25 25 26 25 25 25 25 25 26 26 26 26 26 26 25 25 26 25 26 26 25 25 26 28 27 26 26 27 27 27 28 26 26 27 25 26 26 26 27 26 26 26 26 27 27 27 27 26 27 27 26 27 27 27 26 27 27 27 29 28 27 26 26 26 26 27 27 27 27 27 27
94 89 86 93 93 83 66 54 28 27 28 27 26 26 26 26 25 26 25 25 25 26 24 26 25 25 25 26 25 25 26 26 25 25 26 26 25 26 25 25 25 25 26 27 26 25 25 26 27 27 27 26 27 27 27 26 25 25 26 26 26 26 26 26 26 27 26 27 27 26 26 26 26 26 26 26 27 26 27 27 26 26 27 28 29 27 27 26 27 27 26 27 26 26 26 27
