examples/data/proba_v_italy_sicily/probav_s10_toc_x19y03_20150401_333m_ndvi_v001.txt
ncols         1127
nrows         589
xllcorner     12.348214285714
yllcorner     36.598214285714
cellsize      0.0029761904761905
NODATA_value  -9999
[rows 517 to 563 of 589, columns 864 to 959 of 1127]
195 199 214 207 171 178 213 200 220 245 202 171 163 172 196 181 180 182 195 208 197 173 181 223 217 196 194 184 193 216 204 186 176 164 186 210 174 182 177 137 195 234 244 241 215 212 231 206 178 195 207 152 131 131 162 199 157 88 141 189 191 186 99 93 56 53 53 38 28 31 35 42 41 37 35 60 38 30 34 34 22 35 34 32 34 33 33 34 28 26 21 41 30 29 24 28
214 222 206 190 152 138 161 166 186 199 206 165 151 146 156 180 176 193 234 224 193 204 194 200 211 182 155 159 171 219 217 203 187 170 180 224 231 217 185 158 179 223 235 227 225 219 224 187 200 221 233 237 204 193 204 213 198 113 166 194 176 130 94 88 64 44 52 47 24 34 45 42 39 37 35 38 33 34 34 34 34 33 34 35 34 35 23 34 33 25 22 32 38 29 20 25
218 209 198 212 223 210 199 184 175 188 188 180 189 156 164 193 201 218 221 210 169 150 174 183 192 201 207 248 223 204 205 194 200 204 213 200 184 209 198 211 173 166 211 222 218 197 211 202 200 178 198 211 210 218 210 192 215 190 155 122 56 118 142 91 51 56 55 32 30 26 42 30 40 37 36 35 47 31 33 33 33 34 34 34 34 34 35 35 32 32 33 33 32 33 33 17
216 204 205 213 215 221 213 210 227 210 181 199 199 196 185 187 202 216 180 192 201 132 173 184 167 210 227 226 218 199 169 171 207 207 197 179 183 210 223 245 241 226 189 185 178 150 165 207 226 192 170 197 215 231 222 208 203 195 174 104 90 133 122 69 52 35 32 29 37 34 41 35 34 46 35 42 74 44 46 45 42 36 34 36 31 34 33 33 34 34 32 31 32 30 32 33
202 210 232 231 231 220 219 208 227 223 195 174 192 189 176 184 198 190 159 171 227 201 153 154 182 209 195 198 222 209 195 186 180 188 187 178 201 228 235 234 203 193 196 212 217 207 209 221 217 215 225 230 238 231 218 214 214 195 168 116 70 85 53 36 57 54 43 45 48 50 52 49 47 45 47 53 54 42 53 50 46 45 39 33 33 32 34 34 34 34 34 34 34 31 33 32
175 179 225 237 226 196 172 169 192 199 184 191 206 191 192 200 217 203 194 208 218 208 194 211 207 199 203 179 193 203 216 220 196 174 175 199 212 227 229 214 183 178 180 194 220 235 244 208 216 211 212 179 173 198 213 205 194 135 71 73 71 69 76 52 62 62 58 55 54 57 63 65 60 57 54 51 44 34 34 34 34 32 32 32 27 25 32 33 33 33 35 33 34 33 31 33
223 214 228 223 218 230 212 191 196 197 197 196 177 205 216 213 237 212 170 189 231 227 204 225 201 127 157 161 197 203 202 218 222 178 173 232 241 233 203 177 171 204 191 200 194 189 212 209 205 209 210 215 193 196 202 186 128 53 62 79 66 72 73 63 43 66 65 54 47 41 41 37 38 56 35 36 38 36 33 35 34 35 32 39 33 28 31 32 28 32 34 32 31 31 31 31
203 209 199 200 217 173 145 186 209 211 200 208 220 240 232 207 211 208 195 204 216 223 208 189 165 105 131 155 155 184 205 210 226 239 188 198 231 190 144 179 195 194 212 207 186 167 227 232 154 156 175 204 201 196 182 151 117 65 42 77 50 57 79 71 46 48 58 57 49 42 47 53 39 41 42 43 45 35 34 32 27 31 34 35 32 31 31 31 30 33 32 32 31 32 32 31
179 175 172 196 201 175 133 175 208 176 172 200 223 231 211 174 196 219 200 187 202 223 215 212 215 171 146 154 120 128 172 186 220 224 170 191 235 217 173 137 170 201 197 181 192 192 175 144 98 116 172 193 202 201 198 181 113 50 74 83 50 50 71 57 57 60 63 64 60 54 48 35 35 36 34 28 33 35 38 33 25 31 31 32 34 33 33 33 32 31 33 33 30 30 31 31
183 169 176 192 165 155 182 207 214 163 145 133 163 218 200 193 190 215 209 198 208 208 219 224 228 212 194 209 230 220 164 162 199 185 177 182 204 205 146 137 190 222 195 180 173 175 171 161 170 195 179 169 180 189 191 138 106 132 113 90 30 76 70 66 63 65 57 54 54 48 26 35 36 38 36 36 33 33 32 34 25 33 35 34 32 32 33 34 34 34 32 32 33 32 29 29
157 135 167 198 178 179 203 180 174 194 177 177 210 219 212 189 197 230 222 177 164 203 236 229 205 187 145 146 150 205 216 226 229 173 157 180 197 174 148 205 214 195 193 181 211 219 229 221 201 204 206 171 154 160 170 153 130 177 147 63 67 87 47 39 39 28 28 31 33 34 47 35 37 24 66 35 35 38 32 36 27 35 26 32 34 34 32 33 32 21 31 32 33 31 30 29
183 173 168 175 154 196 205 166 184 176 192 204 203 215 213 191 194 198 219 212 162 140 193 218 202 200 172 132 154 195 221 223 163 157 156 196 181 162 150 158 157 156 117 133 186 164 166 167 154 171 196 134 137 166 143 133 142 164 146 67 60 70 40 50 23 33 31 30 30 31 33 35 36 37 36 37 36 38 27 31 34 24 25 32 33 32 32 32 32 30 17 31 30 29 29 30
190 180 151 182 189 187 208 202 217 163 155 190 218 235 197 199 187 173 226 233 185 151 146 180 195 177 169 192 211 205 160 147 140 150 166 169 161 183 174 195 201 213 191 184 190 181 183 205 129 135 179 183 159 161 110 124 168 184 164 108 54 56 46 80 32 35 27 27 27 29 27 27 26 25 37 33 26 38 39 36 47 38 32 34 33 34 36 32 31 34 32 34 31 31 31 31
199 191 173 197 195 159 188 226 219 217 221 214 185 198 215 208 174 141 203 221 190 175 170 186 175 192 172 176 198 143 95 130 185 181 178 162 146 180 207 224 194 187 207 168 187 206 180 196 186 177 174 161 168 194 159 172 185 197 169 148 104 55 45 81 28 31 28 27 24 25 25 25 25 24 25 37 27 27 36 34 33 34 33 35 33 39 39 45 42 32 34 31 33 30 30 31
190 168 191 192 173 182 163 154 187 235 240 196 161 165 211 207 169 166 220 224 162 144 120 141 196 228 212 203 189 146 118 154 172 186 206 205 187 198 208 198 214 211 216 210 196 212 190 179 188 194 177 128 155 202 195 212 216 186 147 130 122 103 50 47 29 29 29 26 25 24 27 27 27 26 26 36 32 35 37 35 34 35 29 27 36 35 32 32 31 30 33 31 31 33 32 32
185 168 177 180 146 185 208 187 212 249 231 167 174 185 220 227 194 195 173 201 186 150 130 136 194 193 198 209 199 194 172 167 150 170 154 145 162 189 187 198 187 184 221 193 187 203 203 191 188 201 195 164 167 195 205 188 177 191 193 154 135 99 55 42 33 41 29 27 26 25 26 27 27 28 26 26 36 27 24 16 35 28 27 24 34 33 32 32 30 32 31 31 30 31 30 31
178 193 191 207 200 189 185 177 203 222 222 195 184 197 218 227 219 173 149 190 186 156 179 179 196 198 180 146 152 164 187 176 161 190 173 145 141 190 200 201 163 181 220 173 189 220 212 210 192 209 221 210 206 188 168 175 135 179 211 155 103 54 27 39 31 41 32 30 36 28 28 26 27 26 26 34 33 30 32 30 32 27 24 35 33 34 33 32 32 31 32 33 31 32 32 31
152 215 204 184 187 144 127 169 214 203 187 199 207 219 233 218 201 209 214 189 153 178 203 208 180 146 160 139 157 154 187 189 171 137 146 129 145 181 185 186 189 197 236 229 208 216 212 214 187 172 187 211 226 186 173 194 219 188 196 183 122 71 24 34 29 29 29 29 30 28 27 26 26 26 20 27 30 30 30 31 24 25 24 24 26 35 32 32 30 31 33 31 29 31 32 31
178 205 202 197 179 139 151 177 198 203 210 226 218 212 234 233 224 218 215 179 176 217 221 203 209 191 194 183 207 228 229 215 183 150 148 122 163 156 157 215 223 222 215 199 168 166 212 230 189 152 160 196 209 225 220 157 166 153 151 178 155 88 24 31 35 32 29 28 27 27 25 27 35 36 29 30 34 36 36 35 25 26 24 23 23 32 32 29 30 30 33 33 31 32 32 31
126 150 190 202 187 182 183 156 165 201 207 215 218 201 212 222 225 239 187 143 207 218 241 236 208 168 184 193 216 219 213 173 156 174 148 115 148 138 117 189 219 213 204 174 153 175 174 209 199 201 207 211 212 210 208 147 130 121 114 150 157 102 72 26 30 30 29 27 28 28 36 31 27 26 27 27 26 25 25 25 25 25 26 35 27 26 30 30 30 33 31 30 29 32 32 31
92 131 189 212 208 195 182 145 143 217 233 230 227 188 177 221 184 162 180 173 217 212 202 196 193 162 191 178 146 172 167 169 193 201 172 172 185 167 155 172 192 179 168 160 149 159 150 200 204 194 204 187 207 138 104 128 195 175 150 188 198 171 111 81 40 30 31 27 28 29 27 30 25 24 27 28 25 25 24 25 26 24 25 26 35 26 31 31 31 28 24 31 31 32 32 32
97 151 219 215 205 192 204 201 133 175 197 207 183 155 171 203 151 117 184 200 210 224 209 185 187 182 188 186 145 130 127 195 204 198 193 198 240 189 170 192 165 145 155 152 184 207 151 198 212 203 221 175 156 191 151 119 197 222 205 228 230 206 127 104 56 22 31 29 29 30 33 26 26 25 25 25 25 24 26 24 24 24 23 26 27 26 24 33 23 31 25 19 40 40 42 33
155 142 207 225 214 194 194 205 162 120 174 196 190 220 210 218 220 172 137 129 180 243 247 206 197 189 180 177 175 182 158 176 187 146 143 146 165 198 203 186 165 185 172 196 243 250 157 121 144 162 158 135 168 221 173 124 127 140 133 145 155 161 129 110 76 36 24 26 29 23 27 28 28 27 27 24 27 23 24 26 26 25 25 36 24 25 23 31 27 28 25 23 54 32 24 32
209 181 173 212 226 218 205 211 184 173 174 165 184 239 250 250 250 242 199 164 170 196 236 216 204 181 137 182 204 208 199 174 174 137 113 139 112 131 173 146 146 171 146 153 212 226 154 84 95 132 166 184 213 176 171 166 142 155 156 129 135 170 146 125 105 95 66 42 36 40 29 28 28 26 26 27 26 26 26 25 25 24 34 36 35 39 40 40 29 26 23 30 32 30 30 32
199 177 183 191 205 224 238 226 167 203 211 207 198 221 240 212 203 235 232 202 206 166 180 210 208 229 205 217 187 174 186 170 168 173 140 131 132 116 113 134 148 122 127 159 155 139 174 106 130 211 226 229 182 121 145 168 172 173 164 148 138 152 178 164 144 147 89 45 35 36 34 29 27 25 25 25 26 26 26 25 25 25 38 39 41 45 48 44 32 32 32 31 31 30 30 35
195 217 178 141 207 233 240 250 233 212 185 179 189 169 203 209 208 230 233 226 216 188 198 220 194 235 224 196 189 190 187 177 167 137 144 138 125 114 91 107 157 183 185 156 146 183 200 117 135 202 179 201 192 165 192 199 172 164 175 163 132 142 170 164 132 158 131 47 39 31 29 29 27 27 27 26 25 25 26 25 25 47 49 24 25 24 24 32 40 32 28 31 32 37 25 39
189 200 153 126 178 204 230 250 250 224 209 222 223 210 210 223 231 208 224 243 217 203 217 231 205 225 226 203 203 204 175 210 211 125 121 165 165 160 194 184 160 186 220 212 193 154 169 157 160 188 173 164 200 185 169 170 167 158 149 176 155 144 150 154 157 178 142 43 34 30 28 34 28 26 27 27 26 25 24 33 33 24 26 24 25 23 23 36 36 35 33 30 84 30 32 38
204 187 174 148 141 175 210 233 241 235 224 225 228 214 196 178 218 224 226 215 200 199 212 234 237 225 227 222 200 217 200 182 202 205 179 188 198 173 189 223 155 168 227 229 181 162 179 166 181 183 189 193 174 174 157 143 158 176 155 165 176 171 171 155 148 164 152 78 37 35 30 31 30 26 28 26 25 36 24 24 25 24 24 25 25 28 31 36 42 43 42 43 47 51 41 32
149 167 170 155 118 101 142 146 136 139 155 179 205 188 170 164 209 221 205 215 213 211 212 229 223 204 208 204 211 215 151 168 195 194 158 174 195 207 184 205 167 156 207 218 198 158 173 157 162 163 169 199 177 175 168 129 159 159 141 151 159 161 172 177 151 145 168 135 96 31 31 29 27 26 26 35 34 35 26 25 24 24 24 38 41 42 42 44 46 48 47 29 31 31 28 24
124 141 146 144 145 126 143 140 132 123 145 158 160 149 153 174 211 238 225 236 237 209 187 204 217 207 216 216 180 190 178 152 184 206 207 190 172 218 208 189 163 173 192 172 164 124 147 181 136 136 154 151 198 172 173 161 137 147 155 150 158 163 142 147 155 169 200 184 135 32 32 32 29 26 25 35 36 24 26 25 25 23 40 48 51 52 50 33 34 31 31 31 33 30 33 42
115 123 137 142 179 156 136 129 142 146 144 142 142 153 153 155 161 176 213 235 231 203 215 208 209 181 207 215 148 194 202 149 153 179 158 145 142 180 190 180 184 136 115 111 138 136 147 157 160 170 171 131 160 145 166 185 137 157 190 159 110 93 116 144 189 180 180 184 133 29 36 34 31 28 27 25 26 24 24 24 24 38 23 24 33 32 32 43 25 35 36 36 40 42 37 36
97 110 125 144 183 194 170 133 144 166 143 128 136 138 142 108 110 133 164 174 136 155 179 206 196 180 211 228 149 114 125 132 147 184 187 212 209 162 159 182 195 171 141 112 138 167 140 139 175 171 159 157 159 182 212 208 129 98 114 116 104 134 178 138 115 142 171 149 74 28 36 34 42 27 27 26 25 24 24 25 23 37 36 24 33 36 38 39 37 37 39 38 37 44 44 39
28 74 114 123 143 138 160 165 140 144 138 135 139 130 139 150 139 161 176 163 101 116 123 172 187 198 216 205 129 126 130 137 165 217 226 210 224 188 168 187 205 216 211 151 132 152 115 134 163 171 183 164 138 152 151 99 71 51 52 51 95 170 190 168 163 179 184 173 145 40 37 33 31 27 26 26 25 24 24 24 24 26 33 43 51 53 42 45 44 41 42 46 43 31 34 31
6 0 43 91 127 129 124 131 120 132 129 147 156 145 130 138 161 122 113 131 108 118 154 198 174 174 215 209 139 79 152 166 201 208 231 177 186 185 172 193 202 188 172 166 141 157 152 159 152 146 163 168 145 152 97 59 60 54 51 66 131 201 200 186 188 194 183 165 138 35 38 35 33 30 25 24 31 33 37 42 42 41 39 39 40 61 45 45 46 43 39 33 30 34 33 32
26 29 0 9 69 102 118 137 131 130 132 158 172 138 128 150 161 146 125 131 144 176 197 196 168 151 116 79 104 155 114 94 50 146 178 175 146 166 167 166 180 177 165 161 161 155 166 159 153 148 165 173 161 194 181 110 97 103 108 136 161 171 166 164 150 179 173 129 79 87 39 51 45 47 50 52 56 55 52 50 49 48 48 55 42 42 35 32 32 32 31 33 23 30 31 33
23 25 35 29 0 43 85 109 120 123 138 151 150 118 110 167 163 138 161 185 166 154 162 159 173 179 156 55 149 174 179 181 179 177 179 191 146 154 157 159 150 164 178 151 167 160 179 186 158 149 165 144 150 194 213 175 162 159 177 176 153 142 144 135 132 159 154 153 143 90 82 75 73 71 65 58 55 54 51 51 48 46 60 37 39 39 35 33 35 38 40 42 36 24 31 32
22 17 33 47 36 1 8 60 101 134 148 139 135 134 114 130 144 136 175 202 160 147 137 143 203 206 184 132 148 145 139 150 137 132 164 187 156 175 176 170 149 144 175 171 177 149 146 180 179 173 180 196 208 192 179 165 182 201 161 131 143 158 161 147 156 170 191 198 160 120 102 86 32 29 27 25 27 33 34 35 32 30 48 43 32 39 42 41 31 30 30 30 30 30 33 34
15 24 28 33 19 34 39 31 55 95 117 122 133 136 107 118 138 119 132 159 138 161 144 139 173 154 94 58 64 64 64 72 78 98 113 123 139 151 159 160 163 143 135 134 158 144 150 178 171 173 174 156 140 177 167 144 175 184 164 144 135 171 192 210 203 237 249 198 105 51 26 39 34 30 39 35 33 33 33 33 32 48 30 32 30 31 31 30 31 30 30 23 30 32 32 36
20 23 25 22 20 21 49 48 0 23 76 97 122 132 115 110 137 141 130 160 153 124 158 189 155 43 13 21 22 18 5 0 6 16 42 62 97 139 163 189 193 176 164 152 132 127 160 148 167 199 196 166 129 127 149 159 184 189 147 142 153 174 180 188 182 176 166 155 148 112 44 28 35 31 30 26 33 28 30 32 64 32 31 33 32 31 34 31 30 30 23 22 22 22 32 39
25 13 23 29 29 15 21 38 50 38 6 61 100 119 124 129 136 156 141 155 194 150 133 130 101 19 32 42 35 29 42 40 41 47 38 17 33 81 119 152 155 156 166 160 159 176 165 152 163 181 186 163 156 131 129 132 144 145 164 172 158 140 117 140 162 183 174 173 181 178 167 124 28 36 35 32 32 32 32 32 57 34 31 32 32 33 33 33 30 23 22 35 22 33 30 30
25 22 29 34 30 30 28 26 29 11 19 31 41 51 45 47 95 123 112 87 82 63 14 17 50 32 34 33 45 33 25 22 41 42 43 43 35 2 59 120 159 157 143 145 157 154 155 147 141 158 132 132 162 166 141 148 181 154 175 184 137 102 132 183 229 226 212 219 203 202 182 172 117 37 36 33 33 35 30 31 53 32 31 31 33 34 33 35 34 33 34 37 39 37 29 33
30 30 30 30 9 28 28 26 29 29 31 19 7 5 6 5 17 58 39 27 10 76 56 20 27 31 51 56 34 30 19 20 36 39 38 39 45 46 11 74 120 129 137 153 159 135 161 157 129 145 171 172 205 189 158 156 169 180 214 230 194 174 210 237 238 232 228 223 203 192 170 151 122 43 29 31 28 48 51 46 42 40 41 40 39 39 38 39 39 39 41 40 39 28 32 36
24 16 30 32 28 28 30 31 18 31 31 28 21 34 35 34 40 30 51 54 55 69 54 53 42 42 26 28 27 30 35 31 19 30 26 30 24 42 43 23 48 60 105 147 153 183 186 164 134 117 157 186 180 185 171 162 136 136 177 230 241 222 215 229 222 223 199 178 175 179 171 171 165 131 24 60 125 130 111 76 39 48 44 43 45 44 42 40 34 35 40 36 32 35 34 33
30 32 30 30 31 31 19 20 30 14 10 33 32 15 36 42 43 42 48 50 52 51 51 49 23 53 23 42 39 40 40 39 36 25 27 26 23 40 46 51 44 16 44 105 145 182 155 163 153 170 190 183 172 202 175 159 168 182 186 214 233 228 205 210 191 212 186 168 168 193 179 120 92 107 101 48 101 107 78 42 47 40 33 23 23 32 22 32 33 32 37 38 35 35 36 36
29 31 27 29 30 29 30 30 29 29 30 29 30 40 43 42 40 11 45 49 24 44 47 46 42 42 45 43 41 36 35 35 24 28 30 25 24 37 28 47 51 54 25 60 124 159 145 153 179 179 169 191 185 172 163 181 163 147 127 167 204 179 183 193 206 191 199 198 205 197 179 115 63 92 115 31 35 28 41 45 33 37 39 30 32 22 23 23 37 40 39 40 39 35 33 33
24 27 27 27 28 32 39 34 14 30 30 28 27 36 31 36 34 37 37 42 25 39 39 42 42 47 35 41 37 22 18 19 25 27 25 21 32 18 25 45 37 36 48 10 93 152 184 164 165 161 196 229 204 177 159 203 182 142 128 164 192 164 176 174 187 165 157 183 193 179 155 121 93 111 30 28 45 41 47 37 25 34 45 23 22 22 37 34 35 41 43 27 34 35 34 32
27 27 27 27 15 32 38 31 29 29 29 30 34 39 31 21 54 44 15 14 7 40 39 39 37 36 41 41 36 20 23 26 26 19 16 28 30 22 24 38 51 38 51 24 63 124 160 180 174 171 192 183 163 170 175 173 186 155 175 187 154 178 165 148 162 140 129 129 141 172 162 159 125 107 27 28 28 26 53 39 32 37 23 23 23 23 44 42 39 39 42 40 37 36 37 37
