examples/data/proba_v_italy_sicily/probav_s10_toc_x19y03_20150211_333m_ndvi_v001.txt
ncols         1127
nrows         589
xllcorner     12.348214285714
yllcorner     36.598214285714
cellsize      0.0029761904761905
NODATA_value  -9999
[rows 336 to 383 of 589, columns 672 to 767 of 1127]
153 165 156 163 160 156 171 164 151 150 149 166 158 151 153 160 146 97 127 141 127 146 143 122 139 165 169 186 174 166 158 141 159 147 163 173 171 172 176 167 164 150 171 205 206 194 199 198 210 195 180 161 141 151 168 199 210 188 209 226 214 225 204 177 210 232 234 227 217 193 177 199 189 172 193 206 200 197 169 152 174 178 175 208 212 185 177 198 199 192 169 164 185 218 209 205
141 166 162 169 177 172 178 189 179 155 153 160 152 158 163 167 161 110 137 147 150 150 137 118 140 164 145 166 200 186 161 150 162 164 164 156 163 193 183 167 160 189 206 216 219 182 160 182 231 210 172 171 202 219 188 195 214 207 201 229 206 168 215 222 213 220 220 203 190 185 200 194 193 201 192 198 183 194 167 170 198 190 163 189 199 162 149 182 200 212 211 196 194 186 198 223
141 170 182 119 122 141 121 182 182 160 141 169 164 166 148 165 166 142 137 152 170 173 177 163 145 155 169 189 183 170 167 172 166 176 174 136 141 165 177 197 174 170 183 190 209 192 162 153 180 182 150 140 179 206 176 185 189 199 193 203 168 151 214 238 222 206 205 196 184 178 201 204 207 201 206 188 209 215 178 174 205 232 215 175 160 155 139 164 182 213 234 189 140 164 181 204
129 119 144 121 109 135 159 177 154 169 143 140 136 140 164 177 186 156 153 162 165 177 184 171 158 158 170 188 180 179 182 176 166 165 146 127 134 165 190 207 190 166 176 195 204 195 204 194 168 162 153 142 171 176 167 182 176 172 191 216 205 198 196 172 155 177 209 203 195 187 202 196 195 217 205 179 187 187 181 166 166 223 230 204 207 202 177 176 143 124 180 190 173 180 193 202
161 142 134 89 94 183 164 169 165 171 160 157 162 165 181 190 182 176 166 144 143 148 160 166 163 165 184 185 192 179 155 169 159 165 163 179 193 163 179 207 205 188 190 186 180 176 183 188 175 168 172 173 171 174 177 170 171 179 191 199 177 159 165 170 186 174 198 214 215 216 194 153 165 204 198 196 211 213 205 187 139 128 185 177 215 215 207 194 163 139 142 157 175 191 193 177
140 132 126 132 157 195 140 141 176 162 162 146 146 144 171 171 165 174 157 164 144 147 158 181 181 159 175 183 186 179 164 177 162 150 182 179 168 168 182 191 203 212 208 194 184 171 169 185 185 173 182 192 184 197 190 179 168 175 206 216 197 185 186 203 211 198 192 186 187 206 208 165 136 180 207 207 216 211 206 185 149 126 123 169 219 199 202 193 185 199 194 163 164 179 183 147
142 132 145 122 152 184 142 145 182 169 158 175 164 161 144 151 185 178 195 171 162 155 156 156 156 161 180 191 181 158 179 162 157 147 167 177 172 169 154 166 194 204 181 161 137 162 182 183 185 186 185 181 186 222 229 196 202 211 214 211 187 191 208 211 195 177 170 169 168 190 204 178 182 231 229 175 185 203 184 182 182 140 122 190 194 189 194 187 181 195 208 197 201 189 158 166
148 131 110 125 150 178 184 164 163 159 141 170 155 148 142 172 194 204 200 171 176 164 159 147 137 149 154 173 180 171 183 193 162 145 153 162 158 173 147 167 216 229 199 164 143 154 198 183 180 178 178 169 180 202 207 192 208 214 197 198 192 190 206 210 195 193 195 176 154 186 208 209 196 220 224 186 170 184 177 172 174 156 174 203 192 194 179 174 183 201 205 203 190 169 154 167
128 113 104 116 141 171 166 158 183 144 177 173 162 154 158 181 191 179 147 137 176 185 161 129 143 153 164 154 155 163 186 157 107 85 101 167 180 178 169 175 199 213 212 194 187 189 192 175 178 182 199 199 189 181 185 207 200 189 199 194 200 195 183 176 194 189 182 184 170 197 194 184 191 210 222 186 148 166 185 186 190 194 148 146 162 171 159 160 173 194 207 188 178 177 168 171
134 144 130 107 154 218 194 169 190 220 196 180 164 169 156 160 187 185 149 138 147 169 160 162 166 170 160 170 171 166 171 166 94 113 152 181 209 221 204 165 152 180 206 204 206 188 172 188 192 190 207 225 200 202 191 202 212 211 205 186 190 186 191 185 182 192 169 178 194 197 195 194 199 212 220 202 158 148 176 177 146 141 132 130 150 146 143 162 179 181 177 185 188 168 173 183
153 149 155 108 168 226 167 112 170 216 226 234 173 163 180 132 123 123 131 156 159 170 165 169 184 189 179 167 164 159 163 153 158 168 172 199 217 216 202 182 189 195 193 191 200 213 209 213 223 203 194 207 208 208 201 202 203 212 220 212 200 177 173 200 185 182 192 202 226 211 176 165 163 162 167 181 174 151 147 153 158 145 132 133 144 159 148 165 176 163 141 153 181 160 157 164
135 135 134 114 144 169 118 162 125 175 219 226 189 190 198 174 89 110 155 144 146 151 145 154 163 142 170 185 157 171 180 179 189 181 178 176 195 199 171 183 198 198 195 200 195 181 175 204 214 193 195 195 178 178 196 210 204 192 183 186 183 156 178 182 190 186 182 186 181 183 180 172 172 177 181 170 152 135 146 166 143 114 108 119 130 145 141 145 121 107 108 132 170 162 155 177
130 105 81 115 109 125 116 99 107 170 180 172 181 204 183 179 152 132 151 138 142 149 152 184 168 152 189 204 187 186 202 198 187 176 183 179 155 188 204 190 182 185 166 169 189 181 190 195 178 185 195 197 194 195 192 213 206 191 189 171 182 184 135 157 160 182 184 158 131 163 187 171 159 175 179 151 131 140 157 167 131 109 118 118 137 130 127 128 110 113 145 159 144 153 161 154
106 163 177 162 138 101 117 154 179 177 163 156 187 188 157 160 169 163 165 127 117 144 143 200 180 187 191 198 200 199 187 199 193 198 177 186 186 181 183 169 146 148 141 156 184 205 217 212 209 214 219 198 198 213 198 190 195 191 200 215 137 150 114 107 185 206 179 148 150 148 154 161 150 144 163 159 133 126 133 139 134 124 131 126 129 150 156 130 127 125 115 116 135 136 158 146
140 134 123 150 143 123 179 210 199 186 185 186 197 173 178 161 141 151 155 158 168 181 186 180 185 194 187 203 187 192 184 184 185 199 186 204 200 175 174 167 152 157 184 192 205 210 216 221 212 193 199 186 192 214 213 196 188 199 205 194 164 127 125 142 210 204 178 165 157 152 182 182 159 153 180 128 109 129 143 153 148 138 140 121 132 164 175 168 163 131 123 127 139 159 185 165
151 161 127 98 82 187 163 194 137 166 180 192 200 187 198 189 152 162 165 152 162 185 200 201 205 203 195 205 200 199 204 204 176 190 177 195 213 187 188 202 174 169 182 183 200 204 221 236 230 216 205 206 212 216 213 186 169 173 192 181 175 182 171 173 179 167 163 154 148 151 165 156 148 123 160 147 118 126 144 147 165 148 123 131 151 174 167 176 197 184 161 137 93 95 149 178
137 137 124 122 116 113 100 162 151 179 181 182 190 179 167 165 159 184 187 191 204 220 213 200 191 194 215 216 202 190 186 187 187 187 178 191 206 193 203 217 181 171 176 184 198 204 216 216 199 203 212 209 224 223 194 161 167 177 190 189 176 187 189 160 145 123 143 163 127 114 155 148 144 128 137 155 132 120 120 115 149 141 130 154 169 171 167 165 198 200 169 133 163 129 142 192
149 164 155 141 77 87 93 108 130 135 188 179 170 168 160 158 150 173 177 171 197 214 199 199 190 181 203 203 191 176 176 182 191 201 178 139 151 169 183 180 178 190 177 188 201 205 215 207 196 218 222 219 212 214 198 161 162 183 187 199 196 190 188 164 145 142 138 121 116 88 103 122 160 145 150 147 118 133 152 138 137 144 143 165 166 146 135 144 189 193 156 122 135 153 185 188
174 162 140 135 91 87 115 150 145 135 155 161 162 144 133 121 150 163 159 164 182 179 186 206 188 195 216 201 173 169 175 179 171 181 176 148 148 178 192 193 201 215 211 203 206 202 214 207 186 214 184 205 225 213 202 199 209 211 205 201 178 151 145 153 99 140 144 141 146 184 123 106 117 141 142 131 146 173 156 133 113 105 137 150 153 149 155 170 179 181 190 172 156 162 179 177
155 149 140 122 102 90 99 145 171 142 141 149 173 182 162 136 148 169 182 180 174 203 192 191 185 186 195 162 158 166 152 160 181 163 145 145 148 206 219 214 209 210 204 209 218 203 203 207 202 211 197 207 215 205 211 240 228 188 194 188 108 148 138 84 142 166 160 165 166 144 140 150 125 146 147 135 148 155 136 130 138 140 175 205 175 151 172 195 171 148 162 171 182 192 188 187
141 144 152 155 126 85 77 137 161 174 170 154 156 160 140 128 182 189 163 154 148 160 190 178 194 202 206 179 177 161 122 160 185 159 170 182 167 195 209 206 210 203 192 204 205 194 193 201 215 215 210 198 206 203 180 206 224 149 180 158 148 149 147 158 173 152 132 147 145 93 81 111 89 97 123 120 150 147 161 180 183 168 201 201 163 162 161 155 145 151 165 153 157 189 181 153
144 142 140 135 138 125 123 137 147 157 149 136 137 145 142 146 201 205 188 184 170 153 169 193 195 201 206 198 193 192 184 195 192 189 189 181 169 179 174 188 201 200 175 187 214 212 189 176 183 208 213 189 184 196 200 204 204 154 182 164 115 139 140 181 186 157 143 136 139 125 137 130 99 116 140 161 175 140 160 198 196 207 237 224 174 158 159 156 145 152 175 154 145 175 167 135
153 158 157 158 167 167 166 151 156 160 156 155 149 143 152 195 190 166 170 177 198 183 170 195 199 175 185 203 183 174 184 188 196 188 179 170 161 164 163 162 178 195 179 159 178 180 177 181 170 188 189 171 168 146 160 162 168 226 200 190 138 84 108 159 127 92 179 163 98 114 82 111 124 147 165 159 164 140 157 166 169 198 212 207 169 176 173 171 169 158 184 177 165 182 199 207
163 163 176 163 145 170 170 149 153 173 190 208 162 150 143 151 159 154 142 160 158 168 168 186 192 174 125 145 184 155 155 166 176 182 178 175 176 185 185 173 169 169 189 211 217 204 187 167 164 159 150 155 168 159 151 149 160 197 184 198 133 165 151 86 122 149 84 201 109 93 87 171 160 139 168 149 143 148 153 153 160 177 165 163 173 194 197 195 197 191 208 217 193 189 214 212
91 89 116 141 167 161 151 141 107 148 205 203 179 82 152 145 123 113 162 165 166 155 147 166 162 129 89 121 167 163 166 138 159 170 176 168 161 169 186 194 178 176 194 183 169 170 175 150 153 150 156 154 163 163 145 134 143 167 185 149 99 86 94 134 162 195 151 149 106 138 131 128 153 155 177 151 125 130 144 164 175 184 163 162 188 206 208 210 204 218 223 223 209 201 211 215
121 112 133 152 155 168 165 166 171 90 87 185 233 72 179 171 171 166 169 169 180 198 198 129 135 151 123 156 192 182 165 152 158 162 160 152 155 161 169 173 182 180 178 176 169 144 146 152 146 160 170 162 151 152 136 130 129 156 181 141 97 103 131 169 187 149 99 102 116 135 140 149 124 128 145 144 128 137 160 166 147 140 135 142 163 181 195 204 196 195 207 208 226 231 229 231
147 142 143 165 177 173 162 126 124 114 78 195 250 215 166 158 186 199 203 196 196 192 136 119 119 135 96 202 149 150 145 186 176 164 157 163 166 172 174 172 191 186 180 196 198 173 154 135 130 142 159 165 144 129 119 121 118 101 87 197 163 103 120 178 191 182 183 160 134 96 106 118 100 117 143 163 164 165 171 165 155 148 159 144 151 163 193 212 227 223 220 221 232 241 238 236
182 191 182 175 173 112 114 111 81 168 159 195 243 222 202 157 172 205 220 215 203 178 120 125 130 136 201 207 190 183 191 194 181 169 171 159 164 175 161 172 193 176 165 187 199 165 152 154 143 137 136 131 122 131 124 127 117 107 126 145 104 114 159 184 190 173 141 126 124 99 108 135 113 122 138 155 144 163 179 173 161 152 171 177 167 178 186 216 223 213 212 225 240 243 239 227
189 212 178 182 110 183 189 197 182 109 108 116 92 86 176 170 197 220 218 214 207 187 189 190 201 201 200 206 208 203 194 182 161 158 175 174 171 167 182 184 169 183 185 172 171 164 155 145 142 142 132 121 123 131 122 138 129 116 112 78 103 115 110 121 165 141 120 126 157 155 158 143 138 125 123 156 154 141 162 184 177 163 175 193 191 193 175 203 215 214 225 234 234 237 239 222
128 115 221 210 178 184 171 172 204 127 101 103 125 116 150 206 208 219 201 187 179 187 195 204 201 198 175 178 193 243 195 182 173 169 175 179 176 192 206 193 171 171 152 143 141 168 169 132 123 123 129 131 130 134 115 198 163 87 95 74 74 111 141 153 134 126 138 112 103 123 135 129 136 119 131 154 129 140 151 149 181 186 178 186 189 208 212 223 230 237 243 236 227 222 224 222
162 162 217 212 160 172 174 158 217 155 143 124 133 146 133 131 167 159 142 181 202 201 184 182 190 210 205 231 223 214 199 187 193 188 175 173 185 193 197 186 182 162 152 147 147 140 141 148 144 128 122 125 141 144 136 164 148 85 84 151 159 124 148 170 156 126 143 143 130 123 138 128 131 143 145 128 129 147 150 144 189 219 206 180 202 230 237 234 228 232 238 233 227 212 205 225
156 162 197 189 174 166 186 180 227 250 192 179 186 195 105 117 181 196 208 206 200 199 193 185 166 187 219 191 206 217 155 236 180 178 176 182 197 215 204 198 176 166 191 172 136 138 153 156 139 143 135 124 165 139 117 111 76 95 79 96 132 132 130 139 118 126 130 120 145 134 114 133 136 158 162 142 151 146 147 185 195 188 187 198 222 235 232 224 212 215 232 233 226 230 228 222
171 187 193 190 179 128 209 187 204 250 195 175 182 170 172 183 197 189 186 196 193 182 189 184 178 250 203 163 171 199 193 179 181 179 170 187 199 208 200 191 184 164 170 153 153 162 184 184 167 177 160 146 138 116 116 97 92 110 141 170 180 150 113 95 107 96 108 119 123 128 118 123 122 140 148 150 136 104 123 160 174 189 204 207 221 226 225 220 209 211 227 226 228 225 222 213
183 214 188 181 205 235 222 171 178 210 208 208 199 146 180 193 189 205 203 200 206 205 193 167 159 165 210 163 115 136 190 191 186 175 181 186 202 207 198 168 166 161 143 141 161 169 198 195 161 133 158 155 149 126 135 117 130 158 152 176 186 181 147 121 120 104 123 117 118 119 126 119 120 116 129 150 137 132 171 192 191 186 197 224 215 217 212 213 213 214 222 215 221 224 223 211
141 201 190 146 105 248 219 101 113 133 190 210 213 167 129 163 176 193 202 206 205 196 190 168 155 149 194 163 121 128 124 166 168 178 174 190 185 173 166 167 152 159 142 164 164 164 161 148 165 161 161 188 202 190 170 151 132 166 149 171 197 191 194 165 159 196 161 152 154 151 138 118 137 144 143 124 162 194 195 218 211 198 204 214 212 220 202 197 203 220 218 214 218 213 201 196
178 190 193 171 120 92 97 141 105 98 174 210 212 206 132 165 182 192 196 196 180 176 161 164 133 138 164 185 160 164 157 155 179 186 185 196 171 154 141 149 148 158 138 143 166 191 182 169 186 196 202 203 201 188 161 123 152 167 144 162 188 179 170 164 170 197 191 199 202 220 215 190 156 192 179 148 182 221 223 242 250 235 226 219 212 218 239 236 209 201 218 219 215 199 197 206
189 186 187 177 137 110 83 156 115 134 193 206 230 147 159 189 174 167 154 141 149 165 174 161 151 176 178 165 126 142 171 184 183 178 171 176 177 180 162 161 136 147 144 152 174 191 187 183 168 171 174 196 189 176 161 152 148 147 82 105 120 176 178 171 142 178 183 165 179 197 185 198 223 228 212 204 217 238 236 238 234 229 226 226 227 223 230 230 223 219 213 205 213 196 112 200
187 183 173 152 145 147 122 126 123 166 201 186 176 212 212 228 218 179 160 156 163 182 202 182 154 140 123 109 116 141 160 172 176 177 167 143 144 167 187 140 155 183 170 170 189 163 161 175 174 163 176 185 185 169 138 108 104 105 199 92 108 149 138 166 175 148 152 152 153 208 180 180 197 215 228 214 215 212 209 178 157 194 231 233 222 223 225 219 226 224 214 209 207 200 96 93
182 180 178 160 150 146 143 142 147 160 193 179 153 179 184 199 185 174 194 205 200 200 188 184 155 177 162 126 113 109 153 143 146 153 146 164 168 167 189 134 129 171 172 174 186 175 174 169 170 179 199 206 225 189 103 72 90 181 178 195 182 161 138 146 157 144 165 183 176 194 186 137 153 192 161 198 207 178 170 120 105 166 197 209 225 229 227 228 221 220 209 201 207 203 196 186
172 181 184 177 136 120 121 132 129 142 155 175 187 193 181 176 150 163 208 209 191 193 169 173 180 143 135 112 97 92 118 96 117 121 123 145 165 149 150 159 158 174 184 191 195 173 175 162 166 220 199 209 228 217 174 113 80 127 203 209 161 156 135 132 149 157 173 180 150 146 166 121 98 113 152 210 228 186 211 208 174 194 156 164 211 224 221 221 211 212 204 202 194 187 200 202
208 203 178 151 146 156 164 167 174 155 229 191 197 167 157 186 201 181 167 159 189 140 148 148 160 151 127 96 110 119 126 120 113 131 127 142 163 145 132 159 184 187 193 187 185 170 173 182 197 218 208 205 194 188 179 164 162 140 136 140 120 122 129 132 135 147 162 173 144 128 148 156 151 141 150 171 190 221 239 247 224 199 192 197 199 220 233 219 203 204 197 198 193 194 211 192
181 203 221 211 234 178 184 205 203 167 241 225 207 184 172 184 169 130 147 152 119 104 116 152 140 140 97 104 127 154 149 128 125 155 144 144 163 174 180 149 168 194 216 189 162 153 156 193 197 186 194 191 178 173 172 176 175 163 110 100 99 128 109 135 161 164 154 152 163 165 180 174 186 200 208 221 223 216 224 229 211 192 190 212 197 193 204 197 191 209 208 198 192 182 197 196
134 176 162 167 175 190 138 118 152 250 189 130 141 172 204 221 165 124 146 137 113 119 134 134 126 128 131 100 114 123 150 131 133 133 157 157 174 154 158 156 183 208 201 162 148 165 169 155 154 174 175 174 179 178 181 181 178 150 88 89 109 140 105 133 147 124 154 173 164 178 185 163 180 209 227 228 224 203 189 217 199 180 182 214 193 187 182 170 174 199 216 181 150 144 152 152
117 146 142 193 174 195 106 77 102 151 172 192 191 212 223 193 152 159 203 177 120 112 118 146 140 120 102 117 139 121 140 129 112 122 178 167 164 149 188 208 209 204 203 191 164 159 148 114 125 157 175 166 155 159 178 154 114 128 110 89 95 158 145 151 161 127 157 182 173 169 189 176 191 215 212 226 223 205 200 214 207 186 177 201 179 173 169 146 160 155 168 155 150 156 147 121
112 197 211 159 169 166 164 111 105 175 194 207 185 216 221 230 228 191 189 199 161 133 148 153 136 113 80 148 154 116 120 104 104 119 178 182 119 139 183 171 185 176 188 177 164 140 154 145 166 193 159 133 143 162 152 138 145 150 117 96 93 154 168 156 159 154 161 149 165 170 180 180 177 203 164 166 213 203 195 223 207 178 176 177 105 123 144 151 151 150 139 141 150 156 138 126
197 191 176 174 167 205 227 227 198 183 185 216 189 205 209 191 187 172 172 186 185 160 153 153 150 144 75 135 109 131 114 118 130 134 178 196 183 187 169 129 162 162 141 160 156 136 143 172 168 192 166 143 149 162 148 122 132 111 111 119 114 148 173 139 89 102 168 167 167 175 183 178 164 184 186 167 177 180 176 166 170 168 152 145 158 157 163 144 146 153 140 139 147 152 140 121
229 248 169 175 182 182 174 194 215 203 192 186 192 182 205 141 170 123 178 167 160 168 174 162 154 135 97 93 127 145 138 137 151 137 158 178 181 175 164 145 136 184 188 173 157 160 148 180 164 147 156 159 161 173 176 141 99 104 120 112 135 137 162 142 104 117 172 161 164 176 163 162 164 175 180 183 176 149 158 163 178 192 171 159 154 159 160 156 149 146 145 165 162 148 148 116
215 202 226 180 179 154 126 155 197 189 175 190 189 187 173 119 101 136 173 141 176 151 156 165 165 134 145 178 164 161 167 133 108 128 155 128 156 156 145 186 185 207 185 158 139 148 171 185 171 157 161 151 156 156 137 107 97 127 128 155 144 138 153 176 174 163 165 150 121 141 163 161 141 147 166 167 150 151 166 171 183 169 141 148 158 121 176 171 157 172 160 159 153 162 164 133
