examples/data/proba_v_italy_sicily/probav_s10_toc_x19y03_20150421_333m_ndvi_v001.txt
ncols         1127
nrows         589
xllcorner     12.348214285714
yllcorner     36.598214285714
cellsize      0.0029761904761905
NODATA_value  -9999
[rows 141 to 187 of 589, columns 96 to 191 of 1127]
172 188 215 217 224 230 225 233 221 188 199 224 228 214 202 208 202 191 178 195 198 178 144 170 215 201 183 181 183 183 184 186 191 195 176 200 197 191 194 186 204 196 179 193 183 158 170 188 197 212 216 192 162 175 186 199 188 142 103 161 203 212 199 173 157 154 189 200 196 179 188 187 157 163 190 182 182 178 181 183 171 184 188 172 149 136 132 160 184 191 154 144 165 158 126 100
197 180 207 218 219 226 238 242 228 211 213 210 208 208 201 215 215 209 188 182 182 186 185 181 184 175 182 185 183 208 211 205 206 221 199 172 140 151 191 178 141 146 132 125 135 157 175 208 208 211 216 211 176 172 181 179 162 128 145 152 183 192 159 169 201 169 140 152 181 175 173 186 165 159 176 179 178 189 173 163 156 161 173 165 167 178 163 124 126 142 135 138 126 145 138 115
202 185 171 173 191 215 230 231 226 215 220 211 170 183 189 204 215 197 176 153 164 208 226 220 186 172 186 196 190 211 211 192 194 209 216 189 144 157 167 156 149 164 146 138 154 185 188 196 192 203 230 229 214 205 215 203 176 175 167 127 159 175 158 174 181 166 143 164 204 200 185 180 164 155 175 180 172 182 187 152 161 183 171 166 176 195 190 174 192 168 145 135 108 112 131 122
225 196 168 176 182 184 196 193 177 180 190 192 170 144 167 205 218 192 187 199 200 204 205 221 194 174 187 199 199 207 210 203 220 203 222 215 190 186 202 194 192 216 205 183 187 202 196 197 200 201 216 216 212 217 215 215 204 167 135 156 192 202 162 146 171 180 173 186 209 211 198 190 176 164 186 194 172 169 185 168 165 170 154 173 201 205 198 173 179 173 146 149 146 141 147 137
219 231 223 197 169 163 148 160 166 195 206 186 177 165 147 185 221 207 173 184 168 173 204 218 202 197 190 190 211 222 219 205 206 208 213 221 201 196 217 214 197 193 193 177 176 192 179 182 207 217 207 177 192 211 212 203 182 151 131 158 178 194 198 198 200 185 197 203 204 199 189 188 181 166 180 191 182 153 153 158 151 152 169 172 190 190 184 153 117 129 154 165 165 148 133 153
154 183 208 184 182 177 160 136 162 180 190 159 138 177 155 167 198 187 166 206 216 214 224 221 224 204 217 224 215 223 223 201 197 211 218 212 191 172 191 211 189 149 183 194 197 195 171 187 178 198 190 184 196 194 193 172 133 142 154 176 197 198 205 196 184 179 184 174 170 160 160 163 174 169 165 159 137 109 100 147 165 151 141 135 148 153 149 130 120 145 155 162 169 132 140 157
159 142 151 139 146 161 162 144 151 170 156 154 165 185 176 189 206 202 189 204 198 184 214 235 229 205 212 227 232 231 216 206 202 201 203 169 130 149 151 156 169 171 190 173 176 199 196 140 139 161 121 84 139 199 194 171 137 139 155 144 166 191 179 178 179 183 177 162 171 168 176 178 177 177 171 145 98 98 100 125 155 164 167 148 140 166 143 121 138 160 150 132 135 125 130 178
148 140 143 154 135 119 141 163 133 141 129 148 171 165 149 164 185 218 223 234 231 206 208 221 235 239 233 221 223 232 222 207 203 166 162 138 144 158 147 147 150 147 151 137 150 179 177 162 157 163 136 121 128 175 148 114 104 143 171 153 175 208 194 175 161 175 167 161 166 163 177 178 165 153 159 161 149 160 159 139 182 199 197 166 149 168 151 137 166 180 196 170 143 130 116 157
133 137 176 222 222 170 149 174 152 192 183 190 197 208 161 173 229 246 245 224 213 219 183 166 198 231 246 239 220 211 215 214 202 186 212 199 168 154 156 146 138 130 135 148 123 153 193 179 148 140 136 133 120 137 152 154 118 142 176 168 187 211 203 164 149 146 151 168 165 161 167 160 170 167 167 163 152 163 186 162 161 164 172 165 128 146 148 135 140 167 193 176 127 136 132 137
171 201 229 238 238 196 131 153 138 157 156 186 192 211 216 211 235 238 231 205 171 202 202 160 190 226 217 223 225 204 191 197 203 208 211 169 132 128 129 139 144 152 162 177 166 151 185 167 149 151 151 151 135 131 114 143 168 168 210 173 190 212 209 180 169 176 173 169 169 167 177 184 181 186 171 169 174 171 166 166 159 160 159 164 183 171 107 98 131 150 175 170 133 137 133 159
157 209 230 192 169 147 129 148 143 157 154 187 214 210 203 210 211 216 224 216 205 213 226 213 203 208 201 210 210 195 132 112 162 168 177 171 159 166 162 149 159 178 181 166 165 161 167 183 181 142 139 187 189 171 167 172 181 137 116 157 178 201 224 224 200 172 145 148 152 140 153 159 158 170 163 165 166 162 157 158 164 161 161 129 104 92 104 132 149 156 166 169 137 121 91 108
124 153 188 162 138 139 141 147 172 168 160 195 211 216 208 205 206 209 196 181 199 215 220 210 204 216 221 206 157 93 38 106 148 156 171 192 210 208 193 177 184 190 186 185 187 167 157 160 177 170 156 162 145 140 158 185 198 176 114 108 135 166 216 224 200 148 132 131 127 114 157 186 178 155 150 161 166 162 155 143 139 146 149 161 155 131 154 174 150 173 173 157 127 123 135 116
125 114 126 128 176 159 113 98 136 164 165 192 202 193 194 216 224 208 163 178 192 180 183 193 206 217 200 165 90 11 97 104 107 157 196 207 200 192 187 191 202 184 171 177 191 177 169 176 180 182 169 141 133 152 170 193 195 190 181 164 135 166 209 173 144 132 136 156 153 129 166 194 177 157 158 165 170 179 180 180 163 180 195 175 158 159 183 181 158 171 176 154 143 146 125 180
125 143 171 157 172 191 169 179 199 194 193 189 203 201 199 224 236 224 185 145 180 208 208 166 164 162 111 58 30 0 83 87 115 147 140 146 159 163 172 190 198 198 181 180 187 181 186 192 192 200 203 180 173 197 198 191 175 145 141 138 130 142 180 175 136 139 136 133 150 142 148 165 159 148 152 154 164 164 162 166 171 191 199 178 153 170 190 186 180 172 175 180 147 151 140 153
134 131 152 164 174 166 161 171 152 148 155 155 187 201 192 191 211 198 127 150 219 233 198 163 178 155 87 0 0 106 131 135 148 118 92 124 170 187 182 184 182 185 180 180 180 177 179 182 204 205 202 185 173 178 185 189 152 132 170 164 166 178 178 187 140 140 163 150 138 136 131 145 170 160 143 140 155 167 162 162 161 174 190 188 165 151 167 197 194 191 165 184 202 196 184 174
171 168 160 159 162 147 142 154 121 119 153 163 133 141 178 189 194 188 161 174 211 189 163 153 153 157 177 124 18 179 187 153 132 133 115 108 137 179 197 201 198 188 188 191 189 186 176 147 160 165 166 164 175 190 187 195 188 189 197 175 158 176 186 174 135 119 136 128 111 106 106 131 157 164 169 163 164 188 191 161 149 153 169 175 151 139 193 197 152 137 150 178 205 212 182 178
169 189 185 178 146 130 164 178 182 165 152 160 148 120 142 168 185 191 177 164 201 226 199 149 141 151 164 152 147 191 205 195 160 131 113 118 114 127 148 154 164 169 170 174 171 167 158 129 139 142 183 195 190 166 145 185 183 196 212 201 174 168 162 165 136 132 136 122 114 127 125 118 135 145 161 169 159 171 169 143 147 157 167 166 140 134 197 206 165 197 208 197 179 178 167 126
134 140 164 170 143 140 152 161 177 162 152 148 170 148 149 145 144 156 176 190 188 214 217 152 139 170 186 186 183 184 197 184 155 131 115 102 139 129 110 106 142 150 149 171 171 170 174 162 182 162 175 200 192 176 161 145 153 171 204 182 151 151 130 146 160 170 151 134 114 97 98 98 121 131 146 183 193 170 171 187 163 151 170 152 154 179 208 211 212 227 227 190 158 185 182 130
158 132 131 152 157 162 154 175 158 121 136 126 131 166 156 162 165 188 210 223 203 192 184 165 134 160 184 175 178 206 222 200 167 139 128 132 145 137 165 150 155 165 181 205 167 166 184 150 129 117 125 167 198 174 151 109 136 182 207 198 166 161 159 161 136 147 150 152 130 112 109 108 128 139 138 163 190 170 130 149 171 196 204 166 142 151 177 214 225 229 221 174 161 184 187 144
188 147 146 146 150 152 178 206 185 167 188 162 178 222 197 181 219 216 211 206 192 176 165 181 197 201 174 156 170 198 231 224 182 156 181 187 174 182 184 159 169 196 205 211 183 164 186 187 182 183 159 148 190 179 123 106 135 185 206 179 167 169 168 148 123 145 147 130 102 103 121 123 131 164 152 137 172 156 115 124 150 198 220 204 184 159 171 218 230 217 208 175 150 160 182 162
168 147 161 156 134 141 161 186 192 212 211 195 195 212 201 182 192 194 195 175 160 157 203 217 189 190 201 184 156 183 188 194 181 177 202 218 206 193 194 200 194 172 175 186 187 147 184 215 208 211 217 196 167 179 186 185 186 187 183 164 135 124 116 100 109 131 123 106 111 105 111 139 167 189 155 118 133 115 110 135 178 187 146 128 168 157 141 187 223 227 206 179 194 190 144 151
128 129 161 135 104 162 184 192 183 175 186 188 190 190 176 166 181 190 201 195 166 148 194 197 151 139 190 182 177 181 176 178 189 206 209 215 213 197 174 138 157 173 164 197 212 196 189 197 204 214 221 216 191 166 166 181 167 174 167 138 114 107 117 99 86 94 107 101 116 163 163 163 190 202 190 149 140 140 138 146 152 174 160 186 204 166 130 166 191 209 205 191 179 172 179 204
188 171 163 119 116 193 210 215 201 183 201 199 197 200 198 196 222 225 211 191 146 108 118 137 136 131 202 226 213 174 162 180 196 187 175 191 209 211 200 186 186 191 178 186 211 205 178 183 194 199 203 204 204 189 164 174 172 170 156 140 125 121 130 129 112 85 100 110 102 150 161 171 191 197 210 204 166 135 148 142 108 112 135 163 196 190 168 188 197 168 190 193 174 164 181 196
194 174 143 139 184 217 210 195 170 162 184 193 209 220 186 174 215 213 189 154 143 118 116 137 152 168 218 210 169 158 132 133 152 139 146 163 184 192 192 184 175 180 167 177 195 205 172 179 196 191 195 205 208 209 194 160 134 143 151 134 102 89 130 179 169 124 119 153 137 132 160 182 188 191 193 166 177 191 188 167 123 130 149 157 179 201 181 213 228 203 155 153 169 181 135 149
206 200 191 196 214 222 195 193 208 208 211 186 181 207 195 184 165 145 166 184 218 213 180 168 179 211 191 195 201 198 175 149 138 160 186 197 190 169 174 177 153 173 189 187 191 190 207 206 196 184 184 192 194 191 196 151 121 145 140 125 114 113 141 166 144 148 129 148 157 139 177 204 192 189 162 128 157 164 152 146 140 169 182 208 206 200 198 199 211 195 188 185 178 189 192 171
188 212 224 225 225 233 231 229 232 236 219 170 167 211 215 206 197 182 189 210 224 236 209 165 158 187 176 197 194 194 201 193 173 168 165 168 163 156 163 170 168 204 213 199 182 192 200 201 197 187 182 196 202 198 184 161 166 159 150 124 108 111 120 157 151 132 129 118 118 113 150 169 148 138 143 134 125 125 128 141 141 178 179 176 200 215 212 192 210 216 218 180 152 191 202 190
176 191 223 220 213 212 218 222 229 212 201 207 203 223 235 203 200 208 195 200 209 217 206 197 188 177 179 191 207 207 211 208 194 184 188 180 173 191 191 168 158 178 201 205 197 190 178 189 189 185 188 189 189 177 146 121 145 162 189 180 142 128 150 169 157 112 99 135 137 131 129 142 147 129 110 128 132 143 157 151 162 172 142 143 191 207 204 203 204 192 185 175 159 182 167 169
200 222 228 225 216 216 221 223 212 184 208 239 237 232 243 229 209 198 182 185 200 205 223 209 190 179 204 195 178 203 202 192 186 202 196 194 204 204 192 180 175 175 187 182 181 189 153 148 138 144 151 170 184 156 147 155 149 178 197 186 150 137 149 143 132 109 109 125 134 146 129 147 142 122 139 158 156 156 164 177 162 120 105 127 184 197 191 203 202 202 213 216 220 225 230 221
194 198 211 234 229 222 205 212 199 172 204 237 242 242 239 204 139 185 214 207 210 200 217 211 195 172 155 142 176 188 191 192 170 184 185 166 182 177 174 193 192 192 186 153 126 122 109 117 132 135 139 146 165 162 179 157 140 164 173 165 151 122 121 159 181 164 144 130 119 160 156 144 131 131 145 153 143 129 149 178 160 110 115 150 185 195 196 219 216 205 215 220 195 159 186 213
188 185 181 222 235 224 221 225 234 211 199 227 239 236 230 197 175 213 234 210 185 205 219 221 194 184 170 151 182 197 181 168 144 179 199 171 159 153 165 180 177 175 162 124 125 127 124 140 143 137 142 140 145 156 175 170 147 161 155 134 129 123 125 143 128 123 138 145 150 145 133 126 145 145 125 111 133 123 147 184 163 116 130 153 176 175 172 175 184 191 196 203 192 185 188 194
177 180 184 213 234 219 218 201 194 185 197 223 236 237 232 228 219 216 201 179 185 219 230 234 181 135 181 173 165 198 174 135 109 135 153 141 164 152 126 105 134 150 124 89 115 138 121 129 149 140 129 129 128 126 145 182 163 155 144 124 138 139 134 149 151 139 141 138 142 153 157 142 137 145 127 109 133 154 152 167 159 159 186 206 199 141 169 184 191 202 190 194 203 200 195 215
208 215 216 225 234 233 231 213 206 167 128 158 208 235 224 219 214 206 194 181 201 216 223 201 168 171 190 204 197 210 208 199 189 129 98 150 175 146 142 137 129 129 107 97 122 134 116 102 124 143 138 147 156 138 130 168 161 150 153 151 156 151 137 127 143 139 142 147 161 157 156 151 126 143 151 146 167 166 134 101 131 190 185 186 179 155 140 181 214 213 171 179 201 189 201 211
178 207 214 225 237 235 230 188 197 189 122 137 175 199 215 231 224 192 203 196 183 183 169 172 153 150 157 161 176 193 201 192 175 127 103 104 102 104 133 132 129 127 105 135 165 155 124 111 122 139 136 135 136 130 146 157 156 144 145 147 150 156 130 110 135 167 148 159 150 150 157 143 137 125 125 123 114 114 146 137 137 154 146 130 181 195 197 188 211 202 167 200 211 195 222 224
187 206 200 213 221 227 222 172 167 220 192 177 191 193 188 208 213 196 198 191 161 163 143 147 163 173 162 152 142 160 165 138 96 80 94 97 83 85 117 118 122 131 130 142 145 133 116 113 129 140 134 132 138 164 155 157 151 132 137 142 136 137 124 122 139 173 162 155 133 117 123 134 135 126 132 128 107 108 115 103 111 119 101 129 197 217 231 225 222 204 212 223 229 220 223 224
206 218 218 210 209 227 215 189 190 210 216 196 202 195 147 137 169 200 217 206 178 138 114 113 118 137 138 120 138 140 109 113 112 94 96 106 115 112 138 146 124 124 139 150 155 136 137 139 126 135 133 134 154 153 166 166 139 121 121 118 124 131 120 143 177 178 146 147 152 139 157 156 147 141 122 110 100 94 103 114 131 148 145 153 198 209 178 204 218 214 209 215 216 207 197 184
210 216 216 200 202 224 199 182 216 214 213 202 194 185 164 117 119 147 183 163 124 100 96 110 111 107 100 94 127 140 130 121 108 101 108 110 118 136 141 146 137 130 146 157 145 148 135 126 133 131 126 120 146 139 136 146 152 109 95 98 116 153 165 185 191 181 160 177 177 163 153 129 136 135 118 130 146 129 124 134 154 145 155 205 226 229 180 205 210 183 177 172 173 194 197 168
192 196 200 210 202 203 178 183 225 216 200 193 170 170 190 147 110 122 135 93 87 112 110 90 118 132 115 99 122 147 161 145 121 109 121 101 121 130 126 117 124 152 141 118 123 123 136 147 160 145 112 99 118 136 109 144 152 106 97 119 141 185 215 205 178 174 148 130 151 152 143 147 149 147 139 151 190 194 151 146 176 147 119 158 186 193 172 160 168 182 138 181 204 217 213 175
147 145 193 218 210 200 195 203 206 192 199 175 135 120 120 108 100 141 170 111 93 101 102 98 96 104 115 108 139 183 190 144 137 139 130 122 110 105 116 127 152 143 116 118 133 129 136 133 128 124 113 133 145 158 152 133 126 97 115 151 166 177 194 190 174 153 124 118 131 158 153 154 147 130 123 131 171 190 169 165 179 189 183 179 171 130 165 174 174 155 159 188 213 214 214 198
151 140 167 197 220 227 229 228 218 221 209 170 136 116 107 121 107 114 138 148 93 84 100 99 91 96 100 102 140 185 166 112 129 127 140 150 143 134 128 137 152 145 146 160 163 144 147 121 96 117 151 170 176 157 125 99 97 128 134 123 123 146 159 151 161 158 168 158 174 201 171 136 131 134 144 143 142 164 155 179 227 244 241 221 175 149 200 209 201 190 183 166 201 194 201 212
131 135 162 183 185 215 203 191 200 205 187 132 109 153 145 135 110 137 137 113 98 90 123 129 115 103 85 111 133 151 138 115 99 102 139 150 146 157 153 148 159 156 190 203 175 153 141 128 116 143 161 152 167 158 140 136 122 139 137 126 138 155 159 138 136 160 160 167 175 164 125 96 120 159 180 171 155 151 114 103 122 171 210 212 175 178 174 186 186 184 185 178 187 168 180 189
123 136 129 145 148 178 187 190 183 152 150 131 108 152 163 107 97 94 94 75 83 94 102 116 105 94 103 131 117 117 116 121 128 123 139 133 142 163 176 171 151 151 194 200 168 146 155 164 167 171 168 148 162 151 149 162 178 169 151 142 155 164 162 149 125 137 133 127 126 126 116 119 154 168 184 187 183 163 96 72 80 162 204 182 186 199 205 185 165 183 199 176 171 156 179 162
159 194 198 204 195 187 193 193 157 140 149 135 116 140 153 109 95 83 81 86 103 105 95 93 78 83 109 129 117 111 128 145 172 165 134 146 145 144 142 130 131 136 142 141 141 147 150 159 165 163 161 140 157 159 150 179 199 173 149 164 175 156 150 154 144 130 139 153 148 154 148 149 189 180 173 191 175 168 111 79 106 193 207 177 176 182 175 178 187 159 169 171 176 178 178 187
196 209 192 206 208 182 147 137 134 138 142 133 123 163 172 122 103 95 90 105 108 97 88 88 80 106 113 119 139 123 141 166 191 170 126 125 145 151 127 124 134 127 144 144 132 140 139 148 142 137 149 145 157 156 143 146 153 155 157 173 202 192 184 183 165 135 153 191 182 156 138 142 159 140 143 165 159 163 119 78 78 115 159 174 157 146 170 164 153 156 174 190 189 192 188 179
130 132 148 188 168 145 142 149 155 151 147 135 149 190 170 124 121 134 123 130 99 86 93 91 80 98 122 128 146 148 158 153 137 144 128 114 154 167 154 117 114 111 141 162 156 170 143 149 181 184 167 139 158 144 131 127 143 151 173 188 164 167 172 191 185 149 161 171 150 139 165 166 154 145 140 170 175 174 152 125 103 95 115 133 150 161 160 165 177 199 208 201 195 199 194 190
131 154 160 182 174 150 161 158 172 185 170 147 131 140 103 81 94 141 136 118 126 111 109 96 99 146 170 163 155 148 152 139 124 137 129 149 178 176 162 125 123 143 158 165 179 172 145 175 202 190 156 136 150 154 159 167 160 147 183 184 147 184 205 201 178 143 149 158 175 185 166 176 172 155 166 194 185 179 161 122 117 123 138 162 187 198 196 198 207 202 208 212 202 201 200 206
148 163 144 159 194 172 152 150 158 167 139 167 172 132 96 94 85 118 145 111 94 93 98 111 124 153 154 125 131 180 190 171 138 123 130 162 167 169 171 166 178 185 167 160 183 159 140 164 169 160 166 149 159 156 151 151 169 187 200 185 131 198 202 178 168 173 167 175 164 151 152 160 177 195 168 159 164 176 166 168 170 140 131 176 204 207 193 202 201 168 149 182 192 202 204 177
146 110 103 159 201 169 159 179 166 153 162 178 175 113 95 125 127 91 109 108 107 104 79 112 137 108 92 100 160 185 170 162 152 143 134 132 156 169 191 203 189 162 146 190 188 155 148 148 167 189 193 154 132 148 167 165 141 139 160 167 152 172 198 213 208 197 176 142 142 152 161 150 182 205 210 196 142 165 161 172 195 193 171 201 205 204 188 177 170 169 173 183 191 196 181 147
