examples/data/proba_v_italy_sicily/probav_s10_toc_x19y03_20150411_333m_ndvi_v001.txt
ncols         1127
nrows         589
xllcorner     12.348214285714
yllcorner     36.598214285714
cellsize      0.0029761904761905
NODATA_value  -9999
[rows 235 to 281 of 589, columns 288 to 383 of 1127]
211 208 201 193 195 179 188 181 185 184 181 175 189 179 182 177 169 171 167 179 187 193 199 182 172 161 163 173 169 171 198 194 194 206 207 197 196 203 207 214 214 210 200 191 195 204 199 187 184 176 177 177 176 173 161 189 185 178 187 181 183 185 180 178 179 185 182 178 179 185 185 170 156 171 191 194 206 181 182 180 193 203 184 169 166 169 178 165 166 180 185 183 188 197 191 171
211 189 194 200 210 194 186 193 196 202 197 187 179 186 209 182 164 143 130 151 167 187 204 194 180 166 172 173 173 175 173 169 177 207 191 185 185 193 207 226 225 208 200 180 177 186 193 193 177 163 169 165 152 168 188 189 181 171 207 206 199 192 193 186 187 191 195 195 197 186 197 198 164 169 190 197 176 168 174 187 192 190 182 172 166 157 170 174 178 181 190 196 198 209 201 188
209 192 187 212 223 214 190 219 224 205 202 199 186 182 173 169 166 143 123 120 130 147 169 186 201 188 181 175 181 183 192 203 197 186 179 174 182 201 233 218 200 197 194 180 174 182 186 192 190 186 189 168 142 170 185 182 176 173 198 218 216 198 210 195 174 181 196 200 202 199 214 218 197 172 167 174 173 174 153 149 166 166 180 181 174 172 180 174 170 183 205 202 189 199 207 189
214 213 201 218 222 206 199 223 228 201 205 202 185 173 167 158 154 151 133 131 140 150 162 194 204 209 203 199 194 182 187 193 193 195 194 197 207 224 216 221 196 181 179 186 184 160 183 195 212 225 200 180 155 157 171 173 168 162 201 226 187 178 210 224 199 178 189 184 183 208 211 201 184 190 183 181 187 180 166 167 176 165 172 204 197 193 185 173 168 175 187 184 180 191 204 181
224 218 211 209 209 210 204 202 205 189 190 197 173 170 150 151 151 161 163 159 169 190 197 194 180 190 203 210 214 210 210 209 203 230 247 249 245 229 212 221 189 191 207 210 195 172 203 210 194 181 163 160 165 164 169 173 177 178 197 222 224 185 205 222 218 214 208 189 185 216 205 182 176 184 185 174 179 181 175 182 197 190 191 220 220 202 182 168 164 169 178 177 178 193 186 171
220 222 208 183 177 186 196 204 208 186 189 193 168 164 157 166 168 175 186 173 165 178 187 205 198 195 200 206 214 223 232 242 242 238 228 230 233 233 212 182 180 188 195 179 171 170 165 173 184 179 166 162 175 183 173 171 176 173 173 199 205 168 144 139 162 195 215 203 183 189 184 173 174 180 187 172 158 168 184 196 196 196 197 202 204 188 178 180 180 183 182 178 167 167 178 170
212 207 204 213 212 214 200 195 222 199 174 175 167 169 155 153 179 179 177 171 169 174 163 181 199 188 193 219 215 214 217 233 239 238 228 231 217 207 206 181 196 196 174 170 170 164 169 163 162 174 172 168 168 172 170 170 177 178 198 193 180 173 166 153 142 147 180 197 177 155 154 158 172 173 177 176 172 175 196 210 210 203 189 180 193 190 182 186 177 170 154 153 164 159 162 166
208 194 189 193 207 230 215 202 216 207 193 183 188 180 158 159 189 183 173 172 193 193 183 164 183 186 193 209 216 217 204 215 234 241 243 245 237 212 189 180 185 180 164 159 171 164 169 169 166 170 173 168 168 175 175 176 181 178 185 180 182 176 166 168 149 139 154 159 172 162 140 122 158 173 175 176 187 194 199 194 196 204 188 168 182 200 194 193 194 189 160 149 171 186 164 149
221 213 203 211 227 207 192 220 214 194 178 174 187 198 187 180 185 184 161 179 189 188 187 184 189 175 176 189 192 202 210 199 215 237 249 248 234 203 180 177 197 190 162 168 168 168 175 185 186 177 174 181 186 185 183 168 168 178 170 172 175 176 168 168 136 117 133 148 164 184 171 151 160 175 180 174 179 199 197 193 181 187 181 164 180 187 183 193 200 186 163 166 180 174 154 113
194 193 192 208 224 215 214 212 185 199 181 157 168 179 198 200 147 192 197 191 185 173 166 161 176 176 174 181 187 198 211 205 213 231 247 232 196 179 182 199 205 192 183 170 159 155 160 178 193 188 185 186 196 193 188 178 161 158 171 173 180 184 177 174 167 164 163 166 169 186 202 191 175 186 200 197 184 186 188 195 181 179 185 194 198 187 187 199 200 186 181 188 186 179 182 163
181 190 192 192 212 232 217 195 190 190 178 170 170 177 181 190 184 181 187 190 192 174 145 146 171 174 168 178 189 197 194 199 194 195 195 177 165 200 197 195 203 188 173 156 147 151 170 185 197 194 188 190 186 186 184 184 179 169 171 182 198 196 185 170 168 167 165 170 171 171 189 191 184 192 195 190 181 161 138 143 158 172 179 197 202 203 197 192 195 187 197 193 189 192 192 190
198 211 211 202 211 215 194 182 173 173 179 182 174 191 182 191 199 181 195 197 196 189 171 173 190 182 181 185 188 176 177 187 188 173 171 169 168 207 202 190 185 181 172 163 160 162 176 189 193 191 192 200 184 158 161 170 169 184 184 163 168 176 183 166 166 169 166 181 181 175 176 187 187 185 193 194 198 179 115 106 143 180 183 191 195 207 207 181 194 197 192 201 204 203 188 186
196 208 212 201 206 210 207 178 164 194 208 193 181 184 173 179 185 188 193 183 194 200 188 183 177 176 174 171 166 157 160 168 169 162 159 172 150 158 175 196 184 175 169 162 166 171 172 176 181 189 187 187 191 182 171 167 147 154 170 169 163 161 182 184 174 174 179 169 176 168 177 190 192 182 184 192 174 147 140 125 159 174 176 178 188 193 198 195 198 205 198 192 193 197 198 196
189 193 202 205 191 197 205 208 195 197 200 204 182 169 172 174 190 198 191 179 186 192 191 191 189 165 154 165 173 169 169 173 170 171 168 152 152 164 182 183 180 180 183 163 163 171 176 181 186 193 192 184 191 192 172 160 150 132 135 138 140 166 189 203 201 202 205 191 187 174 179 198 194 188 186 184 145 151 171 178 180 190 189 198 193 188 194 205 199 198 197 186 185 178 188 197
205 195 164 179 195 196 204 211 200 191 193 197 184 185 185 191 209 203 197 205 203 197 192 195 184 142 144 167 168 164 169 175 184 177 168 172 183 178 172 172 180 196 204 169 172 177 175 185 186 194 203 196 184 185 180 171 171 165 150 154 167 182 190 194 194 192 210 209 185 181 173 191 201 192 180 180 171 170 192 178 173 196 194 192 197 196 203 206 201 193 206 191 189 164 180 197
192 194 179 188 190 178 175 190 194 194 193 195 199 193 176 174 202 213 209 213 211 208 178 180 188 175 167 160 173 163 167 185 168 164 188 190 187 183 188 192 179 175 174 170 173 180 182 197 204 195 193 183 149 148 174 175 190 203 188 188 192 180 180 178 187 191 200 196 175 180 188 181 190 194 186 199 195 175 173 180 189 187 192 184 175 180 202 217 188 185 216 209 211 201 183 203
196 196 202 197 198 188 194 185 174 188 206 199 194 204 194 159 199 203 205 188 208 200 208 190 189 197 171 153 144 143 163 190 175 181 197 190 172 173 191 195 180 171 165 171 162 172 174 172 190 202 199 171 143 173 192 200 209 203 190 199 199 178 170 152 162 190 187 180 187 171 176 186 189 208 202 201 199 186 189 186 169 175 179 181 167 176 188 205 206 207 214 210 211 211 179 181
200 189 186 187 201 205 199 193 187 185 205 195 175 189 196 154 153 174 177 209 210 207 196 192 179 182 154 124 97 111 160 180 188 188 187 196 175 163 175 183 184 182 167 171 167 180 195 179 173 180 204 180 148 172 181 185 182 200 197 195 206 191 179 173 171 171 178 184 159 169 174 176 187 192 200 198 196 203 205 191 190 201 178 174 162 164 181 201 214 205 192 198 201 212 192 169
187 159 170 170 200 206 212 182 179 192 190 192 173 172 182 161 163 180 187 193 189 194 187 194 190 184 178 150 110 147 148 158 177 181 183 190 171 170 160 164 161 164 166 161 179 182 187 202 196 184 200 216 182 151 148 170 178 188 198 211 218 209 201 193 182 185 185 188 156 176 175 170 168 152 171 191 180 209 200 207 196 169 159 169 179 182 194 212 209 203 208 201 203 214 214 184
179 182 193 170 174 187 178 165 158 182 191 197 202 192 197 194 170 171 170 175 182 181 181 196 190 194 193 169 143 161 179 174 160 171 182 181 158 155 157 139 141 147 151 166 178 186 176 185 191 190 183 197 197 169 170 179 189 169 196 216 209 219 218 203 198 198 199 208 191 188 193 174 180 199 198 204 206 225 182 176 165 150 173 194 192 211 199 175 185 192 198 182 189 200 195 190
161 174 179 170 156 163 178 195 168 162 205 210 193 188 174 165 172 190 164 178 194 182 177 191 200 200 196 188 184 172 178 181 193 193 198 189 160 147 180 167 145 151 131 148 175 174 176 173 170 177 179 185 152 154 162 170 196 203 188 206 196 199 204 201 195 179 179 187 197 192 187 174 185 201 193 198 221 226 187 166 184 181 182 180 163 197 191 187 212 204 191 185 180 193 194 197
213 214 208 208 202 190 182 168 169 176 181 202 202 177 158 167 169 181 178 202 190 173 194 202 184 171 172 161 127 133 175 175 179 179 167 150 150 154 159 165 156 161 154 122 133 156 172 175 159 155 144 161 148 156 165 168 177 156 140 166 182 182 177 170 179 159 170 186 189 191 183 190 190 192 180 187 207 216 196 173 170 155 169 173 152 188 202 165 166 181 186 184 188 199 207 206
224 212 195 186 195 201 195 178 181 194 196 203 227 216 194 202 193 179 173 175 176 178 192 187 170 172 181 177 150 129 159 172 168 152 136 167 166 142 129 133 134 152 162 128 133 148 168 162 161 178 170 183 174 166 175 182 167 184 168 179 187 195 196 181 186 177 192 208 181 150 169 172 168 166 121 168 183 197 189 165 156 149 156 174 183 194 216 205 177 183 209 206 204 200 194 199
188 177 174 176 190 195 194 204 209 192 189 196 199 202 198 201 190 177 172 180 172 164 185 176 174 181 197 195 181 170 172 153 156 157 137 160 163 141 140 141 126 124 149 157 153 151 174 198 189 175 188 197 189 178 180 183 151 154 140 141 165 192 202 194 191 200 213 204 180 104 109 129 127 107 163 154 142 164 161 154 150 151 159 187 182 191 206 185 170 177 203 213 199 202 192 201
220 222 220 217 199 208 198 175 173 187 198 197 179 189 196 207 198 180 183 213 173 174 179 185 194 194 196 188 169 168 174 150 142 125 110 136 139 152 143 148 155 136 143 151 156 164 174 185 189 194 202 210 203 179 163 176 191 182 196 185 189 212 191 188 199 201 210 209 184 119 112 108 161 176 184 171 167 175 179 167 148 143 146 175 180 192 191 181 143 156 200 215 203 199 195 175
205 199 158 113 100 125 162 152 166 198 218 217 198 191 180 176 166 162 182 189 172 173 167 173 190 193 180 181 185 173 158 167 167 126 108 164 195 184 174 163 160 140 130 140 154 162 168 183 190 194 210 215 179 162 172 184 204 202 212 200 214 206 192 208 209 200 197 193 180 173 154 171 190 185 201 210 198 179 181 176 168 153 129 148 169 180 164 162 149 163 210 225 198 189 212 205
194 190 152 110 143 160 172 169 171 186 196 201 199 180 167 175 185 181 187 180 174 171 177 167 172 189 180 182 185 177 187 182 152 127 137 157 160 168 144 130 135 128 132 127 138 146 149 170 173 172 186 182 144 157 184 203 220 225 216 182 186 183 183 205 203 207 211 181 184 206 192 202 200 176 194 200 200 192 185 187 172 154 143 137 150 149 138 141 157 178 193 195 188 178 196 214
176 165 169 156 160 159 175 188 174 170 183 188 186 193 167 150 155 151 174 162 159 194 201 194 169 175 179 167 169 163 131 149 160 165 170 128 132 163 162 137 143 141 146 155 156 149 153 178 204 176 166 196 205 201 196 206 225 227 225 215 228 221 195 194 199 213 226 216 221 214 208 218 199 182 196 208 196 201 203 194 181 172 150 109 125 133 132 136 139 150 174 162 168 200 207 213
186 198 208 204 173 152 161 166 161 175 185 192 185 182 186 166 165 169 183 183 185 165 155 167 186 174 159 150 162 173 151 143 160 166 170 146 144 175 168 152 159 163 152 136 135 156 178 191 184 162 160 184 205 196 172 186 211 206 216 224 224 224 223 221 217 227 228 231 237 240 219 207 188 201 217 197 182 203 207 175 155 166 174 110 113 130 136 144 158 180 204 192 173 194 207 186
190 198 188 189 191 173 165 170 170 182 173 155 158 167 161 161 169 180 186 169 191 161 145 164 156 141 153 169 164 177 174 162 180 177 166 161 141 161 164 158 165 178 181 182 174 162 188 209 168 143 165 189 204 184 177 192 209 205 196 217 218 206 205 209 210 211 199 204 226 238 235 216 184 198 215 202 194 194 195 193 179 186 188 174 154 149 130 123 154 200 216 211 194 210 213 171
161 180 168 182 194 193 187 172 180 177 179 198 169 134 158 176 162 186 168 155 211 194 171 169 164 169 186 187 191 197 188 189 205 184 184 195 177 165 168 175 182 201 187 187 188 172 192 213 199 197 192 204 200 194 210 217 212 219 206 211 212 202 200 201 197 190 176 189 194 213 232 228 199 176 188 165 151 159 166 169 184 194 178 173 154 165 149 133 148 186 204 191 190 196 184 166
145 196 198 193 199 186 181 170 160 162 140 182 167 123 146 187 187 197 174 153 206 199 199 207 199 192 192 186 184 196 210 214 209 189 169 180 209 183 173 182 154 153 183 194 175 188 204 214 216 203 202 192 165 192 194 180 203 230 217 206 193 178 180 200 212 204 206 203 204 215 212 211 206 187 190 185 175 167 190 191 175 189 207 178 159 164 158 126 135 167 176 175 173 182 182 179
138 153 187 183 183 179 176 167 163 182 178 169 167 167 193 207 194 184 187 135 149 197 188 196 190 170 174 186 179 185 195 210 209 197 192 187 178 172 183 197 159 131 150 148 167 159 170 199 199 191 189 185 182 174 164 164 194 208 206 199 199 192 194 193 189 194 203 202 223 218 198 204 206 194 213 220 202 189 194 207 207 206 200 192 185 160 163 160 156 169 164 182 161 157 173 167
155 158 165 178 192 205 193 170 180 174 175 176 172 160 163 189 196 197 205 177 149 179 197 182 183 154 160 182 181 182 170 177 200 184 169 181 173 151 174 187 157 129 137 130 136 141 147 171 174 168 173 177 185 154 153 178 205 221 218 207 192 185 187 197 172 179 201 225 228 216 190 204 206 212 206 197 192 187 201 201 186 187 169 203 212 180 170 176 156 135 149 173 145 155 186 204
184 172 184 184 183 197 204 176 166 163 170 178 169 159 155 175 172 153 185 189 127 168 201 177 191 188 181 188 189 182 174 177 178 173 170 182 192 181 166 170 176 173 169 169 166 165 178 177 145 172 168 145 168 158 175 192 208 208 197 180 182 206 200 209 192 182 198 227 228 222 211 209 212 207 209 190 190 200 204 206 198 194 197 213 217 204 192 190 173 140 110 127 155 172 190 172
198 197 187 182 174 168 188 200 194 199 194 190 187 184 176 186 193 187 187 190 142 163 201 190 189 196 199 200 197 191 162 152 161 161 172 190 196 194 193 204 202 182 172 185 178 167 169 165 182 171 159 176 177 182 163 161 174 167 158 177 201 207 198 208 207 197 217 234 226 225 204 187 189 190 197 184 189 200 209 208 206 200 214 223 223 193 189 206 184 156 114 97 125 147 156 148
174 166 198 215 198 172 194 203 203 208 207 180 191 193 182 193 184 179 199 200 154 162 207 202 186 162 171 184 176 168 158 164 157 162 184 185 192 192 186 168 169 176 187 190 206 215 185 168 181 156 144 160 169 175 163 156 172 188 182 174 187 195 192 194 191 192 191 205 197 213 188 155 158 154 180 184 188 183 182 183 189 170 157 193 216 193 185 205 210 203 193 164 131 155 171 155
190 176 197 220 208 181 193 178 170 189 205 191 191 180 179 198 192 200 192 194 174 147 170 173 161 164 182 173 165 165 165 161 156 160 170 172 196 189 184 172 182 193 187 203 216 205 182 153 186 190 160 173 166 191 196 175 188 180 191 177 196 201 187 197 188 185 184 194 190 190 184 152 156 181 185 170 170 166 168 176 186 186 190 199 209 214 214 199 195 184 198 207 181 183 201 185
185 184 198 192 196 211 205 178 154 178 195 180 169 186 204 190 189 208 194 175 161 120 162 162 167 181 170 171 175 177 163 175 158 155 156 167 181 201 206 197 179 170 167 156 171 195 205 179 186 192 167 176 196 206 216 205 218 223 212 188 203 212 191 182 181 194 192 197 200 183 187 180 166 180 190 159 158 170 186 207 211 205 220 239 227 201 216 198 188 204 210 212 199 183 167 172
165 171 179 189 207 214 207 195 166 174 183 177 186 207 206 192 191 203 209 195 132 143 161 143 151 142 148 169 169 176 171 181 176 182 188 198 173 171 189 202 175 174 166 159 172 186 215 203 191 181 157 170 208 195 204 196 196 210 208 207 208 197 170 173 197 204 187 189 203 189 165 180 183 183 192 178 166 156 179 208 214 209 212 233 216 184 195 210 211 220 211 167 143 170 185 195
200 197 196 186 211 211 207 201 184 191 178 166 188 194 165 175 187 191 207 165 126 183 181 166 175 154 150 169 165 155 176 194 160 150 155 173 186 162 143 158 174 198 201 205 193 186 202 203 175 148 153 178 186 193 201 186 185 206 214 174 175 195 189 187 190 188 187 177 188 190 181 184 183 166 159 180 178 176 189 203 192 200 208 214 223 225 226 226 225 220 225 214 198 176 177 205
177 196 175 154 176 183 183 180 167 161 146 128 151 142 131 137 180 181 160 159 172 194 187 170 184 167 153 165 162 167 181 167 142 153 168 148 170 169 171 173 190 206 179 176 189 181 164 158 166 153 183 179 180 179 177 185 192 190 190 187 181 198 198 196 189 186 195 182 184 186 179 180 173 162 158 183 196 183 169 196 201 193 202 208 225 227 209 202 201 214 227 240 237 217 215 226
171 172 164 159 160 175 185 174 179 169 147 137 139 133 173 192 198 169 175 197 186 202 195 191 203 203 181 148 106 132 165 157 150 159 179 165 159 180 191 180 177 189 170 147 135 145 147 157 173 191 204 201 184 179 181 173 196 193 178 189 176 172 204 213 207 194 193 195 193 197 197 200 182 165 178 186 194 182 190 190 206 211 205 194 206 206 193 199 206 228 236 225 224 226 226 224
186 184 171 167 161 171 189 194 177 165 162 162 147 165 179 203 202 175 187 198 197 178 173 193 193 181 183 188 153 116 132 158 143 157 150 162 170 162 155 155 161 176 182 191 191 183 184 156 150 186 198 192 197 195 205 191 203 225 222 206 186 181 204 203 210 195 182 186 190 193 191 184 181 173 179 200 159 133 180 201 199 211 207 192 205 196 203 201 217 242 236 221 232 241 248 250
190 190 181 158 146 153 173 182 180 156 173 198 205 191 187 189 178 166 199 185 176 186 180 180 181 176 195 215 191 162 173 157 145 150 133 130 166 171 168 159 170 185 175 180 196 206 206 171 156 178 194 186 181 185 198 189 200 213 197 205 211 207 210 202 193 198 197 188 188 192 209 198 185 186 183 167 112 102 172 189 188 193 197 195 194 193 194 207 236 246 235 231 241 238 240 249
194 193 184 195 187 170 169 179 173 164 167 204 199 186 191 190 159 178 189 181 191 208 186 171 179 179 176 152 157 155 164 169 181 175 169 162 167 166 155 173 168 188 173 160 177 186 185 201 191 178 170 180 201 224 221 213 215 203 201 218 214 205 209 211 205 200 194 194 199 190 191 197 175 168 170 190 172 117 144 168 161 169 188 200 185 205 189 208 224 231 218 191 220 243 233 200
196 200 187 198 186 161 159 167 167 164 158 177 193 177 175 200 194 182 165 158 198 194 180 179 183 164 179 164 163 168 173 178 168 179 161 165 181 170 150 157 169 194 193 177 176 183 190 198 205 192 193 214 216 232 224 199 188 161 184 196 179 176 179 178 201 212 203 200 208 191 182 182 160 190 190 192 153 130 161 182 175 179 184 193 191 200 195 193 215 230 229 209 225 237 232 215
