examples/data/proba_v_italy_sicily/probav_s10_toc_x19y03_20150301_333m_ndvi_v001.txt
ncols         1127
nrows         589
xllcorner     12.348214285714
yllcorner     36.598214285714
cellsize      0.0029761904761905
NODATA_value  -9999
[rows 47 to 93 of 589, columns 672 to 767 of 1127]
27 26 37 31 30 35 36 29 31 29 26 29 29 29 28 36 31 23 28 21 22 28 37 37 18 37 17 19 17 37 37 37 30 25 27 31 37 37 25 22 35 37 27 16 19 27 36 26 20 11 37 22 22 30 24 30 28 23 33 33 36 26 22 28 28 22 20 30 26 24 37 37 22 37 37 37 37 37 37 37 37 37 37 21 37 13 17 37 32 37 37 37 18 37 37 15
21 34 34 26 25 27 27 25 22 21 23 15 37 37 37 31 27 29 28 20 37 20 17 20 18 22 19 20 25 23 17 37 25 31 35 40 46 32 20 26 37 49 40 34 26 16 24 29 28 31 37 15 37 38 38 29 36 24 21 22 35 30 25 24 16 23 38 37 37 37 37 37 37 37 37 37 37 37 37 37 37 37 37 14 37 37 37 18 37 37 20 37 37 51 37 37
33 34 37 33 27 27 24 27 27 20 23 25 16 37 37 30 25 24 26 24 26 23 16 19 14 23 18 37 30 23 18 20 20 37 13 37 29 29 37 24 25 21 38 38 17 18 23 23 19 17 17 37 24 37 45 34 36 37 36 22 28 34 28 33 14 22 37 37 37 37 37 37 37 37 37 37 37 37 20 22 37 37 37 37 37 37 37 37 37 37 37 13 37 37 37 49
17 29 28 30 30 27 22 21 28 26 12 26 25 21 18 25 30 30 25 33 22 21 27 19 28 24 19 37 24 24 20 22 30 22 19 37 37 25 15 21 34 28 20 18 20 20 37 29 27 27 15 12 19 24 37 23 33 39 38 23 28 41 33 29 24 20 22 32 37 37 37 37 37 37 37 37 37 37 37 37 20 37 37 37 37 37 37 37 37 37 37 37 37 37 37 37
26 25 31 30 34 33 31 30 30 34 27 24 20 18 17 22 26 27 22 23 24 20 18 21 16 26 25 23 22 16 21 13 19 37 36 28 23 35 25 18 24 46 37 25 27 28 24 37 20 18 21 24 33 37 37 20 15 15 19 36 32 32 30 30 27 26 19 20 25 37 37 37 37 37 37 37 37 37 37 37 37 37 37 37 37 37 37 37 23 37 37 37 37 37 37 20
38 31 31 29 29 28 27 29 36 34 27 34 31 25 21 26 26 28 32 32 31 23 22 21 22 21 25 30 37 29 21 17 16 14 27 35 18 24 39 34 37 37 37 21 18 37 36 37 30 22 37 37 37 37 37 37 37 18 23 17 26 42 42 35 34 31 26 23 15 37 37 37 32 32 37 37 28 37 37 37 37 11 37 14 18 37 37 37 27 14 16 37 37 37 37 37
34 25 27 25 30 31 27 22 17 30 29 33 41 31 25 28 26 24 23 23 28 24 22 21 16 12 37 21 21 38 37 30 24 28 20 27 25 37 37 37 18 37 37 37 37 37 37 23 37 37 37 37 37 25 37 37 37 10 14 13 18 25 37 32 27 30 28 21 21 37 37 37 37 37 37 37 30 37 37 37 37 37 37 37 37 37 37 21 37 37 35 30 23 37 37 15
21 38 36 32 32 30 23 20 25 25 31 30 23 25 27 33 25 23 26 19 22 29 28 28 31 24 14 16 37 37 32 24 23 29 35 29 29 23 22 28 37 30 22 37 37 23 26 37 37 37 37 37 37 26 29 37 37 37 15 16 17 19 22 40 35 24 24 23 36 21 37 37 37 37 37 37 37 37 37 37 37 37 24 25 37 37 37 37 37 37 17 15 23 37 37 37
34 31 36 33 27 34 29 18 23 21 20 30 37 26 21 34 34 29 37 37 21 20 16 29 34 32 26 22 14 6 37 16 15 22 20 22 28 25 22 26 37 27 17 8 37 14 20 37 37 37 37 37 37 30 37 37 16 17 16 18 18 35 19 22 45 32 27 18 41 23 37 37 37 37 37 37 37 37 37 37 21 37 37 19 37 37 37 37 22 17 37 37 37 37 37 37
31 23 34 34 25 26 35 34 37 37 32 39 30 26 25 21 29 34 35 27 21 24 14 37 31 32 37 33 27 37 23 23 22 22 37 30 21 37 22 18 22 32 37 16 13 30 29 21 29 37 15 37 37 35 37 37 19 18 20 21 21 22 21 22 25 25 26 25 38 37 24 27 37 34 37 37 37 37 37 37 21 37 37 37 37 37 37 20 15 18 37 37 37 16 14 16
18 19 22 40 34 29 24 30 38 26 21 30 32 26 32 28 27 24 30 45 36 34 30 15 37 18 15 36 34 37 17 37 18 21 37 23 35 30 40 27 26 35 21 31 23 37 32 14 37 27 27 37 37 37 37 37 17 18 19 19 21 23 22 22 22 26 25 21 30 37 22 37 37 26 37 37 37 37 37 37 25 37 37 37 37 37 37 19 15 17 15 37 17 14 37 16
37 22 19 36 39 36 37 31 30 39 36 31 27 25 31 38 33 24 11 18 27 26 28 22 13 16 16 12 28 49 41 35 28 24 37 21 21 37 28 39 28 46 27 34 37 37 20 30 15 17 31 30 37 37 37 37 19 18 18 19 19 20 23 24 19 17 26 37 31 37 37 37 37 23 37 37 37 37 37 19 33 39 37 37 37 37 37 22 37 37 16 11 16 11 37 32
22 16 22 27 25 31 34 31 27 20 31 32 28 18 37 19 30 39 33 27 21 24 32 27 23 23 25 19 18 17 40 33 28 31 32 37 21 37 37 27 37 36 35 23 35 16 37 37 19 19 37 17 22 37 37 37 37 18 17 16 17 19 20 21 19 15 18 34 47 24 20 19 37 37 37 37 37 37 37 37 37 34 37 37 37 37 37 37 37 37 37 17 37 9 37 37
22 17 28 35 25 29 25 25 23 26 24 27 26 25 26 25 18 20 26 27 27 19 22 30 34 35 36 18 21 14 37 37 37 37 37 37 37 37 37 37 37 37 37 37 24 22 37 37 37 37 37 37 37 37 37 37 37 37 18 17 17 16 16 18 21 20 20 32 35 37 37 37 37 37 37 37 37 37 37 37 37 37 37 25 23 37 37 37 37 37 17 37 37 20 28 22
37 37 37 39 32 18 21 20 17 30 27 30 28 19 19 28 18 18 21 26 33 29 25 37 37 41 57 49 38 34 31 25 37 37 37 37 39 34 19 37 37 37 37 37 37 37 37 37 37 37 19 37 37 37 37 37 35 37 37 19 37 17 21 21 24 24 26 30 31 40 24 37 37 37 37 37 37 37 37 37 37 37 37 37 34 17 14 37 14 17 20 20 37 37 20 37
37 37 37 37 23 37 22 30 20 15 17 20 19 20 24 25 23 24 20 22 26 22 24 19 37 37 37 37 37 37 19 19 37 37 37 37 37 59 53 38 37 37 37 37 37 37 37 37 37 37 37 37 37 37 37 37 37 37 37 37 37 37 19 37 30 30 26 27 34 36 40 24 37 37 37 37 37 37 37 37 37 37 37 37 37 37 18 15 37 37 37 37 37 37 37 37
18 37 37 37 37 14 20 22 21 37 37 20 37 22 20 23 21 25 23 25 28 30 38 40 27 22 22 37 20 37 37 37 37 37 37 37 37 37 37 37 37 37 37 37 37 37 37 16 26 30 37 37 37 37 37 28 37 37 37 37 37 37 37 37 37 37 29 20 37 41 38 37 37 37 37 37 37 37 37 37 37 37 24 37 37 37 37 37 37 37 37 37 37 37 37 37
17 18 17 37 18 37 37 37 22 37 37 37 22 22 20 21 22 22 21 19 20 19 25 37 33 34 32 24 15 37 37 37 31 37 20 37 37 37 37 37 37 37 37 37 37 37 37 37 37 22 37 37 37 37 37 37 17 37 37 37 34 37 37 37 26 27 32 31 37 38 42 42 46 45 37 37 37 37 37 23 37 17 19 37 37 28 26 37 37 37 41 37 37 37 34 37
37 15 21 37 37 37 37 37 21 37 37 37 21 24 20 19 20 22 23 23 18 37 24 32 24 25 41 41 24 37 37 37 16 37 37 23 37 37 37 37 37 37 37 37 37 37 37 37 37 23 24 37 37 37 21 37 37 37 37 37 37 37 37 34 37 37 37 37 37 37 35 37 39 41 33 36 37 37 37 14 22 20 37 37 37 14 37 37 37 27 37 37 37 37 26 33
16 24 16 37 37 37 37 37 23 37 26 20 15 24 24 22 22 22 16 15 37 37 26 31 23 19 30 28 37 37 31 19 22 37 37 18 24 37 37 37 37 37 37 37 37 37 37 37 37 37 37 37 37 37 22 37 37 14 37 37 14 37 37 37 23 22 24 38 37 37 37 37 24 31 29 33 42 37 37 20 19 21 37 37 37 37 37 37 37 24 37 37 37 37 37 37
19 18 17 21 19 21 19 21 19 14 16 17 18 21 24 23 23 28 24 21 21 22 14 16 13 37 37 37 22 24 28 20 18 15 16 17 37 37 37 37 37 37 37 37 37 37 37 37 37 37 37 37 37 37 32 37 37 37 37 37 13 37 37 37 14 37 34 37 37 37 37 26 34 31 28 31 32 37 28 21 37 19 24 37 37 37 31 24 37 20 37 21 25 26 40 30
16 17 14 17 16 18 37 19 26 21 37 19 20 37 37 24 21 24 26 25 26 34 33 30 26 23 26 21 22 18 28 18 37 33 22 37 37 37 37 37 37 37 37 37 37 37 37 15 37 37 37 37 37 37 30 37 37 37 37 37 37 37 37 37 37 37 18 21 37 37 37 37 18 37 37 14 9 28 31 37 37 37 37 36 37 37 37 37 42 23 21 40 15 31 26 26
37 37 17 37 37 37 37 37 37 25 23 18 22 37 37 37 37 37 37 37 24 28 36 41 39 31 20 24 26 21 30 24 37 37 28 37 37 37 37 37 37 37 37 37 37 37 37 23 37 37 37 37 37 37 30 37 37 37 37 37 37 37 37 29 37 37 37 23 37 37 13 37 35 16 19 27 20 37 37 20 31 25 24 38 20 19 37 17 47 17 19 21 19 34 13 37
37 33 19 37 37 27 37 37 23 26 16 37 37 23 26 26 18 15 37 37 23 21 23 37 31 30 25 27 28 22 28 31 37 37 37 37 37 37 37 37 37 37 37 27 37 37 37 37 23 21 19 18 13 37 30 37 37 37 37 37 37 37 37 37 37 37 37 37 37 37 37 37 23 23 37 21 37 37 37 37 24 37 22 12 25 18 16 15 34 40 37 37 37 42 41 37
34 23 21 21 37 21 23 37 27 21 21 18 37 18 14 18 26 24 21 21 19 20 22 22 37 31 31 31 32 31 23 27 29 34 25 23 37 37 37 37 37 37 37 37 37 37 16 12 16 37 37 37 37 37 37 37 37 37 37 37 33 37 37 37 37 37 37 37 37 37 37 37 37 27 37 20 37 37 22 13 16 37 37 37 37 21 18 37 37 20 21 13 19 36 37 37
23 23 20 19 37 18 37 37 41 28 16 23 18 21 26 16 37 37 24 21 37 37 37 37 27 37 30 29 37 30 28 37 37 37 34 37 37 37 37 37 37 37 37 37 37 37 20 37 37 37 37 37 37 37 37 38 40 37 37 37 37 37 37 37 37 37 37 37 37 37 37 37 37 13 37 37 12 15 28 37 37 42 37 41 16 20 37 37 37 37 37 37 37 37 37 17
37 37 21 18 37 37 18 18 31 36 27 25 26 20 28 28 21 37 19 37 37 37 37 37 37 37 37 37 37 37 37 37 27 21 23 21 37 37 37 37 37 37 21 37 37 37 37 37 37 37 37 24 37 37 37 37 26 37 37 37 37 37 37 37 37 37 37 37 37 37 37 37 37 37 10 37 19 20 23 33 37 16 27 36 37 20 37 37 37 37 37 15 37 37 37 17
37 37 37 16 37 40 21 15 21 22 17 13 21 19 19 18 37 17 18 37 37 37 37 37 37 37 37 37 37 37 37 37 37 38 36 33 25 28 32 27 22 37 23 37 37 37 37 37 18 22 22 37 37 35 37 38 46 51 37 37 37 37 37 37 37 37 37 37 37 37 37 18 9 9 9 37 37 37 39 44 16 21 26 23 37 37 37 37 37 37 37 37 37 37 37 25
37 19 17 37 11 27 32 20 22 31 30 18 17 19 15 27 13 16 37 37 37 37 37 24 20 18 37 30 37 37 37 37 37 37 37 27 27 37 31 28 27 37 25 21 18 19 26 29 27 24 27 25 24 37 37 37 37 37 37 37 37 37 37 37 37 37 37 37 37 37 34 29 37 37 25 37 37 37 29 37 37 37 37 37 37 37 37 16 12 37 37 37 37 37 37 26
37 37 37 37 37 10 23 27 20 37 28 25 22 20 37 37 37 37 37 37 37 37 37 30 25 25 18 15 37 37 37 37 37 37 37 37 37 37 37 37 37 27 28 27 24 23 22 22 37 37 21 29 37 37 37 37 37 37 37 37 37 37 37 37 37 37 37 37 26 21 21 37 37 37 24 21 21 23 29 22 37 37 26 37 37 37 18 20 37 14 13 17 19 17 16 15
37 37 37 37 16 16 37 37 19 18 18 22 19 37 37 37 37 37 37 37 37 25 26 26 26 19 37 37 37 37 37 37 37 37 37 37 37 37 37 37 31 30 31 28 26 22 37 37 37 37 25 37 37 37 37 37 25 22 37 37 37 15 11 37 37 37 37 37 21 37 37 37 37 37 28 23 37 37 16 20 37 37 37 16 19 23 22 37 37 37 18 37 37 37 37 37
27 30 42 37 28 27 19 37 37 18 22 20 18 37 37 37 37 22 20 21 37 18 20 23 23 37 37 37 37 37 37 37 37 37 34 24 37 37 37 37 37 28 29 23 25 25 37 37 37 37 35 37 37 37 37 20 20 19 24 19 22 22 20 16 14 15 18 30 32 21 24 22 37 37 24 35 37 37 18 37 37 37 37 18 37 14 37 37 37 22 37 37 37 37 37 37
26 21 34 43 44 42 33 22 16 23 19 18 12 15 15 13 12 27 27 12 11 33 29 26 24 37 37 37 37 37 37 37 37 37 32 25 20 37 27 23 19 19 23 20 37 37 37 28 37 37 23 37 37 20 19 25 25 23 22 39 24 37 37 37 37 19 22 37 37 37 14 37 37 37 37 15 15 37 37 37 37 37 37 24 37 37 37 37 8 37 37 37 37 37 37 37
30 20 18 17 37 37 25 21 20 21 16 13 14 16 16 29 13 15 15 21 37 29 28 24 37 25 18 20 20 37 37 37 37 28 31 32 30 27 31 30 26 26 25 25 37 37 18 16 37 21 23 37 21 19 24 26 23 17 21 26 37 37 37 37 21 23 37 37 37 37 37 37 37 37 37 15 37 16 17 37 37 37 37 37 21 37 37 37 37 37 37 37 37 37 37 37
29 23 22 18 19 19 37 17 19 17 21 16 17 17 16 16 17 20 19 37 24 24 26 25 28 30 27 22 20 37 37 27 28 36 40 39 36 32 32 34 28 22 21 20 37 21 22 16 37 24 22 23 33 27 25 24 27 26 26 22 33 37 37 37 29 37 37 37 37 17 37 37 37 37 37 17 37 37 16 37 37 37 37 18 21 37 37 37 23 37 37 37 37 37 37 37
26 23 20 18 10 37 17 16 21 22 20 21 19 21 21 20 17 13 21 19 13 37 37 30 34 31 30 25 26 37 32 34 31 37 37 28 33 27 29 30 31 27 23 24 22 19 22 22 19 20 26 21 27 25 27 31 25 20 16 17 25 21 37 37 32 37 37 37 37 37 37 37 12 9 37 37 37 37 15 14 37 15 11 15 37 37 37 19 16 22 37 37 37 37 37 37
23 24 25 19 15 17 18 17 22 21 27 22 23 31 21 17 37 37 20 37 37 37 37 37 30 34 33 37 37 37 37 24 37 37 37 31 30 31 31 26 24 22 27 26 31 28 27 23 15 37 37 37 25 22 24 26 28 23 26 37 37 37 37 37 30 37 37 37 37 37 37 37 13 37 37 37 37 37 37 20 16 17 37 37 37 37 37 37 14 18 37 37 37 37 37 37
37 18 24 21 15 18 20 25 24 19 19 18 24 21 19 19 37 37 37 37 37 37 37 37 37 37 37 37 37 27 29 32 37 37 37 28 28 32 31 30 28 25 23 30 37 35 36 36 25 17 37 37 37 25 28 32 28 26 19 25 27 37 37 29 31 37 37 31 37 37 37 37 37 37 37 37 37 37 37 37 11 37 37 37 37 37 37 23 37 37 37 37 37 37 37 37
29 25 21 19 16 21 16 19 18 17 21 23 25 22 37 37 37 37 27 25 24 17 37 19 37 37 37 37 37 37 37 37 37 37 37 37 28 20 32 29 29 27 24 26 28 30 34 28 25 11 24 14 19 37 37 37 30 20 24 16 18 37 37 26 37 37 37 37 37 37 11 37 7 37 37 37 37 37 37 37 37 37 37 37 37 37 37 15 37 37 37 37 0 0 37 6
25 23 19 25 27 25 23 27 24 24 25 21 37 21 37 37 12 37 24 24 17 15 33 37 37 37 37 29 37 37 37 37 37 37 37 25 18 27 35 35 27 22 30 24 21 24 21 37 37 37 37 37 17 14 13 23 22 24 20 37 7 16 16 26 37 37 37 37 37 37 15 37 37 16 26 37 37 37 37 37 37 37 37 37 37 37 37 37 37 37 37 0 0 0 0 0
37 20 16 18 19 18 18 21 20 22 22 37 37 37 37 26 15 14 15 17 24 25 17 37 37 37 37 37 37 37 37 37 24 23 23 25 21 37 37 32 26 37 17 22 20 37 25 37 42 26 22 22 28 24 23 29 31 30 30 37 37 37 37 37 37 37 37 37 37 37 12 17 37 37 19 37 37 37 37 37 37 37 37 37 37 37 37 37 37 37 37 0 0 0 0 0
37 19 22 20 17 16 18 22 22 18 16 37 15 37 12 33 26 33 34 27 30 31 24 24 37 37 37 37 37 24 25 25 24 22 24 26 24 20 37 37 22 22 37 37 25 31 37 37 16 24 27 25 32 27 25 37 37 37 37 37 37 37 37 37 37 37 37 37 37 37 37 8 13 16 0 21 37 37 37 37 37 37 37 37 37 37 37 37 37 0 0 0 0 0 0 0
25 19 18 20 15 16 17 22 22 20 25 24 26 37 20 29 29 25 24 16 19 18 22 37 15 20 26 25 25 23 29 24 23 24 22 25 24 37 37 37 18 15 12 37 37 37 21 37 37 37 46 37 31 32 31 26 37 37 37 37 37 22 11 26 37 37 7 37 37 37 37 37 37 15 12 12 15 18 37 37 37 37 37 37 37 37 37 0 0 0 0 0 0 0 0 0
18 20 37 15 19 21 20 23 24 24 35 27 37 37 23 20 13 18 22 18 12 14 37 29 19 27 28 27 27 25 26 27 26 27 25 37 37 37 37 37 12 37 37 37 37 37 37 37 19 25 24 15 11 35 32 19 37 37 17 37 36 33 33 27 29 37 37 37 37 37 37 37 37 0 0 37 11 37 37 22 37 37 37 37 37 0 0 0 0 0 0 0 0 0 0 0
17 19 37 16 22 23 23 23 20 25 37 37 18 13 23 24 21 23 24 20 16 17 23 16 23 15 15 20 27 27 25 24 25 26 37 17 37 37 37 14 23 22 22 26 37 37 19 27 27 37 12 11 15 16 27 24 37 37 37 24 37 37 39 32 37 37 37 37 37 37 37 9 37 0 0 0 15 0 0 37 0 37 37 0 0 0 18 0 0 0 0 23 0 0 0 0
23 19 24 17 20 22 24 37 17 37 37 37 19 18 20 18 20 21 20 17 37 12 15 19 19 16 27 26 27 27 25 27 24 20 20 20 37 9 11 26 33 32 14 37 37 37 26 37 37 37 14 16 37 37 37 35 37 37 37 18 37 37 37 37 37 37 37 37 37 37 37 37 0 0 0 0 0 0 24 0 0 37 0 21 0 20 19 0 0 0 0 17 8 28 0 0
20 37 24 22 25 26 37 37 37 37 37 37 17 16 18 37 37 37 20 13 37 37 20 20 37 29 37 26 28 26 27 24 29 27 18 37 37 17 17 16 18 16 22 20 37 22 40 27 37 37 37 37 37 37 37 15 11 7 6 37 37 37 37 37 37 37 37 37 37 37 37 37 0 0 13 0 0 10 15 27 37 0 31 37 25 32 34 0 0 0 31 12 7 0 0 0
