examples/data/proba_v_italy_sicily/probav_s10_toc_x19y03_20150521_333m_ndvi_v001.txt
ncols         1127
nrows         589
xllcorner     12.348214285714
yllcorner     36.598214285714
cellsize      0.0029761904761905
NODATA_value  -9999
[rows 48 to 95 of 589, columns 288 to 383 of 1127]
38 34 32 32 30 29 37 35 31 42 66 57 28 28 30 31 32 31 33 33 32 30 32 32 32 65 93 149 168 170 141 138 134 129 137 141 128 136 133 116 102 78 51 28 29 29 29 29 29 29 29 28 28 29 28 29 28 28 27 27 26 27 28 27 27 27 28 27 27 33 29 30 31 28 27 28 27 27 26 27 27 27 27 27 30 31 29 29 31 29 28 26 24 24 23 23
34 33 32 34 34 33 33 30 30 28 27 29 48 49 31 31 30 32 30 31 33 47 35 31 64 95 123 152 129 118 119 126 132 136 137 133 131 133 123 109 96 35 27 31 29 29 30 30 31 30 29 29 30 29 28 28 28 28 28 27 27 27 28 28 28 26 27 27 27 33 31 27 28 28 28 27 27 27 27 27 27 27 28 28 27 30 32 31 31 33 32 30 29 27 25 25
36 33 30 35 29 29 30 30 29 30 38 47 72 83 64 33 31 41 49 40 72 84 73 52 83 98 117 131 145 128 120 119 124 128 133 140 132 125 124 111 99 54 19 30 31 30 31 31 32 30 30 29 29 28 28 28 28 28 27 27 26 27 28 27 28 27 27 27 27 27 33 32 31 31 29 27 27 26 27 27 27 27 27 27 27 27 27 33 31 32 35 34 31 29 28 27
35 34 31 31 29 30 28 36 30 31 31 29 69 81 67 52 62 80 100 102 114 126 101 67 63 78 108 125 143 129 122 128 130 124 101 112 131 115 106 124 127 101 52 24 39 33 30 31 31 31 30 30 31 31 30 29 28 27 27 28 28 26 28 27 27 27 28 28 27 27 34 33 33 33 31 28 27 28 28 27 27 27 27 27 27 27 27 27 28 32 31 33 37 33 29 28
36 29 29 30 30 30 31 31 30 30 31 29 62 89 78 55 60 100 101 97 112 120 113 108 102 102 95 95 106 110 116 129 96 83 86 78 93 98 113 122 122 113 104 100 108 96 52 28 31 31 32 30 29 29 30 29 28 28 29 28 29 27 27 28 27 28 27 28 28 27 27 27 28 33 34 35 31 29 27 27 27 27 27 27 27 27 27 27 28 28 28 28 36 39 34 32
30 29 29 29 30 31 32 30 30 30 48 30 40 64 71 65 91 125 115 111 109 118 117 130 138 130 83 74 91 109 113 107 82 72 112 117 113 131 136 131 118 103 109 122 135 141 102 58 44 44 49 64 33 30 30 29 28 28 29 28 28 27 27 28 27 28 27 28 28 28 29 28 28 28 27 32 33 31 29 27 27 27 28 27 28 28 28 27 27 28 27 28 29 33 34 35
31 30 30 31 31 31 32 31 31 30 30 23 51 69 74 62 76 91 109 111 117 140 127 119 134 139 106 77 74 88 93 93 103 119 122 135 119 114 123 131 120 126 139 135 147 165 138 101 93 101 124 124 93 30 30 29 28 28 28 28 27 27 27 28 28 27 27 28 28 27 28 28 28 27 35 33 31 30 30 27 27 28 28 27 28 28 26 27 27 28 28 28 28 26 29 33
31 30 32 30 30 30 30 32 33 30 22 48 70 86 78 79 81 86 103 109 126 155 153 152 157 155 143 120 81 77 82 104 123 140 120 124 128 121 150 140 121 137 146 136 126 157 194 177 164 190 189 169 129 78 27 30 28 28 28 27 28 29 27 27 28 28 27 28 28 27 28 28 28 27 28 36 33 33 32 31 31 30 29 28 27 27 27 27 28 29 29 29 29 26 27 28
31 31 30 30 32 32 33 33 28 32 54 73 80 93 93 102 138 124 108 135 172 136 139 172 193 200 200 182 133 92 100 115 125 122 86 67 110 99 120 166 153 146 153 141 127 142 178 201 208 210 208 195 171 126 74 30 30 29 28 27 28 28 28 27 27 27 27 27 28 29 28 27 28 28 28 28 28 27 34 31 32 32 30 29 27 27 27 27 27 28 29 28 29 27 27 30
33 32 32 33 33 32 28 28 52 74 91 88 81 92 112 149 159 105 120 161 183 130 123 155 198 205 200 194 173 120 108 142 144 134 104 83 93 68 78 150 151 143 145 137 130 129 161 199 190 177 174 187 195 166 128 33 30 30 29 28 28 28 28 28 28 27 27 27 28 28 28 27 28 28 28 29 27 27 27 31 33 31 30 30 27 27 28 29 28 29 29 29 29 30 28 28
32 31 29 29 52 58 83 117 115 116 114 76 79 113 140 173 118 104 147 202 180 148 137 145 172 178 176 183 171 127 84 114 136 146 137 103 87 85 99 141 127 136 162 138 129 133 145 185 191 160 156 153 150 163 143 77 29 30 29 29 29 28 29 28 28 27 28 28 28 28 28 28 27 27 28 28 28 38 34 32 34 34 32 32 27 28 27 27 28 31 30 30 30 31 30 29
47 67 76 77 71 69 96 149 148 118 109 83 62 92 139 120 107 116 166 210 200 169 152 155 183 184 145 150 156 145 107 85 99 106 116 97 83 96 129 168 150 90 114 129 126 137 145 172 192 173 184 170 137 129 126 94 29 30 30 29 29 29 29 28 28 28 28 28 29 29 29 29 28 27 28 28 28 28 27 27 36 37 31 28 27 27 28 32 33 35 33 31 31 30 30 29
94 106 107 96 93 100 112 132 124 94 107 99 100 121 124 127 127 145 180 215 202 198 189 172 189 209 178 150 153 161 155 120 109 97 91 79 88 115 101 116 119 69 80 109 160 183 145 160 182 195 202 199 182 157 128 80 29 31 29 28 28 29 28 28 27 28 27 27 28 28 29 28 29 29 28 28 28 27 27 27 27 41 29 28 28 27 27 27 28 28 33 33 35 35 32 30
120 120 122 109 78 88 99 100 120 116 118 115 137 163 150 135 135 82 61 89 165 183 174 161 175 191 199 162 121 135 162 154 106 80 82 89 93 105 120 96 92 109 129 160 197 200 157 165 168 164 178 188 177 166 130 66 29 32 31 29 29 28 28 28 28 28 28 27 28 28 29 28 29 28 28 28 28 27 27 27 27 27 27 29 27 27 27 27 28 29 28 30 35 34 32 33
108 104 95 88 63 78 115 139 118 118 145 165 180 198 165 114 146 102 79 106 158 153 154 149 169 183 206 199 152 148 157 148 140 108 84 79 78 77 94 80 100 120 138 172 196 203 192 147 145 152 159 180 180 165 111 62 32 29 28 29 28 28 28 28 27 28 28 28 28 29 28 28 29 28 27 28 28 28 27 27 27 27 27 29 28 26 27 27 28 27 31 31 34 36 34 33
116 91 64 62 74 72 92 118 100 105 138 132 122 130 127 131 148 124 136 187 161 163 175 179 197 192 193 181 150 154 183 208 189 147 124 84 65 66 73 72 68 74 102 139 196 219 215 170 163 152 146 153 168 176 134 84 54 31 30 29 27 29 29 29 29 28 28 28 28 29 28 28 28 29 28 27 28 28 28 28 27 27 27 27 26 28 27 27 28 28 28 28 28 28 28 29
85 71 80 103 89 72 103 133 152 146 146 137 147 142 119 135 151 153 124 136 153 160 174 192 175 159 162 186 191 171 159 172 179 169 162 137 89 64 63 66 69 72 81 121 153 184 215 185 154 158 152 136 143 167 149 91 65 31 31 31 29 29 30 28 28 28 28 28 27 28 28 27 27 28 28 28 28 27 27 27 27 28 28 27 27 27 28 28 27 29 31 29 28 28 28 29
70 68 75 87 93 130 155 164 143 136 134 130 148 168 120 110 134 176 134 117 144 176 182 171 143 137 136 171 194 174 153 155 152 146 142 126 99 89 63 77 75 79 89 118 138 133 157 174 148 140 162 159 155 154 142 114 73 47 34 32 30 29 29 28 28 29 29 28 28 28 28 27 27 28 29 28 28 27 28 27 27 27 28 28 27 28 27 28 29 28 33 35 28 28 27 28
57 55 67 119 163 156 138 134 116 122 144 148 160 196 192 125 105 126 150 147 180 211 180 166 172 194 179 162 180 183 165 151 139 138 133 124 108 100 79 70 76 60 66 86 97 91 89 116 162 163 156 162 157 159 142 107 71 48 33 31 30 29 29 28 28 29 29 28 28 29 28 29 29 29 29 29 28 27 28 28 27 27 28 28 27 27 28 28 28 28 28 28 28 28 28 27
53 76 130 151 129 128 128 130 131 144 177 175 169 181 204 189 113 120 160 173 175 149 143 149 150 149 165 161 160 159 144 136 129 122 123 117 113 96 106 106 89 70 59 66 68 78 82 94 159 180 139 132 132 126 118 83 60 47 34 29 28 29 28 28 28 29 30 29 28 28 28 28 28 28 29 28 28 28 28 28 28 28 27 28 28 28 28 28 28 27 27 29 29 29 29 36
84 132 132 120 120 134 142 133 150 171 178 181 176 191 202 181 140 135 174 144 111 95 87 78 57 84 117 127 130 122 121 114 116 121 119 116 100 85 152 150 116 83 66 58 60 62 74 127 174 155 107 93 81 97 109 99 71 38 31 30 29 27 29 30 29 29 29 28 28 28 28 29 29 29 29 29 28 28 27 27 28 28 27 27 28 27 28 27 27 27 27 28 29 29 28 28
137 120 117 121 132 144 131 115 133 156 149 148 156 159 152 142 146 150 137 106 74 62 56 88 82 98 117 116 116 106 88 103 116 127 133 129 96 66 120 147 147 109 68 57 67 68 71 93 102 88 74 72 67 72 82 84 71 33 30 27 28 28 29 29 29 29 28 28 28 29 29 29 29 29 29 28 27 28 27 27 28 29 28 29 28 28 28 28 27 27 28 28 28 29 29 29
122 128 139 153 140 126 125 132 156 161 127 110 111 121 139 149 155 142 121 112 91 77 70 91 95 103 113 110 102 94 81 102 109 107 112 117 90 91 98 94 114 107 63 59 72 81 80 70 62 80 95 74 53 66 82 54 41 36 29 28 28 29 30 29 29 29 29 29 29 29 29 29 28 28 28 27 28 28 28 28 27 28 29 29 30 28 28 28 27 27 29 29 28 28 30 30
84 132 137 153 142 136 128 135 159 159 133 104 110 134 150 146 128 121 113 107 108 113 115 106 108 108 106 109 95 81 83 114 128 133 103 65 71 92 108 130 134 100 67 61 60 79 90 67 66 57 93 82 46 54 65 42 33 31 28 28 28 28 29 29 28 28 29 30 30 28 29 29 28 28 29 28 28 28 27 27 28 29 27 28 29 28 28 27 27 28 29 29 28 28 29 29
119 132 142 145 146 128 130 145 167 166 142 140 147 132 125 116 105 105 109 111 115 115 111 106 111 118 103 95 99 105 103 90 101 122 102 61 75 91 88 90 105 129 97 63 61 68 79 68 80 61 54 58 51 48 49 35 23 25 30 28 29 29 29 28 29 29 29 29 29 28 29 29 28 28 28 28 28 28 27 27 27 28 27 28 28 28 29 28 28 29 27 29 29 29 29 31
138 129 143 146 164 154 130 136 150 152 136 139 154 139 130 107 103 107 113 110 110 114 108 105 112 127 101 75 83 97 99 76 63 82 74 66 87 101 85 63 67 87 87 67 60 55 51 60 74 99 89 72 57 35 29 38 29 22 28 29 27 29 29 28 30 29 29 29 29 29 28 28 28 29 29 28 28 28 28 28 27 28 28 28 28 28 30 28 27 30 29 30 30 29 30 29
123 129 137 135 152 169 138 157 161 125 118 139 132 128 134 115 120 124 123 114 107 107 111 114 115 118 112 102 104 71 70 74 72 88 115 122 105 112 112 75 67 95 85 71 66 58 56 82 119 104 82 56 54 40 32 31 42 29 27 28 29 29 29 29 33 30 29 29 30 29 28 28 29 28 28 28 28 29 29 29 28 27 30 30 28 28 28 27 27 30 29 30 29 30 30 29
152 159 171 170 164 175 171 179 187 172 135 148 161 133 132 120 127 131 125 119 117 117 125 143 144 122 97 88 100 81 72 70 72 98 123 104 82 133 155 112 69 68 66 63 59 55 54 59 66 61 59 52 49 45 37 26 26 32 26 27 28 29 30 29 39 30 29 29 29 29 28 29 28 27 27 28 28 28 27 28 28 28 28 28 29 29 27 28 29 30 29 29 29 30 30 29
168 169 188 202 188 147 128 134 135 138 154 170 179 157 126 113 131 140 129 128 127 130 138 143 148 154 142 125 145 132 102 89 90 100 79 69 75 124 111 80 71 64 65 58 46 70 106 70 56 62 65 54 51 55 55 42 30 31 29 27 27 29 29 31 31 30 29 29 29 30 30 29 28 28 40 28 29 28 28 39 28 29 29 30 29 29 28 26 28 28 29 30 29 29 29 29
191 200 212 199 160 138 121 117 114 114 133 158 157 137 142 114 116 127 133 141 132 121 130 145 149 161 168 152 139 140 136 113 98 117 93 92 126 170 142 82 80 77 62 62 73 77 116 74 59 65 66 56 55 63 71 58 41 30 28 27 27 28 30 31 30 36 29 30 30 30 30 29 30 29 40 29 28 29 29 28 30 29 29 30 29 27 27 27 29 29 29 29 29 29 30 30
219 208 162 152 138 125 126 118 116 125 139 150 149 143 155 151 151 159 168 169 156 141 138 136 138 152 164 155 126 104 112 107 92 111 130 119 123 144 124 74 57 61 67 65 73 73 82 67 54 53 56 58 53 51 56 67 75 90 40 26 27 29 30 31 29 29 29 29 28 29 29 30 29 29 42 40 28 29 29 29 30 29 30 29 29 27 27 29 29 30 29 28 29 29 29 30
201 173 146 119 121 123 126 124 136 161 165 173 191 174 155 160 184 192 176 159 145 139 137 144 147 150 154 157 134 110 130 142 122 125 146 128 117 148 136 110 110 72 67 76 76 82 76 62 58 65 68 61 59 53 56 65 75 97 71 31 29 30 30 29 29 30 30 30 30 30 30 30 29 30 39 41 29 29 29 29 29 30 29 28 28 27 27 29 30 30 30 29 29 29 29 31
196 181 168 147 134 128 122 119 147 181 186 179 153 178 170 175 182 177 170 174 163 147 136 140 145 155 150 123 117 112 112 114 127 129 114 117 107 117 132 128 129 88 67 75 80 91 81 77 71 74 84 68 56 55 55 59 95 133 74 40 24 27 37 31 30 30 31 30 34 35 29 29 30 40 32 30 29 29 30 30 30 28 28 29 28 28 26 29 29 29 29 29 29 29 29 30
172 176 188 195 190 176 176 152 121 153 177 134 123 180 169 165 155 170 189 193 192 181 168 170 170 142 116 103 105 140 120 109 122 121 99 100 118 122 127 141 139 102 76 100 104 93 87 80 78 107 88 56 53 53 53 44 65 102 76 79 65 34 44 31 32 32 31 25 30 29 30 30 30 29 33 29 48 29 29 29 30 30 29 30 28 28 31 30 29 30 30 29 30 30 30 32
182 171 173 181 182 169 180 129 85 132 168 180 199 181 167 152 145 157 182 191 186 180 175 184 187 176 157 160 156 150 155 151 121 105 137 147 148 144 161 183 196 159 84 74 95 82 76 96 96 102 76 53 62 57 50 48 52 75 82 76 72 59 47 35 29 28 28 30 31 31 30 29 31 30 31 32 31 52 30 29 29 29 30 30 28 22 30 29 29 31 31 31 32 32 32 32
187 192 171 163 164 159 162 155 142 154 170 179 174 170 176 169 153 147 158 182 182 163 152 154 156 150 160 159 154 163 165 166 157 151 152 155 149 132 119 114 106 83 77 80 75 81 94 122 91 63 53 53 59 57 47 72 87 72 71 74 70 68 58 54 61 86 68 30 31 31 29 31 32 32 32 32 31 31 57 31 31 30 30 25 45 34 30 30 31 31 32 33 32 32 30 29
176 175 162 168 175 173 163 150 157 174 185 179 161 160 174 189 184 146 156 218 199 144 140 141 138 131 130 146 156 199 194 184 167 160 152 141 144 155 106 84 104 132 119 77 68 88 127 103 67 55 59 60 70 87 81 73 73 60 48 56 65 66 54 48 59 82 76 48 34 32 27 28 28 29 40 46 30 32 32 47 32 31 31 36 35 31 32 31 31 29 29 33 51 76 82 101
152 155 165 168 167 174 170 170 186 195 190 172 165 185 200 197 167 146 176 221 207 159 147 141 151 159 157 165 174 179 175 185 175 171 168 142 125 123 87 79 119 147 140 97 96 113 120 80 75 95 111 115 126 143 124 68 55 68 94 82 68 66 60 50 54 62 66 68 68 69 72 66 75 87 98 104 81 41 29 51 30 30 27 29 36 41 45 62 75 86 96 122 148 148 134 151
162 163 160 160 164 158 168 184 196 191 180 186 189 194 190 183 158 148 183 200 193 168 150 153 166 173 171 174 172 154 160 176 164 154 145 121 101 87 86 104 119 109 124 139 118 104 97 72 82 167 204 174 121 90 87 98 89 67 107 143 85 65 53 43 50 61 62 74 88 97 150 114 108 95 108 104 95 95 96 94 74 88 121 103 98 110 118 126 139 126 134 156 158 155 144 140
179 181 164 159 162 162 176 193 206 188 162 183 203 197 184 178 165 164 181 162 167 168 166 164 178 175 180 179 173 162 149 161 165 157 145 141 142 118 111 132 156 144 124 103 88 69 96 123 153 187 160 105 74 62 67 90 116 84 116 161 124 115 138 93 57 57 54 65 73 67 94 102 113 130 139 103 85 129 136 140 140 141 144 120 122 145 133 108 118 104 114 141 136 107 112 113
156 162 153 156 160 172 187 198 196 188 166 171 185 187 176 165 164 175 179 156 170 176 180 184 188 167 159 158 154 156 153 147 140 142 151 134 110 106 122 142 140 106 100 118 107 124 153 145 147 115 72 76 98 109 100 96 107 133 164 124 107 153 177 148 130 108 103 92 68 43 52 80 82 101 147 167 128 132 149 154 184 159 114 95 99 105 120 76 73 112 147 175 165 152 155 140
156 166 164 162 155 159 178 188 167 156 147 157 182 198 208 208 196 188 180 161 158 167 179 181 172 160 149 135 131 128 132 137 137 134 129 129 113 120 153 145 114 112 146 173 172 160 138 106 97 97 86 78 88 93 99 110 176 164 166 186 154 158 174 152 146 168 163 140 122 110 88 113 111 76 83 104 105 98 129 159 136 89 63 69 102 133 123 117 140 156 172 161 134 139 133 131
162 153 161 171 170 178 174 155 142 145 152 155 187 201 192 193 196 199 195 186 178 172 167 155 156 157 144 123 85 83 120 142 151 147 128 114 116 131 125 127 151 171 204 182 143 134 147 155 158 165 139 99 90 102 97 98 145 158 141 186 148 137 153 166 140 146 179 175 177 170 135 139 136 128 114 101 94 82 97 140 142 118 93 99 105 130 148 152 156 145 159 162 136 154 159 135
163 173 174 169 170 185 188 160 146 157 179 185 191 201 196 189 177 188 195 192 177 153 152 153 149 148 136 92 76 109 128 126 135 143 130 129 127 145 152 151 173 186 202 143 128 167 184 167 147 174 132 120 130 132 128 115 144 144 167 175 165 143 140 141 133 118 120 120 155 154 147 165 197 188 175 132 83 87 72 80 86 83 100 142 123 136 145 139 137 142 164 182 161 144 146 151
191 173 162 157 158 173 177 156 151 153 179 202 198 202 195 172 163 156 160 166 152 135 137 153 154 130 96 83 112 136 139 146 149 143 142 127 118 144 176 170 167 176 172 155 165 209 188 167 188 183 144 153 154 145 125 140 170 184 168 136 154 138 140 162 159 161 151 131 173 166 143 175 193 177 174 177 144 137 123 64 54 57 78 110 129 141 145 124 124 139 151 182 159 134 131 134
173 165 183 192 179 158 153 163 181 190 199 195 185 185 194 186 159 144 148 160 157 144 139 146 162 157 147 135 158 166 152 132 118 107 141 136 134 152 163 153 164 166 150 178 191 196 170 152 173 185 193 164 150 139 132 164 192 176 163 170 158 156 167 188 195 198 215 189 174 150 130 154 147 136 165 197 187 145 149 104 90 78 59 59 81 137 157 141 138 135 144 173 156 121 99 90
155 182 200 201 204 193 180 188 207 213 213 197 188 184 188 198 191 169 148 140 140 140 154 172 181 172 162 158 168 169 150 131 137 150 158 165 164 178 186 162 159 154 166 164 170 180 187 168 162 147 170 191 173 178 199 183 167 163 148 164 168 160 174 181 185 175 161 170 150 164 125 124 149 170 180 208 209 173 176 160 156 148 131 107 102 105 137 146 143 144 163 182 163 138 108 106
137 151 187 195 204 202 198 203 207 220 224 204 189 186 186 193 192 187 178 152 132 131 150 153 160 161 167 172 163 148 152 180 180 159 157 163 183 198 185 162 140 153 191 180 180 173 164 177 190 184 156 170 170 170 205 186 178 159 159 164 163 157 158 165 179 171 147 115 157 170 184 157 143 175 197 205 202 186 189 174 135 126 132 147 143 129 129 135 146 152 167 178 165 149 121 115
