examples/data/proba_v_italy_sicily/probav_s10_toc_x19y03_20140901_333m_ndvi_v001.txt
ncols         1127
nrows         589
xllcorner     12.348214285714
yllcorner     36.598214285714
cellsize      0.0029761904761905
NODATA_value  -9999
[rows 0 to 51 of 589, columns 192 to 287 of 1127]
20 28 22 16 24 28 33 29 24 17 14 18 16 25 24 25 20 17 18 20 23 33 23 21 18 15 22 18 18 22 18 18 48 20 20 17 17 20 20 20 25 20 18 18 20 22 24 20 20 18 18 18 20 20 22 25 19 17 17 20 20 20 18 18 20 20 22 25 22 17 18 22 20 20 25 22 20 43 42 33 22 16 20 17 20 20 25 20 25 20 20 22 20 20 22 18
25 30 23 19 17 20 30 24 34 21 21 20 20 14 18 25 22 19 20 20 26 32 21 18 22 20 20 22 20 18 18 18 18 20 22 18 17 17 17 17 17 20 22 20 22 25 23 19 20 18 18 18 18 22 16 20 20 20 20 20 20 22 15 18 20 17 20 17 25 25 20 22 17 22 20 20 20 22 22 22 20 17 20 20 15 20 25 20 22 22 20 20 20 22 25 22
20 31 26 26 18 22 25 26 24 27 24 22 20 20 20 15 38 20 22 20 24 29 23 18 23 20 20 20 17 18 15 20 15 20 18 20 22 22 20 20 17 18 22 20 18 20 23 17 17 20 20 20 20 25 20 17 25 20 17 17 20 20 17 18 18 20 22 17 17 17 15 20 20 20 20 20 17 25 27 22 22 20 34 33 20 17 25 23 20 22 18 20 20 22 20 20
20 19 29 23 22 23 20 23 18 22 20 20 22 18 18 13 18 29 20 18 22 24 18 17 18 17 20 17 17 17 18 18 18 18 20 20 18 18 20 22 20 30 20 18 17 20 20 20 20 17 20 22 22 22 20 20 22 22 17 20 17 17 20 20 17 20 18 18 20 20 17 24 23 20 17 20 25 26 24 22 24 24 28 28 22 19 18 22 23 25 25 25 23 20 17 17
16 18 27 27 22 25 20 22 22 18 20 20 20 20 20 18 18 22 18 22 22 21 21 20 20 20 18 20 20 18 20 17 18 18 22 22 20 20 22 18 18 24 22 20 23 17 18 17 17 17 17 17 22 20 18 18 18 18 20 18 20 20 20 20 17 17 20 22 22 22 22 27 30 24 20 37 30 22 20 22 22 20 18 31 24 16 20 20 20 25 23 17 22 20 17 22
29 20 36 20 27 27 25 22 22 20 22 22 18 18 18 20 18 17 18 18 17 17 17 20 22 20 20 20 17 18 18 18 20 20 17 18 20 20 20 18 18 20 20 20 20 18 20 13 18 22 20 17 17 17 17 18 20 20 20 18 20 18 22 23 20 20 20 23 25 27 26 22 28 20 16 25 25 32 22 14 16 20 20 20 27 18 22 20 20 20 20 22 25 27 23 12
23 25 27 25 25 27 25 22 22 22 20 20 22 18 20 18 15 17 17 18 20 17 17 20 20 18 22 20 17 17 18 18 17 17 20 17 17 20 22 22 18 18 18 20 22 22 23 19 28 17 20 17 22 20 16 17 18 22 17 22 20 18 18 18 17 17 20 20 22 22 22 22 23 25 25 23 26 28 20 16 18 20 18 20 26 26 20 17 22 22 22 20 24 42 31 26
22 25 40 20 25 18 25 20 20 22 20 20 20 18 18 18 17 20 18 18 17 17 17 20 18 17 22 17 17 17 17 18 20 23 20 20 20 18 18 18 20 17 20 18 18 18 18 18 20 20 20 20 18 18 20 17 20 17 15 20 17 17 22 18 17 20 17 17 17 20 22 20 17 27 25 25 24 23 20 28 24 20 25 20 20 20 20 20 20 25 25 20 22 18 18 23
25 25 25 18 20 23 20 22 22 18 17 20 20 18 18 16 16 18 18 14 13 17 18 18 13 14 17 23 23 17 18 18 17 17 23 17 17 18 18 17 18 22 17 18 18 17 17 17 17 22 18 20 22 18 18 26 22 16 22 22 20 20 20 17 17 17 20 18 22 22 22 20 20 23 23 26 21 24 23 20 23 18 22 20 18 18 22 22 22 20 20 22 29 25 25 25
20 25 24 22 25 23 20 17 17 17 20 20 17 18 18 18 18 20 23 19 16 22 20 18 17 15 15 17 20 20 18 18 18 23 20 17 17 17 17 20 20 22 20 18 22 17 16 17 17 20 20 22 22 24 22 22 21 19 17 22 25 22 20 20 17 20 20 18 20 22 22 20 22 25 20 20 20 18 22 25 24 20 20 17 22 22 25 24 20 20 20 20 43 20 18 20
22 22 22 22 20 23 20 17 17 18 18 18 20 18 18 20 18 18 18 18 20 22 18 20 16 17 17 22 18 20 18 20 20 20 18 20 20 17 17 17 20 25 22 20 20 17 17 21 16 18 20 20 22 22 22 20 20 20 22 22 20 18 17 20 17 17 17 20 17 17 20 20 20 22 25 22 22 25 22 25 20 20 25 22 25 20 20 22 32 15 20 20 22 22 20 20
20 20 20 20 18 18 20 20 20 17 20 16 18 18 24 24 17 11 11 8 17 18 18 16 18 15 27 26 19 15 20 20 20 20 18 20 18 18 17 16 18 20 18 18 18 18 18 22 25 19 17 14 20 18 18 18 20 22 25 20 20 20 20 20 20 17 20 20 18 20 20 20 22 20 20 20 22 22 22 22 22 22 20 20 22 20 25 23 25 29 25 22 22 22 22 20
25 20 23 20 18 16 22 18 20 26 24 24 22 25 23 24 16 12 16 16 16 23 18 18 18 18 30 25 22 21 20 20 18 20 20 22 22 23 19 20 18 22 22 18 20 22 22 19 20 24 25 19 20 18 20 22 18 20 25 22 20 20 20 20 22 20 20 20 20 25 20 25 20 22 20 20 20 20 22 25 20 22 22 20 20 21 22 23 23 20 22 25 22 20 24 22
20 17 16 26 22 20 22 20 29 23 22 24 18 20 20 24 25 13 9 26 21 16 16 20 20 20 20 23 20 18 17 17 17 17 18 18 22 29 23 18 20 17 20 20 20 18 20 25 25 22 18 17 20 17 18 18 18 22 22 20 22 18 20 20 22 17 22 20 22 22 22 25 22 25 23 23 20 22 22 20 22 20 18 22 20 27 25 25 23 20 20 20 25 20 24 20
16 20 37 36 23 16 20 18 30 42 27 24 21 16 20 26 32 20 25 25 24 20 19 20 20 20 18 20 21 20 18 17 20 17 15 17 17 22 25 22 17 17 17 17 18 18 18 22 25 20 20 17 20 20 20 17 18 17 20 17 22 17 22 18 20 28 17 20 22 25 22 25 22 23 23 20 22 22 20 20 22 22 20 22 20 25 25 20 20 20 20 20 20 22 25 22
20 18 24 32 22 14 18 18 34 36 20 17 31 30 25 19 16 26 25 24 25 25 22 16 17 20 40 20 20 15 18 15 20 22 17 18 20 17 20 17 17 17 20 20 17 17 18 18 20 20 20 18 20 17 20 27 24 26 14 31 22 22 22 20 20 22 20 20 22 22 22 22 24 22 23 22 22 25 25 20 23 25 25 22 25 22 22 22 22 20 23 20 20 20 22 22
20 20 17 34 20 13 16 20 31 34 27 25 32 32 36 25 20 25 20 25 17 17 18 18 18 17 40 18 20 20 20 22 22 21 21 16 20 20 20 20 18 17 17 20 17 20 20 20 18 18 20 47 23 20 21 19 20 17 20 20 22 40 17 20 22 20 20 20 23 22 20 24 20 23 25 22 24 22 25 20 42 23 23 20 20 25 25 22 22 22 23 23 22 25 25 25
20 20 20 30 24 19 23 20 18 23 23 24 18 20 32 20 25 20 20 20 25 17 16 17 12 17 20 31 34 20 16 20 20 20 22 17 17 17 17 17 18 20 17 20 20 20 20 20 17 18 20 16 22 23 25 20 20 20 20 18 17 17 17 17 20 17 25 28 30 22 24 22 23 29 28 23 24 20 25 25 22 37 25 18 20 20 25 25 25 22 25 23 20 20 25 25
18 20 17 23 30 26 22 17 13 15 9 12 18 16 34 29 20 20 25 26 28 20 17 14 10 17 15 18 20 18 20 20 20 18 20 22 19 37 23 20 20 18 17 17 20 17 17 17 18 18 17 23 20 20 20 20 25 20 17 20 18 17 17 17 17 17 20 27 27 25 24 24 20 23 23 22 18 25 25 25 22 22 34 25 20 23 20 20 25 22 22 25 23 20 20 20
20 17 20 20 23 27 26 20 15 17 16 20 18 18 16 32 32 30 24 24 34 24 10 10 10 12 12 30 18 18 18 22 20 17 22 22 20 22 22 20 20 20 22 18 20 20 17 22 46 18 14 20 24 28 22 17 20 17 17 18 20 17 20 20 20 20 20 23 25 25 24 22 18 25 27 22 18 17 20 22 22 24 24 20 24 27 23 23 20 20 25 20 25 22 22 22
23 19 18 20 25 25 22 20 20 28 24 21 19 18 13 20 20 17 24 20 17 20 14 15 10 15 15 23 17 20 22 22 20 20 23 22 20 22 22 22 20 20 20 17 20 20 25 22 47 13 20 23 20 18 22 20 20 17 17 20 20 20 20 18 20 20 20 20 20 23 22 20 20 25 28 25 24 24 21 22 27 22 22 24 26 23 25 20 25 25 25 22 20 20 20 22
20 15 20 22 22 20 17 20 18 24 28 25 23 23 17 25 23 21 20 20 26 20 20 18 17 17 20 35 17 17 17 18 18 17 20 23 20 20 20 20 20 18 22 17 17 20 20 20 22 42 20 20 17 17 16 22 22 20 22 17 20 20 17 20 17 25 25 22 26 15 25 20 25 20 29 26 22 25 23 20 22 22 20 20 20 24 23 32 22 18 20 20 20 20 20 20
26 22 22 22 20 20 20 23 20 23 28 25 20 25 23 33 25 20 20 18 42 18 20 13 20 20 20 20 17 20 17 17 22 20 20 20 20 17 20 20 20 20 15 17 23 20 20 20 22 25 24 23 24 22 19 31 26 22 20 17 17 23 20 20 17 20 25 24 22 23 25 25 22 22 23 26 23 26 25 25 25 22 20 20 25 29 27 22 25 22 20 22 22 20 23 25
32 20 25 22 22 21 11 17 20 20 25 25 22 22 20 29 25 26 15 15 15 18 18 18 20 18 17 17 20 17 20 20 20 17 20 17 18 17 23 20 18 20 17 20 22 20 18 17 20 27 22 26 26 24 20 28 17 17 22 20 20 24 17 18 20 23 25 22 20 26 23 23 25 25 22 20 25 14 20 20 18 22 25 25 22 25 29 24 20 24 22 22 22 22 25 25
20 20 20 22 20 29 16 25 23 20 20 28 23 22 22 20 20 20 18 17 17 17 18 20 22 18 18 20 20 20 20 17 20 17 17 20 20 20 20 20 20 20 20 20 17 20 22 22 25 18 22 20 15 20 28 25 21 15 11 20 20 28 21 17 20 23 25 20 17 20 23 20 20 23 25 25 31 20 25 25 20 20 22 22 25 25 23 23 22 22 22 22 20 25 20 25
20 17 18 20 16 20 27 27 22 22 22 32 18 22 25 27 20 20 20 20 20 20 25 25 23 22 22 20 17 17 17 17 17 19 20 20 20 20 17 20 18 20 20 17 23 20 18 20 41 25 22 20 18 17 32 24 20 20 35 20 23 16 23 24 23 20 20 20 20 23 20 18 34 22 13 22 25 53 25 24 20 20 25 25 27 22 25 22 22 35 22 20 22 25 25 22
20 20 20 20 20 27 22 23 24 27 23 21 20 22 20 22 20 20 18 22 20 20 22 17 20 23 17 17 20 20 22 17 45 20 17 20 17 20 17 17 22 20 20 20 29 20 17 20 23 28 22 22 16 20 31 27 23 21 19 30 23 23 20 23 23 20 24 22 26 23 24 19 20 20 23 22 18 20 22 22 24 22 22 22 25 22 22 25 22 36 20 14 20 25 20 20
20 22 20 22 20 29 17 20 20 20 12 22 22 22 22 20 20 20 22 20 20 18 20 18 17 20 20 17 17 20 20 20 20 33 26 20 18 20 20 15 17 20 20 17 34 20 20 18 22 21 23 22 20 20 25 25 26 21 20 20 20 20 20 17 17 17 22 25 22 24 18 20 20 20 27 24 21 20 22 22 22 22 20 20 25 20 25 25 22 35 23 22 22 22 20 20
17 15 20 20 20 29 30 20 17 18 20 20 25 20 20 20 18 15 23 17 20 20 20 20 22 20 23 19 16 23 25 18 20 17 17 17 22 25 18 17 22 13 18 22 22 42 17 17 20 20 20 20 22 20 22 25 28 27 22 20 20 17 17 17 20 20 20 25 22 27 20 20 26 22 25 22 13 20 11 22 25 20 22 20 22 22 22 23 20 25 25 22 25 22 22 22
20 22 20 20 20 17 17 34 17 17 17 20 18 15 20 22 20 18 17 23 20 20 20 20 20 24 23 21 20 17 20 18 20 24 20 20 20 20 17 20 20 18 22 20 22 18 34 25 22 18 20 23 20 20 20 20 20 17 20 20 17 17 20 18 20 20 23 20 25 23 25 20 35 20 20 25 21 24 22 25 25 25 20 25 25 20 28 23 22 22 20 20 22 20 22 25
20 22 20 18 20 18 17 22 22 14 20 17 20 18 20 20 22 18 15 20 22 18 20 20 20 23 23 23 24 20 20 18 22 23 20 17 20 20 17 17 20 20 18 17 17 20 33 17 18 22 20 17 17 20 17 22 22 22 20 22 20 20 20 20 18 20 23 23 22 22 22 25 23 39 25 23 16 22 22 20 22 25 22 20 25 25 22 22 22 22 22 25 27 24 24 16
18 20 20 25 20 20 18 20 20 25 20 20 20 20 17 22 20 20 17 20 24 20 20 20 17 23 20 33 20 17 20 20 20 26 29 18 16 20 20 17 17 20 20 17 17 20 33 20 20 25 27 28 17 20 20 20 20 20 20 22 20 20 23 24 20 25 20 23 20 22 20 22 22 36 20 23 20 25 22 20 27 18 25 27 25 22 25 25 22 22 25 25 20 22 22 27
20 20 20 20 20 20 20 20 20 23 20 17 20 20 20 17 20 20 20 20 20 20 27 15 20 20 17 23 23 20 22 20 20 20 26 23 22 23 20 20 20 17 17 20 20 20 39 25 20 25 16 23 17 20 20 20 20 17 20 20 28 25 23 23 23 25 23 20 23 20 25 26 23 25 20 20 20 20 25 20 25 25 17 25 20 20 22 25 22 20 22 22 20 20 20 20
20 20 17 20 22 20 20 20 20 20 20 25 20 23 20 17 20 20 20 20 48 20 20 20 20 20 17 20 18 18 20 20 20 23 23 23 17 20 23 20 20 20 17 20 20 20 20 20 20 34 23 23 20 20 20 20 18 17 20 20 20 20 20 20 20 23 23 25 20 20 20 20 26 30 20 17 18 20 22 20 23 20 31 25 25 25 25 25 22 20 20 25 20 20 18 20
24 17 20 17 20 22 20 20 20 20 22 24 19 15 17 20 23 20 20 20 40 20 20 20 25 22 20 15 20 18 20 17 17 18 17 24 23 23 25 25 20 20 20 17 20 20 20 25 23 20 20 23 23 20 17 17 18 18 22 25 20 20 23 25 23 23 27 22 17 23 17 16 23 37 22 22 22 20 20 20 20 20 25 24 22 20 20 22 26 22 20 20 22 18 18 20
28 19 16 17 20 20 20 20 18 26 20 23 18 17 23 17 20 23 23 20 20 40 20 20 20 25 18 15 23 23 18 22 18 18 30 25 20 17 16 20 17 17 23 26 25 20 17 20 25 20 20 17 20 19 17 20 20 20 20 25 22 20 22 23 20 20 22 24 20 20 20 20 15 18 16 22 22 22 22 17 23 20 20 23 25 22 23 22 22 22 20 20 24 24 18 20
26 22 15 17 20 20 20 18 20 25 20 20 20 20 20 20 23 20 23 22 22 20 17 43 20 20 20 15 20 42 29 19 22 26 20 20 31 19 11 20 20 27 23 20 20 17 20 31 23 23 23 17 20 20 17 20 20 23 20 23 22 23 22 20 24 20 25 22 20 20 13 15 30 23 16 22 23 22 20 25 20 20 20 20 20 27 20 20 20 20 20 20 20 20 18 18
17 22 16 20 23 20 13 15 20 20 20 20 20 18 20 28 17 20 20 20 17 20 20 23 38 45 20 26 20 20 22 27 20 20 18 18 22 24 14 22 26 19 15 18 23 20 20 32 23 23 20 20 17 17 19 17 17 20 20 25 25 20 22 26 20 25 15 18 38 20 25 21 25 32 21 14 20 20 23 20 25 22 20 18 20 22 21 22 22 20 20 20 22 20 24 20
18 20 20 26 25 20 17 17 20 20 20 20 20 22 23 25 18 14 23 17 20 17 20 20 20 20 20 20 20 20 17 20 20 18 15 15 35 30 19 16 27 20 20 20 20 20 15 20 20 20 20 20 20 17 17 20 20 20 20 22 25 25 20 18 23 17 20 26 20 20 23 26 24 28 25 21 24 22 25 26 20 25 22 20 23 13 22 25 25 20 18 18 20 20 18 18
18 20 25 22 17 23 14 15 18 20 23 20 18 28 20 23 20 20 17 20 20 17 17 17 17 20 17 20 20 18 20 20 20 20 20 16 41 29 23 18 26 20 22 20 17 20 17 23 23 22 17 17 17 20 17 20 17 17 22 20 25 23 36 27 20 28 41 23 20 20 20 22 20 23 25 22 25 25 28 20 18 22 23 20 20 20 25 25 20 23 23 20 20 18 20 22
18 20 20 19 25 26 17 18 20 15 20 20 22 29 36 20 17 20 20 17 17 17 17 17 17 20 20 20 17 34 20 17 17 17 20 17 35 23 23 20 20 20 20 23 20 17 17 20 20 20 20 20 20 17 17 20 20 20 18 22 22 25 22 25 25 23 16 22 23 30 23 23 20 20 22 20 25 25 36 17 18 20 22 25 18 20 22 22 20 25 22 20 22 22 22 20
20 20 17 23 22 27 23 20 20 20 20 17 20 20 25 25 20 20 15 20 20 20 20 20 20 20 18 20 17 23 20 17 17 17 17 17 17 17 20 20 20 25 20 24 40 20 20 18 15 17 20 20 20 20 17 20 20 18 20 20 20 25 18 20 38 25 20 20 20 35 26 20 20 20 24 31 20 21 25 20 20 20 20 20 25 25 22 22 22 19 20 20 22 20 20 22
10 18 20 20 20 17 20 20 17 20 20 17 17 17 20 20 18 20 20 20 20 20 20 20 22 20 22 17 14 17 27 20 17 17 34 17 22 28 20 20 20 20 20 17 17 32 23 20 40 17 20 23 20 15 17 20 26 20 26 17 20 20 20 20 31 20 20 20 17 38 26 22 15 16 22 23 18 20 22 20 18 20 20 22 22 20 20 20 20 21 20 20 25 27 22 20
20 17 20 20 20 20 17 20 20 20 20 20 20 20 20 20 20 17 20 20 20 20 20 25 22 20 15 15 15 37 27 33 27 23 20 20 20 21 26 17 20 20 17 23 20 31 22 20 18 33 20 24 17 17 18 15 33 22 25 20 17 17 20 17 20 18 26 24 14 20 26 27 19 24 17 16 20 20 29 26 20 20 25 21 25 22 20 22 20 20 20 20 20 20 20 20
15 23 20 17 22 20 20 20 20 20 20 20 20 20 22 20 17 20 20 20 20 23 18 22 17 19 26 19 17 24 20 20 26 20 20 20 20 17 23 20 17 18 17 20 20 20 21 20 20 18 28 28 26 21 17 23 30 24 16 22 22 18 29 20 12 20 25 23 26 21 22 31 25 18 14 25 27 20 29 23 18 17 23 20 17 20 20 20 20 18 20 20 25 20 20 18
20 15 22 25 18 18 18 20 22 20 20 20 23 17 20 20 20 20 20 20 31 20 23 20 22 20 17 20 16 27 28 17 13 16 20 23 20 23 26 23 20 15 20 15 20 22 18 20 20 20 18 26 23 21 23 23 20 25 20 20 22 18 29 20 20 22 17 17 20 35 24 24 22 18 18 20 23 24 15 30 21 15 17 13 14 17 13 8 15 15 15 18 20 26 19 18
20 20 22 16 18 18 15 20 20 20 18 20 20 20 20 20 20 17 20 29 20 20 20 20 20 18 20 25 21 20 34 37 17 17 23 20 25 23 20 17 20 20 18 15 25 25 17 17 20 20 17 17 20 17 27 22 16 23 22 20 20 20 32 17 15 20 12 11 14 39 15 13 16 12 18 23 35 26 16 11 18 13 11 20 15 14 14 9 14 16 15 16 18 22 23 24
15 17 22 22 17 20 20 22 18 15 18 22 22 20 16 22 20 20 43 17 17 20 20 20 20 18 18 22 25 19 32 28 20 23 20 20 20 17 17 20 23 23 20 22 19 28 23 17 17 25 21 20 20 18 18 20 15 20 20 22 22 20 40 13 20 20 16 12 25 36 13 15 11 14 14 14 34 27 19 17 28 16 12 22 19 17 22 27 22 14 13 14 16 16 13 20
15 18 17 20 17 17 18 15 15 15 15 22 22 20 20 20 20 20 35 20 17 17 20 20 20 20 20 20 24 21 20 20 20 20 23 20 20 17 15 15 20 17 20 25 20 15 13 20 17 17 15 20 22 18 20 20 20 19 12 17 18 14 16 19 27 23 13 14 20 33 12 8 15 25 14 18 27 27 18 16 23 22 15 18 18 14 22 20 13 14 14 14 13 14 32 13
15 18 20 20 17 17 20 18 20 20 15 40 17 24 22 16 18 18 20 26 17 20 20 20 20 20 20 20 20 22 20 20 20 20 20 17 11 17 17 17 17 18 20 23 22 15 20 20 20 23 17 20 23 20 20 20 20 20 20 20 20 11 12 18 18 20 17 19 17 43 22 16 12 15 13 24 24 21 16 17 17 20 17 17 6 8 20 14 10 14 14 9 13 13 32 11
20 20 20 20 18 20 20 20 17 23 20 31 32 20 22 23 22 47 18 20 18 18 20 20 20 18 20 20 17 20 20 20 20 20 32 20 17 17 20 20 23 20 20 23 22 18 15 21 16 18 15 18 20 17 17 20 20 20 20 18 14 12 12 11 14 14 17 19 20 29 23 21 20 13 11 24 24 20 20 17 17 20 17 20 12 10 12 14 12 14 12 9 11 13 11 13
18 15 20 15 15 15 18 18 17 20 23 20 20 26 18 20 20 27 20 23 25 19 17 17 17 17 15 20 20 17 20 22 23 20 23 20 20 20 20 22 31 20 20 20 20 20 12 18 26 22 20 17 18 20 15 17 17 17 18 13 18 17 15 12 16 16 15 33 21 22 22 16 14 14 18 30 30 27 27 23 17 17 17 16 16 14 9 16 21 15 20 16 12 32 32 31
