examples/data/proba_v_italy_sicily/probav_s10_toc_x19y03_20140801_333m_ndvi_v001.txt
ncols         1127
nrows         589
xllcorner     12.348214285714
yllcorner     36.598214285714
cellsize      0.0029761904761905
NODATA_value  -9999
[rows 153 to 203 of 589, columns 576 to 671 of 1127]
213 214 207 227 223 209 161 139 149 190 223 241 239 239 226 226 242 239 227 218 215 221 216 206 210 202 221 215 218 217 206 193 186 187 178 161 143 144 158 161 194 195 176 201 196 186 180 161 148 115 106 116 114 130 128 114 101 105 110 105 104 104 108 118 138 126 139 172 195 214 226 231 232 227 200 186 152 125 153 165 134 121 124 131 132 137 159 180 183 172 185 189 211 211 221 216
225 204 161 186 226 212 158 170 181 218 233 230 224 226 224 236 238 236 232 217 214 222 199 181 196 205 220 221 222 219 214 200 196 200 183 173 166 127 127 137 146 152 137 144 155 143 143 143 130 112 103 110 109 112 113 114 121 107 100 103 110 103 103 123 146 137 147 156 169 193 209 224 235 231 228 208 165 135 149 171 156 133 114 129 147 179 184 178 183 195 174 176 177 157 173 199
201 185 163 196 219 207 179 163 201 213 213 208 229 228 227 234 233 233 230 225 220 225 209 175 189 202 229 212 207 207 195 172 169 182 182 189 192 173 155 154 143 130 137 148 162 176 157 157 144 116 108 109 113 112 110 111 118 102 101 109 113 102 102 132 152 138 162 160 136 150 166 186 231 235 232 214 196 189 175 167 170 166 136 118 162 198 202 193 169 163 160 154 150 137 145 174
196 145 122 120 152 140 160 190 207 207 203 210 222 231 236 234 233 228 220 222 227 228 219 187 185 207 210 178 183 183 184 177 175 174 179 173 168 167 161 156 140 133 149 161 176 186 158 158 150 125 119 120 131 136 128 107 106 100 96 102 109 107 110 149 173 148 158 155 127 120 116 119 187 232 228 217 199 168 143 128 122 124 145 112 100 113 140 160 148 127 133 155 168 168 175 195
135 142 119 141 134 139 152 178 209 226 224 230 231 228 233 231 229 218 195 193 205 190 191 202 180 179 193 183 173 179 193 200 203 206 198 190 172 150 145 149 148 137 143 138 132 139 128 150 155 126 128 132 125 127 114 103 96 97 102 98 98 101 113 128 145 146 152 156 136 136 119 97 151 206 195 184 165 145 158 158 138 125 123 111 107 131 134 148 170 175 177 188 169 160 174 180
118 136 176 193 172 162 168 161 185 211 224 229 227 224 227 230 230 226 231 238 212 192 167 169 186 193 196 202 151 155 171 171 168 177 177 167 160 149 150 162 146 136 129 132 131 135 135 132 146 134 119 107 88 89 95 101 96 100 111 96 90 90 95 100 99 110 139 160 160 154 124 101 112 131 151 154 146 151 145 151 145 134 134 152 145 151 144 159 184 155 164 173 158 143 150 157
135 168 207 204 186 201 190 171 203 224 228 229 223 225 228 230 222 235 238 243 181 149 129 140 154 205 208 184 160 130 128 136 135 160 144 149 156 157 161 146 140 152 170 170 156 150 130 119 127 130 106 100 96 100 97 110 111 105 104 91 90 91 97 100 97 99 117 144 155 140 117 113 110 110 140 149 153 155 144 128 130 133 136 154 156 147 135 149 137 107 134 162 159 154 118 119
150 195 212 207 191 185 188 176 184 214 218 209 223 234 226 228 232 233 238 181 147 153 156 119 137 200 205 194 163 133 117 119 148 149 163 180 166 153 155 166 154 153 169 158 169 163 146 129 123 126 119 107 103 101 93 104 105 98 98 95 94 100 106 109 109 107 111 117 122 117 130 139 118 100 113 126 133 119 123 117 112 127 146 140 132 117 110 117 128 140 150 171 161 152 128 114
189 222 218 217 205 178 194 208 167 170 183 163 186 207 207 205 219 225 218 161 149 190 181 142 171 200 199 220 208 173 124 146 149 154 186 191 162 176 184 174 167 130 125 138 171 180 162 133 128 113 111 104 92 93 94 98 95 95 99 100 103 105 110 117 116 112 117 118 120 125 148 154 130 117 122 118 127 149 132 105 93 94 114 120 128 108 99 96 93 109 121 151 154 147 154 137
120 148 204 217 204 176 180 209 178 155 152 139 145 154 161 173 169 178 159 160 197 210 204 210 199 196 194 206 207 192 137 124 118 127 159 166 171 168 176 174 142 113 150 163 172 162 134 112 114 114 113 111 105 101 92 88 82 100 113 118 121 113 107 112 119 115 110 106 112 131 157 154 151 155 157 152 155 162 146 111 101 140 155 157 126 113 114 100 86 83 96 130 153 137 149 181
152 187 209 197 155 165 218 231 221 189 171 141 123 126 149 165 136 147 182 195 188 198 210 184 176 186 195 197 206 206 132 86 129 171 169 184 188 186 185 189 169 126 145 160 178 169 144 127 121 108 113 117 114 105 90 89 83 106 129 142 145 132 128 133 123 111 108 114 127 147 157 144 151 154 153 159 156 150 139 124 115 178 167 143 129 130 118 100 102 97 104 137 136 119 147 202
223 231 228 218 185 201 236 231 231 209 199 193 153 141 148 142 150 152 189 180 165 168 172 151 162 170 178 202 186 152 128 107 142 168 182 206 198 184 182 183 187 153 159 160 169 181 171 169 135 108 112 116 108 103 99 97 88 106 126 132 118 116 105 109 102 101 112 130 135 134 130 121 128 144 131 112 124 118 111 111 107 129 124 125 120 115 118 112 115 104 100 126 141 127 120 128
224 220 226 233 225 224 235 232 216 201 214 214 197 152 147 145 153 135 132 148 163 162 145 148 149 149 163 154 172 174 136 98 166 181 160 177 182 172 161 158 141 126 135 147 174 166 140 149 156 128 114 110 118 101 101 99 92 89 87 95 96 100 105 103 101 110 120 117 114 127 121 105 121 128 114 103 102 108 118 122 116 113 113 112 125 115 103 103 119 117 115 137 170 135 113 112
190 205 217 232 218 213 221 221 196 199 220 229 214 191 168 152 139 131 118 137 185 203 190 164 125 143 142 141 150 156 121 99 170 175 171 174 173 178 159 142 104 109 119 129 123 126 122 157 165 147 107 88 90 101 112 112 117 120 104 93 89 99 103 108 116 130 144 132 127 144 133 107 115 115 118 105 102 102 112 123 127 131 138 114 119 115 103 118 144 137 141 165 198 150 125 134
199 224 223 202 203 210 194 186 189 193 212 207 195 208 190 174 176 147 129 150 208 202 197 185 145 122 120 138 152 148 121 113 181 207 202 186 181 182 171 163 126 114 109 135 133 140 150 151 154 126 80 76 74 86 101 96 120 140 131 121 105 98 101 109 128 130 120 116 135 143 121 95 96 96 102 101 104 105 114 115 102 118 137 134 119 120 122 121 127 132 137 156 168 146 127 147
188 209 210 205 226 216 201 153 144 173 201 200 193 211 179 173 156 136 149 142 168 180 177 171 178 161 134 113 132 143 126 142 174 183 167 172 179 173 164 163 148 130 123 114 132 150 155 149 149 125 84 80 78 75 85 101 117 126 131 149 138 121 111 104 115 127 114 122 129 135 120 93 96 97 99 91 90 94 102 106 110 138 154 151 133 132 134 123 118 128 144 178 187 165 145 157
201 213 212 202 193 196 194 170 148 147 159 183 202 210 198 176 173 161 169 155 173 208 202 190 204 183 150 116 121 154 137 151 180 184 191 189 181 171 165 143 145 158 142 124 146 167 165 154 146 107 83 86 90 81 76 89 88 89 93 117 109 116 124 110 95 96 96 113 116 113 105 95 102 107 112 103 97 89 91 103 116 137 161 172 144 135 149 157 157 166 174 177 193 181 184 190
229 215 190 165 169 178 170 167 178 181 168 176 204 223 218 203 188 169 173 177 176 190 190 192 199 153 122 133 169 191 150 140 170 180 189 171 177 173 167 149 132 136 105 99 125 157 176 162 125 86 79 84 91 88 81 75 76 79 91 93 84 99 112 117 107 97 94 91 93 99 104 99 95 95 101 124 100 96 94 103 119 126 144 142 132 147 158 162 160 163 162 171 207 207 225 225
210 194 187 179 183 198 193 166 162 186 203 219 218 233 231 232 221 197 187 172 163 147 156 160 138 118 135 179 203 181 165 152 145 133 139 165 187 186 178 154 130 110 115 134 147 161 161 133 113 89 76 90 93 82 82 79 72 77 83 89 84 91 104 110 105 94 99 111 114 109 117 128 121 98 95 100 98 95 102 106 105 107 107 113 120 114 119 139 141 149 170 198 219 217 222 229
158 129 130 131 139 151 169 151 134 180 196 199 210 206 205 203 197 196 185 173 159 137 142 147 138 137 182 220 203 151 148 162 144 139 164 163 179 184 164 133 114 108 121 175 197 187 161 129 110 106 85 89 89 85 79 82 80 81 86 83 90 97 97 100 103 104 100 114 144 120 103 109 109 90 82 88 94 89 92 100 95 96 103 105 112 124 127 125 127 136 164 200 228 230 236 240
136 121 114 117 117 120 133 135 123 170 197 180 159 171 183 169 171 168 155 142 129 129 138 138 124 160 193 180 161 135 125 123 125 131 147 156 184 185 161 132 94 113 148 180 196 161 121 106 89 87 85 103 99 81 78 84 92 78 78 80 89 103 90 96 106 94 98 108 119 109 102 98 104 98 100 95 90 85 80 88 95 106 110 110 112 129 143 139 152 185 207 213 221 236 234 230
108 117 114 114 119 117 119 124 123 158 189 163 158 167 159 150 149 141 122 126 119 102 99 98 115 109 113 107 105 102 105 126 135 145 148 164 168 166 141 103 93 111 157 178 171 132 95 88 89 94 93 95 85 81 82 78 83 89 86 85 84 82 81 95 95 99 112 112 118 102 97 89 96 89 100 101 92 83 93 99 99 104 112 112 115 109 127 160 184 195 214 217 218 229 233 206
98 103 113 115 113 128 135 137 153 204 195 149 146 164 156 165 158 132 137 162 140 98 93 90 99 109 107 114 118 112 111 148 169 181 172 150 155 136 105 97 115 132 139 123 111 103 92 88 82 81 84 89 93 87 82 85 77 80 92 88 94 87 81 85 85 93 97 93 93 98 100 91 91 89 90 87 85 95 104 101 83 86 98 108 110 105 130 147 125 137 166 160 152 161 190 206
109 108 117 145 150 158 182 171 148 165 189 181 155 148 141 138 162 196 183 188 152 108 100 105 116 118 111 107 123 116 108 126 152 175 149 122 95 92 87 91 106 100 99 98 85 81 87 89 85 83 88 91 85 89 82 73 81 78 77 80 87 90 89 87 89 84 86 90 82 109 91 87 81 81 84 85 90 102 107 89 79 82 91 102 96 87 95 113 101 106 127 117 122 142 171 189
119 119 124 137 164 169 168 171 147 142 159 149 136 126 135 140 169 201 181 180 164 115 109 112 101 112 114 105 106 108 125 130 113 119 101 89 91 83 77 81 85 87 87 83 74 71 81 86 87 86 88 91 91 103 99 78 78 83 75 73 76 83 84 86 86 79 81 79 76 84 85 81 75 80 88 88 90 94 104 101 96 96 93 97 93 83 87 98 96 93 106 111 131 151 166 191
140 125 142 151 159 161 147 150 159 140 124 117 122 122 132 137 148 164 164 146 141 125 121 120 102 97 101 107 92 112 124 105 87 81 85 90 91 87 87 89 83 83 83 75 77 80 80 82 80 78 75 74 90 101 89 88 87 85 82 80 83 83 79 78 80 76 73 77 77 74 78 77 76 87 96 89 80 87 98 102 100 97 91 89 92 88 89 77 83 84 92 109 130 143 153 166
196 160 147 146 154 152 152 160 156 118 110 114 119 119 110 111 134 163 154 122 118 120 115 112 105 100 98 104 108 106 100 95 96 90 88 88 88 89 90 98 93 89 96 92 94 94 90 84 81 76 74 75 84 90 81 83 83 84 93 102 107 92 84 76 76 76 76 68 77 82 79 76 81 94 98 85 83 91 98 104 101 99 93 86 93 93 87 89 85 91 106 112 128 139 129 112
179 175 157 150 151 157 161 167 156 140 118 106 112 115 127 127 107 115 132 130 122 107 94 93 97 98 97 110 117 105 102 104 107 108 105 96 87 89 89 101 96 97 103 98 100 91 93 111 105 92 86 80 79 79 73 70 77 94 100 103 106 96 96 92 83 78 72 72 76 84 83 78 77 81 89 102 91 84 97 97 101 106 108 101 92 76 89 114 104 88 91 113 130 133 120 96
146 189 185 175 166 162 173 169 150 122 112 118 119 114 110 102 95 98 101 104 108 96 89 93 93 87 88 105 111 117 118 93 90 98 103 110 110 105 105 91 88 126 155 116 97 92 91 104 95 93 89 74 80 91 89 79 72 81 89 93 92 96 99 104 99 99 107 115 111 96 85 81 81 89 97 97 95 86 89 90 98 111 109 110 101 83 90 91 87 96 103 129 136 125 105 112
108 136 172 171 144 137 160 172 137 102 103 139 145 133 128 109 109 111 102 98 99 91 88 95 102 97 94 105 122 113 98 88 88 96 102 108 112 107 98 85 95 106 109 106 86 85 84 92 100 109 119 90 87 120 108 88 80 78 77 81 93 98 108 111 103 89 104 133 132 130 101 84 83 91 94 88 92 87 89 92 86 89 105 114 95 82 86 90 89 89 101 144 154 140 98 105
106 118 168 168 139 131 137 152 124 120 93 133 164 123 116 114 122 123 111 102 102 97 91 91 92 91 110 132 104 83 80 87 87 93 94 81 85 108 122 114 95 88 81 86 86 89 89 92 89 89 114 104 80 85 85 99 106 89 86 88 86 91 94 88 82 79 80 85 82 114 106 93 84 86 94 89 83 87 86 85 82 87 91 97 86 80 84 101 92 87 101 126 124 107 107 127
112 114 133 138 133 133 136 148 141 122 117 129 131 116 100 111 122 123 125 102 103 90 81 88 90 74 76 94 95 98 84 85 83 78 75 72 86 115 126 125 99 79 81 84 88 93 95 102 87 83 97 102 98 94 92 100 97 87 98 107 111 115 105 81 81 92 88 99 100 99 96 82 78 90 102 94 76 76 89 79 73 77 76 86 82 83 97 98 93 88 111 97 77 80 90 121
107 126 134 135 139 143 138 127 135 116 108 110 115 108 105 110 110 110 138 115 108 114 92 88 101 94 75 80 80 87 96 116 99 89 89 86 85 89 94 90 88 90 83 83 95 106 116 131 125 96 92 106 106 115 149 122 97 107 119 107 109 106 93 93 84 88 84 91 102 105 105 96 89 85 88 86 89 90 88 77 72 70 78 85 81 79 83 90 100 101 104 96 99 96 96 134
96 110 131 124 125 134 135 118 116 109 120 124 129 113 111 114 138 129 158 153 114 125 114 90 99 110 95 86 84 88 99 109 105 97 93 89 94 87 82 89 102 104 93 86 99 103 88 83 99 110 99 100 112 125 134 126 118 103 108 108 91 91 102 109 94 94 93 97 98 93 98 99 98 95 95 95 92 106 105 105 103 78 70 82 83 79 79 77 92 118 115 95 88 94 100 123
110 103 112 116 109 112 116 110 106 99 111 107 94 105 99 109 134 109 103 132 133 150 147 107 96 100 101 104 92 95 89 85 85 82 83 81 80 86 79 79 84 85 89 95 91 86 84 91 81 95 103 106 112 94 92 115 128 132 136 120 102 93 112 126 110 102 101 104 101 126 131 106 104 108 101 111 101 97 103 101 103 92 85 92 77 75 77 69 89 110 119 115 106 96 96 107
104 107 107 102 99 103 103 101 89 86 102 97 90 92 93 94 95 92 96 124 138 144 147 133 98 87 100 104 112 119 104 86 85 88 85 83 84 87 85 79 79 81 90 99 98 84 95 110 96 82 93 107 141 169 140 113 90 122 153 148 132 123 135 127 122 128 134 121 101 120 132 109 132 150 137 94 87 85 83 83 87 100 122 131 106 99 93 74 75 76 87 100 97 94 104 103
95 109 110 102 94 94 100 109 93 93 111 127 147 121 92 87 88 102 104 102 104 108 110 107 97 113 114 101 103 103 108 98 89 93 95 88 84 93 109 100 89 86 87 88 95 90 90 112 106 94 89 86 124 195 211 175 126 109 112 93 99 121 123 104 97 116 122 116 98 94 94 93 110 147 149 103 81 76 83 82 86 86 84 106 113 103 107 115 115 88 88 83 71 82 93 83
90 90 92 93 94 101 111 109 118 126 140 167 146 120 124 139 157 156 127 116 128 112 100 95 97 107 118 105 93 91 98 94 89 88 98 101 113 120 110 93 89 91 91 87 90 95 97 106 99 84 79 86 97 147 178 191 176 128 115 120 107 105 99 91 97 101 129 135 110 85 92 88 95 118 120 128 129 131 131 125 117 103 94 107 114 90 92 97 96 97 98 98 84 88 79 73
87 92 100 85 83 94 116 100 109 139 159 155 143 141 144 140 149 136 115 124 128 107 97 96 86 84 98 101 85 89 102 91 85 93 121 127 130 126 116 110 88 86 90 88 91 99 108 112 106 89 77 73 83 101 113 128 132 124 141 147 135 102 103 103 98 102 123 127 104 87 88 80 86 97 95 97 107 116 111 112 126 150 148 119 101 89 87 81 77 82 82 105 106 96 99 81
99 94 94 88 94 115 110 99 105 111 130 115 109 128 126 113 100 98 108 104 98 90 89 102 96 83 82 95 93 97 103 95 93 101 127 122 110 115 107 91 78 79 80 84 94 107 109 94 95 100 95 88 98 103 117 130 135 125 159 153 116 108 106 94 95 103 115 102 86 88 85 84 99 87 82 84 85 80 82 108 144 163 167 108 86 93 81 73 77 89 91 102 118 128 139 113
124 96 93 111 117 102 97 111 112 121 122 102 99 102 88 79 87 94 86 102 112 103 92 90 88 84 81 78 78 89 96 94 97 96 100 107 104 104 95 84 80 85 84 75 76 98 99 97 98 111 118 109 119 125 137 159 147 129 149 150 144 135 108 84 90 96 106 89 81 83 86 97 99 76 69 81 88 84 109 132 115 133 140 95 83 85 81 77 89 113 122 101 104 99 88 89
125 104 104 135 106 89 87 96 88 94 97 94 102 111 100 89 106 96 93 98 97 92 96 99 98 90 78 77 84 94 99 92 85 81 85 88 87 86 79 71 74 84 87 81 78 93 86 72 80 100 107 109 121 132 141 134 123 112 102 96 89 86 88 91 97 94 97 94 87 91 97 97 97 86 85 87 92 105 134 122 106 100 92 84 90 91 87 78 87 129 163 148 149 139 123 119
109 115 128 129 119 116 106 103 100 94 86 95 103 121 108 89 80 73 78 88 94 100 114 114 105 101 91 87 91 80 86 86 79 79 87 84 84 86 86 81 81 83 85 91 90 87 92 78 71 76 89 88 88 91 91 91 107 108 85 77 76 76 82 88 100 112 115 107 109 118 118 96 84 92 98 90 96 109 100 84 91 94 101 101 91 89 96 106 111 139 166 158 152 170 171 146
103 124 156 119 94 94 106 111 109 100 98 91 98 104 91 93 85 80 77 76 85 94 96 79 76 78 76 73 94 98 89 83 79 81 92 90 81 86 84 73 75 82 78 75 78 85 98 85 76 85 83 76 76 93 105 83 83 99 106 96 89 106 121 127 147 163 158 155 161 162 147 112 104 114 94 91 108 100 87 95 104 90 79 78 82 85 92 94 96 102 115 115 101 135 153 147
91 117 130 113 103 99 115 115 92 83 96 90 77 83 94 85 73 68 84 91 90 91 85 71 69 78 83 80 92 93 90 83 83 85 90 85 87 86 83 80 93 94 83 71 65 69 94 96 87 83 86 75 77 77 97 107 121 143 147 143 131 146 130 128 139 143 143 137 125 126 132 154 142 112 97 98 101 86 91 98 85 85 80 80 85 91 94 89 78 79 89 101 92 101 109 109
87 124 126 105 119 121 114 110 103 73 73 82 72 86 105 89 72 72 75 89 84 81 87 86 85 93 101 104 106 92 88 94 90 82 83 82 84 74 74 74 77 98 117 93 74 72 97 107 84 74 81 73 79 108 153 172 179 188 187 174 162 173 152 118 121 130 135 139 155 159 162 174 157 154 135 104 83 81 89 100 102 93 85 83 75 80 105 122 108 93 100 90 77 83 93 84
101 142 131 101 107 103 95 111 115 86 81 73 72 84 122 102 79 76 79 87 84 80 76 94 116 100 89 88 87 81 74 79 79 81 92 82 87 84 89 82 75 101 131 113 83 80 83 80 72 70 72 71 79 106 123 139 164 180 194 188 175 182 190 161 144 154 160 143 139 137 139 142 138 143 160 148 116 96 112 133 139 144 119 91 81 95 127 133 148 151 136 91 72 80 90 99
107 114 113 95 85 91 94 99 86 92 92 81 92 115 115 97 90 87 76 71 70 76 103 122 85 67 66 74 75 80 79 76 77 84 86 82 87 94 93 86 71 96 133 126 89 85 88 80 76 74 76 73 66 69 89 102 125 145 163 169 178 199 190 175 175 181 179 156 151 138 124 143 146 129 131 138 123 114 133 138 137 145 145 155 137 116 127 152 194 178 153 130 116 114 107 123
94 102 108 102 89 90 105 95 77 76 73 93 112 123 101 91 90 81 70 76 88 86 109 102 78 64 58 64 68 70 75 76 77 85 78 80 87 93 93 90 86 89 107 95 78 75 84 78 74 73 75 71 68 75 95 115 114 132 151 168 191 195 187 172 173 181 169 180 186 193 160 130 148 139 151 153 128 111 125 138 129 134 171 196 185 173 182 201 201 187 177 171 155 141 152 168
100 118 119 106 117 115 114 99 69 70 74 98 119 107 80 76 80 79 76 81 102 95 79 75 76 66 59 62 71 77 75 75 70 73 71 67 71 80 87 83 82 80 81 82 75 71 78 87 74 75 72 73 74 71 82 108 135 138 128 161 192 179 175 166 171 164 142 161 170 163 146 130 125 126 143 164 161 135 122 129 140 153 181 201 208 184 186 203 199 200 200 191 181 159 165 175
116 118 100 109 141 143 122 110 97 84 79 93 93 96 93 74 69 73 72 69 78 75 66 69 72 64 60 63 73 73 71 69 65 65 65 63 71 72 76 78 75 78 81 76 71 69 80 98 90 85 80 83 72 70 72 67 73 91 106 135 150 131 126 125 128 129 135 156 154 152 142 125 115 110 123 136 148 151 140 125 159 193 203 214 213 190 193 204 207 199 190 164 139 117 112 126
