examples/data/proba_v_italy_sicily/probav_s10_toc_x19y03_20141021_333m_ndvi_v001.txt
ncols         1127
nrows         589
xllcorner     12.348214285714
yllcorner     36.598214285714
cellsize      0.0029761904761905
NODATA_value  -9999
[rows 318 to 370 of 589, columns 96 to 191 of 1127]
11 11 7 14 14 11 15 16 9 11 11 4 45 36 34 42 40 30 23 3 9 32 25 19 9 9 9 8 9 9 34 13 22 13 13 9 5 9 9 9 9 9 13 9 9 9 9 10 9 9 6 10 3 6 9 9 3 4 4 4 3 6 10 0 2 3 3 7 4 7 7 0 0 0 1 5 5 5 5 5 7 7 5 8 5 1 0 1 0 0 5 2 2 2 5 3
11 11 11 7 14 11 4 14 11 41 25 7 4 3 6 3 6 38 28 6 9 36 29 28 24 13 13 8 12 41 36 9 24 13 9 9 9 9 9 9 9 9 10 9 9 9 9 10 10 6 6 6 6 3 10 10 7 1 7 4 4 4 0 3 6 3 4 3 6 4 1 4 4 4 4 1 5 8 8 5 2 5 5 8 5 5 5 5 0 0 5 2 2 5 5 0
7 4 7 7 14 7 7 7 11 7 11 4 6 3 3 3 7 14 44 6 6 36 26 23 9 9 9 9 9 32 37 5 23 9 9 9 9 9 13 13 9 13 13 9 9 13 10 10 10 13 10 10 13 7 4 4 7 11 11 7 7 7 3 7 3 3 4 3 6 6 6 0 4 1 7 1 1 0 5 5 0 0 1 1 1 1 5 5 5 5 5 5 2 2 5 0
11 11 11 7 11 11 11 11 8 7 11 10 6 13 6 6 6 6 7 3 6 48 30 19 13 9 13 9 29 29 34 8 8 9 9 13 9 5 9 9 30 9 9 13 13 10 10 6 9 9 10 10 10 13 10 10 4 10 3 7 11 4 3 4 7 7 7 4 6 6 0 0 0 1 7 7 1 1 1 1 1 5 5 1 1 0 0 1 5 5 5 5 2 2 5 0
14 14 11 11 11 11 14 8 8 11 11 7 7 10 6 6 9 36 39 13 9 39 31 24 18 13 9 13 38 35 35 12 15 9 8 9 9 9 13 29 25 9 9 13 13 10 10 10 10 9 10 10 10 13 13 10 11 10 6 6 10 11 7 8 6 8 11 10 6 6 0 1 4 7 7 4 2 5 0 1 1 7 8 5 8 5 0 1 5 5 5 5 5 5 0 0
11 11 14 8 11 11 11 14 33 24 8 7 4 14 36 29 23 13 6 9 34 28 30 26 9 16 9 9 9 9 42 36 9 18 13 16 16 9 27 28 25 13 9 9 9 9 10 6 9 9 9 13 10 6 10 11 11 10 4 4 10 10 11 6 11 4 4 9 5 6 4 4 4 4 7 1 5 3 6 1 0 0 1 1 1 5 8 5 5 5 5 5 5 5 2 0
11 11 11 8 14 14 8 11 11 27 8 11 7 14 49 36 26 21 6 54 31 26 10 6 13 24 9 9 13 5 5 9 46 33 23 9 9 9 38 36 29 9 9 9 9 9 9 10 9 13 9 10 10 10 4 3 10 11 10 10 45 4 11 21 7 4 14 16 8 10 7 4 4 4 4 11 4 6 6 8 5 7 0 1 0 1 5 5 0 5 8 5 0 5 2 2
11 11 4 7 11 8 8 11 33 26 20 11 14 14 64 39 11 11 15 22 31 11 11 14 27 22 6 13 13 9 9 13 13 33 27 5 9 5 12 12 22 9 9 9 9 6 9 10 10 13 10 10 6 9 20 13 4 13 13 6 66 6 10 4 11 25 11 17 10 10 10 11 11 8 5 5 8 5 4 7 8 8 5 0 0 4 1 0 5 5 5 5 2 5 5 0
14 11 11 11 8 5 7 11 37 31 26 27 14 8 35 31 17 11 11 11 6 11 11 29 21 16 9 6 13 9 13 10 31 32 23 18 28 30 23 29 30 21 12 16 27 25 9 10 9 9 10 27 27 29 28 27 27 9 13 9 78 6 10 10 10 11 4 22 4 6 10 4 11 11 7 7 8 8 7 4 5 5 7 4 1 7 1 4 1 8 5 5 5 2 5 0
11 14 11 11 11 11 7 3 37 37 32 40 40 30 30 41 11 11 7 24 11 5 11 7 27 18 10 11 6 9 9 13 14 44 34 24 9 38 28 1 5 36 35 36 36 32 13 9 9 40 26 23 24 28 33 34 28 30 9 13 13 36 21 10 10 10 10 6 6 10 10 10 11 14 14 7 7 8 11 4 5 10 8 7 4 4 7 5 5 5 5 5 3 8 8 5
7 22 20 11 11 11 14 14 10 42 31 10 55 39 26 34 11 14 11 18 12 11 7 14 20 24 19 6 9 9 9 13 10 10 35 22 6 9 9 10 24 9 12 16 13 9 10 35 9 40 30 10 26 24 7 9 13 9 6 6 9 10 6 6 6 6 10 6 6 9 10 6 11 11 14 11 8 8 5 20 2 0 6 5 1 4 7 8 8 5 5 5 5 5 8 5
32 29 22 14 11 7 11 11 14 7 7 10 10 47 38 7 7 7 14 10 10 10 11 14 22 14 13 11 9 13 9 13 13 10 37 31 9 9 6 9 41 34 26 26 13 9 10 6 10 46 46 41 33 34 12 9 9 6 9 9 9 9 6 9 6 6 9 9 9 9 6 6 10 6 6 4 11 7 10 41 25 9 1 6 4 4 7 5 8 8 8 8 5 5 7 5
25 29 30 23 16 6 6 7 29 15 7 7 41 23 23 42 37 6 7 7 10 6 6 10 7 6 8 10 10 20 9 9 9 9 9 9 13 13 9 9 9 13 16 9 9 9 28 10 10 10 10 10 48 43 34 13 13 27 30 24 6 6 6 9 9 6 6 9 6 6 6 6 10 6 6 6 6 4 7 31 41 25 6 6 7 7 1 4 4 7 8 8 3 3 5 8
11 11 7 7 22 14 7 6 59 33 7 10 26 34 9 21 55 44 39 42 10 11 4 6 10 10 9 11 14 20 18 19 13 13 9 13 9 13 9 13 9 9 13 13 13 10 33 10 10 10 17 11 10 10 13 13 9 9 6 9 6 10 6 6 10 10 6 6 6 9 6 6 6 4 6 6 6 6 4 0 0 11 11 4 11 7 7 7 1 7 5 8 3 6 5 8
4 7 11 7 11 11 7 10 7 7 7 28 22 25 28 29 3 6 39 33 11 11 34 40 10 13 13 9 26 25 23 24 9 9 9 9 13 9 16 16 16 13 10 13 13 10 40 30 14 17 17 14 11 32 33 13 10 9 9 9 9 6 6 6 10 6 10 6 9 9 9 9 6 6 6 6 2 6 10 4 7 8 7 4 4 7 11 8 8 8 5 5 5 8 7 5
50 45 8 5 11 11 7 7 22 7 43 30 6 28 38 23 14 6 42 47 43 32 28 30 31 11 17 18 13 22 30 23 13 9 9 5 16 16 20 13 13 10 10 13 10 13 10 40 14 20 36 28 23 23 24 27 33 15 56 26 9 10 6 10 10 6 6 2 2 6 6 6 6 6 6 6 6 9 10 10 6 4 4 1 4 11 7 11 8 3 8 5 5 5 1 1
3 45 36 31 31 30 30 21 7 7 45 36 6 23 41 7 10 25 28 27 14 14 11 14 14 11 14 18 13 16 14 34 28 20 9 9 16 13 13 13 13 11 10 6 17 9 8 10 11 11 43 38 34 31 29 27 21 27 28 2 9 6 6 6 6 10 6 6 6 9 6 6 6 9 6 35 6 9 6 6 6 6 4 4 6 6 4 4 1 7 1 1 7 8 5 1
4 7 36 32 31 31 7 24 7 23 25 48 9 24 42 33 21 20 6 10 6 7 33 17 23 20 14 7 7 14 13 8 15 13 10 13 13 13 13 13 9 13 13 9 31 23 8 13 43 11 33 25 17 27 33 48 36 37 10 10 10 6 10 10 6 4 4 6 6 6 6 6 6 6 6 39 6 6 6 6 6 6 10 6 6 6 6 4 1 4 4 4 1 7 8 11
7 7 10 7 30 32 29 25 23 27 35 48 40 30 39 39 9 6 7 6 13 7 11 37 17 17 11 4 9 36 10 19 8 10 17 13 13 9 9 9 13 9 13 10 11 20 13 13 11 42 32 35 10 16 17 56 37 27 6 6 11 10 10 4 8 8 11 10 6 4 5 7 6 6 53 32 6 6 6 6 2 6 6 6 6 4 10 6 6 4 1 1 1 7 8 4
3 7 6 6 43 36 32 29 27 27 7 6 9 41 44 33 13 9 9 6 13 10 7 11 7 10 10 13 13 32 22 40 20 10 13 10 13 13 13 13 17 11 9 13 10 13 10 13 10 36 23 13 10 10 28 29 50 33 25 10 4 10 10 5 5 4 10 10 11 11 10 6 4 10 6 6 6 10 6 6 9 6 10 6 10 6 10 6 6 6 4 1 1 7 8 1
9 9 9 13 9 9 43 28 25 38 24 13 13 47 35 9 6 3 9 13 13 9 9 10 13 10 9 9 10 8 23 18 11 12 16 10 13 9 13 9 25 20 12 9 9 9 9 9 54 35 9 10 13 13 29 35 13 9 30 24 17 12 10 10 10 6 10 4 4 4 4 10 6 6 6 6 10 6 10 6 6 6 6 6 6 10 2 2 3 6 4 4 4 4 4 1
6 6 9 9 13 9 5 38 30 26 25 22 9 39 9 9 13 9 9 9 9 9 9 9 10 13 13 10 9 16 14 20 15 9 13 13 9 5 24 19 16 20 13 6 9 9 13 13 9 59 9 9 9 13 27 27 13 31 24 47 25 10 16 6 6 10 11 6 6 4 10 6 6 6 6 6 10 6 6 6 6 3 6 6 6 6 6 6 6 0 6 0 4 4 4 4
7 10 13 13 13 9 5 9 41 31 30 6 9 48 37 13 9 9 13 13 36 13 9 6 9 9 10 10 13 13 16 13 13 9 9 13 9 13 17 17 18 17 14 13 34 9 30 20 9 9 52 46 9 33 34 32 39 29 9 9 49 23 19 10 10 10 7 7 10 10 4 6 6 6 10 10 6 10 10 6 6 6 6 6 6 6 6 3 6 6 3 3 0 1 1 4
9 13 10 10 9 9 9 9 9 37 9 13 9 50 37 13 9 31 35 24 30 9 9 9 13 9 13 10 13 13 13 13 16 9 13 13 13 13 16 12 13 13 9 9 9 13 40 39 35 32 22 24 38 35 34 30 43 38 9 9 9 10 10 10 10 6 10 17 4 10 6 10 4 6 6 10 4 6 10 6 10 6 6 6 6 6 6 6 0 6 6 0 0 0 1 4
13 10 10 7 6 9 13 9 9 34 29 13 13 13 37 13 13 13 10 10 36 9 9 13 9 9 9 10 13 13 13 13 34 33 20 21 21 11 9 9 13 13 13 9 9 13 9 13 35 42 42 35 32 34 30 27 27 9 9 9 9 9 9 19 10 10 6 10 6 4 11 10 4 4 6 10 6 6 6 9 9 6 6 6 6 6 3 0 6 6 0 6 0 6 1 1
10 13 13 6 10 13 13 13 9 13 35 27 13 13 46 34 13 10 10 36 33 9 6 30 13 9 9 13 13 13 27 9 13 48 31 13 13 13 19 13 24 23 26 23 9 9 9 13 9 9 49 42 33 29 30 34 12 5 9 5 9 13 9 21 10 4 6 6 6 10 6 6 10 10 6 4 4 6 6 10 10 6 10 6 10 6 3 6 6 6 4 4 4 4 4 4
6 9 9 13 13 10 14 10 13 13 9 13 16 9 55 38 9 28 26 28 32 9 9 24 38 9 9 13 13 29 26 9 12 13 37 9 9 9 12 16 18 9 9 27 28 9 13 13 13 9 9 39 34 9 30 36 5 5 8 8 9 9 10 22 22 10 6 25 24 6 6 10 6 10 6 4 11 10 10 10 9 10 10 10 11 4 10 6 6 4 4 0 0 4 1 1
9 13 13 13 13 7 7 6 13 9 13 32 13 9 39 39 30 35 9 9 9 10 10 13 30 32 29 31 13 13 10 13 13 17 32 35 34 13 9 30 27 16 16 28 27 13 13 40 35 29 28 32 37 30 26 27 9 9 9 12 9 9 6 9 19 9 30 28 10 10 6 6 6 6 10 7 7 6 6 9 6 10 10 4 4 11 4 6 4 0 6 6 10 4 4 4
13 9 6 10 10 9 9 13 13 9 13 7 13 9 9 39 27 30 42 13 13 10 10 36 13 9 25 30 13 13 13 9 31 28 33 21 12 36 34 23 15 13 34 29 21 13 42 35 31 35 34 31 33 11 13 13 9 6 9 9 32 9 9 9 9 21 27 29 25 6 4 4 6 10 10 11 11 6 6 9 6 6 6 10 6 10 10 4 4 4 10 6 4 4 4 4
13 13 13 13 10 6 13 13 9 13 9 6 13 13 13 37 9 9 48 31 9 9 32 48 9 13 29 32 9 13 16 13 32 26 25 28 22 17 30 16 23 22 28 29 24 19 46 33 31 39 31 9 10 10 10 6 6 6 9 5 26 38 5 9 6 23 9 9 6 6 6 10 10 6 6 6 4 0 10 10 6 6 6 0 6 6 10 6 6 6 6 6 4 4 4 8
9 9 9 13 9 10 7 13 13 13 9 9 13 9 13 13 13 13 44 29 9 25 9 36 37 33 40 16 9 9 10 25 38 23 17 43 35 12 12 24 37 25 27 28 26 13 39 31 13 41 33 35 13 13 13 13 10 9 13 13 27 38 35 35 27 22 5 9 6 6 9 10 6 10 10 6 4 4 6 6 6 6 10 4 6 6 6 6 0 4 6 0 4 4 4 8
13 13 9 13 13 9 9 13 13 13 13 9 13 9 9 13 9 13 39 22 23 26 30 25 9 36 30 16 10 26 27 31 27 23 20 21 31 33 26 32 26 28 32 28 22 9 33 28 30 36 33 49 33 9 13 10 10 10 9 9 28 29 26 31 33 26 9 9 6 6 9 9 6 10 10 10 6 6 0 10 6 4 7 8 4 4 6 6 6 6 6 6 6 7 1 1
6 9 13 9 13 9 13 13 13 9 13 9 9 13 9 9 9 56 37 32 34 29 26 13 19 25 35 27 29 27 23 33 28 26 32 9 18 13 9 38 27 23 34 32 28 36 33 30 31 28 24 29 31 10 10 10 10 9 6 29 26 25 27 28 30 26 9 9 9 9 6 9 10 6 6 10 10 10 6 4 6 7 7 12 5 8 7 0 6 6 3 6 6 7 7 3
9 9 13 9 9 13 13 9 13 13 10 9 13 13 13 13 33 30 26 29 37 13 9 10 21 9 35 27 24 27 25 13 33 31 35 29 16 16 23 30 29 16 8 8 36 40 36 26 32 13 13 9 9 13 13 9 10 31 32 10 6 27 24 26 26 24 20 19 9 6 6 9 9 9 6 10 6 10 6 4 4 11 12 18 11 5 4 6 6 6 3 3 6 6 7 6
13 9 9 9 9 9 9 13 13 9 10 13 9 9 13 9 32 29 28 34 35 30 31 28 13 13 35 29 27 9 13 13 36 13 9 9 16 33 27 23 12 16 16 44 39 36 35 13 13 9 9 9 13 13 9 9 9 28 20 21 30 31 29 29 30 25 23 23 6 9 9 5 5 9 6 9 10 6 4 6 6 11 10 13 10 6 4 6 6 3 6 6 6 6 6 3
13 13 9 13 6 9 9 13 13 13 13 9 13 13 13 13 34 28 21 13 9 9 35 24 13 9 9 35 33 13 9 13 35 13 17 25 9 9 13 20 16 12 16 57 46 39 41 13 13 13 10 9 9 9 9 9 9 21 30 28 29 32 30 32 29 26 6 9 9 6 5 9 9 9 6 6 6 6 6 6 9 9 6 6 4 10 10 6 6 6 6 3 3 6 6 6
30 13 9 9 9 9 9 9 9 13 13 13 9 9 9 13 36 33 24 9 9 6 30 32 9 16 12 9 13 9 13 37 34 13 22 9 9 13 9 13 13 9 8 12 9 9 43 13 9 9 13 13 5 9 9 6 9 9 25 28 25 24 32 37 31 25 24 11 4 6 9 5 12 5 9 9 6 6 9 9 9 6 6 6 6 10 6 3 6 6 6 6 6 6 6 3
9 9 9 9 13 13 9 13 13 9 9 9 9 9 13 13 13 37 24 19 9 9 9 8 9 9 12 9 9 9 13 13 9 34 33 13 13 13 13 9 9 16 16 16 55 39 47 40 9 13 28 30 32 9 9 9 13 9 9 29 32 28 9 35 34 28 9 10 10 9 12 5 5 5 6 9 9 9 9 12 9 9 6 6 6 6 6 6 6 6 6 6 6 6 6 3
9 9 9 9 10 13 10 13 13 13 9 9 9 9 9 9 13 44 31 20 9 9 9 13 9 16 12 12 12 13 9 9 16 9 13 13 13 13 13 13 13 16 9 9 51 43 33 36 36 13 13 9 9 13 9 13 9 9 9 23 24 28 29 31 29 27 9 9 9 13 9 9 9 16 9 9 9 9 9 6 9 5 9 5 6 9 9 6 6 6 10 6 3 6 7 7
9 5 13 13 13 10 13 13 13 9 9 9 9 13 9 9 9 9 36 25 32 31 26 9 9 9 8 12 12 13 13 13 16 16 9 9 9 13 13 13 13 13 13 13 16 45 36 16 9 13 13 9 13 13 16 16 9 6 9 9 25 23 28 34 31 26 5 9 9 9 6 9 9 9 5 6 9 9 9 9 5 12 12 9 9 9 6 25 20 7 10 10 3 7 7 7
9 9 13 9 9 9 9 9 9 6 9 9 9 9 16 9 9 9 39 25 9 43 34 9 9 5 13 13 9 9 9 27 9 9 9 9 9 13 13 9 13 13 13 13 9 12 40 32 30 36 13 13 16 9 13 9 13 22 19 10 9 9 23 26 28 27 12 6 9 6 9 9 16 16 9 9 9 9 9 9 12 12 12 9 9 6 6 6 9 10 10 10 7 7 3 3
9 9 9 13 13 9 13 13 9 9 13 9 13 9 9 9 13 13 9 13 28 13 13 9 13 9 9 9 13 13 9 32 9 9 9 5 9 9 13 9 9 13 13 9 9 36 33 27 27 47 49 35 15 9 9 13 13 13 13 13 9 10 10 24 22 16 6 9 9 9 6 9 13 9 6 9 9 9 10 9 12 9 9 5 8 5 6 9 9 9 9 6 10 10 1 6
9 9 10 13 10 13 9 9 9 9 9 9 16 13 13 13 13 9 9 9 37 13 13 9 9 9 9 13 9 9 13 13 9 9 13 9 13 13 13 13 13 9 9 9 9 39 31 25 31 33 40 43 34 20 13 13 13 13 9 6 9 9 9 26 26 28 28 18 9 9 9 9 10 10 10 9 9 6 6 9 12 5 9 9 12 12 5 9 9 9 6 6 6 6 10 6
10 10 13 10 13 13 9 9 13 13 5 13 9 9 9 6 9 9 13 13 13 9 9 13 28 9 16 16 9 13 9 13 9 9 13 9 9 13 13 13 13 13 13 13 13 20 37 33 28 34 37 39 41 36 13 13 9 9 9 9 9 9 13 9 27 28 30 22 9 9 9 9 10 10 6 9 12 12 9 9 9 9 9 9 9 9 12 16 9 6 6 9 9 6 6 6
10 7 13 10 9 13 9 9 9 9 13 13 9 9 13 9 9 13 9 13 6 9 9 13 9 9 13 13 13 9 9 9 9 13 9 13 13 13 13 13 50 28 15 13 30 23 23 34 25 26 38 35 35 42 13 13 13 16 9 13 9 9 13 9 20 25 9 16 9 10 13 9 6 10 9 9 5 12 9 9 9 9 9 9 9 9 9 9 5 6 6 9 6 9 9 6
13 10 17 17 13 7 14 13 9 6 9 9 9 9 13 13 9 9 9 9 38 23 17 18 13 13 9 13 13 9 13 13 13 13 13 9 13 13 13 13 9 35 23 31 31 34 30 28 26 28 31 29 27 40 20 18 18 9 13 22 9 9 9 9 9 21 28 12 13 7 32 28 25 10 9 9 9 12 5 9 10 9 9 9 5 9 9 9 9 9 9 9 9 9 6 6
13 9 13 16 13 11 14 11 10 7 11 10 13 13 9 9 13 16 9 13 50 13 13 13 13 12 9 9 13 13 13 13 13 13 9 13 13 13 13 9 9 31 24 25 27 31 36 32 32 28 36 34 27 32 35 22 20 16 13 23 21 9 31 35 13 20 22 16 23 18 34 29 28 20 10 13 9 9 6 6 6 9 9 9 13 9 9 6 6 9 9 9 9 10 10 6
10 13 9 13 9 13 13 14 14 14 7 7 10 6 9 9 13 9 9 13 51 48 13 16 26 24 9 12 8 16 16 9 13 34 27 19 13 21 16 13 28 20 23 12 9 22 25 26 24 34 37 41 32 33 39 21 22 19 27 31 34 33 28 33 36 30 26 13 18 13 37 31 31 26 7 13 13 9 13 13 9 6 6 6 9 13 13 9 9 9 9 6 9 10 6 6
9 9 13 13 13 13 13 13 13 13 6 13 6 6 9 16 13 9 9 13 13 9 41 41 34 30 29 24 20 12 9 27 30 23 25 39 29 9 19 29 28 21 13 18 16 22 25 24 28 28 40 38 34 30 48 21 21 23 24 21 23 35 34 29 13 9 8 16 7 12 9 9 9 13 9 9 9 13 13 9 9 9 13 13 9 9 9 9 9 9 9 9 6 6 9 5
9 13 13 13 13 9 9 9 9 13 13 13 13 6 13 9 13 13 13 13 16 13 5 8 42 34 48 52 38 30 28 29 34 12 19 30 16 16 21 21 22 17 22 25 28 31 27 24 24 27 26 41 39 27 39 42 19 19 25 26 24 12 9 13 13 9 12 9 9 8 12 13 13 9 9 13 9 9 9 9 9 13 9 9 9 9 5 5 5 9 9 9 9 9 6 9
6 13 16 13 13 9 9 9 13 9 13 13 16 13 13 13 10 7 13 13 16 13 8 16 8 9 12 20 20 16 16 39 33 12 12 16 13 16 12 12 32 16 13 13 16 9 28 25 13 26 24 12 41 32 23 44 40 34 28 24 22 9 9 13 12 16 8 8 8 8 8 9 9 13 9 9 13 9 13 9 9 13 10 9 9 9 16 16 9 9 6 9 9 9 9 9
6 13 9 9 13 16 13 12 9 13 16 13 13 10 17 13 6 10 13 13 9 13 9 13 8 12 12 12 12 16 16 49 45 41 41 49 43 12 8 16 12 12 13 13 12 12 16 16 16 16 9 12 12 42 35 32 33 38 38 31 31 28 21 9 12 16 8 16 8 8 8 12 9 9 13 9 9 12 12 13 13 14 10 9 9 9 9 9 9 6 9 9 13 9 9 9
13 13 13 6 9 9 13 13 13 13 13 13 13 13 13 13 13 16 13 9 13 13 13 9 9 12 12 12 12 20 16 16 12 16 20 16 57 42 5 8 16 16 12 16 13 16 16 7 12 13 12 16 16 16 32 40 37 28 20 25 27 38 30 22 8 16 16 16 8 9 12 16 8 8 9 9 9 9 9 13 13 13 9 9 9 10 3 9 13 9 6 9 10 6 9 5
