examples/data/proba_v_italy_sicily/probav_s10_toc_x19y03_20150411_333m_ndvi_v001.txt
ncols         1127
nrows         589
xllcorner     12.348214285714
yllcorner     36.598214285714
cellsize      0.0029761904761905
NODATA_value  -9999
[rows 235 to 281 of 589, columns 672 to 767 of 1127]
223 221 220 222 232 237 227 205 207 203 194 202 204 197 198 200 194 179 197 199 146 149 158 154 147 167 164 157 162 162 159 150 159 163 152 156 182 187 191 178 170 177 163 156 160 157 150 142 147 151 140 153 158 172 187 191 179 170 167 151 160 168 187 195 199 197 194 200 197 199 210 202 186 180 202 200 185 169 183 196 205 194 189 193 225 230 213 202 229 208 197 185 169 187 206 185
214 208 218 228 231 228 218 206 194 190 194 201 212 197 199 206 190 162 162 153 128 140 149 149 143 150 149 157 160 161 160 163 180 184 179 164 145 172 173 166 165 177 167 155 157 150 141 141 157 173 161 168 172 177 181 195 205 204 191 185 188 179 183 199 210 211 207 206 211 212 216 215 204 191 196 213 210 204 194 179 186 190 202 206 201 233 244 234 224 218 197 196 190 218 220 203
220 201 216 232 221 205 212 209 195 179 183 198 222 205 209 195 144 138 152 131 136 158 165 160 154 156 151 157 157 166 174 168 162 153 150 140 153 180 179 158 153 158 160 157 156 151 149 143 161 183 180 187 201 198 178 178 184 191 209 196 193 179 202 193 191 181 177 192 224 232 224 205 187 181 201 202 208 197 206 206 178 188 191 195 203 209 226 236 223 211 198 206 188 207 189 178
222 207 222 229 222 201 197 214 216 199 194 215 224 213 165 114 85 97 123 120 154 160 155 157 148 143 148 158 163 172 182 162 147 155 150 139 156 164 158 150 145 138 132 160 183 173 180 177 166 171 186 200 215 211 196 179 165 186 203 192 205 196 202 193 184 191 198 209 209 211 204 207 203 191 194 194 190 186 178 188 182 183 198 197 194 205 204 211 176 199 200 193 199 182 197 194
213 204 221 228 223 218 206 215 222 198 202 216 218 206 116 90 116 162 155 138 174 186 154 159 160 149 153 160 170 170 183 182 169 170 179 161 154 158 162 156 128 145 154 147 169 179 187 184 178 182 173 188 204 214 209 199 201 208 195 200 225 222 202 190 179 164 141 192 204 191 199 207 210 210 208 193 191 205 193 175 186 186 189 193 188 206 211 189 167 187 175 204 210 188 193 207
230 220 205 216 216 209 215 207 206 197 193 198 188 155 98 141 171 170 139 120 142 156 135 149 173 164 161 166 164 157 182 203 171 167 182 184 165 157 166 163 148 154 174 164 159 181 181 153 149 172 185 207 214 218 221 208 194 204 199 219 230 215 197 199 196 168 144 198 210 190 199 206 209 212 210 191 173 176 202 199 195 184 173 180 191 201 212 199 180 165 170 165 199 211 199 208
231 228 215 221 230 213 209 201 189 205 219 209 201 168 120 149 148 156 155 133 144 144 154 143 150 165 167 163 157 152 163 184 179 176 177 183 190 192 196 201 168 164 180 202 195 197 196 188 192 182 164 181 187 188 198 195 194 220 218 218 228 225 202 199 210 205 175 181 208 208 216 221 218 216 202 190 185 191 220 220 220 188 169 168 197 199 203 204 195 172 156 159 172 195 198 196
226 223 218 211 229 228 223 207 195 210 232 218 214 209 178 161 153 144 153 160 169 165 161 162 164 196 192 187 175 162 152 170 170 173 182 198 204 208 203 213 203 188 190 195 195 205 211 194 182 166 143 153 173 185 200 200 204 212 223 223 207 213 196 177 195 209 191 173 207 211 200 219 226 231 216 203 192 204 231 217 200 187 176 180 199 194 206 208 207 184 175 162 159 179 188 186
219 216 209 190 205 211 213 201 205 237 233 221 204 201 223 212 173 166 161 163 161 159 173 175 165 101 149 191 197 196 190 182 183 190 196 208 209 216 212 206 196 199 203 204 200 195 199 192 189 186 161 169 195 212 215 205 192 196 213 209 192 200 213 200 202 201 199 181 192 210 195 183 195 229 236 229 201 184 193 169 163 171 180 191 204 215 210 208 203 183 181 188 184 185 195 189
228 227 220 210 206 208 201 185 171 205 222 217 202 198 198 192 173 162 160 159 156 160 153 137 136 114 170 192 202 195 201 187 169 173 197 205 193 201 207 206 182 202 214 202 198 202 197 198 191 209 214 212 209 206 219 215 212 212 204 201 196 199 201 185 197 222 216 174 123 150 185 199 192 212 223 223 224 207 191 153 138 147 162 196 187 191 181 189 184 169 173 174 176 179 173 183
205 224 238 240 221 201 198 183 192 220 226 215 187 193 187 180 171 158 161 166 163 162 152 135 146 161 166 196 208 217 223 204 189 199 224 221 207 196 195 176 203 228 183 182 190 186 187 193 176 200 222 224 216 196 213 222 226 218 212 209 203 204 203 193 205 234 223 199 175 181 170 173 209 225 229 228 226 228 214 189 163 163 163 185 190 188 169 175 190 188 187 178 181 181 178 185
185 209 238 229 233 227 192 199 203 205 207 229 226 196 158 158 155 151 154 156 153 155 159 136 154 174 171 174 188 210 192 170 166 170 186 198 204 202 206 185 208 220 161 166 189 187 179 179 191 222 232 223 221 217 206 197 209 216 211 203 192 204 200 199 209 219 204 202 200 198 185 176 184 187 190 184 202 198 201 206 213 213 159 137 179 189 166 162 179 175 186 190 184 173 173 199
217 227 226 212 224 232 216 209 205 207 210 225 237 211 176 173 164 170 174 158 156 160 147 143 169 184 178 162 178 187 169 166 179 188 198 187 183 195 211 198 213 195 175 184 189 171 161 174 194 202 207 211 213 212 207 206 214 222 209 210 219 221 196 181 196 210 199 199 191 191 194 185 191 193 187 187 197 197 199 201 207 221 203 179 190 199 174 160 167 171 189 199 189 183 184 202
222 236 240 226 214 219 211 200 205 214 215 215 235 227 201 192 186 179 186 175 166 169 163 166 184 196 206 207 195 187 187 196 210 195 192 198 194 191 206 198 183 155 158 177 169 162 160 170 195 209 199 215 208 199 206 222 231 232 220 226 217 202 177 192 212 209 203 208 201 191 199 217 227 200 194 214 213 186 193 191 187 207 211 188 185 196 199 191 187 180 204 223 213 181 198 213
188 212 238 232 212 209 222 178 176 209 233 230 216 219 208 198 200 184 178 215 216 179 173 183 189 199 204 213 221 225 222 223 234 203 198 209 220 209 211 185 188 192 177 172 170 181 181 176 206 203 221 222 212 200 213 214 210 216 171 152 187 211 210 220 205 188 197 230 218 204 198 200 216 207 198 211 192 184 187 191 185 204 193 183 187 183 173 197 202 204 210 216 213 215 217 220
185 208 224 217 214 219 210 190 178 183 189 192 215 227 193 199 216 224 216 224 236 212 195 194 195 212 220 215 230 239 225 216 224 218 211 217 224 224 231 210 201 221 202 191 186 187 194 186 181 191 196 190 187 185 199 202 192 202 192 192 222 215 188 158 178 183 183 205 219 226 204 190 191 195 196 190 190 195 190 192 189 182 91 176 190 194 179 186 184 169 202 210 205 219 229 238
196 172 184 196 184 193 201 195 194 210 194 168 194 196 205 218 205 212 208 212 222 232 221 200 214 215 225 231 240 243 223 217 226 227 213 212 214 220 226 213 201 204 211 198 205 197 192 180 191 214 221 192 187 180 168 168 173 163 168 180 188 154 127 131 170 185 179 172 205 218 212 200 211 221 200 176 202 218 189 171 180 184 190 198 197 194 184 183 185 164 181 211 222 228 227 231
234 200 203 225 206 218 230 206 202 211 176 165 204 229 218 202 193 200 212 219 216 219 233 219 210 203 197 215 226 231 225 224 237 233 212 211 221 231 242 226 222 226 243 225 207 218 205 194 209 230 241 223 203 166 156 152 177 188 183 192 200 170 122 151 207 201 204 197 209 221 215 216 238 242 234 210 228 224 192 176 189 202 184 189 199 206 194 174 202 189 190 221 234 238 234 226
250 230 212 219 190 204 225 222 228 212 206 214 220 233 233 220 214 214 219 198 212 220 195 187 195 205 174 198 228 234 231 229 243 233 221 214 221 227 232 232 234 239 221 227 223 222 214 206 209 222 241 223 202 192 200 199 179 196 207 199 195 197 186 200 220 211 203 195 202 235 220 220 225 227 220 205 205 201 191 183 199 204 188 197 201 212 198 191 218 223 220 229 232 233 233 219
244 235 219 217 184 201 216 191 174 192 218 242 234 202 207 205 218 199 164 187 211 234 211 197 222 213 199 177 205 235 231 230 235 227 218 218 223 220 209 215 234 245 218 228 237 220 226 239 226 214 218 215 223 228 222 200 172 166 195 212 215 224 220 197 207 215 207 198 183 230 231 195 180 184 209 215 157 168 163 168 191 192 187 206 197 200 206 188 206 211 214 217 222 234 228 223
235 231 222 217 215 226 217 196 191 204 217 229 222 201 196 192 216 195 168 188 204 219 224 206 210 217 211 195 181 227 245 228 245 229 206 214 227 228 209 205 217 211 221 231 241 218 220 225 219 217 218 223 218 202 191 193 187 184 195 219 237 236 220 197 200 208 219 216 210 235 237 200 191 202 224 227 166 178 192 185 194 181 188 198 198 213 210 217 212 204 212 212 224 231 213 205
215 215 211 214 237 218 219 226 228 220 215 222 230 212 201 203 228 210 173 191 210 212 212 228 204 216 232 215 169 177 222 202 204 200 198 209 220 202 222 213 212 194 217 227 234 247 239 230 219 213 210 201 212 195 184 207 213 212 210 194 199 204 193 197 190 194 215 227 219 223 226 225 227 209 223 226 220 214 207 207 213 195 194 202 211 232 236 228 220 218 231 230 226 219 215 198
208 209 199 196 188 192 202 217 232 234 227 234 233 208 206 210 223 214 195 214 226 209 219 226 219 229 223 214 207 205 241 198 197 214 215 206 216 213 218 201 202 196 187 193 207 240 227 222 225 228 215 201 222 224 209 203 197 189 179 175 173 170 174 196 206 196 197 209 205 207 214 208 211 204 221 221 207 199 188 190 202 217 209 198 204 202 220 210 207 231 240 249 237 205 213 213
222 227 206 206 204 201 194 197 214 219 220 203 198 202 209 202 218 227 213 218 215 195 204 206 202 229 224 202 191 197 242 220 193 228 241 223 223 230 210 222 216 187 183 211 222 236 228 223 229 237 215 215 242 226 185 192 193 169 160 172 208 199 182 178 191 200 206 202 176 144 178 204 200 193 203 206 203 202 215 217 209 191 195 179 167 180 200 185 166 212 232 231 220 211 229 220
222 217 189 201 211 214 211 203 186 173 209 212 211 214 218 216 221 229 232 225 203 206 218 209 198 203 215 203 198 181 205 203 171 215 227 221 227 232 227 227 228 224 234 228 223 226 230 223 202 204 215 221 242 221 160 194 211 204 190 177 182 172 192 199 174 190 192 174 162 144 168 209 210 175 180 214 221 213 211 192 187 172 185 193 203 198 212 219 215 230 226 213 199 204 206 215
212 212 207 190 193 220 225 220 195 179 175 205 213 226 234 239 232 212 202 218 234 238 232 213 228 240 239 209 211 204 188 179 170 187 214 221 214 212 210 198 194 231 236 216 231 245 230 206 187 196 226 225 227 215 186 205 220 207 191 199 201 210 212 205 192 174 186 165 187 185 183 202 201 169 172 211 217 183 168 166 175 185 180 196 203 198 214 212 219 219 186 170 182 178 177 212
211 209 208 206 192 214 222 229 236 226 214 222 208 213 228 241 250 233 184 198 220 242 245 234 234 233 224 215 221 236 224 201 181 176 182 202 211 211 220 229 219 235 234 204 181 205 226 208 196 214 235 232 231 199 195 184 208 220 210 214 215 195 191 214 192 155 171 193 192 177 186 208 211 174 185 193 190 190 180 186 192 193 188 187 185 175 203 216 215 220 202 195 198 200 207 232
231 240 205 198 224 234 235 240 226 206 214 231 239 230 243 235 244 249 222 226 237 246 246 233 216 213 225 222 225 228 223 201 196 193 178 178 194 185 192 204 219 227 204 172 149 160 187 213 217 227 233 234 230 190 163 164 201 221 209 208 211 192 201 204 186 166 154 176 170 178 200 197 218 209 191 175 175 195 194 195 211 195 188 189 183 170 176 204 213 230 224 218 225 223 207 217
232 236 225 198 221 225 220 237 238 225 226 221 227 229 225 227 240 248 227 198 219 226 225 219 213 204 195 217 230 224 220 216 216 172 123 157 202 192 133 161 215 229 224 220 219 230 201 183 196 221 232 237 231 206 202 218 223 225 224 222 208 140 147 197 203 191 179 168 175 186 188 174 183 185 183 169 199 215 208 205 222 218 203 204 205 201 202 222 224 230 228 215 221 221 204 206
207 224 236 217 225 226 227 223 231 232 225 220 240 245 242 243 229 209 191 169 194 221 220 218 213 207 211 215 208 205 214 226 216 156 94 94 121 138 119 118 186 245 241 225 229 228 223 208 218 216 220 221 226 187 183 216 225 238 221 194 203 189 151 188 217 200 193 198 205 193 189 181 175 173 179 190 211 213 235 231 213 210 209 224 229 233 223 212 219 222 223 217 217 220 214 219
208 215 218 210 170 152 182 214 226 224 202 218 234 240 240 234 230 220 219 209 227 243 231 210 199 202 218 224 209 202 215 224 223 188 134 119 135 171 202 188 199 210 222 207 206 209 216 214 226 224 193 182 182 172 191 215 228 235 205 200 206 210 200 194 184 195 219 227 215 196 202 212 209 214 182 180 213 207 204 215 217 210 212 228 236 240 222 212 225 228 220 204 189 215 212 209
223 224 219 229 199 177 183 220 227 213 212 219 231 250 250 227 209 222 221 203 217 236 235 221 220 228 236 237 222 221 214 214 210 167 152 160 161 174 196 201 188 176 194 224 224 228 227 217 217 222 209 201 191 198 200 201 223 235 216 194 180 191 204 189 163 162 197 210 226 212 207 220 225 213 199 203 201 218 217 183 195 205 217 236 243 243 238 229 226 221 236 204 179 215 228 208
225 209 208 226 250 250 241 235 239 211 205 214 207 234 239 236 230 214 215 203 201 220 225 229 221 232 239 238 227 223 222 222 207 182 155 148 174 210 232 227 203 172 197 235 238 235 231 211 209 206 210 208 199 218 223 190 197 217 215 177 169 191 201 199 168 179 199 203 222 227 214 220 198 192 193 204 206 220 229 212 216 215 211 217 216 221 236 229 211 218 241 243 197 168 184 200
221 218 223 250 250 250 238 234 233 208 205 231 218 216 229 238 237 217 214 216 212 219 225 235 247 247 239 245 225 204 208 216 212 184 143 182 202 210 212 222 239 210 188 201 219 225 229 232 231 218 206 203 199 218 221 223 207 198 191 165 206 224 210 197 198 191 203 172 201 217 201 188 172 152 158 174 190 189 197 214 231 228 219 208 210 201 198 209 212 217 203 199 217 194 171 172
234 225 241 248 250 250 234 207 222 226 212 205 210 211 217 225 210 206 222 205 215 238 250 250 243 236 240 232 223 197 176 200 220 217 215 227 204 163 162 204 241 229 228 232 232 228 232 239 226 215 213 214 207 231 243 243 240 230 175 157 195 210 219 199 199 190 167 177 190 187 197 194 184 158 155 166 183 185 192 210 226 232 224 194 177 162 194 206 201 201 194 197 223 224 221 204
220 218 242 235 231 241 241 228 229 216 209 193 199 210 204 220 180 160 188 196 187 190 212 205 203 230 242 228 213 193 180 158 178 221 232 215 205 197 198 223 224 216 223 232 222 204 208 221 195 201 206 207 223 233 245 237 208 230 205 195 231 222 220 206 203 211 201 219 204 186 199 190 189 193 197 202 205 213 221 219 224 218 209 211 188 152 179 188 193 192 180 197 220 233 215 190
224 220 210 188 217 237 234 230 226 226 223 205 205 214 223 228 207 164 167 187 189 189 229 188 188 210 238 237 223 199 217 182 193 231 219 191 199 211 211 214 194 183 190 209 222 223 207 199 211 226 231 221 224 220 228 231 206 197 206 235 241 244 238 219 188 188 187 197 173 168 205 203 199 208 212 210 228 241 233 216 217 212 212 217 200 157 164 178 187 200 172 185 173 177 163 150
209 219 234 182 191 222 232 224 208 210 217 226 230 225 232 237 243 229 207 181 194 203 227 211 217 232 234 227 201 190 172 162 211 223 213 222 225 217 217 237 231 224 213 216 218 217 230 217 204 220 225 194 221 190 210 210 182 229 231 240 245 244 246 230 219 211 216 214 214 197 204 217 216 207 218 211 221 227 210 186 192 204 220 212 197 161 160 194 216 223 204 199 189 186 200 199
184 221 241 239 240 241 227 215 204 203 218 214 225 237 248 239 243 244 228 189 172 176 187 204 202 185 204 204 203 209 195 208 217 147 208 232 223 229 220 211 207 226 199 178 199 219 235 217 200 232 236 222 233 238 231 212 186 203 231 222 232 226 230 231 225 228 237 218 219 236 234 245 238 209 197 201 214 227 220 189 151 143 185 175 156 155 183 206 224 232 208 192 186 196 205 207
167 158 208 237 232 224 211 203 213 230 227 203 218 248 246 232 235 228 193 186 183 167 192 218 222 209 207 213 225 198 192 201 198 148 194 233 234 231 196 176 191 219 194 168 215 232 231 212 193 218 233 222 225 236 239 240 238 235 232 200 195 198 215 230 207 203 207 217 214 217 222 232 240 237 204 192 216 220 229 238 221 183 208 180 133 156 175 182 184 213 198 205 219 212 219 213
209 197 213 230 216 202 186 200 194 204 231 224 213 228 231 230 230 215 187 185 193 208 215 226 223 213 207 199 212 216 204 214 203 190 184 210 230 225 218 202 172 209 219 202 217 221 220 223 192 176 185 205 218 236 236 215 211 212 202 203 201 215 229 228 199 203 195 186 183 202 192 191 235 239 200 181 215 213 211 224 221 199 211 215 196 211 186 152 182 223 213 221 229 234 223 192
230 212 231 235 228 214 196 204 186 206 232 226 219 224 227 221 237 222 197 188 190 199 210 200 221 220 235 234 216 219 223 234 222 218 200 210 226 213 204 203 168 188 216 227 219 218 208 184 201 184 175 188 212 203 210 178 176 215 214 207 214 205 209 221 217 204 206 208 200 216 210 172 221 234 213 195 168 176 192 187 215 229 218 211 222 211 165 173 202 198 206 211 209 179 173 185
215 187 220 247 233 220 215 209 192 191 215 238 228 236 232 232 236 228 219 217 192 208 230 226 245 233 236 223 210 236 214 201 216 229 221 223 238 197 175 184 166 195 219 227 222 223 214 179 189 209 181 158 193 193 186 176 183 213 217 210 210 187 180 214 206 216 223 232 217 204 204 203 222 225 206 211 188 207 219 209 221 226 214 167 141 137 145 168 190 195 218 238 208 175 183 194
201 195 214 224 219 204 199 191 189 200 213 211 217 222 231 226 230 230 231 223 206 212 224 226 231 212 203 215 226 250 241 236 246 246 244 235 221 212 197 193 187 225 236 230 223 215 202 164 178 200 212 211 168 156 159 178 201 221 227 226 228 205 193 196 208 217 222 204 198 193 194 194 225 238 221 200 173 201 192 188 217 237 235 211 204 162 170 186 135 181 209 207 196 195 221 234
204 206 215 220 217 225 229 212 198 195 197 208 217 230 227 224 223 225 225 214 206 215 218 214 220 203 227 229 216 227 229 210 242 246 246 229 220 239 215 176 191 222 230 226 210 208 208 186 185 191 219 246 231 218 220 213 227 207 188 196 199 185 185 200 199 190 198 199 179 189 218 217 216 233 212 185 171 173 184 198 211 218 218 162 174 189 185 204 199 178 203 221 203 213 235 231
192 197 188 192 215 230 235 233 212 201 191 198 236 229 214 227 234 229 217 203 188 196 205 216 213 203 211 213 210 217 223 220 250 246 243 239 231 231 218 201 195 203 210 220 217 201 218 212 181 146 165 193 208 222 232 232 240 233 184 143 150 173 185 205 202 190 199 196 194 195 204 188 139 159 194 179 196 229 206 219 221 198 195 163 179 204 223 226 223 201 208 232 195 207 225 238
203 189 183 200 209 229 227 225 204 202 214 199 197 163 155 197 208 208 190 194 194 206 212 233 228 207 186 207 216 230 235 249 241 240 239 217 226 229 214 184 161 175 209 234 218 216 225 227 213 184 200 211 210 225 206 220 212 203 209 201 161 198 226 200 173 194 220 225 220 216 217 197 198 200 225 218 213 221 207 219 215 202 221 209 225 233 238 202 207 221 200 205 175 178 214 240
