examples/data/proba_v_italy_sicily/probav_s10_toc_x19y03_20150621_333m_ndvi_v001.txt
ncols         1127
nrows         589
xllcorner     12.348214285714
yllcorner     36.598214285714
cellsize      0.0029761904761905
NODATA_value  -9999
[rows 102 to 152 of 589, columns 864 to 959 of 1127]
212 235 247 250 250 240 249 250 249 250 248 248 234 229 230 225 213 220 227 177 177 198 192 187 144 127 153 142 133 180 200 204 226 243 239 217 161 168 191 217 225 177 184 227 212 163 141 160 154 133 151 157 164 175 197 199 185 196 191 176 143 145 157 144 115 178 207 215 221 210 198 199 217 216 219 225 217 203 182 183 193 178 193 195 200 201 206 213 202 169 160 205 216 216 194 204
236 243 245 246 246 232 250 250 250 244 239 223 237 237 231 224 221 218 227 235 229 223 213 219 212 174 155 167 179 201 224 224 233 244 220 226 233 234 224 223 218 186 207 239 236 204 147 147 164 160 169 203 200 195 199 199 190 197 203 182 163 184 211 212 140 102 152 185 202 203 206 215 226 229 215 222 226 214 188 170 171 200 208 220 215 219 236 215 205 163 204 247 244 238 238 230
243 241 243 240 249 244 247 241 229 233 238 236 242 229 217 234 227 208 221 217 225 233 214 204 192 158 66 211 220 221 220 216 220 228 233 232 224 215 205 192 193 194 227 225 212 191 157 162 186 183 169 183 188 197 208 216 200 201 178 191 209 226 225 212 198 132 98 174 210 216 216 225 232 232 215 193 211 228 217 164 164 195 221 243 229 204 208 213 184 141 159 212 203 213 221 222
242 239 224 225 239 240 242 248 250 242 237 231 223 208 215 232 231 227 229 230 229 231 221 211 214 219 225 240 244 243 228 229 229 216 226 224 212 118 135 158 171 193 221 196 179 189 177 185 197 205 207 216 226 219 192 206 207 216 214 224 226 225 231 210 190 163 106 137 205 204 196 206 226 235 229 176 172 230 230 218 220 223 203 207 214 194 195 213 213 157 149 219 219 217 231 239
226 234 239 233 247 241 239 241 234 229 223 211 206 214 229 232 223 229 232 237 242 243 231 227 227 235 240 243 236 228 236 241 241 211 194 209 209 176 171 168 184 217 234 204 186 211 218 188 174 213 229 231 223 221 211 213 224 226 216 214 216 226 229 203 194 191 143 115 191 214 213 212 217 231 215 188 205 227 213 212 228 240 218 199 207 219 233 230 220 160 133 230 225 222 233 228
239 242 245 239 239 249 248 231 232 248 244 236 236 242 241 233 224 222 235 235 238 241 236 208 209 223 226 234 241 225 221 235 243 236 214 213 201 184 170 156 177 219 220 210 207 217 233 232 228 238 242 222 202 221 209 220 224 205 173 169 177 220 233 200 168 154 123 103 165 195 198 196 209 213 192 194 236 242 229 200 194 204 199 207 211 203 194 214 228 204 109 208 232 228 231 234
249 246 243 238 236 234 232 232 241 247 239 249 249 242 238 234 232 237 241 245 238 219 218 228 203 221 230 238 244 221 206 203 233 249 221 215 227 219 201 185 172 171 175 193 192 223 240 239 237 226 227 211 206 204 207 223 212 176 181 191 202 210 208 189 181 193 166 135 197 215 206 198 202 206 192 198 212 223 222 186 173 168 200 189 208 217 210 223 208 184 133 173 246 239 240 248
206 223 238 250 250 245 229 224 240 244 242 236 231 250 235 227 227 232 241 250 245 228 216 238 245 245 242 239 245 229 196 196 202 198 196 211 235 242 239 217 188 177 179 203 212 238 239 207 189 199 209 210 207 224 217 209 204 194 171 145 165 176 187 205 190 171 156 150 177 202 207 200 193 177 162 136 131 149 163 174 196 205 210 231 218 226 216 224 207 212 184 151 230 244 242 246
216 203 189 208 240 250 223 198 200 215 231 233 235 233 242 236 234 238 242 232 213 215 205 224 232 244 243 242 237 208 127 116 112 140 185 182 190 206 203 212 233 233 220 218 224 234 219 196 196 186 193 214 215 210 198 189 208 199 166 150 160 195 219 218 205 145 164 201 198 199 177 169 172 186 176 143 139 142 165 203 210 208 208 227 226 219 231 235 243 238 206 141 218 243 242 247
246 244 219 217 240 230 203 199 202 228 242 241 233 240 246 249 242 240 242 230 209 196 188 229 246 244 247 247 243 235 204 188 174 165 163 179 185 190 181 204 222 244 103 200 219 236 218 214 203 199 185 174 189 191 185 205 223 205 200 199 213 228 221 224 202 153 186 193 192 213 201 171 166 173 176 187 174 156 144 190 215 213 226 226 234 238 238 233 232 234 174 150 234 250 250 250
225 229 238 218 215 220 212 212 190 201 229 212 220 245 247 244 237 234 232 231 227 214 202 228 239 237 236 236 249 241 233 229 196 145 164 189 200 185 203 239 241 190 110 90 142 233 225 208 193 179 191 209 215 206 210 221 225 209 208 210 211 237 238 229 217 161 200 214 190 207 206 157 165 172 194 198 185 162 137 187 218 220 243 244 236 220 216 228 224 174 141 149 224 235 236 245
232 219 219 226 223 230 242 226 202 174 178 217 239 247 245 236 232 220 211 197 212 227 199 207 234 233 250 250 247 246 247 239 210 187 204 224 222 226 243 240 226 114 103 150 241 115 167 194 172 188 185 179 171 166 192 236 236 211 197 202 217 234 223 211 213 178 205 219 190 177 156 125 165 198 210 200 187 176 176 198 183 183 215 215 217 213 216 208 160 160 199 135 191 245 244 242
246 238 228 219 213 222 232 227 214 207 203 231 245 242 242 236 238 220 172 148 137 184 192 222 235 237 233 236 245 242 241 243 241 224 235 229 212 222 227 246 223 238 212 217 233 209 177 193 217 222 194 167 172 186 198 219 214 209 203 205 204 204 191 200 213 204 228 215 190 187 195 181 175 222 224 203 183 167 149 143 131 144 174 194 226 238 220 170 175 242 219 131 200 227 210 199
226 224 225 208 213 221 221 213 199 205 219 234 235 231 237 244 244 237 211 165 157 157 217 234 236 231 238 244 242 239 241 250 240 237 237 234 217 233 225 223 177 172 146 250 250 218 179 212 219 220 203 174 169 202 227 234 228 226 218 204 196 194 188 208 198 199 215 213 193 176 182 189 182 212 222 208 187 162 132 113 112 167 211 209 210 211 189 200 240 250 237 148 139 172 161 163
227 214 219 210 214 213 193 188 194 236 247 247 241 243 243 243 244 245 213 174 167 190 223 234 228 231 232 244 243 237 240 250 243 242 246 235 236 197 196 132 108 137 163 117 222 210 197 203 199 196 195 201 207 231 242 238 244 238 211 201 207 223 210 199 196 220 238 239 224 214 197 198 210 212 216 208 202 185 142 123 134 165 173 154 135 164 226 245 246 245 241 184 119 200 202 166
200 216 219 232 238 233 208 181 205 241 242 240 239 241 243 247 238 232 214 171 208 226 235 235 237 244 241 236 231 225 233 247 249 246 239 227 228 216 210 208 228 238 204 145 208 116 203 195 198 191 201 220 217 223 240 244 242 227 201 227 229 227 208 192 205 226 227 227 219 215 211 186 201 218 197 182 181 214 196 169 168 148 134 132 145 199 203 207 229 238 222 145 176 233 235 206
204 208 222 247 250 238 237 201 205 219 215 217 231 240 248 249 247 224 228 226 208 207 220 225 235 225 214 236 250 237 238 250 250 250 250 239 231 226 212 200 128 230 127 194 213 212 158 177 232 239 199 209 232 231 232 236 225 219 229 239 241 227 216 228 216 209 204 202 194 199 204 212 224 198 208 194 203 227 222 196 144 115 104 152 177 200 190 213 227 235 188 165 239 225 201 192
213 198 223 241 248 244 238 221 202 198 192 204 211 246 250 241 223 230 239 225 180 146 183 207 204 196 196 234 241 226 229 246 249 246 248 247 222 209 206 209 216 207 213 217 221 242 231 153 214 206 196 209 222 226 222 228 229 208 187 222 241 236 237 239 235 229 217 222 209 214 237 227 237 206 165 190 209 231 233 220 159 124 143 189 212 227 231 237 239 232 188 222 248 246 236 224
236 214 195 206 227 222 217 230 230 213 207 213 195 214 217 221 229 239 215 196 216 220 211 199 206 214 187 188 227 233 232 246 250 246 249 250 244 241 244 236 216 223 231 245 227 209 243 223 147 128 131 204 237 235 240 242 232 202 171 212 235 236 239 238 225 214 213 219 214 207 222 221 228 225 212 186 131 149 187 179 164 156 153 184 216 224 222 234 246 211 192 238 241 231 234 212
211 197 195 210 216 212 222 239 231 225 213 217 196 179 172 195 234 231 198 192 212 224 221 209 225 232 198 195 226 234 242 241 250 250 250 250 250 250 243 230 205 212 225 220 234 225 243 246 244 178 205 215 242 226 220 227 226 205 182 176 209 237 246 245 235 223 216 225 222 224 219 224 230 229 232 231 183 145 172 183 173 162 161 187 221 227 222 240 244 193 206 250 241 229 209 176
184 179 219 216 224 220 210 225 230 219 208 217 217 194 167 175 209 223 219 183 226 213 213 229 237 224 192 214 228 230 239 240 245 250 250 250 250 247 243 228 232 219 218 209 244 236 228 241 244 247 239 229 225 225 211 216 224 198 182 194 208 225 239 248 234 214 216 235 239 229 222 221 217 214 226 234 213 166 180 193 195 206 202 208 232 211 212 222 224 177 200 247 237 219 208 214
200 208 230 227 221 219 205 221 235 220 209 209 223 219 194 189 190 191 199 212 218 214 210 222 217 208 209 216 215 215 223 236 245 239 243 243 237 240 245 206 187 184 163 212 247 245 250 246 242 249 250 244 219 220 243 244 233 210 222 230 236 242 229 232 238 237 235 236 244 236 223 224 232 244 248 241 211 194 208 195 187 206 199 210 208 183 153 156 141 166 208 243 232 221 226 234
235 237 240 246 230 222 220 219 230 242 237 230 223 217 212 182 183 209 219 230 223 198 201 214 214 220 222 229 226 226 235 240 246 243 250 250 242 245 249 225 172 155 168 232 239 243 237 245 249 248 242 242 234 217 236 248 245 228 236 245 246 247 233 225 240 248 245 241 243 245 244 235 229 241 250 235 214 209 191 176 176 161 148 158 140 118 96 112 178 216 235 250 240 242 244 242
250 247 243 248 248 238 222 213 224 231 225 222 199 203 212 199 223 246 250 250 233 225 199 191 202 229 224 223 236 239 242 240 246 250 250 236 243 250 240 239 244 221 219 234 230 233 234 238 242 248 234 236 214 195 211 228 228 227 225 241 243 237 238 235 243 243 242 250 249 246 250 250 234 233 245 240 238 242 223 215 230 227 212 192 125 95 172 216 241 240 232 247 249 250 240 233
229 237 250 242 249 240 227 233 232 238 237 232 239 239 245 247 242 250 250 250 246 228 193 174 217 233 233 231 243 227 237 244 244 246 250 246 250 249 240 250 250 250 241 249 250 250 241 243 244 226 214 209 222 234 237 228 205 183 186 226 231 214 207 205 197 189 204 234 236 229 242 249 246 236 233 233 245 245 230 224 214 195 167 160 136 151 225 248 246 250 248 250 247 244 244 244
240 237 244 245 242 245 250 234 237 245 240 230 222 230 202 227 250 248 249 246 246 242 214 185 213 230 239 234 221 242 243 243 242 244 244 240 234 236 243 250 240 233 237 250 250 250 244 235 223 201 215 214 209 223 222 194 131 154 162 165 196 224 226 218 192 166 182 223 227 216 215 227 240 242 235 234 234 227 211 182 166 184 222 232 207 175 222 237 234 242 244 249 250 224 234 236
239 241 246 248 242 248 248 233 229 249 246 235 225 227 202 194 237 245 240 240 238 241 225 219 218 240 233 242 235 215 239 244 243 241 239 231 219 229 234 242 243 243 249 250 229 216 228 204 203 231 213 189 167 187 197 164 110 153 172 192 217 235 228 200 178 164 187 233 244 221 215 244 234 239 224 205 168 120 161 167 175 223 240 232 208 165 212 236 224 235 249 249 242 232 230 210
225 235 246 245 249 243 239 230 218 243 234 237 234 235 240 225 232 249 250 250 241 238 231 235 231 220 245 237 217 192 233 246 240 225 211 223 239 238 232 237 250 250 250 250 234 226 218 218 214 218 222 195 165 204 209 194 190 165 197 210 217 226 232 220 184 161 198 242 245 240 223 192 183 186 177 152 145 139 177 209 215 227 217 213 195 163 217 240 230 240 243 242 239 237 215 213
197 250 250 243 247 245 238 227 213 250 239 241 236 235 246 247 243 233 236 247 241 236 238 234 217 199 208 231 237 217 230 219 207 207 190 186 214 243 245 250 250 250 250 250 250 250 250 239 235 232 235 227 171 151 153 140 168 199 191 202 213 209 217 217 213 212 216 238 244 233 207 176 172 172 174 167 148 171 200 222 222 210 183 221 206 192 224 239 228 218 224 223 223 226 204 222
177 171 209 241 250 250 245 239 228 244 240 235 237 233 234 236 244 244 240 243 236 228 226 223 213 203 203 219 234 232 233 216 229 229 206 171 214 250 250 250 250 250 250 250 250 250 241 220 215 218 209 210 206 206 201 156 201 220 199 189 192 192 200 198 203 215 226 234 225 209 204 193 197 207 198 189 180 187 169 126 148 206 203 223 208 189 238 240 211 182 218 234 225 208 198 204
192 177 196 227 241 242 240 247 250 250 234 202 225 238 244 231 216 233 216 236 239 232 219 213 228 227 220 202 202 210 224 235 230 223 217 237 250 248 249 250 250 250 250 250 250 232 206 218 229 230 218 219 227 229 222 201 192 197 205 193 187 198 216 229 232 217 190 192 209 207 199 193 214 240 186 141 138 139 127 132 167 205 250 243 224 174 145 118 145 200 211 224 218 207 203 208
221 204 214 226 217 213 240 236 239 249 218 200 216 222 220 221 212 223 224 226 226 231 227 219 229 229 217 193 203 226 224 231 231 227 228 234 243 249 250 250 243 250 250 250 247 236 225 240 250 250 250 242 233 217 210 213 208 198 181 175 195 204 199 192 183 158 142 174 192 199 197 196 196 211 144 113 155 175 176 180 198 198 220 241 242 235 212 202 215 183 175 193 222 232 221 220
235 229 225 218 201 204 200 212 221 223 216 207 199 176 171 214 230 224 231 225 218 216 222 222 218 210 202 190 189 187 196 208 229 216 211 235 247 249 248 247 250 250 250 238 236 225 229 230 233 225 220 225 178 147 138 161 211 215 172 145 172 184 175 176 170 145 146 202 219 202 196 194 172 138 115 156 172 158 143 139 170 194 214 239 241 231 223 227 212 194 201 229 236 223 213 210
244 229 219 231 223 227 226 233 245 229 213 205 197 186 168 158 184 211 207 202 191 202 192 192 195 189 176 179 180 177 170 213 227 235 234 237 240 244 247 249 246 235 217 206 224 236 192 183 183 186 186 179 163 151 134 153 186 203 185 166 178 185 167 159 175 163 157 207 214 196 174 171 152 114 144 198 200 186 170 153 132 173 188 206 219 213 225 236 228 206 217 218 225 219 215 215
248 240 227 232 232 238 241 243 229 213 216 187 177 189 214 204 190 194 187 191 205 211 200 195 194 183 177 165 171 154 172 213 233 242 246 243 241 239 234 215 205 195 198 210 234 229 222 201 204 226 222 246 229 227 226 233 208 190 162 166 135 140 151 171 200 195 166 186 196 175 150 145 145 131 115 150 157 157 141 120 106 170 184 175 193 215 226 227 216 191 202 230 219 236 233 228
246 247 250 238 238 239 241 234 224 204 211 200 213 224 231 235 205 182 176 178 182 184 176 166 177 169 156 161 177 148 139 171 207 208 205 231 246 244 231 206 196 227 225 212 222 241 235 224 227 244 239 240 240 240 245 241 239 219 191 145 119 114 158 182 185 181 164 138 147 170 158 130 146 160 128 94 111 111 115 112 151 196 205 196 211 218 221 226 222 188 184 230 239 236 229 226
245 248 243 233 230 229 229 239 235 229 227 239 230 212 232 232 197 163 161 165 177 190 192 188 183 181 168 172 180 136 131 180 213 195 160 183 227 234 235 230 229 235 240 250 229 230 244 237 239 243 240 233 235 243 243 241 237 221 215 215 187 145 121 142 157 143 146 128 130 137 138 128 124 135 132 92 109 151 157 159 192 200 201 209 221 217 218 211 175 148 141 189 224 227 234 238
239 240 241 234 232 232 226 208 207 229 227 205 202 215 234 235 202 149 145 162 177 176 189 193 170 167 164 163 171 147 147 179 201 195 175 186 200 191 215 228 232 234 226 214 231 243 250 250 219 227 228 214 209 229 235 239 238 237 231 217 214 208 195 155 141 149 166 165 141 145 140 134 137 143 143 103 104 165 174 180 186 198 227 233 221 218 203 176 157 161 158 159 163 179 210 220
235 239 237 231 229 226 212 209 212 209 235 213 204 226 237 205 199 148 175 188 179 179 175 181 182 185 187 188 184 138 105 126 156 173 193 204 196 191 221 208 224 222 203 203 207 231 220 206 204 200 200 186 206 216 231 237 244 231 210 212 214 212 202 194 168 149 164 190 169 157 157 129 127 130 117 104 127 177 176 168 177 200 210 213 205 188 169 158 175 186 178 183 191 171 160 169
218 209 221 235 221 224 227 230 240 223 238 243 234 224 193 178 172 188 201 178 179 193 200 198 201 191 189 199 201 170 156 140 170 196 222 235 238 233 221 215 224 217 202 189 196 199 191 180 216 214 183 175 197 183 191 198 196 199 195 210 196 189 181 178 161 150 146 124 127 169 190 168 172 194 167 124 115 155 166 170 171 183 214 217 199 177 173 185 184 189 180 176 182 171 174 194
176 179 227 235 227 225 236 236 226 217 227 235 232 203 185 182 183 187 184 186 179 204 209 190 170 166 171 165 166 165 158 152 171 197 206 214 230 228 198 196 227 237 235 214 199 204 176 160 198 211 195 190 190 183 179 170 149 166 189 207 192 176 193 193 162 131 134 134 142 154 184 205 184 151 147 128 84 125 157 182 187 185 217 229 205 190 187 192 186 194 198 184 181 181 197 215
154 177 219 233 217 202 219 230 231 229 217 205 210 184 168 186 168 173 182 165 151 166 185 182 157 153 165 155 133 135 152 146 138 145 147 166 183 145 116 129 149 163 194 190 192 202 166 135 173 217 202 200 195 190 198 180 192 190 166 191 208 163 158 185 179 175 187 189 180 171 169 174 176 146 130 116 99 161 205 196 176 165 169 199 224 194 180 189 185 191 221 196 181 210 207 205
179 179 207 228 220 200 212 222 228 233 230 226 206 175 162 179 180 177 168 136 126 129 140 145 143 137 144 150 139 134 157 149 131 114 112 118 121 117 109 115 119 126 113 118 136 148 147 147 160 169 172 212 201 187 202 181 176 190 196 206 199 167 149 175 201 179 170 191 185 182 197 195 193 160 131 113 127 186 203 206 194 166 174 213 213 171 176 193 168 175 204 195 211 225 217 202
164 155 151 186 193 196 204 211 211 210 218 219 208 171 154 161 171 190 163 142 139 130 133 148 156 143 134 135 144 151 152 133 125 135 132 131 131 142 131 116 120 124 126 140 176 151 132 177 194 195 209 205 196 181 185 164 156 164 160 191 181 165 147 170 197 180 142 158 162 163 172 179 174 157 124 94 137 191 186 184 194 199 210 214 185 153 153 175 178 180 180 181 207 212 206 200
141 130 132 146 165 181 201 206 215 225 229 213 196 165 121 126 164 183 189 142 123 131 144 158 160 147 144 154 162 147 127 126 127 122 140 149 159 159 147 126 125 144 154 155 158 126 126 191 201 193 198 196 182 153 165 160 135 145 136 138 162 181 157 174 213 201 157 140 137 145 145 125 128 138 109 110 171 186 198 212 208 201 206 199 178 179 180 173 181 192 190 187 160 153 171 184
141 143 157 155 166 176 188 201 223 230 243 225 182 175 140 116 169 178 182 155 140 155 142 127 135 138 125 134 162 161 140 144 124 110 123 114 112 123 130 123 120 145 149 166 173 168 146 182 204 173 166 158 138 138 152 156 138 127 124 126 138 155 167 166 177 172 162 161 163 165 158 135 134 151 131 115 174 186 187 186 170 163 199 207 184 191 208 197 206 222 216 175 153 173 188 193
171 169 176 172 172 179 173 205 223 232 236 207 161 166 156 136 141 135 134 156 137 124 118 116 115 126 133 143 145 132 129 148 160 155 128 104 104 122 126 113 105 118 145 177 176 157 143 133 171 182 192 165 125 160 155 117 108 125 125 127 126 141 166 197 188 196 192 164 171 165 154 149 139 151 162 118 148 173 169 174 160 158 207 207 185 176 203 219 223 212 191 169 170 185 174 183
186 177 174 173 175 177 196 217 225 226 211 166 143 156 142 144 143 127 116 148 159 127 103 103 107 134 164 172 159 127 137 149 137 140 128 123 142 134 124 108 95 113 135 139 137 140 139 102 124 168 171 157 103 104 131 127 123 143 128 116 125 148 173 203 206 204 190 166 154 163 171 184 177 175 178 136 99 145 170 184 181 194 196 176 187 192 198 220 211 192 137 149 180 192 185 183
188 186 170 167 170 187 198 208 207 212 205 162 155 147 134 128 140 118 110 109 132 120 107 100 105 127 139 151 123 106 117 136 139 129 140 135 126 133 123 98 98 125 133 137 148 138 124 96 88 104 128 143 110 91 96 110 122 130 106 111 163 181 179 194 179 145 124 151 183 168 159 144 136 127 116 126 110 143 173 186 189 186 182 178 183 196 201 199 192 178 139 134 152 164 212 210
176 183 169 153 170 186 176 178 178 175 165 155 151 143 146 145 139 113 102 99 112 119 113 107 103 109 139 141 114 109 117 130 153 151 141 141 119 123 129 122 132 133 128 124 115 124 135 121 112 112 129 148 159 147 119 103 119 120 88 95 159 177 152 195 162 140 104 112 142 178 186 152 110 103 121 129 149 144 148 148 162 168 177 201 204 204 207 211 202 186 167 160 170 165 190 206
171 172 160 157 165 165 163 176 170 156 147 147 142 143 170 160 114 110 114 103 115 114 99 94 107 100 100 126 126 116 113 117 109 118 120 128 132 132 138 143 145 136 139 127 115 141 161 162 174 165 152 156 164 169 166 148 140 123 112 112 143 138 145 140 148 145 145 161 156 164 178 188 171 124 157 148 150 164 174 160 161 167 172 200 218 214 206 193 197 212 196 183 185 176 174 178
