examples/data/proba_v_italy_sicily/probav_s10_toc_x19y03_20150121_333m_ndvi_v001.txt
ncols         1127
nrows         589
xllcorner     12.348214285714
yllcorner     36.598214285714
cellsize      0.0029761904761905
NODATA_value  -9999
[rows 188 to 234 of 589, columns 576 to 671 of 1127]
150 160 170 250 172 169 169 175 174 163 147 120 126 123 129 118 98 77 66 85 76 56 138 69 96 97 116 146 151 115 106 151 176 185 138 100 69 184 87 106 91 120 157 160 160 144 150 159 133 130 138 146 151 156 161 156 165 177 173 161 166 172 174 151 153 173 184 187 168 150 155 162 130 234 242 211 189 176 178 180 117 151 140 142 142 154 162 149 163 71 169 171 171 169 168 165
223 167 250 149 176 174 168 169 157 148 146 137 96 94 88 56 59 86 61 36 44 62 160 153 152 112 111 154 145 104 161 142 177 131 80 202 199 192 178 147 173 149 147 141 139 137 142 140 135 153 159 150 153 144 138 143 155 169 172 169 161 162 162 167 161 168 182 186 188 192 203 205 199 175 120 222 203 198 205 205 180 86 153 153 158 170 166 160 168 76 154 158 161 169 168 142
158 250 79 182 116 116 117 158 160 147 31 31 95 84 30 33 35 34 38 39 37 90 142 122 136 118 104 142 169 124 88 121 132 149 113 156 203 198 191 96 125 126 128 133 130 144 145 127 127 141 148 180 176 162 149 149 153 154 151 157 161 164 171 178 180 180 181 183 188 190 211 223 220 216 159 216 225 249 248 232 243 172 131 145 151 176 163 143 151 163 170 111 166 173 172 148
156 110 163 154 116 107 108 28 29 29 30 30 30 97 38 36 38 34 74 59 38 39 71 111 113 112 128 138 133 119 107 109 91 205 200 241 232 163 200 183 101 86 95 137 134 159 160 152 161 153 168 191 183 164 158 155 153 155 160 156 153 162 158 158 163 173 181 185 184 181 188 201 203 210 184 189 192 182 204 209 221 249 194 158 152 167 164 163 172 171 169 98 166 159 165 167
107 75 130 27 134 145 148 143 134 29 30 122 120 107 101 86 32 75 117 125 87 67 51 52 36 26 128 176 142 160 178 136 139 92 200 207 202 188 170 164 87 102 98 138 148 152 160 158 153 147 162 165 172 167 165 160 157 150 153 160 156 158 156 170 174 176 178 178 167 177 188 193 203 204 205 213 210 205 209 215 212 207 208 143 144 128 141 159 167 170 175 159 151 166 179 178
116 115 93 74 97 134 132 136 141 151 143 127 127 135 130 124 133 136 132 83 42 39 56 100 137 149 162 173 173 158 170 166 169 175 132 79 172 87 82 161 162 82 128 138 153 154 168 172 171 167 158 152 156 158 157 163 167 158 156 158 161 158 153 154 165 170 162 155 142 152 123 90 156 221 191 209 210 210 197 206 202 201 187 118 158 147 148 159 168 168 168 174 176 84 134 166
140 163 167 150 27 27 132 141 138 139 133 120 130 140 136 135 147 143 142 36 39 107 93 50 38 131 134 169 164 160 173 178 168 172 177 170 108 91 186 175 168 155 121 135 143 164 167 149 145 170 180 180 166 183 160 165 164 160 154 149 147 133 152 152 168 171 167 160 138 150 129 180 174 121 203 211 210 204 195 198 200 203 140 165 164 163 158 146 146 155 158 161 163 85 144 160
148 158 242 92 156 156 156 153 146 133 127 125 127 144 137 137 128 160 140 42 50 68 96 96 40 138 142 160 163 158 148 66 71 172 188 187 173 112 179 95 91 81 130 148 149 161 175 161 152 169 144 70 180 48 128 161 164 160 151 132 137 140 134 145 149 153 158 158 214 76 72 171 158 175 199 134 85 132 201 198 209 208 201 146 169 161 160 166 169 168 162 164 162 105 168 151
134 152 144 156 122 177 173 159 157 149 133 118 124 139 148 144 130 147 149 135 90 88 89 69 40 144 143 153 159 170 146 130 34 165 184 179 159 161 84 128 157 161 161 137 149 166 169 159 156 190 133 174 166 161 163 162 164 173 174 161 136 154 163 158 158 150 117 81 58 167 176 179 107 122 185 127 181 168 189 201 202 201 188 166 154 162 126 81 176 178 173 172 169 162 165 160
124 99 174 86 107 150 96 140 86 71 72 125 133 131 124 127 102 122 164 197 176 149 131 126 131 153 166 147 118 163 162 32 33 156 170 164 138 137 154 121 144 154 158 138 151 167 171 190 186 183 154 93 154 166 165 178 152 58 48 68 47 44 52 58 109 150 56 154 155 158 169 178 181 179 178 148 145 164 167 169 156 183 178 183 192 172 96 174 170 170 173 176 175 168 171 197
122 129 72 162 89 107 107 88 67 109 70 128 135 139 136 138 90 138 159 198 173 155 165 168 174 177 161 158 140 70 81 105 128 150 98 83 75 76 83 78 132 158 147 144 137 145 153 173 172 156 179 134 78 53 49 63 83 150 183 185 48 193 185 148 65 150 144 53 46 51 168 159 163 167 178 184 160 171 157 166 168 189 181 180 178 117 164 166 163 169 184 183 169 164 124 185
116 80 78 97 78 151 86 75 143 138 81 128 133 146 153 81 141 182 169 166 157 150 141 151 176 162 146 151 159 167 166 159 154 148 130 78 153 113 153 159 100 153 145 142 130 144 155 167 167 153 175 156 74 168 169 163 139 163 190 190 179 190 200 185 55 75 157 48 146 148 48 150 149 152 158 171 62 102 152 128 151 186 187 170 182 167 179 178 90 71 179 67 72 73 107 167
153 113 147 141 137 138 82 145 147 141 72 84 116 152 154 102 116 111 97 148 144 142 144 162 138 114 125 148 133 156 157 150 158 170 166 166 132 114 162 141 142 85 152 154 148 154 155 165 174 182 174 155 160 156 166 168 157 66 168 164 173 190 189 183 182 64 56 44 154 159 156 158 163 164 159 154 157 70 94 121 159 194 192 186 187 184 135 100 100 171 171 172 173 175 133 178
106 84 84 60 71 86 133 129 125 129 125 134 112 125 142 144 106 97 87 79 143 181 173 159 131 101 124 139 133 121 92 133 143 127 160 190 147 151 153 107 168 161 143 136 138 137 151 161 159 144 155 162 131 162 164 170 169 69 180 166 176 187 182 178 172 162 154 158 156 157 161 156 163 170 88 66 163 161 93 152 173 193 170 145 161 176 182 117 138 144 145 152 160 99 165 181
141 138 126 95 99 112 129 126 116 84 71 130 141 130 90 90 92 131 115 60 110 161 126 107 116 110 122 115 129 145 132 136 139 143 160 158 60 40 43 106 128 139 154 152 141 145 171 168 155 138 129 151 164 117 174 172 171 175 182 182 178 179 174 169 171 166 162 167 166 164 164 157 156 156 153 152 159 172 73 114 167 180 151 141 158 166 157 80 138 139 141 148 155 106 76 92
163 155 149 152 81 141 142 136 117 119 99 70 116 104 54 58 93 130 111 122 77 115 106 105 114 116 97 102 132 123 114 123 98 139 143 141 37 42 63 110 72 49 89 137 150 155 174 179 161 159 154 170 149 115 92 160 83 114 106 175 170 171 169 160 161 155 156 162 159 158 163 162 163 162 162 164 92 74 164 161 93 158 147 143 151 151 159 101 150 140 146 154 162 170 177 174
173 155 137 153 146 98 151 151 148 102 117 88 107 134 103 76 64 66 113 102 131 56 128 121 115 109 116 122 126 121 112 127 126 114 116 135 49 154 160 167 104 78 132 138 156 146 159 173 162 166 179 172 128 106 94 86 85 107 131 79 165 165 177 168 163 157 158 165 163 154 152 154 160 166 168 167 166 164 163 161 99 175 156 142 142 150 142 143 152 128 153 167 178 184 186 140
149 150 147 152 150 126 124 108 33 145 145 151 126 128 138 122 121 134 122 130 143 87 140 135 134 116 98 91 114 119 90 91 110 126 127 128 135 144 151 154 104 119 148 161 158 153 172 175 162 152 171 175 136 102 108 92 179 182 179 169 166 172 170 167 156 160 167 173 175 162 166 163 166 162 161 164 168 116 104 105 140 163 156 152 143 140 146 152 167 176 142 163 173 177 173 136
130 129 126 122 130 137 130 91 87 116 148 116 133 124 75 136 143 166 137 139 102 58 158 158 143 127 105 90 116 137 107 104 137 106 103 109 143 169 167 77 103 147 133 139 166 174 175 175 197 197 207 209 194 145 124 116 166 162 165 172 180 185 173 159 154 166 177 181 173 169 167 173 178 174 103 134 126 82 162 94 131 147 163 159 153 146 165 190 178 181 175 101 160 163 69 150
106 131 133 118 104 116 107 87 88 102 135 89 127 110 67 141 134 137 115 73 66 151 164 156 142 134 119 121 132 139 94 80 84 88 98 106 120 162 145 144 118 150 148 137 163 180 182 189 198 202 205 207 197 180 162 127 166 164 170 180 182 183 186 185 182 176 177 175 167 159 162 167 173 175 95 103 168 168 168 174 163 178 187 159 161 175 167 186 184 174 168 159 160 156 158 159
98 102 89 82 84 89 96 66 63 104 80 97 121 119 59 94 60 66 62 163 164 177 186 151 135 133 132 130 136 140 147 133 106 113 114 124 127 62 87 120 122 137 148 149 171 181 181 191 201 202 194 196 201 195 179 161 109 173 174 175 173 181 182 113 193 133 169 170 174 176 174 174 175 175 112 121 116 89 170 148 183 173 171 163 161 182 178 159 160 154 158 165 164 161 150 153
102 97 66 75 93 106 92 89 76 90 115 120 138 141 51 78 60 122 139 152 154 151 155 137 135 132 136 135 132 125 142 141 128 120 116 114 105 96 109 133 151 160 166 182 182 178 181 181 193 198 196 192 187 178 173 176 151 127 113 180 118 106 163 164 92 114 164 168 176 185 188 183 181 175 120 130 116 136 139 159 177 166 171 188 185 174 182 172 158 161 161 166 148 149 157 142
107 116 102 92 96 88 92 83 70 91 137 147 137 146 130 112 70 57 56 129 59 64 156 142 135 136 138 128 124 125 137 133 127 116 123 120 114 123 134 157 162 158 161 174 181 171 174 179 190 199 196 197 193 192 172 163 181 180 195 187 171 122 170 168 78 119 139 151 98 99 135 126 119 149 161 159 153 146 149 161 165 156 165 191 203 194 163 166 168 172 171 163 157 114 126 104
96 112 132 128 124 129 120 117 131 154 133 136 117 137 137 109 105 86 73 75 76 66 143 135 130 123 122 124 126 132 135 135 133 121 123 117 129 151 171 169 184 192 191 181 182 183 191 193 183 184 190 193 187 199 170 138 161 188 178 158 182 195 159 147 161 134 142 137 148 158 152 142 152 164 153 147 151 151 148 154 167 175 176 176 180 185 176 161 184 170 176 175 105 151 146 96
99 89 94 123 157 152 123 139 169 155 148 137 118 112 118 112 101 59 133 137 125 130 132 120 130 128 129 126 131 137 124 141 140 119 116 111 123 147 168 168 166 179 183 169 176 189 175 174 185 202 204 205 204 210 200 177 173 183 182 135 145 170 175 178 177 160 158 149 150 167 160 153 150 152 146 145 148 151 161 178 176 188 195 183 161 168 195 185 111 78 108 135 158 81 154 144
105 89 75 101 137 147 150 160 168 143 136 149 170 170 125 117 85 63 61 59 58 119 116 106 103 119 133 131 134 144 139 106 112 108 96 110 114 123 152 154 141 149 159 177 195 190 171 169 174 174 189 207 206 200 190 176 167 172 179 162 166 173 177 184 169 157 156 159 170 171 161 164 155 154 162 163 150 146 151 181 196 164 141 155 149 164 198 194 99 163 174 70 76 138 157 142
118 141 158 166 157 140 142 152 133 125 151 175 177 172 139 133 70 132 57 124 53 59 69 139 142 137 133 131 134 133 152 150 149 75 98 101 106 140 163 148 151 157 161 178 174 199 186 178 171 164 177 194 201 197 173 177 158 167 172 162 152 154 168 187 168 150 146 144 155 165 164 164 153 153 169 161 160 177 165 149 163 166 154 154 159 179 182 186 172 148 68 149 70 153 97 137
147 162 178 189 189 178 157 138 132 152 144 146 173 181 154 157 73 138 134 138 143 136 65 74 87 167 156 140 70 74 137 138 138 80 115 126 105 130 155 152 153 161 166 170 164 176 173 180 186 174 170 170 167 172 169 183 175 174 159 140 141 171 178 173 185 166 162 159 162 162 159 156 156 160 172 169 155 167 156 133 159 165 160 151 107 149 178 181 153 118 91 158 137 129 122 144
141 141 133 162 169 167 166 133 146 166 146 145 161 158 153 123 134 143 149 152 147 146 147 154 74 115 145 127 83 143 94 100 133 146 132 126 128 150 150 145 153 149 149 160 162 163 177 178 180 172 173 174 174 190 182 184 176 175 165 167 168 176 194 193 197 176 157 155 160 173 176 171 155 164 166 167 144 132 154 154 160 144 116 100 90 126 151 142 149 108 154 169 139 118 135 88
160 158 131 145 173 161 148 133 133 139 157 144 124 129 130 138 92 89 148 153 151 146 139 143 77 127 126 106 87 93 99 80 118 113 114 127 126 122 121 144 159 147 146 149 155 165 170 181 194 179 168 167 172 190 198 179 155 152 177 198 195 165 165 184 171 162 168 161 152 153 150 145 143 161 156 146 145 145 154 160 151 125 91 84 101 112 144 160 148 78 140 157 152 83 140 105
140 159 157 167 185 168 132 125 128 142 163 174 154 117 122 127 82 161 150 138 142 140 136 89 99 79 85 78 119 120 97 108 90 86 91 122 110 117 122 130 138 142 145 142 157 168 168 167 182 183 184 170 180 191 176 153 181 200 211 207 194 170 156 165 174 175 187 172 155 144 124 133 141 130 155 173 172 142 118 126 141 141 98 161 165 98 146 182 168 158 145 143 131 86 98 102
141 132 149 148 171 162 126 125 138 126 134 158 157 150 139 140 72 147 131 133 135 145 121 66 93 109 112 85 84 102 70 66 88 81 86 107 123 146 161 164 157 149 146 139 131 147 175 190 188 170 174 176 174 167 132 154 192 210 220 209 209 189 166 166 166 169 183 183 178 186 172 168 158 131 155 198 195 140 116 129 140 162 171 165 157 166 140 164 168 160 146 97 85 121 124 121
201 167 113 100 120 143 118 116 144 132 132 154 166 151 141 158 143 95 92 119 145 146 132 86 106 114 134 119 109 123 129 113 95 91 138 131 109 139 167 168 167 147 149 147 144 137 136 118 132 159 160 178 181 168 160 184 216 198 171 187 199 182 181 180 155 157 172 180 166 166 160 163 180 169 162 176 178 174 167 186 178 177 172 145 120 135 163 181 178 164 184 198 125 153 158 187
163 134 109 96 99 118 114 131 149 139 135 138 161 167 171 158 101 88 98 139 143 146 134 93 96 136 133 122 115 124 130 67 107 124 137 137 126 125 151 151 153 140 142 151 149 149 119 108 134 147 132 161 177 170 169 173 194 187 176 166 138 145 160 175 164 164 148 133 148 151 166 175 177 181 172 189 194 192 171 165 158 171 196 185 136 96 106 172 199 175 178 220 179 131 163 185
144 119 113 113 108 134 145 160 177 158 153 169 180 177 171 122 147 120 118 105 118 138 135 86 134 138 95 76 122 129 129 55 89 115 119 122 123 135 150 150 143 114 107 135 153 156 142 129 141 135 128 147 163 165 182 186 186 179 179 166 158 140 132 156 158 142 140 143 156 148 147 148 170 193 191 197 208 206 194 143 92 110 193 171 91 159 97 172 212 206 213 230 213 177 148 166
148 162 172 164 165 166 156 168 185 171 182 186 172 165 154 128 115 98 142 141 130 74 141 127 159 154 132 112 97 120 133 129 85 104 113 123 134 142 143 144 144 114 109 130 154 148 146 145 135 133 133 128 135 153 177 181 178 173 175 169 157 149 184 181 163 169 181 165 159 162 162 168 187 187 182 195 212 191 198 184 146 160 206 184 97 79 131 233 231 233 205 196 212 198 201 199
145 139 157 162 157 159 152 164 178 170 163 150 163 151 143 131 155 164 93 121 101 72 105 128 143 139 126 102 98 121 116 118 122 63 75 118 118 104 106 116 117 128 130 130 150 151 142 140 133 124 123 126 128 138 130 148 174 170 164 177 169 146 160 168 160 168 183 172 162 162 169 173 181 186 195 201 212 202 184 185 188 187 188 196 190 200 218 243 250 248 205 183 217 212 185 187
139 125 130 141 134 134 149 139 125 151 162 177 149 128 125 139 160 159 102 65 77 90 88 148 147 132 111 104 105 118 105 107 114 116 131 137 68 62 96 111 118 127 126 93 89 117 142 140 130 131 126 132 142 152 148 154 173 166 180 186 165 121 149 182 170 169 177 185 171 171 177 179 194 195 195 202 205 188 168 185 195 188 181 190 197 218 228 218 202 195 202 202 206 219 216 206
138 121 108 100 93 87 113 117 138 141 111 99 117 121 115 144 133 161 182 130 134 143 141 60 68 120 109 120 116 111 101 74 66 72 105 81 52 98 102 120 129 118 96 88 113 123 126 121 125 138 150 148 139 140 153 164 162 165 171 156 162 165 146 147 158 154 171 190 167 157 181 187 186 191 194 203 200 190 191 211 214 209 217 214 201 204 211 205 200 197 205 223 220 228 232 218
147 96 105 131 132 114 117 146 137 131 111 108 71 73 143 150 154 159 140 138 130 133 72 81 65 121 142 137 130 122 75 104 95 86 78 121 111 124 130 131 132 133 118 97 109 124 119 110 115 146 150 127 130 133 147 166 163 167 173 157 168 188 180 162 138 146 166 187 177 158 195 214 192 191 185 193 198 193 190 239 250 236 227 209 197 201 209 216 221 218 222 238 232 225 218 220
143 89 104 122 146 159 170 137 123 111 100 103 53 121 135 146 140 108 100 126 157 174 169 136 103 104 99 54 53 66 49 49 69 72 135 142 133 108 92 128 142 138 139 107 109 119 119 109 103 88 99 133 146 143 141 150 167 173 162 148 163 178 166 158 166 178 182 179 182 178 197 221 205 194 185 191 186 186 200 223 230 226 228 209 197 206 212 215 229 232 237 241 212 193 200 221
138 127 150 209 200 136 139 135 114 104 113 111 126 127 121 123 125 126 136 139 173 183 170 134 113 114 66 118 118 50 137 94 103 123 118 104 99 140 130 99 127 140 170 140 114 131 160 146 112 94 129 163 152 150 153 150 162 186 182 164 147 152 143 148 189 193 175 178 178 177 194 206 204 204 185 179 184 197 174 178 213 220 217 205 211 224 220 219 227 228 222 235 229 210 204 227
154 157 154 134 133 131 129 132 122 122 130 124 123 131 111 113 136 142 142 148 173 182 175 162 132 91 73 43 114 120 151 53 53 134 132 134 135 142 135 116 119 129 137 140 126 124 159 177 135 100 93 119 123 129 139 163 175 182 176 159 142 137 145 150 156 163 177 187 185 174 187 210 189 199 202 198 204 191 167 165 183 209 216 219 230 234 213 227 250 250 250 246 245 233 231 235
142 132 124 122 119 137 131 126 130 138 145 138 130 146 141 131 156 148 127 113 124 78 69 137 103 50 112 113 101 132 149 144 136 131 136 136 141 152 146 96 110 127 131 127 132 120 150 137 124 113 104 122 123 125 143 155 164 174 156 142 136 142 161 145 128 143 179 202 216 202 192 206 197 183 176 186 189 176 170 173 165 176 197 209 212 204 194 208 230 230 242 250 244 231 238 231
153 162 149 142 141 140 147 133 136 150 153 148 111 69 59 95 161 160 69 80 76 62 144 45 56 117 116 150 48 153 146 139 134 142 156 145 140 150 152 99 115 120 126 116 135 151 148 139 136 148 137 142 151 149 152 158 142 144 183 185 178 181 180 162 155 171 177 189 210 214 213 203 192 182 177 182 168 167 170 170 176 177 178 184 192 185 186 201 229 238 237 236 231 237 250 239
154 165 160 157 172 172 157 132 134 140 112 122 96 127 131 119 64 70 52 147 133 134 136 138 130 122 129 143 68 85 54 138 144 141 141 145 136 126 147 147 143 136 125 113 115 123 130 135 130 138 149 144 141 135 155 160 150 173 198 178 151 147 163 163 162 172 184 188 177 191 212 203 180 179 181 174 163 166 176 179 180 176 176 191 192 186 182 193 219 237 243 236 234 250 250 248
141 154 149 160 150 150 136 154 147 99 148 96 144 86 129 131 136 145 152 154 122 131 139 145 135 126 130 140 64 73 160 152 149 145 136 139 131 91 115 141 152 149 138 145 162 160 142 142 152 134 133 143 155 152 146 153 147 152 166 160 152 168 154 142 147 158 165 176 175 187 180 185 188 180 198 198 187 193 199 187 190 194 191 203 200 187 186 204 217 226 235 230 249 250 229 213
