examples/data/proba_v_italy_sicily/probav_s10_toc_x19y03_20140821_333m_ndvi_v001.txt
ncols         1127
nrows         589
xllcorner     12.348214285714
yllcorner     36.598214285714
cellsize      0.0029761904761905
NODATA_value  -9999
[rows 306 to 356 of 589, columns 96 to 191 of 1127]
28 27 25 25 29 29 28 23 25 25 29 25 23 25 25 25 25 25 25 23 27 27 25 25 24 36 27 27 27 25 27 10 25 27 29 30 25 29 29 29 25 27 25 27 27 27 27 27 27 38 40 27 25 25 50 25 25 27 25 27 28 25 25 29 27 27 27 25 28 26 26 26 26 23 26 26 26 13 26 26 26 26 25 26 26 26 26 26 26 26 25 26 26 26 25 26
9 30 29 27 23 29 27 23 23 25 24 25 28 23 25 27 25 25 40 25 27 27 25 27 13 25 29 27 27 25 27 27 27 27 27 36 38 49 56 56 39 27 22 6 27 21 17 19 33 48 43 25 26 26 34 26 26 27 27 27 27 27 27 29 25 25 25 25 26 26 25 26 25 26 26 26 25 26 23 25 25 25 26 26 28 26 25 26 26 26 26 23 26 26 26 26
28 28 13 20 18 28 24 13 6 12 21 41 39 28 29 23 25 25 25 25 40 39 27 25 25 38 27 27 27 25 27 25 27 25 27 25 17 30 19 19 25 25 25 16 8 10 27 26 28 26 35 48 26 28 27 25 27 26 25 26 28 27 26 26 26 24 26 26 25 26 25 25 25 26 26 26 23 25 23 23 25 26 26 26 26 26 26 26 26 26 26 26 26 26 26 26
30 28 4 26 8 27 18 23 23 23 28 27 8 20 29 23 23 27 25 27 29 28 25 25 15 9 20 38 45 37 27 25 25 25 27 27 27 13 15 25 29 29 27 25 27 27 27 28 26 26 26 26 28 28 28 26 27 26 26 27 26 28 28 26 28 26 26 26 25 26 23 23 26 25 26 26 26 26 26 25 26 25 26 26 26 26 26 25 35 26 26 26 26 26 28 26
29 24 24 29 29 17 29 29 30 26 24 29 23 26 28 31 26 21 6 13 20 37 29 24 30 27 27 6 25 27 34 25 25 33 27 29 27 27 27 29 29 29 27 26 26 28 27 27 25 26 26 27 26 26 28 26 26 28 26 26 27 26 50 26 26 26 25 26 26 25 23 23 26 23 26 25 26 26 26 26 26 26 26 28 26 26 26 26 26 26 46 26 28 26 26 26
15 36 39 32 30 37 29 29 24 33 30 29 29 29 26 26 23 27 24 26 15 29 29 22 36 36 25 21 19 14 26 30 26 27 25 25 29 29 25 25 27 29 27 25 26 27 27 27 26 25 26 27 27 28 30 25 26 26 26 28 28 26 28 26 26 43 26 28 26 25 25 25 26 25 26 26 26 26 26 26 26 26 33 26 26 28 28 26 26 25 27 29 34 37 23 29
24 29 42 29 20 24 29 29 24 29 27 27 27 33 27 29 29 27 29 24 30 27 12 24 10 22 24 20 25 27 27 27 25 25 25 25 25 27 25 25 27 29 29 25 27 27 27 27 25 25 27 25 26 26 28 28 27 27 27 27 26 26 27 24 24 16 38 47 25 26 26 25 43 25 25 26 25 25 25 26 26 22 27 26 26 28 26 28 28 16 17 28 26 15 30 17
26 8 4 25 29 24 29 27 27 27 27 27 27 21 29 17 20 26 26 27 27 27 31 25 28 20 22 27 28 25 25 25 28 27 27 27 27 29 29 27 27 27 27 27 25 27 25 27 27 29 27 25 27 26 25 26 26 26 26 26 28 26 28 27 28 26 26 25 25 27 26 25 25 39 26 26 26 25 26 26 26 25 39 26 27 27 31 42 35 23 26 26 25 29 30 29
29 28 24 29 27 29 24 29 27 27 27 24 27 27 19 24 27 25 25 20 19 23 25 27 25 20 25 27 27 27 27 25 26 27 27 29 25 29 37 38 27 25 27 28 28 27 27 27 27 25 25 27 27 27 27 27 26 28 27 27 28 26 28 28 36 25 27 18 37 27 27 25 26 26 26 26 26 26 25 26 26 26 12 44 21 26 25 26 26 26 26 23 23 27 30 27
18 32 34 23 24 24 24 27 27 25 27 27 27 27 22 24 24 24 24 10 27 27 13 17 26 28 25 27 27 25 25 29 23 25 29 27 27 27 29 37 27 27 27 27 25 25 29 29 25 25 25 27 27 26 26 26 28 27 27 27 28 28 26 29 25 27 27 27 26 43 27 26 26 26 26 26 25 26 25 25 26 26 23 10 26 25 23 26 26 28 28 23 25 27 27 28
29 17 39 29 24 29 29 25 25 25 25 27 27 29 20 24 21 25 25 27 27 27 27 27 25 29 25 25 34 25 25 31 27 33 34 29 25 25 27 22 23 27 25 29 29 25 27 36 27 29 27 27 25 27 27 27 25 26 26 24 28 28 28 26 27 27 27 30 28 26 25 28 37 26 26 26 26 26 26 26 26 26 26 25 26 26 23 26 25 25 25 21 36 26 25 25
24 29 9 31 31 29 24 29 26 35 43 27 27 27 27 27 21 25 25 25 25 25 25 28 28 27 25 27 42 24 27 25 25 30 51 25 27 29 25 25 27 25 25 27 25 29 29 29 27 25 25 25 27 25 27 25 27 27 27 26 26 26 29 27 27 25 27 25 38 25 27 26 26 26 25 25 28 26 28 28 26 26 28 26 25 25 26 26 25 25 23 26 22 27 27 26
30 30 29 26 15 24 26 24 32 19 24 25 27 27 24 24 27 27 27 27 25 25 27 25 27 27 25 11 25 45 30 29 29 29 25 36 27 27 25 27 25 35 25 29 29 29 27 29 25 27 25 25 25 25 26 28 27 27 28 28 26 29 29 27 25 27 27 27 9 47 25 26 26 26 26 27 26 26 26 26 26 29 26 26 26 26 25 26 26 25 31 25 21 25 26 26
27 30 38 33 20 24 33 17 12 31 32 29 27 27 27 27 27 27 27 27 27 25 25 27 24 25 22 11 36 22 29 27 25 27 25 25 38 29 29 29 27 25 27 27 27 25 27 25 25 29 27 27 25 27 29 30 27 25 26 24 28 28 27 27 25 29 27 26 26 25 27 27 27 26 28 26 26 26 25 27 26 22 26 26 26 26 26 28 26 26 26 25 25 28 28 28
29 29 27 37 31 11 24 26 24 26 12 30 28 29 28 28 27 27 24 33 30 29 27 27 27 27 27 29 29 25 29 27 27 29 27 25 27 23 25 27 27 25 25 29 27 27 27 25 36 51 29 29 29 27 29 27 25 25 29 28 28 26 25 25 25 25 25 27 27 27 27 47 27 27 28 27 27 26 26 28 27 27 26 25 26 26 26 26 26 24 15 26 15 31 24 10
29 27 29 29 31 46 24 24 26 26 27 27 27 27 32 29 29 25 29 27 27 27 27 27 27 27 27 27 29 29 27 27 29 29 29 27 27 25 29 27 23 29 29 25 25 29 30 25 27 17 25 27 27 29 25 29 29 29 29 29 27 27 29 29 29 27 27 27 27 27 27 27 23 30 27 27 27 27 27 25 25 26 26 25 26 26 26 26 26 26 26 26 26 15 23 27
19 14 10 29 13 21 37 37 26 26 29 27 27 27 25 31 27 27 25 27 27 27 27 25 25 27 25 27 27 29 25 25 27 25 29 27 25 29 29 25 26 23 31 27 27 27 27 27 27 25 27 27 27 27 27 29 25 27 27 29 29 25 27 29 25 42 27 25 27 25 27 30 26 29 29 25 29 27 27 27 27 27 27 26 26 26 26 28 28 26 26 28 28 28 26 26
10 29 26 26 8 29 27 27 31 27 27 25 27 27 14 27 25 29 41 27 29 29 27 27 27 27 27 27 27 27 29 27 25 27 25 25 29 27 27 25 25 21 27 27 25 25 23 37 25 25 27 25 32 41 27 27 27 27 24 27 27 27 25 29 29 27 27 29 25 27 27 27 30 30 27 27 27 30 30 28 27 27 30 27 27 27 27 26 25 26 26 26 26 29 26 28
29 26 26 24 18 27 25 25 21 27 24 27 27 27 27 25 34 26 27 27 27 30 48 27 27 25 27 29 27 25 25 25 27 29 25 27 27 27 30 27 25 27 27 25 25 27 27 27 25 27 25 27 27 27 40 54 29 40 49 25 29 29 27 27 25 25 29 21 20 15 29 30 40 27 35 27 27 30 29 30 30 30 30 27 27 27 26 26 26 26 26 26 26 20 30 28
31 27 27 26 17 12 27 27 33 27 29 26 25 27 27 27 27 32 28 29 27 13 19 35 27 27 27 27 27 27 27 27 27 27 25 46 27 27 25 27 27 27 27 27 25 25 27 27 25 25 25 27 26 27 27 27 43 20 27 27 43 29 27 27 10 5 27 30 29 29 29 25 31 27 29 30 25 29 27 29 29 29 29 29 27 25 28 26 26 26 26 28 28 20 26 27
27 27 27 27 25 28 26 27 27 27 27 27 27 27 27 27 27 25 20 27 27 15 27 27 27 27 27 27 29 27 27 29 27 25 25 25 33 55 51 27 27 27 25 32 27 27 27 27 27 31 32 27 27 35 29 28 31 26 26 28 23 39 27 25 29 29 25 27 27 29 33 24 28 27 27 27 27 29 29 27 27 29 41 36 29 36 30 28 24 22 26 17 20 30 38 29
32 20 31 27 25 29 29 25 28 7 19 15 29 27 27 25 27 19 21 27 27 27 27 41 27 29 27 27 27 25 26 28 29 24 25 27 27 25 22 32 27 25 27 31 27 27 27 25 27 27 11 8 27 27 36 27 27 31 30 27 27 27 25 28 41 27 27 29 27 27 27 19 27 27 27 27 29 29 30 29 27 27 27 14 29 27 22 23 17 13 12 8 26 26 10 31
24 28 37 27 27 26 29 25 25 16 25 6 12 25 27 29 29 28 27 31 29 27 27 27 27 31 27 27 25 30 27 27 27 25 29 27 27 27 27 26 30 26 29 31 27 16 27 27 27 25 25 9 10 24 25 28 31 26 24 27 27 25 27 27 25 30 27 29 25 25 27 32 27 29 29 29 29 29 23 35 29 29 29 9 30 30 19 24 28 28 28 27 27 25 27 27
24 24 24 21 26 27 28 28 25 37 22 27 19 24 29 29 24 34 29 29 29 29 27 25 27 29 27 29 25 29 29 33 39 27 27 29 29 31 27 25 27 27 25 18 24 24 27 27 27 29 27 27 27 27 29 28 28 31 29 27 27 25 27 27 27 27 27 27 27 26 21 35 27 27 30 27 27 27 29 29 29 30 30 15 29 27 28 15 33 34 28 26 27 27 27 28
28 28 28 40 25 28 26 29 29 44 36 27 25 23 33 26 20 29 29 28 28 29 29 29 27 29 27 25 25 29 31 28 30 29 27 27 46 29 29 25 27 25 30 27 27 27 25 27 27 27 27 27 27 27 29 29 27 29 27 27 27 27 27 27 27 25 25 27 27 27 21 25 27 29 29 29 27 27 25 27 30 29 29 29 29 22 27 27 27 27 28 28 26 30 25 27
10 15 29 11 17 12 26 26 14 28 31 26 21 9 15 26 26 26 29 26 26 28 31 27 29 29 29 29 25 25 27 27 27 29 31 29 29 27 27 43 29 29 27 32 29 27 25 25 27 27 27 27 29 39 27 24 27 27 27 27 27 27 27 27 27 27 25 27 27 25 25 25 27 27 27 27 27 27 25 27 27 30 29 27 27 25 13 27 28 28 26 26 20 27 27 24
17 26 28 26 28 28 26 28 12 24 34 27 16 28 28 28 28 29 26 28 42 28 26 26 26 29 29 25 25 27 25 40 43 31 25 25 27 26 26 31 25 25 29 25 31 16 21 29 27 25 27 27 18 19 29 35 31 27 27 29 27 27 27 27 27 27 27 27 27 27 27 27 25 27 27 25 27 25 27 27 27 25 27 27 29 27 12 24 30 28 28 26 20 18 16 27
28 35 32 26 26 27 25 28 28 12 20 28 25 26 28 26 28 28 28 28 26 26 26 26 28 26 26 27 25 25 25 27 29 17 31 25 27 25 25 25 29 27 29 29 33 27 25 27 25 27 25 27 25 18 23 24 29 27 29 25 25 27 25 27 25 25 27 27 25 27 27 27 25 27 27 27 25 27 27 25 40 27 25 42 27 25 25 8 28 27 27 27 15 27 28 27
20 18 29 36 26 28 28 25 28 24 33 28 28 27 29 28 26 28 26 26 26 28 28 26 26 26 26 26 29 27 27 29 27 29 27 29 29 29 29 29 29 29 29 28 26 26 27 29 29 31 29 29 29 29 17 24 24 27 27 27 31 25 27 27 27 27 27 27 25 27 27 27 27 27 27 27 27 27 25 25 27 27 27 18 27 25 25 21 22 27 28 27 27 25 27 27
24 25 28 28 28 28 28 26 25 13 28 28 30 28 28 28 26 26 28 26 26 28 28 34 34 26 26 29 29 26 29 29 29 25 29 27 29 29 27 27 29 29 29 29 26 27 29 29 29 31 29 29 27 27 27 25 31 29 29 27 27 27 27 25 27 27 27 27 27 27 25 27 27 25 25 27 29 25 27 25 25 29 27 29 25 25 27 30 29 27 17 13 18 23 27 28
30 28 27 28 38 28 38 38 26 26 26 28 28 29 26 26 28 26 28 26 26 28 26 20 29 26 28 26 27 29 27 27 29 29 29 29 25 27 29 29 25 29 27 27 31 29 29 29 29 29 29 29 24 27 27 29 29 27 29 29 29 25 27 27 27 27 27 27 27 27 25 27 27 25 27 27 27 25 25 27 27 27 27 27 27 29 29 21 30 25 16 29 25 12 27 29
26 28 25 25 20 28 29 26 26 26 26 28 29 28 28 29 29 26 26 26 26 26 26 26 26 26 28 26 26 29 27 29 27 27 29 27 27 27 29 29 29 27 29 29 29 27 29 29 29 29 27 29 28 29 29 22 29 27 31 29 43 46 27 31 27 25 27 27 25 29 29 27 27 27 27 27 27 27 27 27 22 21 27 27 29 19 13 22 18 15 17 25 29 27 25 25
30 26 15 18 23 30 28 26 26 28 29 26 28 26 26 29 29 43 34 28 28 32 26 26 28 28 26 24 29 29 27 27 29 26 29 27 27 28 27 27 25 25 27 29 29 29 25 25 27 27 31 28 28 28 20 19 34 29 29 9 25 27 24 29 29 29 29 25 25 29 29 29 27 27 27 25 25 27 27 27 27 25 27 27 27 18 30 16 25 29 27 19 21 18 25 29
44 30 25 28 28 25 25 26 26 28 26 26 22 28 35 22 15 23 28 26 24 28 26 28 28 30 28 27 29 29 28 28 24 29 29 29 29 29 29 10 36 27 25 27 31 29 31 27 25 27 26 24 26 24 25 18 20 29 31 29 12 29 20 27 23 18 25 29 27 15 47 25 25 31 27 25 21 21 16 27 27 25 27 27 27 29 29 28 16 29 29 25 30 17 13 16
26 26 28 28 28 28 28 26 28 28 26 24 28 26 28 28 28 28 28 26 26 26 26 26 26 26 20 34 27 29 29 31 28 26 38 39 29 29 29 29 29 25 29 29 25 25 27 27 29 29 28 26 31 25 27 14 16 29 29 29 18 25 28 31 27 32 24 26 24 31 39 34 22 27 35 33 26 23 21 27 27 27 27 27 25 26 30 22 40 35 23 30 30 29 30 27
26 26 28 36 26 28 28 26 26 28 28 26 26 26 26 26 28 26 26 31 29 28 26 28 26 26 28 28 26 26 27 31 33 27 29 26 29 25 27 29 29 27 29 29 29 29 25 31 41 25 27 25 25 25 29 31 31 25 29 29 29 12 25 29 29 25 24 24 27 27 15 27 25 12 20 29 50 34 27 23 38 27 25 27 27 27 50 50 15 30 43 29 27 10 10 27
26 25 26 23 26 28 26 26 28 26 26 26 27 28 28 28 29 29 26 26 28 28 26 26 28 26 26 26 26 26 24 26 33 29 29 28 23 25 25 27 29 29 27 29 27 29 29 15 21 29 27 30 27 21 29 27 27 27 31 29 25 29 16 27 27 22 16 20 24 27 27 25 25 27 29 27 25 43 27 27 18 27 27 29 27 33 27 29 24 13 27 35 43 43 37 18
26 28 26 26 26 26 26 30 37 26 26 28 26 28 28 28 26 26 26 26 26 29 29 29 29 26 21 28 28 26 26 28 26 29 29 27 19 26 27 29 29 27 25 23 22 14 15 18 29 27 27 27 25 29 29 24 27 8 8 17 21 21 27 25 21 19 21 18 27 27 27 27 27 27 18 6 8 25 27 27 27 27 25 25 24 22 36 27 26 41 28 25 27 25 45 36
23 26 25 26 26 28 26 26 17 23 25 26 24 28 26 24 31 28 29 26 26 26 26 27 25 27 26 26 26 18 16 13 23 26 29 29 29 25 29 29 29 27 24 21 29 27 27 9 15 25 27 27 25 27 29 21 25 27 25 29 27 16 29 27 31 32 33 22 32 27 27 27 27 25 21 25 27 28 14 29 25 25 27 25 28 29 27 34 23 28 25 15 25 27 27 31
26 28 28 28 26 26 26 26 29 28 26 27 26 26 28 28 28 28 29 26 29 29 28 24 29 29 27 29 26 28 27 18 28 29 29 29 29 29 21 31 29 29 7 20 29 31 27 29 24 24 25 27 27 29 19 17 27 29 27 31 27 15 21 25 25 27 27 30 17 27 27 27 27 17 36 31 21 25 25 22 16 13 13 12 25 25 27 23 24 21 27 37 32 21 17 18
29 26 26 26 26 28 26 26 26 29 29 29 27 27 26 26 28 26 29 26 26 29 26 26 28 28 29 27 19 28 26 29 29 26 29 29 26 29 13 25 28 24 29 25 25 35 30 17 12 21 27 27 10 11 14 29 29 29 27 27 27 27 27 27 27 25 9 10 38 9 27 27 27 27 27 27 27 27 25 16 14 27 25 27 28 27 27 25 18 28 27 27 27 20 28 17
31 27 26 28 26 26 24 26 22 24 29 29 26 26 28 26 26 26 26 29 28 28 28 28 26 29 29 20 21 29 29 29 29 20 27 32 29 27 14 13 14 23 27 27 14 14 17 27 24 1 14 15 14 27 27 27 27 27 37 25 21 27 35 23 14 27 19 27 27 13 17 27 27 27 25 32 37 27 41 39 27 18 15 21 22 27 21 21 27 21 30 27 27 27 20 18
26 23 26 28 28 26 26 28 25 28 29 29 35 26 27 26 26 26 26 26 28 26 28 28 28 29 29 29 31 22 29 29 29 11 19 33 27 27 27 17 20 29 27 25 27 27 27 22 25 27 15 18 29 29 27 25 27 27 12 27 20 17 24 26 33 16 21 26 27 27 25 15 8 12 16 21 25 27 27 63 37 27 23 20 25 27 25 27 27 13 27 27 25 27 15 22
12 13 22 22 20 26 24 28 28 35 28 26 28 26 27 26 28 28 28 26 26 26 26 26 28 26 29 27 25 27 29 29 25 27 27 20 29 29 27 25 25 29 29 25 25 27 27 25 29 25 27 25 25 29 29 25 25 29 16 11 12 14 27 27 17 24 36 26 27 12 22 24 19 27 11 27 14 29 27 23 34 22 31 18 25 25 27 25 27 27 27 25 27 22 18 16
26 26 26 28 28 26 28 28 27 32 28 28 26 27 27 26 20 28 28 21 28 26 26 28 28 26 18 20 22 29 29 29 29 27 27 19 29 29 29 27 27 27 27 27 25 27 27 27 21 15 12 14 23 22 15 21 30 27 27 16 20 27 19 25 17 15 21 36 31 33 28 38 35 46 38 30 26 28 23 20 24 28 25 25 27 25 25 30 25 25 27 15 18 16 22 22
24 26 26 28 26 26 26 26 9 22 26 26 24 26 23 25 22 29 23 25 27 27 26 26 28 26 26 28 26 29 27 27 27 29 27 25 27 29 29 27 29 27 25 27 27 27 27 24 22 25 27 29 29 25 27 25 25 22 25 27 25 21 14 13 25 19 18 25 29 45 29 26 23 22 39 34 36 19 22 20 19 21 27 27 41 30 3 27 27 23 24 17 20 19 16 15
26 26 25 26 26 25 29 28 17 26 32 26 26 25 25 25 25 27 19 26 27 27 24 27 29 29 28 29 26 28 29 26 26 26 29 25 27 27 25 25 27 29 27 27 25 29 29 25 30 28 27 27 25 27 25 25 27 27 25 27 29 12 14 10 22 29 18 29 29 21 20 31 32 17 13 33 63 33 20 25 20 59 41 22 27 59 45 16 25 25 27 25 11 32 23 22
32 25 9 26 10 15 23 19 19 26 24 26 25 23 26 26 26 22 22 26 23 22 25 27 29 27 29 29 27 27 29 26 28 28 27 29 27 27 27 25 27 25 27 27 25 27 24 25 30 27 27 29 25 27 25 27 24 27 27 27 27 15 20 12 12 27 14 14 16 14 13 14 17 19 21 27 27 45 30 21 23 23 25 48 22 24 50 53 39 29 27 34 32 22 13 13
26 26 23 26 26 26 26 23 23 26 28 26 28 26 26 28 24 26 26 26 25 25 27 25 25 26 27 24 27 27 25 27 28 29 29 27 29 29 27 29 27 27 25 25 27 27 27 25 23 27 27 27 27 25 27 17 15 25 27 27 27 14 19 22 24 20 22 26 21 19 16 38 33 26 39 29 27 28 27 18 21 28 22 14 37 24 22 27 21 27 25 18 14 23 25 16
28 26 27 40 38 26 19 24 26 26 26 26 26 26 26 26 24 28 28 26 25 25 25 25 25 25 29 26 26 27 25 27 25 29 29 27 27 25 29 27 27 29 29 27 30 25 26 28 28 27 27 27 23 20 18 29 25 21 29 27 27 15 19 11 14 21 17 21 21 19 33 24 18 27 25 29 22 37 53 46 34 19 23 15 55 57 45 25 18 21 20 18 16 12 27 26
26 19 5 26 14 21 22 26 30 28 26 26 26 28 26 26 28 30 26 26 26 29 29 25 29 25 27 27 29 28 29 31 27 27 29 27 29 25 27 25 27 27 27 27 25 28 26 28 25 25 27 25 27 14 21 23 17 23 27 25 13 17 23 23 17 16 18 15 14 57 25 30 24 21 38 48 37 28 19 18 16 18 22 15 21 24 24 33 12 16 17 16 17 13 27 13
