examples/data/proba_v_italy_sicily/probav_s10_toc_x19y03_20140721_333m_ndvi_v001.txt
ncols         1127
nrows         589
xllcorner     12.348214285714
yllcorner     36.598214285714
cellsize      0.0029761904761905
NODATA_value  -9999
[rows 204 to 254 of 589, columns 864 to 959 of 1127]
111 103 67 146 179 178 183 171 163 154 149 169 151 97 58 59 56 54 50 47 36 45 42 35 35 47 38 35 38 36 45 42 41 42 46 47 33 30 29 31 33 36 44 43 49 46 54 62 107 157 184 198 215 228 224 225 230 227 231 237 229 202 187 194 196 193 189 194 196 202 199 177 145 143 138 133 139 154 168 161 153 180 186 180 187 190 182 182 179 167 137 160 169 159 158 122
141 150 138 145 143 139 155 160 144 161 151 141 106 83 65 68 69 60 49 51 41 37 44 46 43 38 43 42 40 47 40 44 66 45 45 32 29 34 33 30 31 34 37 40 50 37 41 52 72 105 121 101 124 169 166 150 207 234 235 233 217 192 190 181 155 149 179 195 206 207 190 202 200 166 133 127 143 166 169 166 164 176 191 188 201 199 177 164 147 126 147 181 178 163 158 108
151 171 181 191 176 135 135 150 143 148 157 118 85 67 69 83 106 121 90 69 55 41 41 38 41 45 40 43 56 40 40 44 68 49 49 40 38 46 33 31 32 35 37 43 56 39 51 72 46 58 67 70 81 110 168 191 213 233 238 236 217 192 187 199 190 162 195 212 213 222 219 203 198 205 193 157 152 164 177 164 152 145 168 184 186 182 175 176 176 136 137 175 188 143 111 102
212 211 201 172 158 138 134 143 146 140 140 142 116 97 122 143 137 140 99 61 69 49 41 45 42 40 42 41 43 54 40 40 45 52 45 30 36 39 43 33 39 39 43 40 57 47 46 50 55 57 63 69 74 86 126 162 183 196 201 201 201 204 203 210 198 171 188 205 207 206 219 210 205 208 198 180 172 171 172 155 128 137 166 157 155 171 184 185 183 138 123 163 174 140 89 74
200 173 167 184 185 160 152 153 146 148 147 140 131 154 160 159 136 111 107 92 59 47 43 43 42 39 39 49 47 51 39 39 46 46 44 40 33 33 56 43 41 36 33 33 45 41 42 49 51 48 63 70 61 60 92 122 130 119 135 163 173 176 186 204 210 195 213 220 223 193 197 211 218 208 190 192 191 183 168 159 141 148 170 155 151 187 194 190 170 133 105 120 113 87 73 67
176 186 210 210 208 209 222 224 206 192 171 139 152 153 142 130 114 93 115 127 87 50 47 51 42 41 45 42 37 61 38 40 52 51 59 55 89 50 41 40 41 45 43 41 43 44 44 47 40 54 80 112 91 67 99 186 196 191 180 189 185 187 189 193 198 183 201 194 184 177 177 183 181 182 194 175 170 184 183 190 196 183 162 169 176 191 196 183 149 93 74 80 85 95 99 87
161 158 188 198 221 225 214 203 187 158 116 98 104 96 62 59 60 63 83 100 133 138 107 67 48 41 39 41 40 53 41 52 45 44 50 50 98 94 42 31 44 42 34 43 40 38 33 50 56 70 92 136 145 100 114 173 194 198 208 229 213 195 184 206 206 181 173 173 176 191 211 206 199 192 181 186 174 170 170 165 182 185 154 149 156 169 179 142 88 67 68 75 90 111 110 99
141 162 202 203 203 193 140 109 104 92 82 70 72 68 75 61 60 69 113 140 142 157 149 113 66 40 38 44 38 52 42 66 44 46 48 51 50 48 42 33 29 46 33 40 40 37 36 39 49 54 66 100 120 99 89 131 146 165 201 226 232 207 160 171 177 161 133 162 175 192 203 190 180 196 199 195 195 173 164 155 158 166 175 167 157 172 145 94 85 86 80 85 94 104 101 93
168 179 165 149 143 138 152 147 111 92 97 111 129 99 75 62 68 120 158 161 147 148 142 110 54 45 41 40 39 51 43 54 64 88 89 50 45 32 41 38 44 37 38 49 42 40 46 41 45 60 83 166 196 157 107 135 138 159 185 223 228 233 208 181 168 191 186 196 201 189 189 189 177 193 213 206 199 174 160 144 125 124 133 146 164 142 99 93 135 162 129 91 93 100 97 100
200 176 149 135 157 181 181 149 126 172 202 175 127 110 101 101 139 170 173 167 144 106 58 41 41 40 41 42 43 45 43 63 55 105 117 114 55 45 35 40 42 45 36 39 46 85 122 117 112 80 75 96 137 129 75 111 129 144 191 219 223 221 217 224 199 180 186 198 214 205 178 171 169 172 183 206 209 185 187 172 132 121 109 100 111 111 101 106 138 163 142 104 92 102 115 120
145 131 127 165 171 168 144 122 160 197 192 168 144 131 130 155 176 172 149 136 106 85 84 47 41 42 49 76 61 46 49 66 101 111 122 140 140 109 82 45 44 57 51 39 107 193 207 204 193 168 121 69 63 75 78 80 129 136 167 199 209 202 187 201 233 239 208 189 208 211 191 165 181 183 160 178 191 151 164 175 174 155 150 141 137 138 113 130 122 134 138 120 115 135 162 160
166 175 158 163 172 144 112 131 148 146 140 148 149 166 189 191 177 165 175 171 139 126 106 46 40 41 52 83 72 90 78 110 142 146 134 135 148 153 153 153 169 176 177 190 213 215 199 207 217 212 211 201 191 180 190 217 231 214 177 182 208 218 195 183 226 249 216 171 168 171 184 183 174 178 175 181 188 162 163 157 167 175 158 144 137 119 134 139 138 157 154 122 123 131 154 170
164 186 195 177 156 133 118 136 160 165 148 160 173 200 201 191 192 198 190 167 133 127 107 57 90 77 52 64 54 94 134 148 152 147 143 140 140 147 176 198 203 204 211 217 225 227 215 212 220 211 213 215 221 228 232 234 238 230 182 186 200 209 197 179 191 223 222 182 183 185 177 187 189 188 191 189 189 171 162 163 182 189 170 140 130 116 123 137 157 180 162 144 134 154 169 164
186 196 192 182 148 132 147 169 160 169 172 189 204 208 206 203 207 204 186 151 134 131 127 136 127 99 47 56 59 76 113 149 168 158 146 136 138 145 184 214 215 218 229 233 233 230 227 222 214 210 220 220 218 218 228 230 231 228 202 176 186 186 164 155 155 170 182 168 164 154 148 166 162 165 174 171 167 163 158 142 143 162 147 153 125 98 123 138 148 148 133 147 175 180 162 140
200 189 169 162 154 152 156 162 167 183 198 206 209 206 206 209 212 189 162 144 141 147 157 161 128 88 114 82 59 63 105 161 205 201 180 147 136 142 174 224 229 234 238 235 227 229 231 226 216 205 216 225 219 219 226 230 230 220 199 177 172 163 155 151 136 149 155 164 172 153 154 164 161 160 162 165 158 159 161 164 150 141 133 144 155 128 115 155 152 123 161 156 131 149 154 124
190 186 171 159 170 172 170 165 169 188 190 214 211 206 203 204 193 163 143 126 129 138 147 140 105 50 67 54 60 91 112 112 158 201 206 181 156 161 166 196 220 218 201 183 162 179 201 204 211 221 230 232 231 233 223 227 228 219 205 190 193 171 146 138 156 151 139 157 164 161 172 168 167 168 154 127 141 164 174 179 170 146 144 166 152 143 110 151 173 155 169 166 105 69 125 137
191 163 158 167 174 177 172 192 200 174 195 208 205 203 207 193 181 167 126 124 149 161 144 89 53 59 51 56 59 83 123 110 107 149 187 184 144 139 135 126 154 157 121 95 102 113 118 117 132 172 194 202 204 202 194 194 189 192 201 203 188 167 145 125 130 141 146 140 153 151 155 155 168 167 150 168 170 169 152 150 162 142 126 161 131 105 119 147 172 169 157 136 109 101 139 146
179 177 182 190 208 188 188 194 199 201 198 208 212 209 183 153 120 156 179 170 171 198 186 70 58 53 52 59 120 69 69 64 93 87 129 144 135 123 137 116 92 100 106 104 101 106 116 113 126 129 113 109 127 133 131 156 188 205 201 181 144 117 102 115 149 131 145 144 146 143 152 152 150 137 136 163 156 169 144 163 169 146 122 174 156 116 109 144 152 145 132 142 140 146 130 134
192 190 192 203 200 194 194 198 200 202 199 206 193 158 130 136 164 187 208 188 202 237 220 122 54 55 52 120 217 139 69 68 69 69 132 211 198 143 141 134 122 124 118 109 102 103 112 129 193 201 152 165 151 158 151 149 181 166 186 192 181 126 96 110 134 135 145 141 142 149 148 134 156 151 135 123 150 158 148 155 137 151 168 161 149 145 161 137 151 153 129 124 123 156 175 178
203 200 190 194 206 203 186 185 196 207 207 213 179 144 161 172 163 199 216 200 214 237 198 129 161 67 57 148 206 189 73 68 70 68 88 126 133 126 140 145 142 142 143 145 137 113 104 111 135 162 165 189 219 233 232 224 236 235 219 230 219 150 120 134 140 131 141 156 163 160 151 143 128 131 109 112 134 142 172 163 152 145 168 153 156 139 151 134 145 152 147 119 125 158 153 172
217 214 186 189 202 207 191 181 189 203 192 177 167 203 196 188 154 193 223 215 220 216 145 133 144 67 59 126 183 174 70 72 71 70 71 83 89 127 151 152 141 141 149 157 160 150 137 112 117 162 203 226 233 236 239 239 231 233 233 229 221 198 152 157 143 133 135 154 159 150 124 112 123 124 141 162 174 172 158 151 161 161 161 159 160 145 136 145 150 142 138 154 170 160 150 140
206 203 191 205 196 189 189 184 188 174 171 140 157 182 176 138 169 189 224 232 210 170 145 125 168 186 130 71 73 99 107 85 75 97 98 110 139 141 161 189 179 164 167 162 163 174 203 200 155 131 170 201 221 232 237 232 216 209 220 224 214 197 169 157 150 147 166 177 164 150 146 165 166 147 169 169 190 178 167 171 164 175 175 168 149 147 167 161 146 163 172 151 153 168 165 135
231 223 210 209 195 194 189 194 175 164 144 143 149 150 147 160 197 185 212 210 175 145 155 147 214 216 178 133 73 138 173 125 76 71 81 152 160 145 160 198 207 198 198 200 203 201 219 231 222 183 178 197 205 210 214 220 221 206 186 186 191 166 164 175 153 153 163 165 156 170 166 183 179 172 160 159 161 159 159 167 164 166 168 164 144 136 161 157 144 160 161 159 166 157 143 91
197 197 197 206 192 190 196 188 175 149 136 144 152 144 148 135 154 175 172 162 184 182 148 168 208 199 184 131 73 100 147 135 109 99 83 132 155 145 146 188 221 219 208 221 229 220 212 220 233 219 181 201 171 166 181 188 199 206 189 178 164 141 144 173 172 175 159 163 132 161 186 175 160 158 149 147 154 163 151 142 150 150 148 154 135 140 152 157 164 167 172 184 178 165 145 27
190 203 182 190 190 204 200 187 155 145 147 143 136 147 150 136 140 179 167 205 217 209 154 186 192 198 187 77 125 173 121 130 123 99 114 122 137 139 149 197 232 231 219 221 232 231 215 217 237 237 206 207 207 186 192 189 174 178 174 175 162 140 137 155 167 171 166 160 148 159 169 171 161 141 153 167 160 165 151 156 170 163 141 145 138 151 163 168 176 177 174 168 155 160 140 28
168 182 189 199 193 190 191 181 156 154 153 151 155 166 159 141 115 188 188 141 205 216 193 148 195 188 186 82 140 186 169 134 119 109 129 134 132 134 171 211 226 233 229 219 229 236 236 235 240 244 244 229 228 222 226 204 175 170 176 173 168 151 148 154 159 160 164 160 146 144 156 147 143 127 159 168 173 169 143 143 154 162 146 135 144 147 158 168 177 182 183 173 170 155 127 28
185 190 203 206 183 191 197 169 164 162 153 154 164 167 161 159 125 153 164 157 210 202 184 133 200 202 199 86 75 113 115 91 149 163 138 118 112 114 164 224 233 233 229 226 224 232 237 238 240 245 247 242 211 197 201 209 171 156 162 151 139 144 160 155 145 152 157 166 153 171 186 143 124 112 132 149 148 154 152 149 142 142 118 115 154 167 154 174 196 186 191 184 179 166 116 28
171 174 178 186 175 174 178 164 174 177 168 169 169 159 161 161 150 164 178 139 171 175 163 143 205 198 207 139 127 121 99 108 188 213 162 115 117 135 181 206 218 227 232 231 229 229 235 235 242 236 236 246 216 170 183 196 172 166 180 158 137 145 157 165 152 161 164 168 156 160 170 173 126 131 145 162 182 178 169 152 135 125 107 117 144 163 173 179 175 170 182 159 137 139 28 30
157 154 151 162 154 147 122 150 192 206 214 187 177 177 180 167 165 170 155 117 152 149 148 145 188 189 113 125 120 116 118 132 161 184 159 144 150 185 217 229 231 220 232 234 225 213 209 214 225 230 229 234 212 178 157 161 151 161 194 182 154 139 157 167 150 160 159 157 154 152 150 142 140 139 160 163 155 168 153 152 139 142 139 123 126 158 172 156 135 153 165 146 114 99 33 61
163 160 158 158 135 124 104 142 187 188 188 189 196 195 176 149 191 205 176 125 138 180 173 190 203 185 110 144 156 151 133 129 127 152 183 194 201 199 210 208 199 222 222 217 204 188 187 209 223 211 192 187 180 170 163 159 154 146 153 143 124 130 149 162 157 171 176 154 147 154 126 148 143 152 144 151 148 138 122 128 137 135 141 156 150 144 160 157 139 157 158 147 130 121 110 28
158 161 151 147 139 126 108 131 180 181 169 187 203 196 180 176 190 201 196 169 134 187 196 166 162 141 86 113 131 119 109 130 143 126 178 221 226 220 198 192 181 201 192 180 172 180 200 229 234 220 196 187 175 191 171 177 194 165 138 124 135 149 165 177 182 178 177 165 155 160 163 156 157 157 153 153 161 168 166 177 152 136 143 158 167 149 148 147 134 155 153 142 123 110 97 27
158 156 151 149 145 135 129 148 174 174 178 180 189 179 170 167 181 173 174 144 120 155 139 122 103 110 91 86 83 97 131 204 222 204 180 219 236 225 204 207 197 179 199 199 189 194 181 204 207 193 207 219 221 219 202 193 208 179 151 152 146 141 152 158 173 160 147 141 153 163 160 164 154 145 143 146 145 156 152 150 151 145 150 157 162 160 132 111 118 152 145 123 98 80 62 48
160 158 154 154 142 134 141 147 161 172 175 166 162 163 158 161 165 159 140 122 140 147 125 108 112 130 122 99 96 96 132 201 223 217 186 202 222 213 206 199 195 194 219 225 221 213 184 184 182 174 182 184 209 191 181 188 196 190 159 154 146 149 144 150 159 161 144 141 147 144 142 149 143 141 147 145 141 149 158 145 136 152 146 151 160 165 143 147 154 149 135 105 68 29 64 51
152 159 161 143 138 141 144 148 150 159 159 167 163 163 153 165 148 140 123 129 144 165 160 158 136 126 113 100 135 138 158 214 229 215 226 231 221 216 207 205 217 223 222 213 203 186 176 166 168 168 165 153 165 172 179 178 174 178 151 134 153 150 134 138 145 128 122 139 143 129 126 156 164 157 150 149 139 132 128 110 136 167 156 162 176 173 149 159 167 160 142 96 70 28 28 28
149 163 169 155 124 125 145 145 142 156 158 161 154 154 165 166 156 131 142 162 159 161 166 166 163 142 131 132 116 128 176 215 207 215 230 242 243 243 218 205 197 201 182 167 168 186 210 187 155 152 159 171 154 164 175 180 167 155 141 140 154 162 147 141 123 93 95 125 146 165 153 148 151 158 155 150 140 140 143 133 124 157 176 162 152 165 157 152 144 150 125 53 29 29 28 43
153 155 155 146 134 126 144 139 136 163 155 154 145 168 153 137 119 131 184 180 156 158 157 155 143 138 101 78 88 98 157 207 218 204 205 197 216 216 185 158 163 180 171 138 154 190 187 172 169 167 164 163 161 164 184 205 181 152 151 161 151 142 133 137 137 134 138 142 154 167 164 145 143 163 167 155 145 124 134 140 138 144 180 182 164 146 138 126 106 102 55 30 30 35 49 41
153 155 154 130 131 130 128 126 138 154 145 139 152 155 140 136 138 134 171 185 162 156 154 152 142 120 93 67 110 118 151 200 199 208 215 204 200 170 167 179 181 182 180 156 159 166 153 160 173 174 158 146 161 161 158 161 157 154 161 158 153 138 129 128 123 124 143 136 138 156 147 131 146 164 165 146 148 134 155 163 154 138 134 158 177 133 106 87 143 79 30 30 30 29 29 28
150 149 147 141 119 125 133 120 150 151 159 170 147 130 118 119 130 129 161 153 145 151 162 155 149 140 129 93 125 145 125 173 196 199 217 201 172 171 186 174 155 156 172 167 161 156 168 169 164 155 145 133 147 149 150 135 140 170 161 153 161 164 144 136 128 137 183 181 133 118 132 124 131 151 145 132 146 135 137 149 147 139 107 133 171 143 99 43 30 116 72 52 29 29 28 28
150 160 151 152 144 121 117 131 143 145 157 168 151 124 120 134 128 146 152 143 144 154 148 147 149 157 152 108 109 145 128 122 163 185 164 169 180 169 159 146 137 144 139 140 138 131 154 155 154 150 136 127 132 136 143 138 143 158 158 152 149 148 151 129 130 154 162 187 172 156 140 131 129 139 138 131 139 136 117 119 117 104 125 146 170 143 102 28 31 30 86 57 27 28 29 28
139 157 157 143 136 135 136 131 147 158 161 156 151 139 131 149 159 160 147 147 157 157 142 138 139 140 148 133 134 159 145 128 124 145 152 162 171 154 144 141 132 129 124 118 119 127 140 137 130 146 164 143 128 128 133 148 158 147 148 149 149 151 136 113 124 146 141 129 117 122 116 115 131 135 136 119 110 141 147 132 110 89 127 158 156 148 130 37 31 31 76 53 42 42 30 29
136 143 135 111 113 131 140 143 158 169 159 144 139 130 131 149 158 157 143 144 146 141 140 151 137 124 136 143 144 144 138 117 123 131 143 146 137 138 134 133 130 133 133 127 121 122 132 128 108 126 138 131 109 114 126 139 137 139 122 130 145 148 158 150 130 123 120 130 124 132 140 137 128 127 135 132 136 132 139 127 130 99 112 118 134 144 140 86 29 30 30 63 30 30 58 48
115 117 115 122 127 132 133 160 192 190 164 139 133 137 160 165 153 142 136 144 149 143 134 141 133 99 114 143 148 152 160 161 139 123 126 126 123 137 126 119 129 121 134 138 118 107 106 109 101 109 116 107 113 109 106 130 144 160 165 138 143 145 135 139 129 131 143 159 145 147 149 139 115 115 112 105 105 110 116 119 108 87 101 120 129 137 133 32 47 29 30 30 29 30 49 30
135 141 138 133 135 136 118 143 167 181 172 148 149 170 160 155 151 140 143 140 142 138 125 131 121 122 115 120 146 143 148 146 150 150 132 124 121 134 133 124 123 109 117 126 116 90 83 85 91 100 115 103 106 109 109 126 149 174 165 155 146 132 138 148 147 138 139 148 148 135 135 116 110 134 137 107 117 125 116 112 104 77 68 73 118 102 85 30 35 38 30 30 30 30 30 52
132 145 147 129 128 133 123 137 175 179 176 153 134 162 148 145 144 149 155 146 137 130 124 134 131 128 125 120 126 128 126 123 117 121 115 102 95 88 110 134 129 116 118 119 107 91 95 124 112 108 107 98 94 89 92 115 127 143 145 141 132 120 147 150 132 107 112 120 130 138 139 140 141 115 114 119 137 137 129 89 74 74 64 72 117 94 54 45 43 45 43 31 31 30 30 30
140 145 146 130 128 138 148 156 162 174 168 144 154 167 161 149 148 157 156 147 132 135 118 129 142 148 141 129 129 122 105 101 93 87 85 81 97 109 128 140 124 122 115 116 117 107 119 141 137 122 120 115 117 108 113 140 154 144 121 108 125 125 124 142 154 159 164 164 146 129 146 162 168 137 127 160 162 126 99 100 96 82 65 64 105 147 52 41 42 32 32 30 31 30 30 30
126 141 139 129 135 138 138 153 160 161 148 140 147 157 152 149 142 139 147 141 134 132 123 110 127 126 129 115 107 109 137 125 113 115 109 123 138 141 158 157 129 122 127 122 121 120 118 122 139 136 130 121 117 116 122 144 153 150 131 98 94 101 116 144 159 144 140 126 115 109 127 132 141 138 120 145 151 123 110 102 94 72 66 81 132 106 55 37 32 31 31 31 30 31 31 30
133 141 137 142 144 147 147 148 144 114 125 137 151 168 141 133 140 133 139 140 133 122 112 115 115 128 148 122 118 141 149 132 139 155 138 135 128 126 133 129 131 138 134 119 118 120 119 118 126 140 135 126 132 128 128 145 142 137 121 120 128 112 120 124 134 123 108 111 91 78 81 114 140 117 106 116 150 147 115 76 78 66 66 88 123 111 66 63 57 48 42 40 30 30 31 29
123 133 134 124 140 141 140 137 127 119 138 149 159 171 156 136 156 139 149 152 123 108 107 114 119 124 145 122 104 121 137 117 118 120 114 120 115 117 127 137 132 125 123 130 123 134 126 116 122 126 126 118 132 141 143 157 164 152 146 142 137 121 101 100 112 109 121 154 128 83 88 141 147 112 73 122 182 156 132 99 97 84 70 83 105 113 36 33 49 55 53 32 31 38 31 31
119 135 137 142 133 136 135 121 101 92 112 140 147 153 151 161 145 144 145 150 129 105 86 102 128 148 153 126 129 107 116 136 141 126 117 118 115 114 116 133 134 121 122 129 135 124 133 121 121 125 120 132 153 141 136 149 154 158 177 164 132 127 118 118 119 121 141 117 126 123 124 154 147 94 70 90 141 130 107 103 109 103 75 83 126 136 44 35 35 33 33 32 31 31 31 31
79 87 125 154 140 115 102 101 99 123 124 133 141 142 141 143 141 141 144 135 129 99 93 117 146 170 153 129 127 115 117 111 131 141 133 118 110 115 118 122 129 129 127 134 155 134 118 120 123 131 137 153 145 135 133 136 140 145 154 162 138 129 112 110 117 137 132 124 139 142 131 147 166 125 86 86 143 161 125 104 113 107 70 107 147 131 44 35 36 34 32 32 32 31 31 31
124 114 127 117 123 120 118 147 151 139 129 125 138 137 122 137 136 129 121 127 98 90 96 136 155 162 132 103 110 94 120 121 136 138 126 118 118 113 114 119 129 147 129 128 144 135 128 128 140 138 138 148 142 130 130 145 143 145 147 159 173 140 131 112 116 138 158 143 146 140 154 126 138 111 97 108 142 178 171 136 110 106 104 109 157 144 45 35 35 36 36 35 33 32 33 32
