examples/data/proba_v_italy_sicily/probav_s10_toc_x19y03_20141121_333m_ndvi_v001.txt
ncols         1127
nrows         589
xllcorner     12.348214285714
yllcorner     36.598214285714
cellsize      0.0029761904761905
NODATA_value  -9999
[rows 0 to 50 of 589, columns 288 to 383 of 1127]
27 37 20 19 20 20 19 19 18 20 20 22 21 19 19 21 23 22 18 19 20 21 19 19 20 20 19 19 19 19 25 29 29 27 24 37 19 19 37 37 21 19 21 21 21 20 21 37 37 37 37 37 37 37 37 37 37 37 37 37 37 37 37 37 37 37 37 21 24 22 23 27 27 29 30 37 37 37 37 37 37 37 37 37 37 37 37 37 37 37 37 37 37 25 34 35
26 37 20 21 20 20 19 19 19 19 20 19 18 19 19 19 21 24 19 18 19 20 20 20 21 20 20 19 19 20 19 19 22 23 22 21 37 37 37 37 37 37 21 21 22 22 21 21 18 18 37 37 37 37 37 37 37 37 37 37 37 37 37 37 37 37 18 22 23 23 23 24 24 25 25 37 37 37 37 37 37 37 37 37 37 37 37 37 37 37 37 37 37 26 24 31
25 37 22 23 23 21 21 20 20 22 37 20 20 19 21 20 19 22 22 19 18 20 19 21 22 20 19 20 19 19 18 19 19 21 19 37 37 20 24 37 37 37 22 37 37 37 37 21 22 20 18 37 37 37 37 37 37 37 37 37 37 37 37 37 19 19 19 23 26 23 24 26 28 25 26 29 37 37 37 37 37 37 37 37 37 37 37 37 37 37 37 37 37 37 37 37
23 21 22 23 25 25 24 21 22 25 23 20 21 20 19 19 19 19 22 21 18 20 19 19 20 19 19 19 21 21 19 19 19 18 19 15 18 23 27 37 37 37 37 37 37 37 37 37 19 20 21 19 37 37 37 37 37 37 37 37 37 37 37 37 37 21 20 21 24 26 26 28 28 29 24 27 37 37 37 37 37 37 37 37 37 37 37 37 37 37 37 37 37 37 27 28
19 19 18 18 19 22 22 23 21 23 25 37 20 21 20 18 18 19 21 22 19 21 19 16 19 21 21 21 21 21 21 21 20 19 37 19 25 22 37 37 37 37 37 37 37 37 37 37 37 37 21 20 37 37 37 37 37 37 37 37 37 37 37 37 37 37 37 37 24 23 24 25 27 27 29 28 30 29 37 37 37 37 37 37 37 37 37 25 32 30 37 37 37 30 37 25
37 19 20 19 18 20 21 22 20 20 24 25 21 24 20 22 18 18 18 24 20 23 25 22 18 37 37 20 20 21 19 21 20 19 17 19 26 24 37 37 37 37 37 37 37 37 37 37 37 37 37 37 37 37 37 37 37 37 37 37 37 37 37 37 37 37 37 37 37 37 22 22 28 27 29 31 30 34 31 37 37 37 37 37 37 37 37 37 37 37 37 37 37 29 31 27
37 37 21 22 20 25 20 20 20 20 21 23 23 25 20 19 22 20 21 24 24 19 18 27 24 19 19 21 20 20 21 20 20 20 20 19 18 18 37 37 37 37 37 37 37 37 37 37 37 37 37 37 37 37 37 37 37 37 37 37 37 37 37 37 37 37 37 37 37 37 37 37 37 24 23 26 30 32 38 32 37 37 37 37 37 37 37 37 37 37 37 37 37 37 37 37
37 37 21 21 20 23 26 25 24 22 21 21 21 25 24 21 23 26 25 22 23 21 20 21 26 26 20 17 16 19 21 24 19 19 20 19 19 18 37 37 37 37 37 37 37 37 37 37 37 37 37 37 37 37 37 37 37 37 37 37 37 37 37 37 37 37 37 37 37 37 37 37 37 37 37 37 37 23 32 39 34 37 37 37 37 37 37 37 36 35 34 35 37 37 37 29
25 25 25 37 37 22 24 24 23 20 19 20 20 20 21 18 18 19 20 19 19 20 25 25 21 26 26 21 18 18 19 23 20 19 19 19 19 37 37 37 37 37 37 37 37 37 37 37 37 37 37 37 37 37 37 37 37 37 37 37 37 37 37 37 37 37 37 37 37 37 37 37 37 37 37 37 37 37 26 33 35 32 30 30 37 37 24 26 26 25 25 28 33 32 26 26
23 22 24 37 37 37 22 21 22 22 37 37 20 20 20 20 20 21 20 21 23 22 23 23 23 22 23 37 20 16 17 20 18 18 19 19 20 19 37 37 37 37 37 37 37 37 37 37 37 37 37 37 37 37 37 37 37 37 37 37 37 37 37 37 37 37 37 37 37 37 37 37 37 37 37 37 37 37 37 23 26 27 26 37 37 37 22 22 27 37 37 24 27 29 37 27
21 23 24 24 24 37 37 37 21 23 24 23 20 20 20 20 20 21 21 19 21 23 25 23 20 25 26 26 24 20 17 20 19 19 17 37 37 19 19 19 37 37 37 37 37 37 37 37 37 37 37 37 37 37 37 37 37 37 37 37 37 37 37 37 37 37 37 37 37 37 37 37 37 37 37 37 37 37 37 21 27 31 29 37 37 37 37 26 30 31 37 29 29 31 29 28
21 21 22 23 24 24 37 37 21 22 23 24 22 22 20 20 20 20 19 18 19 20 22 25 23 23 23 24 23 20 18 22 18 19 19 18 19 19 18 18 37 37 37 37 37 37 37 37 37 37 37 37 37 37 37 37 37 37 37 37 37 37 37 37 37 37 37 37 37 37 37 37 37 37 37 37 37 37 37 21 22 30 35 37 37 36 33 31 27 27 26 25 25 24 26 28
22 22 22 22 24 24 24 23 21 21 22 22 21 22 21 20 19 19 20 19 21 19 20 21 21 20 21 23 26 26 22 22 20 18 19 22 22 23 23 23 23 19 19 19 37 37 37 37 37 37 37 37 37 37 37 37 37 37 37 37 37 37 37 37 37 37 37 37 37 37 24 27 37 37 37 37 37 37 37 20 22 21 23 37 37 27 27 27 28 28 26 24 26 27 23 25
21 22 22 23 24 24 23 22 21 21 21 21 21 21 21 20 20 20 20 20 20 20 21 21 22 22 21 22 23 26 25 22 19 16 18 19 19 19 21 19 19 19 19 17 37 21 21 21 19 18 37 37 37 37 19 37 37 37 37 37 37 37 37 37 37 37 37 37 37 37 37 37 37 37 37 37 37 37 20 21 22 23 37 37 37 23 25 27 27 26 25 26 37 27 27 24
21 22 22 22 22 22 22 22 22 22 21 21 21 21 21 21 21 21 21 20 21 21 22 22 22 23 22 20 21 24 24 24 23 24 21 17 20 23 19 18 18 19 20 16 37 37 20 21 20 18 17 17 19 19 19 37 37 37 37 37 37 37 37 37 37 37 37 37 37 37 37 37 37 37 37 37 37 37 23 24 25 26 37 37 24 23 26 26 27 27 26 27 37 37 25 23
22 21 22 21 21 21 20 21 21 22 23 22 22 22 21 21 22 22 20 20 21 21 20 22 22 22 22 20 20 21 21 21 20 22 22 22 22 20 21 21 18 20 22 20 37 12 37 21 23 19 16 16 19 18 19 37 37 37 37 37 37 37 37 37 37 37 37 37 37 37 37 37 37 37 37 37 37 37 21 22 23 24 37 37 25 25 23 25 28 27 28 28 37 37 37 37
22 22 23 22 22 21 21 21 21 21 21 20 21 22 22 21 21 20 20 21 21 21 21 21 23 23 23 23 22 21 22 21 21 20 20 20 21 20 20 21 20 20 22 37 20 20 17 15 22 21 19 16 16 18 20 19 19 19 37 37 37 37 37 37 37 37 37 37 37 37 37 37 37 37 37 37 37 37 19 20 20 22 37 37 25 25 24 25 26 27 26 28 30 37 37 37
22 22 22 22 23 21 21 20 21 21 21 21 21 21 22 21 20 21 22 21 21 21 21 21 22 25 24 22 23 22 22 21 21 20 20 21 21 21 20 21 22 22 23 23 24 22 17 15 15 23 21 19 18 19 19 18 19 37 37 37 37 37 37 37 37 37 37 37 37 37 37 37 37 37 37 37 37 37 37 19 21 37 37 37 24 24 24 24 27 27 25 25 26 37 37 37
23 22 22 21 22 22 22 21 22 22 21 21 20 19 21 21 20 21 21 22 21 21 21 21 20 22 23 23 23 22 23 23 23 22 23 23 37 37 20 21 23 19 20 37 37 37 20 17 19 21 22 14 18 18 17 37 37 37 37 37 37 37 37 37 37 37 37 37 37 37 37 37 37 37 37 37 37 37 37 18 20 37 37 22 22 25 24 25 24 25 25 37 37 37 28 27
22 22 23 22 21 21 22 22 21 21 21 21 21 21 21 21 21 21 22 22 22 21 21 22 21 19 21 21 21 22 22 24 25 24 24 26 26 26 37 37 22 25 28 37 37 37 37 17 15 18 19 20 20 19 19 18 37 37 37 37 37 37 37 37 37 21 20 23 37 37 37 37 17 37 37 37 37 37 37 28 29 37 37 19 23 23 25 24 25 26 27 37 37 37 37 37
21 22 22 22 22 22 22 22 23 24 26 28 22 21 21 19 20 21 20 21 21 21 21 21 22 21 21 22 21 21 22 22 23 23 23 25 26 27 25 24 22 22 25 37 37 37 37 21 17 17 15 18 19 19 21 19 18 37 37 37 37 37 37 37 37 37 37 17 18 37 37 37 37 37 37 24 37 37 37 37 26 37 37 20 19 21 23 25 28 28 28 37 37 37 37 37
21 21 22 22 22 22 23 22 23 22 22 21 20 20 21 27 21 21 21 21 20 20 21 21 22 22 22 21 21 22 22 22 21 21 24 24 24 24 24 23 22 23 26 37 37 37 37 37 17 18 18 37 37 37 19 21 19 37 37 37 37 37 37 37 37 37 37 37 37 37 37 37 37 37 37 37 37 37 19 21 22 37 30 21 20 19 21 22 24 26 30 31 32 33 31 37
22 22 23 23 21 21 22 22 23 22 21 22 21 23 25 26 28 20 19 20 20 21 21 21 22 22 21 21 21 21 21 21 21 21 22 23 25 25 25 23 22 22 24 28 37 37 23 37 19 17 16 37 37 37 37 19 19 37 37 37 37 37 37 37 37 37 37 37 37 37 37 37 37 37 37 37 37 37 19 37 37 37 22 30 21 21 22 20 22 23 25 25 26 28 31 37
21 22 22 22 22 22 22 22 22 22 21 22 22 20 24 21 22 24 21 21 22 37 37 37 37 37 37 37 37 21 37 37 37 37 21 22 24 23 24 26 26 25 25 27 29 37 37 37 37 19 16 16 26 37 37 37 18 18 17 19 37 37 37 24 23 37 22 23 20 20 19 18 37 37 37 37 37 37 21 37 37 37 21 21 22 22 22 20 19 19 20 23 25 26 27 37
21 23 22 22 23 24 23 22 23 22 23 22 22 23 21 27 21 23 22 22 21 37 37 37 37 37 37 37 37 37 37 37 37 37 37 37 37 37 22 24 25 25 24 26 28 28 25 37 37 18 19 17 22 24 26 23 19 16 14 18 22 28 26 27 30 37 37 37 37 37 37 18 19 18 18 18 20 22 24 37 37 37 37 21 21 23 23 25 23 23 24 24 22 25 27 37
22 22 22 22 22 22 22 22 23 23 18 22 21 22 21 34 21 22 22 22 21 22 37 37 37 37 37 37 37 37 37 37 37 37 37 37 37 37 37 37 23 24 23 23 25 29 27 25 25 37 20 18 15 17 22 23 19 19 17 14 14 19 19 37 37 37 37 21 37 37 37 37 37 37 37 37 37 37 37 37 37 37 37 37 22 26 25 25 24 25 23 23 25 28 29 29
21 21 21 21 22 21 22 22 22 23 22 22 22 16 21 27 35 35 22 22 24 22 37 37 37 37 37 37 37 37 37 37 37 37 37 37 37 37 37 37 37 37 24 23 24 24 27 26 27 25 21 22 20 18 15 37 19 19 17 16 16 13 19 19 37 37 37 37 37 37 37 37 37 37 37 37 22 21 37 37 37 37 37 37 37 37 22 22 22 25 26 25 25 25 27 27
22 22 22 22 22 21 22 22 23 22 22 22 23 22 16 19 22 22 21 37 37 37 37 37 37 37 37 37 37 37 37 37 37 37 37 37 37 37 37 37 37 37 37 37 37 37 24 25 26 29 25 20 21 21 20 18 19 19 19 18 37 21 19 16 12 37 37 37 21 26 37 37 37 37 37 37 23 24 37 37 37 37 37 37 37 37 37 37 20 22 22 21 26 25 25 26
37 22 22 22 24 20 22 23 22 23 22 22 23 23 23 22 22 22 22 37 37 37 37 37 37 37 37 37 37 37 37 37 37 37 37 37 37 37 37 37 37 37 37 37 37 37 37 37 23 24 25 24 22 22 20 17 20 21 20 19 19 19 19 37 37 37 18 15 37 37 37 37 37 37 37 37 37 37 37 37 37 37 37 37 37 37 37 37 20 21 21 19 21 22 24 25
24 23 22 22 24 24 21 22 23 22 22 22 22 22 23 22 22 22 22 37 37 37 37 37 37 37 37 37 37 37 37 37 37 37 37 37 37 37 37 37 37 37 37 37 37 37 37 37 37 37 21 25 26 23 22 16 16 19 19 21 19 19 37 37 37 37 37 23 17 37 37 37 37 37 37 21 24 22 37 37 37 37 37 37 37 37 37 37 37 37 20 23 25 23 21 24
22 22 22 23 22 22 21 22 22 22 22 21 21 22 22 22 22 22 21 22 37 37 37 37 37 37 37 37 37 37 37 37 37 37 37 37 37 37 37 37 37 37 37 37 37 37 37 37 37 37 21 21 24 26 24 25 19 37 18 19 21 24 19 18 37 37 37 37 21 19 37 37 37 37 37 37 24 37 37 37 37 37 37 37 37 37 37 37 37 37 37 20 24 24 20 17
22 22 22 22 24 24 22 24 21 22 22 21 22 22 22 23 23 24 23 24 23 22 22 21 22 37 37 37 37 37 37 37 37 37 37 37 37 37 37 37 37 37 37 37 37 37 37 37 37 37 20 21 22 27 26 21 21 17 19 19 19 24 23 19 37 37 37 37 18 18 22 26 23 37 37 37 37 22 20 37 37 37 37 37 37 37 37 37 37 37 37 37 22 23 23 22
21 20 20 23 23 22 22 21 26 21 20 21 22 22 22 23 23 23 22 23 23 23 23 23 23 22 22 23 22 37 37 37 37 37 37 37 37 37 37 37 37 37 37 37 37 37 37 37 37 37 37 37 37 21 26 26 21 18 19 19 37 37 37 37 37 37 37 20 18 17 15 37 25 27 19 37 37 17 21 24 19 17 37 37 37 37 37 37 37 37 37 37 37 22 24 23
23 23 22 23 23 23 23 22 25 21 21 22 21 22 22 22 23 23 24 23 23 23 24 25 24 24 23 24 23 22 37 37 37 37 37 37 37 37 37 37 37 37 37 37 37 37 37 37 37 37 37 37 37 37 37 37 37 20 37 37 37 37 37 37 37 37 37 37 23 21 20 16 17 22 26 23 17 15 15 19 23 22 20 16 37 37 37 37 37 37 37 37 37 37 20 22
21 20 21 23 24 24 24 23 23 22 22 22 22 21 22 22 22 23 22 24 24 23 24 37 37 37 37 37 37 37 37 37 37 37 37 37 37 37 37 37 37 37 37 37 37 37 37 37 37 37 37 37 37 37 37 37 37 37 19 37 24 26 27 37 26 37 37 37 24 24 22 18 18 18 21 27 25 20 16 13 16 20 23 23 20 16 10 37 37 37 37 37 37 18 20 19
19 18 18 19 23 24 24 23 23 24 23 22 22 22 22 22 22 24 24 23 23 24 37 37 37 37 37 37 37 37 37 37 37 37 37 37 37 37 37 37 37 37 37 37 37 37 37 37 37 37 37 37 37 37 37 37 37 25 21 37 37 37 22 37 37 26 37 37 23 24 23 20 19 17 18 22 27 28 23 19 15 16 18 19 23 23 20 14 37 37 37 37 37 19 21 22
22 22 21 20 22 23 23 23 23 23 24 23 23 25 23 24 24 22 24 22 22 22 37 37 37 37 37 37 37 37 37 37 37 37 37 37 37 37 37 37 37 37 37 37 37 37 37 37 37 37 37 37 37 37 37 37 25 25 25 37 37 37 22 23 24 23 37 37 37 22 21 20 17 15 15 17 20 25 29 27 23 22 23 20 19 21 21 17 37 37 37 37 37 37 19 21
21 22 23 22 24 24 24 24 23 24 24 23 23 26 25 24 22 24 22 25 22 28 24 37 37 37 37 37 37 37 37 37 37 37 37 37 37 37 37 37 37 37 37 37 37 37 37 37 37 37 37 37 37 37 37 37 37 24 23 23 23 24 37 37 23 37 24 24 37 37 37 37 37 21 15 12 13 15 18 21 23 22 23 23 19 19 21 22 15 37 37 37 37 37 20 21
19 20 22 24 25 23 24 24 24 24 24 23 23 23 23 22 22 23 23 22 23 23 23 27 37 37 37 37 37 37 37 37 37 37 37 37 37 37 37 37 37 37 37 37 37 37 37 37 37 37 37 37 37 37 37 37 37 37 37 37 37 22 22 22 37 37 37 37 37 37 37 37 37 37 37 37 37 37 37 37 15 16 16 15 18 20 19 20 19 15 37 37 37 37 37 20
21 20 21 22 24 25 24 37 25 24 24 24 25 24 23 22 22 19 22 23 22 21 22 24 37 37 37 37 37 37 37 37 37 37 37 37 37 37 37 37 37 37 37 37 37 37 37 37 37 37 37 37 37 37 37 37 37 37 37 37 37 37 37 22 23 21 21 21 21 37 37 37 37 37 37 37 37 37 37 37 19 20 19 28 16 18 19 20 21 20 17 37 37 37 37 37
22 20 19 21 22 22 24 37 21 22 24 22 24 24 37 37 22 23 20 22 23 22 22 22 24 24 37 30 29 37 37 37 37 37 37 37 37 37 37 37 37 37 37 37 37 37 37 37 37 37 37 37 37 37 37 37 37 37 37 37 37 37 37 37 37 37 37 37 18 22 26 30 37 37 37 37 37 37 37 37 19 21 24 24 20 17 16 37 37 37 16 16 17 18 18 37
23 22 21 21 21 21 22 22 21 37 37 37 37 37 37 37 37 37 24 24 22 23 23 24 26 23 24 22 37 37 37 37 37 37 37 37 37 37 37 37 37 37 37 37 37 37 37 37 37 37 37 37 37 37 37 37 37 37 37 37 37 37 37 37 37 37 37 37 37 21 19 24 37 37 37 37 37 37 37 23 17 16 16 17 16 14 37 37 37 18 23 24 37 37 37 37
25 24 23 21 21 37 37 37 37 23 37 37 25 37 37 25 37 37 37 37 37 24 24 24 24 23 23 24 24 24 25 25 27 37 37 37 37 37 37 37 37 37 37 37 37 37 37 37 37 37 37 37 37 37 37 37 37 37 37 37 37 37 37 37 37 37 37 37 37 37 37 37 37 37 37 37 37 37 17 22 23 19 17 18 18 18 18 19 17 37 37 37 37 37 37 37
27 27 27 26 24 23 24 23 37 37 24 23 26 37 24 24 37 37 37 37 37 37 37 37 37 25 24 24 25 24 26 26 28 28 28 37 37 104 98 37 37 37 37 37 37 37 37 37 37 37 37 37 37 37 37 37 37 37 37 37 37 37 37 37 37 37 37 37 25 37 37 37 37 37 37 37 37 37 37 19 22 24 23 26 26 25 21 20 37 37 37 37 37 37 37 37
37 27 27 28 27 24 24 24 24 24 37 37 37 24 23 37 37 24 37 37 37 37 37 37 25 26 27 28 28 28 27 29 33 158 157 43 160 114 113 112 37 37 37 37 37 37 37 37 37 37 37 37 37 37 37 37 37 37 37 37 37 37 37 37 37 37 37 37 22 23 23 37 37 37 37 37 37 37 37 37 37 19 19 18 19 17 37 37 37 37 37 37 37 37 37 37
37 37 37 27 27 26 26 26 26 25 37 37 37 25 37 37 37 24 26 24 24 25 25 24 28 30 30 30 31 31 33 38 139 132 143 149 163 134 101 95 67 37 37 37 37 37 37 37 37 37 37 37 37 37 37 37 37 37 37 37 37 37 37 37 37 37 37 37 37 37 23 37 37 37 37 37 37 37 37 37 37 37 18 18 19 17 37 37 37 37 37 37 37 37 37 37
37 37 37 37 37 30 30 28 26 26 37 37 37 24 37 37 37 37 37 37 37 37 37 37 37 37 29 30 31 34 41 113 119 131 150 151 146 129 90 72 33 37 37 37 37 37 37 37 37 37 37 37 37 37 37 37 37 37 37 37 37 37 37 37 37 37 37 37 37 37 22 37 37 37 37 37 37 37 37 37 37 37 37 37 37 37 37 37 37 37 37 37 37 37 37 37
37 37 37 37 37 28 27 27 25 134 149 159 37 24 37 37 37 37 37 37 37 37 37 37 37 106 32 35 37 133 114 109 118 130 136 130 134 128 121 137 142 116 97 37 37 37 37 37 37 37 37 37 37 37 37 37 37 37 37 37 37 37 37 37 37 37 37 37 37 37 20 21 37 37 37 37 37 37 37 37 37 37 37 37 37 37 37 16 16 14 9 37 37 37 37 37
37 37 37 37 24 25 25 26 27 125 141 146 28 28 25 23 37 37 37 37 37 37 37 37 37 93 113 136 157 134 126 123 116 124 144 143 132 133 131 121 105 76 34 37 37 37 37 37 37 37 37 37 37 37 37 37 37 37 37 37 37 37 37 37 37 37 37 37 37 37 37 21 20 20 20 21 37 37 37 37 37 37 37 37 37 37 22 20 37 37 37 37 37 37 37 37
23 20 21 23 25 27 29 30 29 26 26 28 31 32 30 37 30 29 37 30 32 37 37 32 34 144 144 123 111 92 102 113 119 138 149 148 140 151 128 115 83 34 31 30 37 37 37 37 37 37 37 37 37 37 37 37 37 37 37 37 37 37 37 37 37 37 37 37 37 37 37 37 37 37 37 18 19 20 22 23 25 24 20 37 20 20 20 37 37 37 37 19 15 13 37 37
26 26 25 25 29 30 31 32 33 33 32 33 85 99 40 31 29 29 30 28 102 105 137 114 104 126 140 126 110 101 102 104 109 132 151 149 139 141 132 118 94 36 31 33 31 37 37 37 37 37 37 37 37 37 37 37 37 37 37 37 37 37 37 37 37 37 37 37 37 37 37 37 37 37 37 37 37 37 37 37 37 37 24 37 20 37 37 37 37 37 37 23 37 37 37 37
