examples/data/proba_v_italy_sicily/probav_s10_toc_x19y03_20150321_333m_ndvi_v001.txt
ncols         1127
nrows         589
xllcorner     12.348214285714
yllcorner     36.598214285714
cellsize      0.0029761904761905
NODATA_value  -9999
[rows 441 to 489 of 589, columns 192 to 287 of 1127]
13 13 13 13 7 13 13 13 13 13 28 13 13 13 13 13 10 10 7 10 10 10 13 13 10 10 22 19 20 13 17 13 13 13 13 13 16 13 13 16 22 16 18 24 34 31 20 15 16 18 20 11 13 6 17 13 13 6 6 6 13 27 9 13 9 9 13 13 9 9 13 6 10 6 6 6 10 10 10 10 10 10 13 13 13 13 13 13 13 13 13 13 13 13 13 13
13 13 13 7 24 26 27 25 29 37 36 13 13 13 13 7 10 7 10 22 15 6 13 17 17 16 21 13 16 16 13 13 13 13 13 13 13 16 16 13 22 13 19 16 21 31 34 20 16 16 16 13 9 9 13 13 13 13 13 9 35 30 9 13 13 13 13 13 9 6 9 9 6 17 19 10 10 10 10 10 10 10 13 13 13 13 13 13 13 13 13 13 13 13 17 17
13 13 13 24 23 17 13 13 13 13 13 13 17 13 13 6 6 6 17 13 13 13 18 21 23 13 13 13 13 16 13 13 13 13 13 13 13 13 13 13 22 17 16 16 16 16 28 34 27 19 14 17 13 9 9 16 13 13 13 13 13 13 13 13 13 13 13 13 9 9 9 9 9 15 9 9 18 10 13 10 10 13 13 13 13 13 13 13 13 13 10 10 10 13 13 17
13 13 13 13 13 13 13 13 10 10 13 17 13 13 13 10 6 13 13 13 13 13 13 13 25 13 13 13 13 13 13 13 9 13 13 13 16 13 16 13 13 16 13 13 13 13 13 30 42 50 13 16 16 26 26 13 9 16 13 13 13 13 13 13 13 13 13 13 9 9 9 9 9 16 15 10 13 22 10 10 10 13 13 13 13 13 13 13 13 13 13 13 13 13 13 13
13 13 13 13 13 13 13 13 10 13 13 13 13 13 17 10 10 13 13 13 16 13 16 13 9 16 13 13 13 13 16 13 9 13 13 13 9 16 16 22 16 16 13 9 9 13 16 16 13 13 13 16 34 29 13 13 13 13 13 13 13 13 13 13 13 13 13 9 9 9 9 9 10 6 14 13 15 16 20 13 10 13 13 13 13 13 10 13 13 10 10 13 13 13 13 13
13 13 17 13 13 13 10 13 13 13 13 13 13 13 13 6 13 13 13 13 13 13 13 9 13 13 13 16 16 13 13 13 13 13 13 16 16 13 13 22 21 19 14 13 13 16 16 16 16 16 19 17 18 13 16 16 13 13 13 13 16 13 9 9 13 13 13 9 9 9 6 10 10 10 9 18 17 13 13 10 13 13 13 10 10 10 13 13 13 13 10 13 13 13 13 13
13 13 13 10 13 10 13 13 13 13 13 13 13 13 6 13 13 16 16 9 9 13 13 13 13 13 13 13 13 13 13 13 13 13 13 13 13 13 13 16 21 23 13 13 19 19 18 18 18 19 20 16 13 10 13 13 13 13 16 16 13 13 16 13 13 13 13 9 9 9 9 9 16 19 20 9 13 13 10 10 13 13 13 13 13 13 13 13 17 13 13 13 13 13 13 13
13 13 10 10 13 13 13 13 13 13 13 13 13 13 13 13 16 16 16 13 13 16 13 16 16 17 20 13 13 16 13 13 13 13 13 13 13 13 13 13 24 13 9 13 16 16 16 13 13 9 13 13 16 13 13 13 13 13 13 13 16 16 16 16 13 13 16 13 13 16 9 9 9 14 10 19 10 10 10 13 13 13 13 10 13 17 17 13 13 13 17 13 17 13 13 13
13 13 13 13 13 13 13 16 13 13 13 13 13 9 13 13 9 9 13 13 13 13 13 16 16 18 21 13 13 16 13 16 16 16 13 16 13 13 16 13 16 13 13 13 13 13 13 13 16 13 13 16 13 13 16 13 13 16 13 13 16 13 16 13 13 13 13 16 16 13 16 9 9 17 14 13 10 10 22 23 13 13 13 13 13 13 13 13 13 13 13 13 13 13 17 17
16 13 13 13 13 13 9 13 13 13 9 9 13 13 13 16 13 13 13 13 13 13 13 16 13 9 18 9 16 13 16 13 13 13 13 13 13 13 13 13 13 13 16 16 13 13 13 16 16 13 9 16 16 16 13 13 16 16 16 13 16 16 16 13 16 16 16 9 9 16 16 16 16 16 17 16 16 14 18 13 13 13 13 13 13 13 10 13 13 13 13 13 13 13 13 13
13 13 13 13 9 9 13 13 13 13 13 13 16 16 13 13 13 13 9 13 13 13 16 16 13 19 19 9 13 13 13 13 13 16 16 13 16 16 13 13 16 16 13 13 13 13 16 16 16 13 13 16 13 13 9 13 16 16 16 13 20 13 13 13 13 16 16 16 16 16 16 9 16 16 13 13 13 13 13 13 10 10 10 10 13 13 13 10 10 13 13 13 13 13 13 13
13 24 26 9 13 30 13 13 13 13 13 13 13 13 13 13 13 13 13 13 13 13 13 13 13 17 20 13 13 13 13 13 16 29 28 13 13 13 13 16 13 9 13 13 16 13 13 13 13 13 13 16 16 16 16 13 13 13 13 13 13 16 16 16 13 13 16 13 13 13 9 16 9 9 13 9 9 13 13 13 10 10 13 13 13 13 10 13 13 13 10 13 13 13 13 13
25 22 20 13 13 28 13 13 13 13 13 13 13 13 13 13 13 13 13 16 13 13 16 13 16 17 13 13 13 13 26 24 18 18 24 30 13 13 13 13 13 13 13 9 13 13 13 13 16 13 13 16 16 13 13 13 16 16 16 16 13 16 16 16 13 16 16 13 16 16 16 16 16 9 13 13 9 13 19 13 13 23 13 10 13 13 13 13 10 10 10 13 10 10 13 10
13 13 19 18 16 17 23 26 13 13 23 26 13 13 26 16 13 24 25 13 16 16 13 13 16 13 13 9 24 18 9 9 13 16 16 30 13 13 13 13 13 13 16 13 16 9 13 16 16 13 13 13 16 13 13 16 16 13 13 16 16 16 16 13 16 16 16 16 16 16 16 16 16 13 9 20 18 16 17 20 20 20 24 17 17 10 10 10 13 10 13 13 13 13 13 10
13 13 13 15 13 13 13 9 13 13 13 13 24 33 9 30 13 16 13 13 16 13 16 13 13 18 13 24 22 13 13 13 13 25 19 21 23 25 19 27 16 13 13 13 13 13 13 13 13 13 13 13 13 13 13 16 13 13 13 13 13 13 13 9 16 16 16 9 16 16 16 9 9 9 9 19 21 13 19 13 13 13 13 10 10 10 10 13 13 13 13 13 10 10 13 13
26 13 13 13 23 22 13 9 13 13 13 13 16 13 27 27 13 13 13 13 16 13 13 13 13 13 25 20 13 13 13 13 13 26 27 24 20 21 27 27 30 13 13 13 13 13 13 13 16 13 16 16 16 16 16 13 13 13 13 13 13 13 16 16 16 16 9 16 16 9 9 13 9 9 20 13 13 13 13 13 13 13 10 10 10 13 13 10 13 13 13 13 10 10 10 10
13 18 23 13 13 28 26 23 13 13 24 13 9 13 15 13 13 13 13 13 13 13 13 13 13 23 13 13 13 13 13 13 9 9 19 19 16 13 13 9 30 13 16 16 13 13 13 13 16 13 13 13 13 13 13 13 13 16 13 16 16 16 16 13 9 9 9 9 9 9 16 9 9 13 9 13 13 13 13 13 13 10 10 17 13 6 13 13 13 13 13 10 13 13 13 13
13 13 13 9 13 37 37 33 13 16 24 13 9 13 13 13 13 13 16 9 13 13 13 13 23 20 13 13 13 13 13 13 28 21 13 13 13 16 13 13 13 30 13 16 16 13 13 13 13 13 13 13 13 13 13 9 16 13 16 16 16 16 16 16 9 9 9 9 16 16 16 9 9 9 9 13 13 9 13 13 13 10 13 13 13 10 10 13 13 13 13 10 13 13 13 10
13 27 19 13 13 13 24 29 13 13 26 13 13 13 13 13 13 13 13 13 13 16 16 22 19 13 13 16 13 13 9 9 16 13 13 13 13 16 16 20 26 26 13 13 13 9 13 13 13 13 13 13 13 13 13 13 13 13 16 16 16 13 16 16 9 9 9 9 9 9 9 9 9 9 16 9 9 9 9 13 10 10 13 13 13 10 13 13 13 10 10 10 13 13 13 13
13 13 13 16 13 16 13 13 19 20 25 13 13 16 13 13 9 13 13 13 13 13 23 20 18 13 16 16 13 13 16 13 16 16 16 13 13 24 25 19 13 13 13 13 16 13 16 13 13 13 13 16 13 13 13 13 13 13 13 13 22 16 13 9 9 9 16 9 9 9 16 9 9 9 9 9 13 13 10 10 10 10 10 10 10 10 13 13 13 13 13 13 17 13 13 13
13 13 13 29 9 16 16 13 22 13 16 16 13 9 9 9 9 13 16 13 26 13 23 22 21 13 13 13 13 13 13 13 13 13 13 13 22 21 13 25 13 13 9 13 13 13 13 13 13 9 13 13 16 13 13 13 13 24 24 21 20 22 16 16 9 9 9 13 9 9 9 9 9 9 16 9 9 10 10 13 17 10 10 10 14 10 13 13 13 13 13 13 13 13 17 13
13 13 5 21 13 16 13 25 25 5 5 9 13 16 16 16 16 13 13 13 25 24 24 21 13 16 5 8 8 8 16 16 16 16 15 16 13 13 9 29 13 16 13 13 13 16 13 13 13 13 13 13 16 13 13 13 13 19 22 20 16 16 9 9 27 32 30 13 13 13 13 13 9 16 16 9 10 10 10 10 10 9 10 18 17 12 10 10 10 13 10 13 17 13 13 10
13 13 13 13 13 13 5 17 13 29 35 5 9 13 13 16 13 13 13 13 16 25 23 9 13 5 13 8 8 8 8 8 8 16 13 13 13 13 25 27 13 13 9 13 13 16 9 9 9 13 13 13 23 16 16 13 23 23 23 24 23 16 13 13 13 13 13 13 13 16 16 16 13 13 13 10 10 10 10 13 10 13 20 20 18 14 13 13 13 13 13 13 13 13 13 17
13 13 13 16 13 13 28 13 21 13 13 13 13 13 9 13 13 13 13 25 13 21 13 9 18 22 15 20 18 16 23 8 5 16 16 13 13 21 20 13 13 13 9 13 13 13 13 13 21 13 13 13 14 18 26 25 18 16 13 16 13 30 29 13 13 13 13 13 16 10 10 10 16 10 10 10 10 10 10 10 10 16 27 15 13 13 13 13 13 13 10 13 13 13 13 13
9 13 13 13 13 13 17 31 35 13 13 13 13 13 13 13 13 13 13 16 13 13 13 9 21 13 13 13 13 13 22 24 28 33 31 26 17 23 17 20 13 13 13 9 16 20 18 23 23 16 13 13 13 16 16 16 16 13 16 16 39 31 16 16 13 13 13 13 13 16 10 10 16 10 10 13 10 10 10 10 10 13 22 18 12 13 13 10 10 10 17 13 13 13 23 13
9 9 32 13 13 13 13 13 28 13 5 13 13 13 13 13 13 13 26 22 9 13 13 28 29 30 13 13 13 13 13 13 16 22 22 16 13 13 9 16 17 13 16 16 16 13 9 20 25 13 30 13 26 30 16 16 13 13 35 30 29 16 16 13 13 13 13 13 13 13 13 13 13 10 13 16 16 10 10 13 13 10 9 13 13 10 13 10 10 13 13 13 10 20 18 13
9 23 24 13 13 13 13 13 13 13 9 9 9 13 13 9 13 13 13 25 23 21 23 24 19 13 13 13 13 13 13 13 13 13 13 13 13 13 13 13 17 19 22 13 13 13 13 13 24 26 28 13 13 15 23 13 30 27 21 9 16 13 13 13 13 13 13 13 13 13 13 13 13 16 13 13 9 13 10 10 13 10 10 13 13 13 10 10 13 13 13 13 13 18 15 17
13 22 13 9 9 9 13 13 13 13 13 16 9 9 13 13 13 13 13 9 13 13 13 13 13 13 13 13 13 13 13 9 13 13 13 9 13 13 13 13 13 19 13 9 13 13 13 16 13 13 16 13 16 16 17 18 21 16 13 13 13 13 13 13 16 13 13 13 13 13 13 16 16 13 16 13 13 13 10 10 13 10 10 9 13 13 13 9 9 13 13 9 13 9 13 14
22 20 13 9 9 13 9 13 13 13 9 13 13 13 13 13 13 13 13 13 13 9 13 13 13 13 16 9 13 13 13 13 13 9 13 16 13 13 13 13 13 19 19 13 13 13 13 13 13 13 16 16 13 13 13 16 13 16 16 16 13 13 13 13 13 13 13 13 13 13 13 16 22 23 13 13 9 9 9 13 13 13 9 16 16 13 16 13 9 9 9 9 9 9 13 14
13 13 22 13 9 9 13 9 13 9 9 13 9 9 13 13 9 9 13 13 13 9 9 13 13 13 13 13 9 9 13 13 16 9 9 16 13 13 13 13 13 13 13 19 16 16 13 9 9 9 13 13 13 13 13 16 13 13 21 20 21 13 6 13 13 16 16 16 13 13 13 24 22 13 16 13 9 9 9 9 16 9 9 13 9 9 13 13 13 13 13 13 13 13 16 13
13 10 10 13 13 9 13 13 13 16 9 9 13 9 13 13 9 13 13 9 13 9 13 13 13 13 13 13 13 9 13 13 13 13 13 13 13 13 13 13 13 13 15 19 9 16 13 9 13 16 16 13 13 13 16 16 13 13 20 13 16 10 10 16 13 13 13 16 16 13 20 20 13 13 13 9 9 9 9 9 13 13 13 13 20 13 13 20 20 16 9 13 13 13 13 13
10 10 13 9 9 13 13 13 13 19 9 9 13 13 13 13 13 13 13 9 13 13 13 10 13 13 13 13 13 13 9 16 13 13 13 13 13 13 13 16 13 17 19 13 9 13 13 9 13 13 16 13 13 13 13 13 13 13 13 13 13 10 16 13 13 13 13 16 16 6 13 17 9 13 13 9 9 9 9 9 9 13 13 16 16 9 13 9 9 13 9 9 13 13 13 9
26 10 13 9 13 13 30 28 24 20 9 9 9 9 9 13 13 9 13 13 10 13 13 13 18 13 13 13 10 13 13 13 13 13 9 13 13 13 13 17 15 19 9 9 13 13 13 13 16 13 13 13 13 13 13 13 13 13 13 13 13 13 13 13 13 13 13 13 10 10 16 16 9 13 9 16 13 9 13 9 9 13 13 13 13 9 9 16 20 13 20 13 13 13 13 13
25 10 13 13 13 13 24 25 26 9 13 27 9 9 9 13 13 13 13 13 13 13 13 13 13 13 13 13 20 13 10 6 13 13 9 13 13 13 19 13 13 9 13 13 13 21 13 13 13 13 13 13 16 16 16 16 16 16 16 16 10 6 13 13 13 13 13 16 13 13 16 21 21 13 9 13 9 13 13 13 13 13 13 13 13 23 9 13 13 20 9 13 13 13 13 13
22 27 10 10 13 23 23 21 24 26 28 29 28 28 13 13 13 13 10 10 13 13 13 13 13 13 13 13 10 13 13 13 13 13 13 13 13 13 16 13 13 13 13 9 13 13 13 13 16 16 13 9 9 16 16 16 16 13 13 10 10 10 10 10 16 16 20 19 20 9 9 9 20 9 9 9 9 13 13 13 9 13 13 9 9 9 22 9 16 13 13 13 13 16 13 16
22 13 13 25 23 19 20 21 20 23 21 24 29 31 32 29 10 10 10 10 6 13 13 10 10 10 10 10 13 13 13 10 13 13 13 13 13 13 13 13 13 13 13 13 13 13 9 19 13 13 9 13 16 13 16 13 13 13 10 10 21 21 10 6 13 13 13 10 13 22 21 17 20 13 13 9 9 13 13 9 13 13 13 13 13 9 9 9 20 20 9 9 9 13 13 13
21 21 13 24 23 10 10 10 13 13 13 19 20 20 24 26 30 31 10 13 13 10 13 13 13 13 13 13 13 13 10 10 10 10 10 6 13 13 13 13 22 13 16 16 13 16 13 13 13 16 13 13 9 13 16 13 13 13 13 13 19 19 13 13 9 9 13 13 10 19 16 17 18 20 13 13 13 9 9 13 13 13 13 9 9 22 13 13 13 13 13 16 9 13 13 21
18 20 21 13 13 13 13 10 10 10 13 13 13 13 13 22 26 26 26 27 28 7 7 7 7 7 13 13 7 13 10 10 6 10 10 6 17 13 13 19 18 18 18 13 13 13 16 13 13 13 13 13 13 13 16 13 17 17 13 13 18 13 10 13 10 10 13 13 19 17 14 14 17 18 10 13 9 9 9 9 9 9 9 13 13 9 21 13 13 13 9 13 13 13 13 22
25 22 13 10 13 10 10 10 13 13 13 13 13 7 7 7 10 23 24 23 22 25 10 7 10 22 33 32 29 13 10 7 6 10 6 6 26 27 27 13 13 13 13 13 13 13 13 13 13 13 13 13 13 13 6 10 10 22 13 18 22 10 10 10 13 13 13 13 13 18 13 13 15 29 18 13 9 9 9 9 13 22 18 17 16 15 9 13 21 13 13 13 13 13 9 9
7 7 7 7 7 7 13 13 13 7 7 10 10 10 10 10 10 7 22 20 21 24 23 7 7 14 18 32 32 28 10 7 10 10 10 20 19 20 22 23 9 9 13 9 9 13 9 9 10 9 13 13 13 13 16 16 10 18 18 18 21 10 10 10 10 10 13 19 19 16 12 12 12 24 17 10 13 13 9 9 13 20 18 9 9 19 9 14 17 21 9 9 13 13 9 16
7 7 10 10 10 7 7 7 7 7 10 10 10 10 10 10 10 10 10 19 19 19 22 26 22 19 13 13 22 26 22 23 23 23 21 19 20 22 23 23 23 27 27 9 13 16 9 9 13 13 18 19 17 19 13 13 13 17 15 17 17 22 10 10 10 13 13 13 24 12 11 12 11 19 14 18 13 13 9 24 22 20 20 9 9 19 18 15 14 18 20 9 9 21 21 21
10 7 10 10 10 10 10 7 10 10 7 7 10 10 7 7 7 10 10 21 23 23 23 25 25 21 18 14 17 25 28 28 29 29 28 26 20 19 22 25 22 24 29 13 13 13 6 13 13 16 16 13 12 30 18 20 18 15 14 23 22 20 24 10 13 10 24 21 20 20 12 22 23 25 24 16 18 17 18 18 18 20 21 22 9 9 9 13 17 16 16 18 20 19 18 18
7 7 7 7 7 7 10 10 10 7 7 7 10 10 10 10 10 10 10 7 7 7 10 7 20 23 21 10 7 10 14 18 10 10 10 15 21 23 10 6 6 10 19 22 23 13 13 13 13 13 13 13 27 29 28 15 15 14 15 16 18 19 24 27 26 10 13 16 23 23 11 17 21 13 17 25 24 14 14 15 17 18 17 18 21 9 9 9 9 9 18 16 13 17 23 23
7 11 11 7 11 7 10 10 7 7 7 10 10 10 7 10 7 7 11 11 7 7 7 7 18 15 10 10 10 10 7 12 7 12 10 15 15 10 14 15 16 18 19 20 22 22 19 17 23 25 28 23 18 15 30 28 27 13 13 17 10 15 14 19 21 13 21 17 20 12 15 19 10 20 17 24 22 13 24 10 14 19 20 19 19 19 21 23 9 9 13 20 18 17 19 20
7 11 11 11 7 7 7 11 11 11 7 7 7 7 7 10 7 7 11 11 11 7 7 7 12 10 7 10 7 10 10 25 23 10 13 17 15 17 19 20 10 10 10 21 20 22 23 21 23 23 20 25 23 22 26 30 29 28 26 24 10 13 10 21 22 24 17 21 25 25 14 25 22 15 14 14 12 22 11 11 12 13 16 17 18 16 15 15 16 21 22 27 26 25 15 16
7 7 11 7 7 7 7 7 7 11 7 7 7 7 11 21 21 19 11 7 7 7 25 23 26 26 10 7 7 7 26 21 21 10 23 21 16 16 13 13 7 10 10 10 18 18 23 23 20 24 23 23 27 17 17 21 26 27 31 30 27 20 20 26 26 22 17 12 17 21 24 19 12 13 12 11 10 11 12 12 12 11 13 16 16 13 15 17 15 15 27 10 20 21 21 21
24 23 7 7 7 11 7 7 11 11 11 14 11 20 24 27 27 25 22 7 11 11 11 25 23 25 27 7 11 7 7 7 7 24 25 22 19 21 27 24 20 10 10 10 10 19 21 23 18 17 14 14 13 13 14 25 12 11 11 13 13 15 18 19 21 24 26 21 12 11 12 13 13 15 14 13 12 16 18 25 25 13 14 28 29 14 18 20 21 19 22 20 21 21 22 18
11 7 21 11 7 7 11 7 7 7 23 25 27 27 29 31 30 29 27 24 23 22 7 23 23 26 29 11 14 11 10 7 7 26 23 21 21 16 10 10 10 10 13 10 22 22 24 25 27 20 13 13 17 17 14 10 10 11 24 22 19 14 13 17 13 12 12 27 25 13 10 11 12 12 14 19 10 18 20 18 23 27 25 23 23 15 16 18 20 20 19 16 22 23 17 10
7 7 7 20 11 11 7 7 11 11 7 28 30 30 30 29 29 27 28 11 11 7 7 11 30 7 7 11 11 11 11 7 7 10 10 10 22 19 10 10 10 10 10 10 10 30 10 29 28 24 10 10 10 10 10 7 9 10 29 29 28 26 27 14 15 14 12 16 15 27 25 25 27 26 25 24 20 19 15 23 13 14 13 23 19 16 16 15 17 18 16 15 17 19 13 13
