examples/data/proba_v_italy_sicily/probav_s10_toc_x19y03_20150511_333m_ndvi_v001.txt
ncols         1127
nrows         589
xllcorner     12.348214285714
yllcorner     36.598214285714
cellsize      0.0029761904761905
NODATA_value  -9999
[rows 235 to 281 of 589, columns 576 to 671 of 1127]
235 224 200 175 186 197 203 208 196 183 186 191 216 210 189 182 167 137 148 182 200 207 209 202 208 226 204 187 206 205 186 194 212 199 171 175 169 187 194 186 187 184 185 171 153 183 196 183 187 198 210 207 211 191 179 196 198 199 206 220 233 219 193 174 174 180 185 205 225 225 234 227 208 205 212 211 215 211 200 192 211 226 228 218 212 194 184 187 201 208 196 190 201 189 186 192
212 212 203 181 189 206 191 193 214 207 199 192 195 195 201 210 184 156 172 180 196 202 191 190 188 183 171 169 196 218 171 174 191 178 156 163 149 144 153 155 168 153 133 139 163 181 193 188 164 156 166 174 190 192 188 191 185 206 198 199 207 201 182 190 201 193 193 213 217 219 211 200 182 183 209 193 180 186 184 194 228 229 212 193 200 201 185 165 178 199 196 193 195 200 193 182
171 176 187 199 195 209 204 186 188 179 180 190 203 205 192 196 180 157 183 178 166 165 176 191 179 154 158 159 176 189 155 144 158 168 149 158 135 122 154 161 171 166 149 152 162 183 187 195 191 193 209 201 195 195 186 190 201 211 189 180 187 177 185 197 212 206 220 223 211 201 196 202 203 198 208 181 163 174 198 218 212 185 170 175 186 200 202 188 184 192 187 189 194 192 184 180
195 205 207 200 197 197 192 190 194 186 177 171 149 159 179 201 203 167 161 156 159 165 192 203 198 199 182 182 186 185 172 176 186 180 145 147 150 141 144 138 132 120 146 182 152 158 188 203 207 206 213 211 212 228 231 227 218 197 183 173 191 180 187 194 198 210 219 228 202 186 200 212 201 184 218 225 202 192 220 209 193 181 168 171 176 183 192 190 183 176 189 196 185 175 188 192
206 208 212 214 214 213 200 204 216 220 225 226 207 210 221 224 210 171 146 157 187 201 202 191 193 212 211 203 185 184 179 179 191 184 144 151 173 174 189 187 170 163 170 175 172 188 191 172 183 206 205 203 200 202 209 185 173 194 190 181 195 204 199 200 204 224 219 206 188 188 213 205 195 221 235 228 216 193 204 205 198 183 178 173 170 167 188 203 200 178 167 171 172 166 181 186
204 195 188 196 201 219 222 205 219 220 224 232 236 235 219 206 195 167 161 187 214 220 196 170 173 198 201 187 183 181 173 169 169 161 157 192 190 191 214 224 215 201 171 159 189 199 185 176 160 174 182 187 197 201 199 203 178 181 207 203 201 202 196 183 199 211 210 200 189 200 214 206 218 223 217 204 210 206 191 191 180 148 150 165 166 174 181 197 198 191 171 155 158 169 176 197
215 211 190 174 180 208 229 212 199 188 192 194 196 203 208 199 190 173 158 194 200 209 184 172 163 171 189 184 171 159 170 168 146 174 208 207 210 216 204 213 216 195 177 179 181 171 169 167 141 165 182 196 217 219 212 218 218 212 198 204 212 198 183 186 198 199 203 207 197 190 202 204 214 208 200 198 180 193 207 200 196 158 157 193 185 181 167 159 150 169 188 154 149 171 182 201
238 228 215 204 189 189 232 230 209 204 198 198 192 180 215 224 208 201 187 180 178 170 157 154 168 179 184 191 165 137 143 161 180 221 214 216 213 211 217 215 207 187 191 187 150 164 183 192 197 194 209 224 224 209 213 225 225 226 220 224 214 204 202 194 187 186 190 204 221 221 214 209 209 203 201 195 189 193 202 201 185 130 140 183 172 153 161 170 171 170 176 159 165 176 182 181
228 211 218 223 206 188 215 227 223 202 202 216 220 186 183 202 210 224 221 177 149 157 145 128 135 149 153 183 177 164 156 159 197 209 210 219 212 200 215 208 206 206 198 169 114 137 179 199 211 216 232 228 219 210 217 220 221 230 237 224 211 214 218 211 203 208 207 206 207 200 211 219 219 218 216 196 173 187 197 195 169 130 126 162 162 157 163 170 184 204 178 167 181 190 181 176
230 213 213 234 240 216 197 200 207 208 209 225 225 228 209 208 209 212 225 206 153 159 158 145 141 150 144 151 190 196 187 197 205 197 186 186 194 207 217 209 190 175 156 163 157 152 179 210 211 217 227 221 223 219 216 214 212 226 229 230 221 220 223 217 218 219 220 215 209 214 201 191 217 218 206 210 197 205 209 209 196 171 163 167 165 179 191 190 183 189 173 162 187 176 153 152
209 196 178 196 210 197 195 193 199 186 164 191 213 215 218 221 225 220 212 207 171 152 163 159 155 167 161 159 174 191 191 199 210 214 204 172 167 189 206 190 160 169 166 157 176 171 167 201 202 210 210 194 188 184 164 175 196 211 199 193 192 204 224 218 196 189 201 216 210 208 213 206 218 218 206 208 207 199 199 197 197 211 199 176 176 182 159 166 182 178 184 181 182 185 171 159
194 183 171 178 196 196 189 180 179 165 160 180 188 199 212 218 199 186 155 172 192 143 129 151 148 141 123 136 167 197 192 176 173 192 216 223 219 214 197 180 176 176 165 160 190 176 146 197 201 178 177 166 167 172 147 142 180 208 195 195 197 183 205 219 203 193 185 215 215 199 192 212 215 193 194 189 198 190 172 170 164 189 192 189 190 185 150 165 176 148 155 162 151 124 145 152
192 205 212 197 197 200 197 176 168 162 152 165 179 200 205 198 190 203 189 180 187 163 167 159 150 147 162 156 167 197 212 178 145 164 206 203 206 221 215 183 153 159 175 198 215 203 201 199 181 198 207 201 193 213 206 180 188 186 166 170 169 180 198 219 220 220 226 227 211 205 186 203 195 156 177 191 194 186 163 163 167 164 170 169 186 189 159 177 217 187 154 154 153 125 106 153
209 213 205 196 202 174 178 198 189 171 170 186 172 165 189 215 215 205 195 168 144 135 166 147 154 191 197 174 149 137 151 146 159 184 182 178 171 178 174 177 163 173 181 194 209 187 165 165 168 176 192 204 209 214 209 190 186 190 191 176 172 193 211 219 225 225 215 215 221 218 176 165 176 171 187 183 181 192 186 187 177 170 191 169 168 180 156 156 208 214 178 119 139 138 103 154
198 187 194 202 204 194 181 179 192 199 199 191 175 167 179 175 167 177 189 198 176 147 150 152 181 198 199 196 182 152 148 157 174 190 195 188 171 180 194 200 189 173 165 154 152 151 150 172 202 200 180 182 197 195 179 175 195 225 220 189 175 194 202 198 209 221 219 220 209 200 189 193 191 198 210 207 195 197 192 182 181 187 194 170 162 196 190 176 184 201 170 122 124 106 84 90
197 190 187 190 190 199 208 207 205 214 224 210 201 197 206 202 187 196 187 185 186 187 179 163 187 187 181 186 177 189 195 197 207 212 212 198 174 191 208 213 186 168 155 152 158 146 146 183 208 200 197 189 196 201 166 164 187 196 202 205 199 190 178 185 188 190 170 169 173 189 207 215 203 212 215 218 213 201 189 188 197 199 188 192 183 171 171 186 198 191 174 171 167 154 140 110
201 198 194 189 191 195 195 198 211 217 226 215 199 202 219 227 222 207 193 204 201 171 180 174 168 181 171 165 164 185 190 210 219 207 182 172 193 198 177 187 171 160 176 186 177 157 148 144 186 208 212 192 188 199 186 165 182 192 194 190 184 178 150 146 162 173 161 142 131 146 179 207 197 189 187 201 194 186 193 199 199 197 188 184 185 162 148 178 195 177 167 172 182 174 189 175
198 194 195 178 188 203 207 211 214 219 219 211 204 216 226 224 202 181 180 196 190 173 175 169 149 172 178 175 177 176 180 195 207 199 171 178 184 176 155 139 149 174 201 192 166 164 159 150 156 182 211 184 170 148 142 163 186 197 187 176 161 154 158 137 146 150 145 138 135 156 183 203 189 179 180 198 210 205 202 201 197 186 187 196 204 220 192 172 182 180 179 176 186 181 173 182
194 189 198 195 208 220 205 179 190 204 204 207 213 213 201 199 174 153 158 168 163 156 155 157 149 168 171 174 190 188 182 188 188 182 178 173 168 165 162 160 151 161 161 153 184 181 136 133 160 166 193 190 186 125 72 100 171 165 141 176 187 170 164 156 160 157 159 151 149 164 183 194 189 194 194 198 212 220 215 185 183 156 156 185 175 171 181 166 169 209 214 188 173 164 170 181
207 198 210 218 223 226 204 186 194 208 198 178 192 199 184 179 166 148 144 163 174 175 174 164 159 173 173 170 188 210 206 179 158 139 148 159 154 176 191 180 161 163 181 186 205 190 154 135 168 183 194 218 214 187 158 185 212 180 123 174 221 172 154 147 144 165 165 149 140 156 183 208 219 217 215 215 219 227 217 183 194 174 141 170 181 175 191 204 196 205 200 184 169 138 169 204
205 211 216 220 215 208 215 208 200 177 174 190 208 205 196 193 188 181 165 171 177 165 173 163 135 168 183 167 182 192 191 166 155 148 154 164 144 149 171 172 177 182 185 199 206 185 161 162 159 180 196 200 206 204 205 210 214 207 172 175 212 165 148 157 149 152 174 175 174 164 151 207 226 211 215 208 198 203 196 191 206 208 179 159 181 188 192 195 198 184 183 181 177 174 172 166
215 215 209 212 206 202 215 181 173 169 194 213 216 191 175 193 209 204 190 172 176 184 195 185 151 186 204 168 159 158 150 157 152 137 137 130 122 136 169 182 182 181 177 177 161 153 144 164 162 95 123 191 208 204 212 206 217 205 201 209 202 161 162 171 165 174 192 191 182 162 108 122 189 208 202 207 202 209 203 186 193 202 182 167 177 179 178 204 206 186 176 180 183 180 170 175
181 187 186 202 196 200 217 205 194 201 203 215 208 196 198 208 215 213 200 176 182 187 190 198 175 163 187 192 190 143 113 112 140 157 131 121 109 90 99 147 177 183 174 160 152 162 163 154 127 49 78 192 227 191 199 211 215 228 224 220 198 170 177 197 207 228 228 231 228 206 188 166 164 189 194 195 182 173 190 214 209 197 187 185 185 186 189 198 179 173 187 196 167 149 153 170
151 170 177 179 194 200 188 192 200 212 208 210 197 199 207 206 202 206 209 188 201 211 199 205 197 153 152 162 156 131 141 160 178 181 177 176 171 142 157 160 152 158 148 141 138 155 189 148 45 61 147 184 224 210 187 200 193 205 207 202 199 201 222 212 211 195 181 170 178 189 202 200 189 187 178 172 158 181 211 213 209 207 208 208 194 187 187 180 165 164 202 218 200 187 175 169
176 195 183 164 190 194 193 209 203 201 215 225 211 196 192 188 186 196 191 168 166 178 189 181 174 169 170 186 176 147 153 181 179 201 208 209 190 192 209 176 142 144 143 137 136 142 173 152 66 105 176 208 222 215 187 191 201 200 203 194 178 183 192 195 189 174 158 152 154 158 170 184 179 195 160 161 157 172 201 199 209 208 214 208 197 200 184 170 178 180 204 223 216 191 182 193
188 184 164 150 187 202 179 200 187 198 217 203 187 194 205 197 189 177 178 192 184 159 166 169 155 153 168 193 204 201 209 202 175 175 192 201 195 180 180 179 153 147 156 184 203 186 170 179 158 178 196 213 222 220 188 179 198 204 198 185 178 176 186 189 187 189 199 199 199 208 204 201 194 210 187 186 189 177 187 190 182 185 199 192 184 162 154 168 184 188 198 195 185 150 131 155
203 208 202 193 189 169 161 191 196 212 228 200 180 193 222 216 200 206 190 193 194 175 170 184 193 172 173 208 216 208 202 204 189 171 185 183 194 217 183 160 147 153 171 191 190 191 161 161 168 172 180 161 162 165 164 161 166 162 175 191 189 178 188 193 177 177 218 214 196 188 198 209 207 207 205 202 204 200 193 198 213 216 209 201 184 161 163 170 182 190 197 196 191 187 167 149
196 199 200 209 207 162 154 179 193 202 219 218 203 191 212 227 212 204 198 197 205 205 216 217 204 165 168 198 200 191 183 193 185 173 185 186 184 175 179 193 202 206 177 151 142 153 169 178 181 165 141 77 79 142 182 195 183 149 170 201 193 196 194 194 197 196 200 188 199 201 207 203 214 218 223 210 208 217 215 211 212 214 218 208 192 178 186 195 192 184 184 208 200 179 185 185
172 188 206 214 209 190 177 189 195 186 178 195 208 199 181 181 191 188 190 200 203 203 201 209 197 157 142 161 183 173 166 184 174 178 191 193 184 158 160 202 218 212 190 169 157 146 165 179 163 133 144 164 179 188 206 190 175 174 186 199 197 187 181 173 176 191 186 211 165 132 123 102 134 179 205 205 196 193 197 200 180 146 171 196 169 162 178 193 205 197 192 212 203 186 186 187
171 163 182 188 173 186 191 189 176 159 142 171 183 173 178 184 192 192 190 193 187 188 180 186 174 147 158 145 144 158 172 174 171 188 203 187 168 181 166 186 211 203 190 180 156 145 158 176 174 142 155 179 168 159 179 184 186 205 186 182 192 188 201 207 204 188 188 193 157 112 88 83 88 93 91 123 160 183 197 192 180 181 171 193 187 168 181 194 201 203 196 206 211 210 208 164
168 174 179 157 145 168 179 174 156 143 133 133 129 157 192 185 175 178 179 184 183 186 175 191 191 146 150 164 162 161 180 187 180 182 191 196 191 187 176 175 177 166 158 157 161 155 159 178 180 148 149 167 161 176 202 224 205 193 192 177 187 192 192 184 187 194 178 170 187 179 126 99 110 125 139 164 168 156 156 155 158 179 182 191 197 196 200 216 217 202 175 188 203 206 215 197
195 194 193 169 166 181 191 174 150 139 137 152 170 170 169 158 153 171 202 214 205 206 195 192 204 183 142 150 166 158 160 178 177 176 171 178 176 166 166 179 169 154 150 153 167 155 165 201 209 200 205 212 189 185 199 202 186 178 211 212 202 199 192 186 186 185 149 167 193 193 182 121 114 162 181 177 151 115 97 125 180 215 215 196 180 201 219 217 214 203 184 208 222 205 191 171
187 191 179 158 159 187 199 191 162 140 146 180 199 170 148 141 135 138 162 170 156 160 181 186 180 183 156 170 165 162 157 155 165 170 160 152 169 171 162 166 155 139 144 164 180 184 193 215 214 195 198 197 180 185 199 194 200 206 199 196 223 217 199 188 189 176 160 177 174 170 193 190 171 169 163 156 147 148 121 125 166 185 194 186 177 183 189 194 181 153 164 187 208 211 194 192
174 189 183 167 160 187 197 192 166 139 129 179 208 174 127 154 171 147 127 133 149 181 192 184 184 176 161 176 157 159 159 157 159 163 155 138 155 166 152 139 129 141 156 180 198 198 184 194 203 198 204 195 155 130 172 165 164 181 191 192 212 198 211 212 199 190 205 221 185 180 183 159 171 167 151 131 124 146 143 125 143 160 154 148 162 178 173 179 191 179 187 187 191 199 176 205
173 181 180 174 176 198 201 190 193 186 159 151 152 164 147 151 151 132 132 138 175 181 169 179 192 182 164 155 175 184 152 145 170 158 156 145 121 126 133 141 155 159 138 138 164 182 191 179 197 224 212 188 170 163 158 154 169 179 209 215 218 215 224 214 206 212 209 210 200 183 165 156 171 180 175 145 122 139 169 138 144 164 178 185 203 189 179 184 186 192 170 157 191 212 182 184
140 142 170 186 194 202 204 188 171 153 131 145 163 155 173 177 171 156 153 163 173 165 170 185 185 185 188 163 162 164 144 181 201 162 159 160 129 132 140 154 158 139 161 171 174 161 171 210 204 217 204 186 198 206 182 169 192 208 212 214 215 172 181 232 223 215 221 199 186 176 176 178 179 172 146 143 119 118 176 179 161 152 175 207 202 189 191 191 175 150 142 150 182 194 188 187
160 160 166 178 181 169 173 152 145 161 144 157 165 174 178 167 153 163 181 172 171 171 178 181 162 154 190 181 154 151 156 188 194 170 168 184 163 156 166 161 138 166 195 180 189 185 188 205 197 215 197 188 207 211 195 191 199 203 163 175 187 184 189 204 201 184 168 171 191 199 184 162 167 162 136 150 138 148 206 212 181 178 188 189 189 182 194 181 166 188 203 199 195 194 192 179
175 173 182 179 183 164 180 182 156 166 170 161 154 173 168 156 152 173 194 175 158 173 175 154 141 167 215 187 161 174 187 178 160 163 167 177 183 172 173 178 164 151 170 167 172 196 189 205 230 239 211 196 226 232 208 197 182 154 131 126 126 139 159 162 176 190 169 176 202 207 170 142 143 148 137 154 190 207 197 201 208 194 196 204 193 178 192 204 198 198 196 191 190 201 190 144
153 147 165 185 178 181 190 195 171 146 144 180 162 127 142 146 143 152 158 173 162 162 160 136 147 199 214 190 169 161 156 166 176 169 155 175 182 165 166 187 173 161 189 203 176 163 169 192 179 182 202 193 196 203 168 156 169 163 161 157 167 176 178 180 179 186 174 161 180 189 167 167 175 169 147 166 197 216 194 180 189 196 199 191 205 201 196 194 196 199 206 211 206 202 185 171
158 173 183 191 185 185 195 197 187 174 186 168 146 164 194 198 188 183 176 169 161 144 153 176 192 213 185 192 191 177 154 159 188 187 190 190 166 143 147 173 190 198 197 205 206 197 197 195 156 132 164 174 165 177 177 178 188 203 199 188 182 168 166 175 167 159 172 163 159 177 197 206 191 186 182 192 195 206 219 195 173 189 184 169 184 206 204 186 183 178 189 205 214 196 171 187
214 183 163 175 193 199 178 163 194 184 166 157 177 187 184 192 197 187 185 183 180 173 176 180 182 176 164 195 204 201 188 184 207 205 199 192 186 179 173 177 182 203 209 211 207 212 208 188 178 151 153 173 173 170 170 183 187 207 208 192 176 164 161 166 162 147 153 170 167 187 200 185 177 187 183 201 191 186 201 193 172 160 164 167 173 178 188 180 187 178 179 209 226 201 150 181
192 189 179 169 165 148 143 123 146 170 184 213 203 187 184 181 181 179 178 185 174 147 133 152 204 197 168 182 200 213 193 178 188 195 197 208 221 217 211 212 189 197 206 190 190 201 180 173 198 182 164 172 172 156 180 201 183 177 169 176 191 173 158 149 151 154 146 162 169 175 170 147 159 197 217 224 193 171 166 165 194 181 173 180 165 156 171 163 168 192 185 185 184 181 187 193
181 193 181 149 145 170 179 194 194 208 212 215 200 181 174 165 177 186 156 165 180 155 155 170 178 192 176 171 178 194 207 196 175 187 208 210 204 207 221 223 210 189 202 207 205 209 186 166 174 161 133 139 163 163 200 202 180 188 209 208 208 193 174 175 166 161 174 171 164 176 193 199 168 164 192 203 183 167 163 161 183 181 163 164 161 172 177 164 173 193 188 194 184 178 193 198
134 146 157 155 141 172 200 180 196 221 224 189 183 166 148 160 179 177 154 146 147 153 147 133 159 197 207 204 190 176 205 213 159 152 173 162 157 159 176 203 215 184 201 193 171 167 202 175 166 178 168 155 155 166 205 212 204 214 202 189 200 204 191 210 217 195 169 172 201 200 207 216 218 201 182 182 177 165 164 189 201 176 146 147 156 162 174 186 176 182 197 202 194 180 182 195
170 189 199 189 158 164 183 177 184 181 199 195 193 164 145 170 161 154 154 144 140 165 161 151 167 185 191 186 194 175 187 211 193 188 181 170 177 184 181 199 207 193 185 156 153 176 196 192 198 215 193 158 170 190 177 187 192 185 185 188 198 183 159 172 193 200 190 182 203 220 220 205 204 215 202 201 194 177 170 178 187 181 155 142 161 177 166 187 193 190 214 224 210 206 192 181
174 192 174 185 164 175 209 207 201 155 127 152 140 142 173 169 157 164 181 185 169 147 150 181 170 154 130 134 165 153 163 184 180 179 172 154 158 181 196 205 199 202 211 201 195 209 191 189 192 186 172 169 174 175 153 147 153 154 157 168 173 175 176 195 208 206 201 186 181 192 180 171 184 206 193 178 175 182 173 172 159 131 109 119 187 182 175 162 157 169 190 196 182 187 191 176
157 175 187 223 199 157 194 199 173 161 144 140 157 160 168 167 189 198 197 195 180 167 166 170 176 175 156 149 164 172 171 165 153 151 160 153 153 168 185 169 160 159 169 173 185 201 177 172 149 147 165 168 169 149 142 141 141 144 153 169 186 192 192 194 191 193 202 201 191 187 165 157 173 184 176 171 184 187 155 162 168 118 73 73 190 174 170 177 172 181 163 165 176 182 191 187
