examples/data/proba_v_italy_sicily/probav_s10_toc_x19y03_20141221_333m_ndvi_v001.txt
ncols         1127
nrows         589
xllcorner     12.348214285714
yllcorner     36.598214285714
cellsize      0.0029761904761905
NODATA_value  -9999
[rows 150 to 199 of 589, columns 384 to 479 of 1127]
169 167 159 177 191 193 152 150 188 151 143 131 138 148 134 144 135 110 143 151 155 184 175 181 182 199 199 194 191 200 205 215 241 240 238 195 196 238 232 227 212 205 199 172 223 179 167 164 154 135 146 160 140 118 101 75 105 125 164 122 111 121 133 142 161 173 148 177 198 185 142 158 165 173 173 173 213 206 197 193 174 154 177 192 198 213 215 202 190 204 181 192 199 200 232 229
153 161 146 152 144 153 158 140 135 136 123 135 148 137 116 124 132 132 161 196 196 196 187 178 183 182 195 197 191 199 210 243 250 250 250 250 250 246 230 237 232 212 186 146 167 199 159 168 158 117 146 160 143 122 108 131 111 127 143 123 113 101 111 140 156 215 236 184 144 130 144 152 165 198 202 197 212 208 194 192 200 175 144 177 201 206 213 214 216 213 201 197 213 218 240 224
145 142 146 139 141 166 166 138 118 123 123 138 144 138 132 144 151 171 197 201 198 166 109 111 140 159 170 186 195 202 203 209 239 250 250 250 250 245 234 228 227 204 190 170 167 149 151 184 182 149 152 164 158 157 108 115 103 108 107 106 109 145 144 151 163 101 105 152 144 194 143 174 172 175 177 177 190 216 209 197 200 190 190 193 205 216 223 219 216 218 224 223 222 219 213 250
153 153 150 133 127 158 177 145 125 120 129 136 137 159 163 157 156 161 167 171 171 167 146 101 99 161 199 196 198 210 198 212 202 207 213 220 230 212 215 216 205 191 184 184 179 177 186 193 187 165 139 110 117 124 111 106 103 107 109 95 97 175 179 149 161 147 147 143 114 160 173 154 166 165 186 178 193 207 185 174 198 188 193 193 211 213 213 223 223 219 226 224 208 195 185 229
131 156 153 120 113 137 142 142 145 144 137 123 133 145 133 135 158 152 159 162 153 159 161 167 165 167 192 185 182 177 205 209 193 201 222 214 211 205 215 224 206 185 176 191 188 187 194 191 186 175 143 101 103 99 96 116 134 108 106 105 82 88 98 96 122 155 188 100 101 95 101 166 127 131 147 167 198 181 185 168 164 151 175 195 206 211 216 213 222 218 214 215 216 209 191 174
114 121 139 140 106 105 115 134 130 122 130 123 92 116 125 124 139 147 158 170 166 175 162 163 168 161 159 145 148 152 164 202 218 213 226 219 192 215 202 196 185 192 180 193 184 177 177 179 156 125 136 125 97 88 103 138 134 124 106 95 110 123 110 121 108 90 119 136 142 123 88 87 125 125 145 184 190 196 173 150 175 195 202 204 206 223 220 215 215 207 203 203 202 196 163 130
147 154 159 134 107 90 81 88 106 111 111 127 124 119 118 137 157 157 149 166 176 169 145 155 165 154 149 128 121 128 156 171 204 223 215 198 178 187 185 175 175 189 179 168 174 173 172 181 154 131 125 103 88 108 116 159 169 146 121 139 178 159 145 111 86 75 91 98 91 101 98 92 140 149 138 133 168 197 182 216 212 201 216 223 219 223 222 200 203 199 199 223 225 205 214 200
136 122 144 132 96 96 89 102 80 91 92 126 163 140 111 129 146 145 160 177 187 174 142 153 151 150 146 135 139 139 153 160 162 171 167 164 189 192 174 180 155 166 187 176 178 179 169 132 116 170 125 105 114 116 96 123 148 138 124 122 129 132 108 111 97 87 84 88 72 81 102 93 126 147 149 168 183 180 189 205 209 211 219 206 208 223 205 150 161 166 199 218 182 191 211 215
130 139 144 154 126 100 117 93 94 97 114 120 118 106 107 141 146 148 170 171 137 127 146 154 156 147 143 146 149 139 128 138 155 147 157 148 154 181 195 199 190 180 173 178 171 184 193 167 115 136 147 144 148 129 95 90 96 113 137 143 121 120 121 117 111 104 93 107 111 109 99 78 93 107 147 181 158 156 199 203 189 154 167 172 177 212 210 169 189 199 206 211 182 175 176 201
143 147 143 157 132 114 105 102 110 98 101 107 91 95 109 118 109 127 147 140 122 117 149 160 147 111 97 113 133 143 128 125 139 124 144 158 153 158 163 189 199 167 138 163 142 143 169 165 164 160 140 131 143 138 143 133 130 151 157 177 166 109 112 144 130 97 98 90 94 85 71 64 78 106 139 182 183 166 183 195 191 185 177 167 172 198 211 171 168 188 169 185 195 195 196 186
185 198 171 151 126 106 95 92 105 105 72 83 86 106 114 104 109 108 119 158 149 121 128 143 120 94 123 132 124 134 145 121 134 150 159 157 159 177 183 185 195 197 191 197 179 152 140 169 156 118 98 120 144 109 113 122 134 158 152 131 139 152 149 148 103 108 118 117 113 120 108 80 111 138 142 151 187 177 190 169 144 196 204 182 177 196 203 153 111 187 202 195 199 211 213 196
168 191 195 183 150 107 102 100 114 124 90 78 88 114 123 108 101 93 91 131 142 135 126 133 152 133 147 153 150 155 161 158 142 145 152 160 171 170 186 205 203 212 212 215 219 202 208 214 187 141 91 94 99 92 88 95 114 128 116 108 126 149 159 170 163 142 139 137 94 90 103 100 104 111 158 172 176 167 172 136 140 171 185 184 190 188 173 168 170 188 200 198 197 207 217 217
179 181 178 178 158 108 98 120 118 115 94 84 94 109 110 104 101 100 99 104 120 130 150 147 149 144 140 137 150 157 147 140 146 172 178 172 174 174 172 198 213 207 198 193 207 214 210 212 220 191 143 98 84 86 88 93 101 102 90 100 131 147 152 143 134 126 144 150 128 107 131 151 130 128 162 169 139 118 136 163 167 158 183 191 192 201 176 148 159 176 184 196 201 202 206 210
173 163 161 166 153 123 113 143 130 88 84 106 116 105 94 101 106 118 113 91 101 126 133 129 147 153 115 123 137 164 158 149 160 159 152 166 171 186 194 202 211 209 210 190 191 217 225 213 186 214 203 164 116 130 134 105 126 118 82 111 135 137 128 120 140 131 141 146 137 136 162 170 155 151 176 181 171 165 156 153 133 148 174 179 161 188 202 159 169 175 175 189 204 198 197 203
181 164 158 147 134 143 134 126 121 95 91 92 106 104 89 103 105 98 97 87 99 127 120 110 126 133 119 118 126 140 165 169 162 130 132 157 155 176 216 203 199 198 210 206 195 205 200 195 179 201 202 198 194 175 163 140 113 116 97 87 110 129 97 99 111 141 145 121 143 156 161 163 168 182 200 201 185 188 182 163 151 183 184 160 148 194 199 172 161 181 186 188 196 203 196 184
152 151 162 162 126 118 113 128 118 102 89 84 90 87 93 110 109 105 105 111 119 121 130 133 129 119 125 134 134 152 142 128 141 149 164 188 194 194 205 202 186 192 216 225 198 200 202 206 191 187 203 165 163 182 152 141 130 117 110 119 138 152 115 115 124 136 165 172 179 180 177 183 189 195 167 173 192 194 199 190 193 205 174 147 164 192 176 182 188 182 190 197 194 204 215 210
145 145 165 142 137 130 113 130 125 115 103 84 92 97 101 95 102 116 109 114 119 125 121 129 130 123 129 144 132 114 110 96 96 133 163 191 205 207 198 193 193 192 208 192 181 191 198 198 187 184 205 160 104 95 93 94 116 122 106 116 150 155 124 97 114 138 183 199 193 167 152 143 162 164 169 157 166 179 179 173 188 206 218 196 189 160 159 184 188 181 189 191 193 204 201 209
129 147 160 143 135 138 98 100 128 122 103 95 105 97 90 96 99 94 105 117 131 133 118 112 107 104 111 113 98 91 97 97 136 183 204 205 193 193 197 193 194 185 199 192 185 198 187 177 179 165 174 156 126 153 126 94 107 131 97 105 129 130 88 81 102 172 211 183 175 157 117 94 129 178 174 156 161 164 150 159 171 189 193 192 189 181 165 174 173 185 174 187 196 197 199 207
155 163 154 139 120 111 97 102 116 134 135 128 115 97 92 88 79 89 112 109 121 127 109 105 97 86 92 108 86 104 147 162 193 218 195 167 182 190 187 195 191 191 200 183 151 198 189 163 170 168 130 83 149 180 149 110 94 68 58 82 88 82 108 71 93 145 213 185 152 142 126 119 129 149 152 151 138 164 181 171 177 182 188 166 151 170 176 184 181 176 139 150 162 173 184 193
172 183 130 131 120 134 135 148 163 155 151 135 99 101 107 101 88 95 113 110 103 119 113 108 102 94 121 157 144 132 175 191 197 204 179 157 169 173 170 177 192 199 211 195 176 213 182 131 131 143 143 153 172 176 129 84 104 92 80 69 70 72 68 80 112 113 128 174 177 142 121 139 129 127 124 127 148 177 194 184 167 175 178 188 185 166 129 161 178 111 83 77 132 192 197 197
142 171 150 135 146 146 138 128 148 171 139 131 140 141 131 111 89 53 98 110 122 155 155 142 142 126 169 199 184 137 129 125 107 122 126 98 103 162 193 181 185 188 200 206 191 191 178 151 132 136 160 181 156 127 108 116 134 74 77 59 69 68 67 90 147 171 155 170 183 156 140 142 152 153 143 152 159 173 168 167 176 186 191 174 186 170 137 159 177 167 145 107 138 201 193 189
165 136 134 152 172 175 170 150 123 139 124 114 119 144 167 131 99 111 128 154 175 186 167 146 158 155 155 145 122 104 125 110 79 83 97 74 141 208 216 166 151 172 191 222 221 197 161 154 158 159 153 136 130 97 81 93 125 105 79 78 68 92 93 92 149 208 216 182 180 164 150 156 141 136 168 169 197 196 187 187 174 166 164 165 176 187 172 166 197 218 203 158 166 177 186 189
145 122 110 131 163 158 139 133 132 117 132 137 142 157 161 126 122 139 137 132 142 160 163 162 166 155 121 104 92 127 138 114 88 98 98 106 171 185 121 95 118 161 169 189 203 181 122 133 159 160 143 140 131 114 120 135 86 84 106 83 103 121 114 120 133 158 158 123 107 149 176 176 156 155 159 152 200 232 222 210 196 175 176 188 209 197 157 186 213 215 207 238 239 192 224 244
129 120 108 126 143 150 149 133 135 148 136 128 116 150 147 117 122 129 151 149 152 167 175 168 165 170 167 140 144 166 146 92 82 128 151 122 122 111 96 115 110 141 179 141 94 91 93 130 169 186 176 152 173 146 118 84 76 112 117 113 140 141 93 99 138 164 98 88 107 123 149 155 161 164 130 121 159 201 217 223 228 217 196 182 165 141 163 216 204 208 216 218 218 220 226 224
127 110 119 152 139 121 163 146 114 114 119 99 104 121 148 146 147 142 149 161 147 118 129 156 179 186 167 155 168 168 135 109 97 149 185 138 113 113 101 101 88 97 139 118 108 105 108 148 164 169 170 170 172 149 103 89 89 86 76 86 130 165 147 140 160 155 111 135 164 131 101 108 106 126 144 120 156 204 219 233 226 228 200 173 177 203 250 210 193 240 238 246 244 244 250 250
121 105 105 117 137 151 161 166 115 90 94 95 87 105 131 135 143 136 149 154 155 136 139 156 164 170 159 151 164 159 133 115 111 127 165 152 130 97 87 94 98 85 83 114 123 119 133 159 173 185 181 171 165 159 131 107 85 86 106 106 106 153 159 158 178 182 148 145 157 150 146 146 123 130 151 151 161 183 242 235 216 216 220 200 232 236 243 195 188 250 250 185 184 250 250 245
167 117 132 142 133 156 155 160 160 123 87 83 90 88 100 103 109 139 163 169 167 159 163 165 162 146 120 117 164 156 131 109 102 127 133 108 100 110 99 96 96 84 89 133 154 138 146 181 193 199 194 181 180 175 162 113 92 93 106 105 91 99 91 131 140 106 98 113 142 181 190 180 164 161 162 165 178 188 226 204 188 212 219 208 220 235 236 238 199 250 244 184 189 189 191 193
191 149 136 148 156 166 157 134 136 122 96 100 105 120 134 139 137 174 177 161 152 151 159 164 169 153 106 87 130 166 160 134 100 89 95 81 64 86 115 137 117 90 89 138 182 179 143 158 179 189 193 191 177 166 157 117 107 106 105 86 100 95 116 165 170 105 80 98 120 141 182 185 145 153 153 172 176 173 202 183 194 215 216 212 214 217 200 229 233 235 246 250 199 188 240 187
153 124 123 132 139 116 94 113 121 142 172 129 89 87 93 93 111 137 127 104 129 150 170 157 150 134 117 124 107 135 161 141 95 91 111 132 118 105 104 111 113 101 86 106 147 177 169 158 172 171 186 196 176 168 147 110 95 96 86 121 144 140 127 175 190 159 154 158 135 106 129 101 132 167 180 185 183 187 189 212 227 230 217 210 216 190 185 191 196 219 223 236 243 194 195 186
112 135 129 110 72 92 112 105 83 100 122 106 80 83 113 135 135 127 114 103 142 168 164 154 155 157 146 150 129 136 157 149 144 115 94 124 152 146 139 137 113 119 140 121 122 163 167 128 138 164 183 195 179 176 162 131 114 96 89 124 143 138 120 157 169 174 193 198 176 136 141 151 157 164 165 141 148 154 158 179 183 181 194 194 196 186 182 198 209 215 201 203 238 243 222 205
131 156 135 119 98 53 64 76 87 97 84 69 105 119 143 164 153 134 122 103 124 147 165 145 133 141 135 128 137 137 158 165 162 124 101 125 160 187 163 163 134 117 112 124 140 137 137 119 120 158 180 181 161 173 167 166 143 119 131 168 175 146 156 181 175 183 196 202 200 182 204 158 175 142 141 152 164 149 169 158 165 178 217 192 188 184 186 197 198 195 194 202 204 195 199 191
86 103 103 92 105 111 78 82 99 104 90 83 108 130 163 177 171 148 121 124 137 137 136 117 106 137 143 102 92 103 126 150 152 129 107 137 159 168 185 169 112 122 142 130 124 173 178 133 121 156 172 167 169 179 172 159 146 136 135 157 189 179 175 188 182 194 204 205 199 232 232 226 202 197 195 175 189 194 173 178 194 213 197 201 199 186 169 196 188 191 205 215 200 193 194 186
70 92 88 79 103 116 88 104 120 99 81 99 118 112 125 117 110 129 142 140 140 127 126 128 121 161 172 88 72 101 134 148 148 155 136 100 129 136 128 130 127 127 134 137 130 164 187 162 138 152 171 167 154 172 183 146 98 108 134 162 176 174 168 186 179 180 171 184 176 196 224 248 228 221 228 161 184 195 185 194 196 212 182 172 179 184 183 185 183 190 192 190 188 204 210 202
69 86 95 84 90 102 110 115 100 89 95 110 107 114 108 116 106 149 163 126 77 79 72 69 92 113 103 77 77 91 113 107 130 147 132 118 139 155 141 140 126 119 131 138 122 109 161 179 153 112 134 176 162 156 159 111 116 114 119 135 113 156 177 188 195 179 174 199 206 185 194 213 175 195 175 167 181 178 197 202 234 213 187 171 166 173 171 164 166 164 171 171 167 171 182 187
88 88 99 103 110 111 97 82 78 97 128 149 126 97 77 118 161 163 153 109 93 111 103 97 103 99 93 85 82 84 91 96 132 127 143 140 145 154 144 132 117 108 131 122 102 91 117 154 164 135 162 184 151 133 119 121 125 105 102 97 101 143 182 186 184 194 173 184 188 185 198 192 186 196 209 192 189 187 195 192 225 218 214 184 177 179 175 177 168 164 160 169 169 166 172 169
107 100 99 95 103 107 114 109 100 108 110 129 142 93 77 103 129 130 109 107 94 85 96 90 117 94 74 102 102 85 82 106 143 149 148 127 122 118 115 118 115 103 137 147 151 168 160 168 162 161 195 168 118 119 96 97 102 97 77 105 147 163 168 173 161 184 170 159 171 174 177 192 184 178 180 179 172 180 182 178 214 206 205 193 179 174 175 183 180 174 159 184 193 187 196 202
109 98 96 85 94 99 106 132 135 136 94 76 112 115 76 62 75 67 58 80 107 119 107 98 89 74 104 115 102 82 111 135 160 156 148 132 119 94 98 110 105 113 149 164 178 191 189 190 161 148 151 141 105 114 101 96 94 96 119 148 164 156 156 151 166 166 187 180 167 189 196 195 172 164 158 164 166 177 176 169 175 181 212 172 174 180 179 173 168 163 157 167 186 189 196 199
78 68 75 93 101 95 83 90 109 116 101 84 108 128 102 77 78 73 70 86 125 137 128 105 92 84 96 118 93 83 134 149 172 179 166 167 152 121 71 98 96 124 165 188 193 189 200 195 185 176 151 155 169 178 158 152 173 159 126 128 135 139 138 131 160 176 188 193 189 191 170 160 164 167 164 167 170 172 175 177 182 185 188 182 166 177 188 183 173 164 167 156 129 162 190 194
74 74 86 101 96 95 103 98 107 129 136 118 98 106 110 92 77 56 78 116 130 106 100 91 85 97 111 112 104 107 136 162 175 172 158 175 160 133 115 84 110 134 166 191 200 194 201 194 197 179 164 167 181 179 176 189 213 187 139 152 131 141 168 201 183 181 197 190 176 174 163 167 172 180 178 170 173 171 193 209 198 184 182 198 196 164 136 151 166 173 165 145 149 161 191 183
107 126 125 122 117 106 112 113 103 138 146 109 121 128 105 79 64 66 72 86 91 92 97 83 82 101 120 124 118 116 140 152 162 157 168 183 160 130 146 127 143 186 180 197 196 184 184 195 197 189 181 168 165 154 161 176 165 159 185 130 133 157 221 209 188 175 183 180 176 185 185 185 185 187 179 173 166 170 171 179 183 189 177 169 191 189 183 185 188 178 176 178 132 118 131 111
125 128 115 128 122 120 113 104 141 166 161 135 127 100 44 67 79 96 90 60 78 83 98 97 88 97 133 142 124 143 150 140 135 143 158 171 153 152 163 137 117 196 213 219 197 156 148 167 168 166 185 211 192 165 138 137 127 129 224 163 163 172 223 194 187 188 186 191 193 191 189 197 182 181 176 165 157 161 174 175 181 169 184 190 180 189 198 196 181 175 163 163 148 147 139 93
100 115 119 95 128 145 155 163 169 176 148 101 117 98 102 102 82 89 89 92 102 109 142 131 110 122 117 116 128 161 160 124 107 119 138 126 143 153 168 142 126 149 194 224 207 175 174 175 147 159 186 187 174 152 121 132 189 207 168 173 173 147 120 152 188 184 164 166 186 183 180 192 206 177 142 130 162 172 175 169 171 162 170 175 175 190 201 198 185 178 139 126 139 154 129 117
110 100 90 131 149 155 161 176 170 156 143 135 115 92 110 114 97 77 70 104 122 107 125 118 130 146 138 132 125 116 100 113 120 112 113 125 147 182 183 161 133 108 102 138 174 177 206 191 133 144 144 169 160 129 128 125 174 131 121 141 172 160 132 149 165 139 154 161 185 195 188 203 184 167 120 80 130 168 174 170 178 160 166 174 166 179 183 141 135 150 153 137 132 119 95 123
99 96 130 155 132 139 142 137 138 112 83 109 92 79 77 106 117 101 72 109 126 110 99 136 125 110 122 129 122 123 143 148 145 134 137 149 142 145 124 131 139 130 117 116 148 170 154 124 107 126 117 111 97 101 123 125 129 117 109 159 152 140 121 116 144 133 146 137 155 172 159 168 200 191 125 103 137 166 165 171 176 167 157 164 163 159 186 156 121 152 156 127 120 113 93 108
124 100 99 100 87 93 133 136 125 111 118 144 127 81 91 94 115 120 98 130 128 110 123 169 161 122 113 122 139 153 160 161 168 159 157 141 101 106 120 146 180 154 119 141 142 154 183 150 113 117 111 100 103 121 106 85 108 117 142 134 96 104 129 112 114 122 128 128 124 140 163 160 167 186 169 162 167 167 185 183 176 178 148 121 136 158 175 153 127 163 169 167 154 139 134 123
144 140 127 114 117 127 135 131 122 135 131 149 126 96 107 117 111 103 117 178 190 188 197 186 162 141 138 141 134 129 136 147 156 141 121 124 119 118 121 129 144 141 110 126 137 148 132 128 114 127 127 117 111 112 93 67 84 119 139 157 122 116 127 140 152 162 138 140 146 154 143 140 155 193 165 162 162 155 160 173 174 153 154 141 125 116 115 117 112 145 177 173 145 125 144 167
127 132 144 137 130 127 128 120 128 132 107 116 130 127 106 100 119 127 128 182 205 195 198 209 187 166 138 132 139 143 133 128 131 147 152 144 146 145 147 133 151 145 149 155 146 144 112 128 126 138 145 125 121 116 109 122 104 86 122 178 149 121 119 123 127 142 157 161 158 155 158 137 152 163 159 142 156 145 135 134 150 143 164 144 117 108 104 112 113 119 144 167 174 165 192 201
95 102 140 168 164 153 129 117 115 134 140 146 161 154 124 123 145 155 148 166 205 208 200 189 173 151 140 140 142 154 140 144 160 172 156 151 164 157 158 152 141 133 137 161 147 127 108 104 126 130 124 115 126 103 117 114 133 153 145 162 152 133 112 97 84 105 132 165 171 135 153 144 135 138 142 140 160 170 140 134 154 181 175 166 162 152 154 152 152 146 142 137 131 150 158 175
127 115 112 156 154 125 119 120 124 124 116 123 131 149 164 151 144 141 139 140 158 190 205 163 126 118 111 114 124 139 144 147 164 164 152 168 189 162 146 155 148 154 122 119 135 128 125 123 121 124 114 103 104 100 104 104 147 177 160 121 118 128 92 80 100 114 122 138 141 111 94 144 160 156 163 152 113 142 164 163 173 171 165 162 158 140 165 163 138 161 167 160 142 122 142 135
116 131 120 118 108 151 158 143 131 103 114 122 127 120 166 149 132 134 138 135 130 148 170 165 158 145 102 105 109 128 152 156 161 157 140 168 180 167 158 155 149 157 127 113 137 136 112 106 118 133 117 93 86 98 93 76 73 117 141 118 109 134 118 92 105 116 130 143 146 130 99 119 143 125 139 150 150 155 154 133 128 103 124 141 141 134 146 164 146 146 174 186 174 156 161 155
