examples/data/proba_v_italy_sicily/probav_s10_toc_x19y03_20140801_333m_ndvi_v001.txt
ncols         1127
nrows         589
xllcorner     12.348214285714
yllcorner     36.598214285714
cellsize      0.0029761904761905
NODATA_value  -9999
[rows 204 to 254 of 589, columns 960 to 1055 of 1127]
79 51 42 38 42 36 35 36 37 29 28 30 30 30 30 29 29 29 29 28 28 27 27 27 28 27 26 27 27 27 27 27 26 27 26 26 27 26 26 25 25 25 25 26 26 26 25 24 24 24 24 25 25 24 24 24 25 23 24 24 25 25 23 23 24 23 23 24 21 17 16 23 23 23 23 22 24 24 23 23 23 23 23 23 23 23 23 23 23 23 23 23 23 23 24 24
64 59 51 53 45 38 38 41 40 34 30 30 30 29 30 30 28 28 29 28 27 27 27 28 28 27 27 26 26 26 26 26 26 26 27 26 25 26 26 25 25 26 25 25 23 25 25 26 25 24 25 26 24 25 24 24 24 24 25 25 26 25 25 24 25 24 25 25 30 26 24 22 23 24 23 21 22 25 24 24 23 23 22 23 23 23 23 23 23 24 23 23 22 23 23 22
61 51 47 47 47 42 38 35 36 37 40 37 25 16 25 33 27 22 28 27 27 28 27 25 26 27 29 27 26 25 26 27 27 25 25 27 25 25 25 25 25 25 25 26 25 25 26 26 25 25 25 24 24 24 25 24 25 25 25 24 25 23 24 24 24 23 23 23 25 26 26 24 24 24 24 23 22 24 24 23 24 23 23 23 23 23 23 23 23 23 22 22 24 24 24 23
54 46 46 43 40 33 35 36 34 35 36 47 42 26 16 37 34 20 22 28 26 28 27 27 26 26 27 27 27 27 25 26 27 26 27 26 25 26 26 26 26 26 26 25 25 25 25 25 25 24 25 26 25 24 24 23 23 24 25 25 24 23 23 23 23 25 24 24 24 23 24 24 23 24 25 23 24 24 23 23 23 24 24 23 23 22 23 23 23 23 24 24 23 23 23 22
48 47 40 39 39 34 32 34 34 32 30 31 41 38 26 31 36 30 24 23 26 25 26 27 27 27 25 27 28 27 27 26 25 25 26 26 25 26 24 25 26 26 26 26 25 24 23 25 26 25 25 26 25 25 25 24 24 25 25 23 24 24 23 24 23 23 24 24 24 24 22 22 23 22 22 24 23 23 23 24 23 23 24 24 23 23 23 23 23 23 23 22 22 21 24 24
59 52 38 35 36 35 32 33 34 30 31 30 27 28 28 29 30 33 28 26 29 28 27 28 27 27 28 27 27 27 26 26 25 25 27 27 26 26 25 25 24 25 26 26 26 25 25 25 25 25 25 26 26 25 24 24 24 24 25 25 25 23 23 24 23 23 23 23 22 24 24 24 24 23 23 22 23 23 24 24 23 23 24 24 22 23 24 24 23 23 23 23 24 24 24 24
86 86 66 36 34 35 34 33 36 32 28 30 30 28 28 28 30 29 28 27 28 28 27 27 27 27 27 27 26 26 26 28 28 26 25 25 25 26 26 26 26 26 25 26 25 25 25 26 25 25 25 25 25 25 25 24 23 24 25 25 24 24 24 23 24 24 24 25 24 23 23 24 24 24 23 23 24 24 23 23 23 24 25 24 23 23 23 23 24 22 22 24 23 22 24 24
104 126 119 60 33 36 34 34 33 31 30 33 34 33 30 30 29 28 29 28 27 27 29 28 27 26 26 27 27 27 25 25 27 26 26 25 25 25 27 26 24 24 25 26 25 26 25 26 25 25 25 25 25 25 26 25 24 24 25 24 23 24 24 23 24 23 23 23 24 23 24 24 23 23 24 24 24 24 24 24 23 24 23 23 24 23 23 23 23 24 23 24 23 23 22 23
125 138 136 125 51 36 36 33 32 31 31 32 30 31 29 29 30 29 27 27 29 27 28 28 28 27 28 27 27 27 26 24 25 26 26 27 27 26 26 27 25 25 24 25 26 25 24 25 25 25 25 25 25 26 26 26 26 24 25 24 23 23 23 24 23 24 24 24 24 23 24 24 23 23 23 23 24 24 24 24 24 24 23 24 23 24 24 25 24 23 24 24 24 23 23 21
138 151 167 145 79 37 35 32 31 31 33 29 28 29 29 29 28 28 28 28 28 29 27 27 29 28 27 28 27 27 26 26 26 26 27 26 25 25 24 24 27 26 26 25 27 27 26 26 26 25 25 25 25 25 25 26 25 25 24 24 23 23 23 23 23 24 24 24 23 24 23 23 24 24 25 24 23 24 24 24 24 23 24 22 23 25 19 28 22 24 24 24 24 24 22 22
161 156 161 136 78 41 36 36 34 30 32 32 29 29 28 30 30 27 27 28 27 26 28 27 26 28 27 27 28 25 26 25 26 25 26 26 25 25 25 23 24 25 26 25 25 25 25 25 25 25 25 25 25 25 26 25 27 26 23 25 25 25 24 24 23 24 25 25 23 23 24 25 23 23 24 23 24 23 23 24 24 24 24 23 23 26 29 20 21 24 23 22 23 23 24 23
172 162 143 110 78 44 35 33 32 32 31 31 29 30 31 29 28 30 28 27 27 27 27 28 26 25 26 27 27 26 26 26 25 24 24 25 27 27 26 25 25 25 24 24 27 25 25 25 24 25 25 25 25 25 25 26 27 26 23 25 23 23 23 24 23 23 24 24 23 24 24 24 24 24 25 24 25 24 24 24 24 23 24 22 22 23 25 26 22 23 21 30 22 22 23 23
164 159 137 113 82 41 34 35 33 32 30 29 30 30 29 27 27 28 28 28 29 28 28 29 28 27 25 26 27 27 27 26 26 26 25 24 25 26 28 28 27 26 25 24 25 24 26 27 25 25 25 25 25 25 25 25 25 25 23 24 24 24 24 24 24 24 24 24 23 23 24 23 23 24 23 23 23 24 24 23 23 24 23 23 23 23 21 23 22 23 26 23 24 24 29 24
151 160 140 128 122 37 38 32 31 33 30 30 28 28 28 29 29 31 28 27 28 29 27 27 27 28 27 25 27 28 27 26 27 28 27 26 25 24 25 26 25 26 26 27 27 26 24 23 25 25 25 26 25 25 24 25 27 24 24 24 24 24 25 25 25 25 25 23 23 24 23 23 24 24 23 24 24 24 24 24 24 23 25 25 24 23 23 21 24 23 23 24 23 22 23 23
145 151 147 130 54 36 36 33 34 32 31 31 31 28 30 29 27 28 28 27 27 28 28 27 26 26 26 27 26 26 28 27 25 26 26 26 27 27 26 24 25 24 24 26 25 25 26 25 25 24 24 25 25 26 25 25 24 25 24 24 25 25 24 24 25 24 25 25 25 23 23 23 24 24 24 23 24 23 24 23 23 24 24 24 22 23 25 19 19 23 23 25 23 23 22 22
146 137 111 83 42 36 37 35 33 31 30 29 30 29 30 30 28 26 27 27 28 28 28 29 28 28 27 26 25 24 24 25 25 25 24 25 26 26 25 24 24 24 23 25 25 25 25 24 24 25 26 26 26 26 25 26 25 25 24 24 25 23 24 24 23 25 25 23 25 24 23 23 24 23 23 24 23 24 24 22 24 23 23 22 24 23 24 27 24 24 23 22 22 24 24 23
149 126 85 38 39 37 36 34 32 32 30 29 29 28 29 29 30 27 29 28 28 27 27 27 27 27 27 26 25 27 25 25 24 26 28 27 25 25 26 26 25 26 26 25 26 25 25 26 25 24 26 25 26 24 25 25 24 24 24 23 24 24 24 25 25 24 23 25 24 23 23 24 25 24 24 24 24 24 24 24 24 24 24 24 25 24 24 24 24 24 23 23 23 23 23 22
135 119 48 37 38 35 35 35 33 31 31 29 28 27 28 29 29 29 29 28 28 28 27 27 27 24 25 26 26 26 27 25 25 25 24 24 24 24 24 26 24 24 25 25 26 24 24 25 25 25 23 24 24 26 25 25 24 25 25 24 24 24 24 25 25 24 23 22 23 23 24 23 24 24 24 24 23 24 24 24 24 24 24 23 24 22 23 23 22 23 23 24 24 23 22 23
157 73 42 44 41 38 34 34 33 33 31 31 29 28 27 28 29 27 27 28 28 27 27 26 26 24 24 24 26 25 26 25 25 26 26 27 25 26 23 24 23 24 24 24 24 25 26 25 25 26 25 25 23 23 24 24 24 23 23 23 25 23 23 24 25 24 24 24 23 25 24 24 24 24 23 24 23 23 24 24 24 24 24 22 24 24 23 24 24 24 24 24 25 24 24 24
157 49 42 34 40 36 34 32 30 31 31 32 30 29 28 28 29 27 28 29 27 26 27 26 26 27 26 26 26 25 25 25 23 24 24 24 24 25 25 27 26 26 26 25 25 25 26 25 25 26 24 26 27 26 25 24 23 24 25 24 24 24 24 25 25 24 25 25 24 24 24 24 24 24 23 24 24 23 24 24 24 24 23 23 23 22 22 22 23 23 23 23 23 23 23 24
60 41 39 38 36 34 33 32 33 30 29 29 29 29 30 29 28 29 29 27 26 26 27 26 26 27 26 26 25 25 27 26 26 26 25 25 25 23 23 24 24 25 24 25 25 24 25 24 24 24 24 25 26 25 27 24 24 24 24 24 23 24 24 24 23 24 23 23 23 23 24 24 24 24 24 25 24 24 23 23 24 25 24 23 22 24 24 23 23 23 22 23 23 24 23 23
47 42 38 38 36 35 32 32 31 31 30 29 30 32 31 30 29 29 27 27 27 26 27 27 27 27 27 26 27 27 25 26 26 27 26 25 25 25 25 25 24 24 23 24 25 25 24 23 23 24 24 25 24 24 24 23 24 25 25 25 25 24 25 24 25 25 24 24 24 24 24 23 23 24 25 24 24 24 24 23 24 25 23 22 23 24 23 23 22 24 22 23 24 24 24 22
43 42 29 37 36 34 33 30 30 31 29 28 30 30 28 28 27 26 27 27 25 25 27 27 26 25 26 26 26 26 26 26 26 25 25 25 25 25 24 25 27 27 26 25 25 26 27 25 25 24 26 26 26 25 23 24 24 24 23 24 25 24 24 24 24 23 24 24 24 25 25 24 24 24 24 24 24 25 24 24 25 24 24 24 22 23 23 24 22 24 28 29 24 27 29 28
43 42 37 35 35 34 32 30 30 30 29 28 29 28 28 27 28 26 27 27 26 26 27 27 26 25 27 26 25 26 26 25 25 25 23 23 25 26 25 25 25 23 25 26 24 24 24 24 23 24 25 25 24 25 24 24 24 25 24 25 24 24 25 24 24 24 24 25 24 25 24 24 24 24 24 24 24 24 24 24 24 24 24 24 23 22 23 23 26 27 27 28 24 28 26 28
42 47 43 34 33 33 31 31 30 30 28 28 28 29 29 28 27 27 26 26 26 27 27 27 28 27 26 27 26 26 26 27 28 26 26 25 24 24 24 25 25 25 25 25 25 23 23 23 23 23 24 24 23 23 23 25 24 25 25 25 25 25 25 24 25 25 25 25 25 24 24 23 24 24 23 24 24 23 23 24 24 24 22 24 24 24 22 23 28 22 23 23 23 23 24 24
42 38 35 33 33 33 33 30 30 30 29 29 28 28 27 27 26 26 27 27 26 25 26 27 28 27 26 26 26 25 24 24 24 25 25 26 27 27 25 24 24 25 25 26 25 24 26 26 25 24 25 25 25 25 25 23 23 23 25 24 24 25 26 25 24 24 25 24 24 24 24 24 24 24 24 24 24 24 22 24 24 23 23 24 24 24 24 22 22 22 22 22 24 22 22 23
43 39 36 34 33 32 30 31 29 28 29 28 28 28 28 27 27 27 27 27 27 27 26 27 27 28 27 26 26 25 25 24 24 24 24 24 25 27 25 25 25 24 24 24 24 24 25 25 26 27 25 26 25 24 24 25 24 24 25 25 25 24 25 25 24 24 24 25 23 24 24 24 24 25 25 25 24 23 23 24 24 23 24 24 23 22 21 23 23 22 23 23 24 23 24 23
44 37 35 32 32 32 31 32 30 29 28 28 29 27 27 27 26 28 27 27 27 27 28 28 26 26 27 27 26 25 25 26 27 24 26 24 24 24 25 27 25 26 26 25 25 25 25 24 24 25 27 28 25 25 24 23 24 25 25 25 25 23 24 24 24 25 24 25 25 24 23 24 24 24 24 24 24 24 24 24 23 25 23 23 24 23 23 24 23 22 23 23 24 23 22 23
40 36 33 33 32 32 31 30 30 30 29 28 28 27 27 27 26 28 26 26 27 27 27 28 28 27 26 25 25 27 26 25 25 26 26 26 24 25 24 24 25 27 26 25 25 25 24 25 23 24 24 24 24 23 24 24 24 24 24 25 24 24 23 23 25 23 25 23 23 23 23 24 24 24 24 24 24 24 24 24 24 23 23 23 24 23 23 24 24 24 24 24 22 24 24 22
36 34 32 32 33 32 30 30 30 30 28 26 26 28 27 27 26 27 27 27 27 27 27 28 29 28 28 27 26 26 27 26 27 26 26 26 26 26 26 24 24 24 24 24 24 25 26 25 26 25 25 23 24 24 24 24 24 24 24 25 24 25 24 23 23 24 24 23 24 24 24 24 25 24 24 24 25 24 24 24 23 25 25 24 23 23 23 23 24 24 22 23 23 22 24 23
36 33 32 31 31 31 31 30 29 28 28 28 28 27 28 27 27 27 27 27 26 25 27 28 28 28 28 27 26 25 25 24 25 24 25 25 26 27 27 28 27 26 25 24 24 25 24 26 26 26 27 27 25 24 24 25 24 24 25 23 24 24 25 25 23 24 24 24 24 24 24 24 24 25 24 24 24 24 23 24 23 24 24 24 25 24 24 23 24 24 23 23 23 23 24 23
36 34 33 32 32 30 29 30 28 28 28 28 28 28 27 26 27 26 26 27 26 25 26 25 27 27 28 28 27 28 26 26 26 24 24 25 25 26 27 25 27 27 26 26 26 25 24 24 25 25 24 24 24 25 25 25 26 24 25 25 23 24 23 24 24 24 24 24 25 24 25 24 24 24 25 23 24 24 24 23 23 25 25 23 25 25 24 24 23 23 24 24 24 24 23 24
35 34 31 32 30 31 30 29 28 27 28 28 28 28 27 27 28 27 26 26 26 26 25 25 24 25 26 26 27 25 27 27 27 26 26 25 25 26 25 24 24 25 25 27 27 26 26 25 24 24 24 24 24 23 24 23 24 25 26 25 25 25 25 24 24 25 26 25 25 25 25 23 24 25 25 24 25 25 24 24 24 25 23 24 24 24 24 24 24 24 24 24 24 24 23 24
34 32 31 30 30 30 29 28 28 27 27 28 27 27 28 27 27 27 27 28 28 27 28 28 26 25 25 26 26 26 27 28 26 27 27 29 27 27 25 26 26 25 25 25 25 27 27 28 26 26 25 24 25 24 25 24 23 23 23 23 23 23 25 24 24 24 24 25 25 24 24 24 25 24 24 25 24 24 24 24 25 23 23 24 24 23 24 24 24 24 24 23 23 24 23 23
34 33 31 29 28 29 39 32 22 29 27 28 27 26 27 27 27 28 28 28 27 28 26 27 27 26 25 24 25 25 25 26 25 26 26 27 28 27 26 26 26 25 25 24 26 27 26 27 26 26 26 25 25 25 26 25 25 24 24 23 23 23 23 23 23 24 23 25 24 25 24 24 25 25 24 25 25 24 24 25 24 24 23 23 23 23 23 23 23 24 23 24 24 24 23 24
32 32 31 29 29 28 28 28 35 26 27 27 27 27 28 27 27 28 27 28 26 27 27 27 27 26 27 26 26 24 24 25 25 24 23 25 26 26 26 27 27 27 27 26 26 25 25 26 26 24 24 24 23 24 26 26 25 25 25 25 24 25 25 24 25 25 25 25 24 25 25 25 24 24 25 25 24 24 23 23 23 23 24 24 24 24 23 22 23 24 24 24 24 24 23 24
33 32 32 31 30 30 30 29 29 28 28 27 28 27 26 28 28 27 28 28 28 30 28 28 28 28 28 27 27 26 26 27 26 25 24 25 25 24 25 24 25 26 27 29 28 27 25 25 24 23 23 25 24 23 23 23 25 25 25 25 25 23 23 25 25 24 25 24 24 25 24 25 24 25 26 25 24 23 23 24 24 24 24 23 23 24 24 23 24 24 24 25 23 23 23 22
39 31 32 28 26 31 31 30 28 27 27 27 27 28 29 28 27 27 27 26 27 29 27 26 27 26 28 28 29 28 28 27 27 26 27 26 26 24 25 26 26 26 26 27 27 26 26 27 27 25 25 24 24 24 24 23 23 22 23 24 24 24 24 24 24 25 24 24 25 24 25 26 25 23 23 23 23 23 24 24 23 24 24 24 24 23 25 25 25 24 24 24 24 24 22 23
36 34 39 30 36 30 29 29 28 28 27 26 28 27 27 27 27 27 26 27 26 26 25 24 25 25 27 25 27 28 27 27 28 27 28 27 26 27 27 27 26 27 26 25 25 26 25 25 24 25 26 25 25 25 25 25 24 24 24 24 24 24 25 25 25 25 25 25 24 25 25 24 25 24 23 23 24 24 24 23 24 24 24 24 25 25 25 25 24 24 23 24 24 24 23 23
31 35 37 39 41 38 29 27 28 28 27 28 29 28 28 28 27 28 28 29 29 27 27 26 26 25 25 25 26 27 26 25 27 26 26 26 26 28 27 27 26 25 26 25 25 26 25 24 24 23 24 25 25 25 25 27 25 25 26 26 26 25 25 26 26 26 26 25 24 24 25 24 23 23 23 23 24 24 23 24 24 24 24 24 24 24 24 24 25 24 23 23 22 24 24 23
31 31 30 29 30 38 42 41 28 28 27 28 28 28 29 30 29 30 29 28 28 28 29 28 28 27 26 26 25 24 24 25 27 26 26 26 26 27 27 27 27 26 26 27 27 28 27 26 25 24 23 23 24 23 24 25 25 26 25 27 26 26 25 24 25 24 24 25 23 24 24 24 25 24 24 24 24 24 23 25 25 24 25 24 24 24 24 24 23 24 24 23 25 24 24 24
35 32 30 30 29 29 30 40 42 36 35 25 27 27 27 27 29 29 29 28 27 26 26 27 27 28 27 27 26 25 25 25 24 25 24 24 25 27 28 27 27 27 28 28 26 28 29 26 28 26 25 25 25 24 24 25 25 26 25 25 25 24 26 24 24 24 24 24 25 25 23 24 24 24 25 24 24 24 23 23 25 25 24 24 24 24 24 25 25 24 23 24 23 24 24 23
31 31 31 30 31 30 29 29 29 28 27 27 27 28 28 27 27 27 27 27 27 26 26 26 27 28 27 26 27 27 27 26 26 25 26 25 25 25 27 27 26 25 27 29 27 28 29 24 25 26 25 25 25 25 24 25 24 24 24 25 24 24 24 25 24 24 24 24 25 25 25 24 24 24 24 24 25 24 24 24 24 23 24 24 25 24 23 24 25 24 23 24 25 24 24 23
31 30 30 30 29 30 29 29 29 29 28 30 29 28 29 28 27 27 27 26 26 27 26 27 28 26 27 27 27 26 26 26 27 27 26 25 25 26 25 24 24 25 26 27 27 26 22 24 25 25 25 26 25 25 25 24 25 24 23 24 25 24 25 24 24 24 24 24 24 24 24 24 23 25 24 24 24 24 25 25 24 23 25 25 23 23 28 28 28 23 24 30 23 23 23 24
30 29 28 28 27 29 29 28 28 28 28 29 29 28 30 29 28 28 28 27 25 26 26 25 26 26 27 28 27 28 28 27 27 27 26 25 26 26 27 27 26 26 26 26 26 26 24 23 23 23 24 26 25 25 25 24 25 25 25 25 25 25 25 26 24 24 25 25 25 25 23 24 25 24 24 24 23 23 24 23 24 24 22 23 24 24 24 28 24 28 27 25 25 24 24 24
29 28 28 28 28 30 30 29 28 28 29 28 28 29 28 31 30 28 28 27 26 27 26 26 25 25 25 25 26 27 27 27 27 27 27 26 25 26 26 28 27 27 26 25 26 25 25 25 25 23 22 23 29 24 25 26 26 25 24 24 24 25 25 25 25 25 25 24 26 24 24 24 24 23 23 24 24 23 23 24 24 23 24 24 24 24 24 24 24 25 24 24 24 23 24 25
29 28 28 27 27 27 27 26 26 27 28 28 28 28 28 29 27 28 28 27 26 27 27 26 26 25 25 24 25 25 25 26 26 26 26 25 26 26 24 26 26 25 27 25 26 25 25 25 26 25 24 24 24 24 23 23 26 25 25 25 25 24 24 24 24 24 25 25 25 25 24 24 24 24 23 24 24 24 24 23 23 24 23 24 24 24 24 24 24 24 24 23 24 24 24 24
28 28 30 29 28 28 27 27 26 26 26 27 27 28 28 30 28 28 30 27 28 28 29 27 27 27 26 26 27 25 25 26 25 25 24 26 25 26 27 28 27 27 26 26 27 24 25 24 23 24 24 24 24 23 23 24 24 24 25 25 25 24 25 25 25 23 24 24 25 25 25 24 24 24 24 24 24 25 24 25 24 24 24 24 24 24 24 23 23 24 24 23 23 23 23 23
28 29 29 28 28 28 27 26 26 26 26 27 27 27 27 28 28 28 28 28 28 29 29 29 28 27 28 28 28 25 27 26 27 25 25 24 24 26 25 26 26 25 26 26 26 24 24 24 23 24 24 24 23 23 23 23 24 23 23 23 23 23 24 24 24 24 25 25 24 24 24 25 25 25 24 24 24 24 24 23 23 24 24 23 24 24 24 23 23 23 23 23 23 23 23 24
29 30 29 28 28 29 29 28 27 27 27 27 27 26 28 28 28 29 27 27 27 28 29 28 29 29 27 28 27 27 26 26 25 26 27 25 25 26 25 26 26 26 25 24 23 23 23 23 23 23 23 24 24 23 23 24 25 25 24 23 23 24 24 24 24 25 23 23 24 22 22 23 23 24 24 24 24 24 22 23 24 23 23 24 24 23 23 23 24 24 24 23 23 23 24 23
29 30 29 29 28 30 29 28 28 28 28 27 26 26 28 26 27 28 27 27 27 26 27 30 29 26 28 27 26 25 26 26 25 26 26 26 26 26 26 25 26 25 25 26 24 23 24 23 23 22 23 23 24 25 24 25 24 23 25 24 24 24 24 23 24 24 23 23 24 24 23 23 23 23 24 23 23 23 23 24 23 24 23 23 23 23 23 23 23 23 24 23 24 24 23 24
