examples/data/proba_v_italy_sicily/probav_s10_toc_x19y03_20150421_333m_ndvi_v001.txt
ncols         1127
nrows         589
xllcorner     12.348214285714
yllcorner     36.598214285714
cellsize      0.0029761904761905
NODATA_value  -9999
[rows 517 to 563 of 589, columns 672 to 767 of 1127]
29 29 33 26 26 27 27 28 28 28 27 26 27 28 28 26 26 26 29 28 29 28 33 24 23 30 29 23 24 23 27 25 31 29 34 37 42 45 48 42 74 84 103 106 93 83 76 79 96 105 92 91 90 105 117 125 121 99 103 112 119 122 117 111 126 144 155 162 177 149 108 122 169 155 133 129 133 150 146 147 138 139 153 165 158 157 156 162 172 179 173 158 145 125 135 171
24 24 27 29 27 27 26 35 26 27 27 29 26 29 27 27 26 26 28 29 44 29 25 24 24 28 28 27 25 22 31 32 32 31 32 26 42 49 50 46 48 78 106 101 84 97 107 113 97 105 98 90 101 106 107 108 97 97 98 107 118 122 116 114 122 156 151 135 125 129 115 133 169 156 148 136 124 130 126 145 132 139 145 155 150 147 161 189 168 163 170 178 184 170 160 177
24 28 29 27 25 26 20 24 39 27 36 28 24 28 27 30 27 28 27 29 37 29 25 24 26 26 26 24 33 31 31 31 33 33 32 33 27 43 46 47 49 46 75 67 96 144 145 111 84 102 104 95 107 105 97 105 109 105 95 93 98 110 138 135 116 154 142 141 138 126 130 135 142 138 115 110 114 118 134 148 131 139 146 147 153 170 181 144 146 187 191 168 185 187 182 189
34 28 27 26 25 28 25 25 25 27 28 27 26 29 32 29 28 26 26 27 27 26 26 28 27 25 25 31 31 32 31 31 34 32 33 34 36 41 41 44 49 48 41 36 81 126 97 86 90 103 101 88 103 116 101 87 94 98 98 106 118 125 141 156 131 132 148 146 147 135 117 117 106 116 138 144 143 142 135 147 132 106 113 149 170 168 152 137 167 195 204 191 189 188 189 185
28 25 26 27 27 30 26 27 28 28 27 26 27 29 28 28 27 28 29 27 26 27 28 28 34 26 24 31 35 31 33 29 32 32 32 32 34 37 39 41 36 48 50 49 70 85 93 86 77 96 107 82 92 125 115 99 85 97 108 108 116 118 116 145 133 114 118 138 171 154 108 104 100 98 108 118 137 149 146 126 87 75 126 158 150 149 165 192 203 193 179 181 173 180 178 177
31 27 25 25 28 28 26 27 26 27 28 30 28 30 27 26 27 26 27 29 26 25 28 27 25 28 32 32 31 31 33 31 31 33 32 33 34 38 38 39 40 45 50 50 51 57 86 78 77 95 94 97 84 103 109 88 88 93 97 112 132 135 111 111 125 128 106 128 138 125 109 97 95 95 115 126 146 135 110 97 78 84 129 146 132 129 135 151 174 186 184 176 162 159 168 188
25 25 26 28 31 25 26 25 30 30 28 26 26 28 28 27 25 24 26 26 27 26 26 27 24 24 24 32 31 31 27 29 30 32 30 32 33 35 36 37 39 43 46 47 44 41 66 80 93 101 80 92 94 94 111 116 113 113 114 122 118 116 106 99 131 166 108 96 104 117 119 108 108 109 110 112 114 119 103 102 100 104 123 122 96 109 144 175 181 166 155 145 147 166 153 155
30 30 27 26 26 28 27 25 26 25 27 29 28 27 28 29 27 26 26 28 29 26 27 27 24 25 30 25 32 29 27 30 30 31 33 32 28 40 35 36 36 39 41 44 43 41 37 55 70 98 96 84 91 98 111 119 129 125 91 80 110 119 95 90 106 122 102 89 86 85 107 117 109 114 108 103 101 106 116 123 104 97 117 111 104 124 151 171 172 143 129 152 161 156 151 144
26 26 25 26 26 26 26 26 27 25 26 28 27 28 27 28 28 27 27 26 26 29 27 25 24 23 24 33 33 29 33 33 29 38 31 32 32 33 34 34 35 36 40 41 40 41 38 28 39 76 104 89 81 87 80 76 76 72 74 90 117 109 108 94 98 108 96 100 91 74 79 98 97 103 101 95 106 116 116 103 89 105 111 109 129 139 159 172 146 141 169 162 151 130 140 165
26 27 25 26 26 25 28 26 26 25 26 26 27 27 28 27 27 26 27 27 30 31 27 23 24 24 23 24 22 25 32 24 35 29 30 32 32 33 33 29 30 35 36 35 40 39 37 42 32 30 52 56 34 23 34 29 26 45 62 59 83 85 91 93 96 104 99 97 78 61 64 85 100 111 103 99 101 97 120 124 125 142 147 141 151 124 101 114 114 107 136 141 130 102 129 162
25 26 24 25 25 24 25 25 25 24 26 25 25 26 28 29 27 26 26 26 29 30 26 25 23 25 24 29 33 23 22 29 34 27 28 29 30 32 33 31 26 34 34 34 36 35 38 39 40 27 38 34 38 37 34 38 37 37 39 40 74 70 71 84 85 81 69 61 53 42 49 70 82 94 99 102 136 138 119 122 131 141 159 139 165 135 96 113 111 106 120 121 119 129 146 148
26 26 25 26 26 26 26 25 26 25 26 26 25 25 27 27 27 26 29 28 27 28 28 24 28 27 28 27 28 29 27 29 32 33 31 30 30 29 32 31 31 32 33 34 35 43 36 38 38 38 37 42 40 40 43 48 44 37 50 47 26 51 55 61 63 51 37 29 22 17 26 29 34 63 73 87 149 146 117 120 121 149 182 168 160 132 118 125 118 110 138 153 122 111 125 127
25 27 25 27 26 26 26 25 26 24 26 26 26 26 27 28 28 28 26 28 25 25 26 22 27 28 27 28 28 30 28 28 37 29 31 31 29 27 31 32 29 32 30 34 33 44 34 36 35 36 37 38 43 42 41 45 44 43 43 52 25 40 44 49 54 46 36 43 43 57 60 61 68 55 49 32 85 112 117 124 95 104 144 159 137 118 114 109 114 119 120 119 107 114 137 138
25 25 26 26 25 25 27 25 26 26 24 27 33 26 26 29 30 27 24 25 23 25 25 25 25 26 27 27 26 27 29 27 26 33 33 32 31 28 28 29 29 30 31 33 33 32 33 34 35 35 36 36 38 38 38 41 42 42 41 41 47 51 51 54 48 47 51 36 47 56 34 46 60 60 60 64 50 39 32 35 34 23 64 107 101 111 131 105 106 117 111 105 111 121 121 113
25 27 26 25 25 26 26 25 25 25 27 29 29 25 25 27 27 25 24 23 27 28 27 25 26 27 27 26 26 26 28 28 36 34 28 31 33 31 28 27 29 30 30 32 32 33 36 36 34 33 36 33 35 37 37 38 40 42 41 39 45 46 46 51 46 42 42 31 41 49 44 43 37 44 53 36 39 44 61 54 56 53 27 47 71 88 102 99 117 134 113 98 115 121 115 111
25 25 25 25 25 29 26 25 29 28 29 28 27 24 24 25 23 28 28 27 27 27 30 29 26 27 20 27 24 25 28 26 23 26 24 27 30 32 31 29 28 28 29 30 30 31 32 33 31 32 33 32 30 34 33 36 36 39 36 35 39 39 42 32 41 17 45 39 43 40 44 40 43 43 44 43 39 39 48 58 56 57 60 48 26 35 47 45 53 97 101 102 117 123 120 123
25 25 27 29 29 27 23 21 27 27 28 24 24 26 25 25 24 26 26 26 27 27 26 27 27 27 27 27 26 27 27 27 28 28 26 24 30 30 32 30 28 26 27 28 31 30 30 30 31 31 33 32 30 30 20 20 34 36 38 33 40 33 21 20 33 24 26 48 43 37 15 37 38 39 36 36 40 41 45 55 55 67 75 79 79 75 70 65 55 52 68 82 87 85 75 70
27 25 29 29 26 23 24 26 28 26 23 25 25 26 26 24 22 24 24 27 22 28 32 24 26 29 28 27 25 27 26 29 27 28 26 24 28 28 28 29 29 29 27 27 28 28 30 28 31 24 19 19 23 31 38 33 33 33 36 21 23 38 30 34 41 20 20 20 20 19 17 36 34 32 32 33 35 40 47 49 60 74 80 84 80 80 77 35 45 50 73 69 73 64 60 34
23 24 25 26 24 23 25 27 27 25 24 23 25 26 25 24 25 25 27 24 17 29 31 34 25 24 25 29 27 27 20 32 27 27 28 26 26 28 25 28 31 29 27 27 28 25 20 28 27 24 23 21 24 18 33 36 35 35 21 20 21 36 22 19 48 18 19 19 19 19 19 18 17 32 30 30 32 37 44 50 53 64 66 71 70 82 90 74 66 71 51 63 69 64 66 68
23 26 26 24 24 24 24 26 27 25 24 26 26 25 25 24 24 24 24 24 25 25 28 27 27 25 25 25 26 27 25 22 29 27 27 30 36 24 25 27 27 25 24 25 27 23 23 29 27 25 26 27 26 25 29 23 24 22 22 22 24 41 20 21 24 19 21 20 21 21 20 19 31 33 33 32 34 40 47 44 46 53 61 66 67 74 67 62 58 56 54 47 41 55 59 65
26 25 24 25 25 27 25 24 24 24 24 25 25 25 24 23 23 24 24 24 24 25 27 29 27 28 26 26 25 26 22 25 21 26 24 28 32 25 27 27 26 24 24 32 38 23 24 27 27 24 25 25 25 23 24 25 24 23 23 23 22 22 41 22 21 20 20 33 29 20 21 31 29 31 30 33 33 35 39 39 44 53 54 62 57 52 54 58 59 54 53 41 51 32 37 55
26 24 25 25 24 26 26 24 23 24 26 26 24 24 24 26 26 25 26 24 24 25 27 26 26 28 25 25 24 27 21 24 26 24 26 27 25 26 26 28 28 29 28 21 25 30 32 25 25 31 27 23 23 24 26 28 25 22 39 23 30 35 23 22 31 20 21 22 20 18 42 21 20 32 17 32 33 36 36 40 44 47 53 54 51 42 42 46 40 27 33 50 48 48 41 52
28 28 33 33 25 24 24 24 27 24 26 26 26 25 25 26 25 26 25 25 28 26 25 27 27 28 27 24 24 24 26 26 27 21 22 26 29 24 20 27 21 25 27 18 21 22 23 25 26 26 25 23 23 30 32 28 27 21 33 23 23 25 23 23 32 22 21 21 20 19 20 20 22 19 18 18 19 34 34 36 39 41 44 45 45 45 47 45 47 47 40 48 47 42 41 42
22 23 25 31 25 36 24 26 24 22 25 26 24 25 26 25 25 25 26 26 26 25 26 26 24 25 26 26 25 25 24 25 26 22 20 20 28 27 26 21 26 25 28 26 26 24 24 22 22 29 28 28 25 26 35 26 23 25 24 24 24 24 24 23 35 31 23 22 20 20 19 20 20 20 20 20 19 19 19 19 35 28 34 41 38 39 40 40 39 43 43 41 42 44 38 42
18 21 22 23 26 24 34 33 46 24 22 26 25 25 27 26 26 26 26 24 25 27 28 27 26 26 25 25 25 24 25 21 19 26 19 20 21 24 31 26 26 23 24 23 23 25 23 23 25 22 22 25 21 28 30 25 23 24 24 24 24 25 24 24 24 32 21 20 19 20 20 22 21 19 19 33 19 19 19 20 20 26 38 37 37 23 45 33 35 36 41 38 39 35 36 36
22 23 23 20 22 35 22 26 45 26 26 26 26 26 24 26 26 25 26 27 25 26 27 27 27 26 25 25 25 25 17 24 28 17 29 28 25 25 29 25 22 21 23 23 23 27 25 22 21 25 24 24 24 23 23 24 30 30 31 30 35 38 22 23 22 23 22 20 19 20 27 29 30 28 29 27 29 18 18 19 21 19 19 19 32 18 36 33 36 17 17 34 34 34 35 36
24 32 25 29 26 34 25 25 26 27 27 26 26 24 25 27 27 27 28 26 26 27 27 25 26 25 26 27 29 26 27 24 27 26 28 24 27 27 32 30 28 27 24 22 23 22 29 23 17 24 24 25 22 27 24 25 34 24 25 24 24 22 24 22 22 22 22 21 21 20 28 31 27 29 21 22 21 29 30 32 20 20 18 19 19 19 18 31 30 33 34 35 36 42 34 35
27 26 24 25 38 24 25 25 25 26 26 24 26 26 24 26 27 26 26 28 26 26 25 24 27 25 25 25 24 26 26 25 24 25 26 27 26 25 24 24 26 25 22 22 22 24 21 22 24 24 27 19 25 27 27 34 35 25 24 25 24 25 23 24 22 21 29 27 23 20 20 20 30 31 21 22 22 21 20 19 30 30 20 20 33 33 32 32 30 32 32 32 35 21 32 34
25 21 25 24 46 25 25 25 27 24 25 23 28 27 27 26 25 26 27 28 26 26 25 25 28 26 25 26 18 20 22 24 24 22 28 25 22 23 22 21 23 26 22 23 26 24 21 25 25 25 24 23 25 25 26 21 24 34 24 24 25 24 24 22 23 13 41 22 28 45 20 20 22 21 21 22 23 23 23 22 20 30 30 20 21 31 30 32 33 36 34 23 19 32 19 26
25 24 24 25 36 25 26 26 26 24 24 23 26 26 27 26 26 27 25 26 25 25 25 24 25 28 26 25 17 17 19 22 22 25 28 25 21 23 24 24 25 26 21 22 25 22 23 25 24 25 24 24 24 25 27 32 26 26 26 25 24 24 22 21 27 19 39 21 22 20 20 20 20 29 29 28 23 23 23 22 21 20 30 21 21 21 32 34 32 31 30 23 22 21 22 32
19 24 25 23 32 37 28 26 26 25 25 26 26 27 28 27 26 25 24 24 26 24 24 24 26 26 25 25 17 25 20 20 26 26 25 25 25 19 27 23 25 24 23 23 24 23 21 20 17 25 23 24 22 26 21 28 34 25 26 26 24 24 21 21 30 36 22 22 24 23 22 21 27 22 31 29 22 22 21 22 29 22 22 22 20 20 21 21 21 21 25 42 31 47 22 23
26 24 30 28 27 24 27 27 26 26 25 25 26 27 27 27 27 25 25 26 25 25 25 24 24 25 21 22 21 16 25 21 25 24 25 23 26 21 25 25 30 27 29 28 29 28 24 24 23 19 24 21 25 26 21 25 25 24 32 35 25 24 22 35 30 21 27 27 22 22 21 22 22 23 23 22 23 23 24 24 22 21 20 22 21 20 20 21 21 22 23 24 24 25 25 24
27 27 30 26 26 26 27 27 27 27 27 27 26 27 27 26 27 26 24 26 26 25 25 25 25 25 17 19 18 25 25 24 22 26 25 21 24 25 27 26 24 24 26 24 22 23 24 25 22 19 24 25 24 22 23 24 25 24 27 23 24 24 30 23 21 21 22 23 22 23 21 23 22 23 29 24 22 23 38 25 24 22 22 21 22 22 22 22 23 47 23 25 24 22 24 22
27 26 30 26 24 24 28 28 25 27 27 28 26 28 28 26 25 25 24 24 24 25 26 25 25 21 17 26 21 16 20 24 23 22 25 19 21 23 20 27 24 22 24 24 24 24 25 25 25 24 24 25 25 24 23 24 32 24 23 23 23 23 23 25 24 23 22 22 20 22 22 23 23 22 22 26 22 23 23 23 23 23 23 37 32 34 37 33 23 22 24 22 22 24 23 23
22 30 27 26 24 26 28 27 27 26 27 28 28 26 25 26 27 25 26 26 24 25 25 25 23 25 23 18 22 23 29 28 25 28 28 25 25 25 20 19 22 25 22 22 17 26 26 24 21 24 24 25 25 23 25 23 24 32 23 24 24 24 24 23 23 21 22 22 23 23 21 22 23 23 24 22 25 23 23 23 23 19 24 23 23 24 25 26 36 24 33 46 24 24 24 24
28 27 34 40 26 24 27 27 28 28 28 27 27 26 26 25 26 25 24 24 25 18 22 22 24 22 24 23 24 23 20 30 22 22 27 30 23 22 24 24 25 23 25 21 21 19 21 22 23 20 17 25 25 24 17 20 26 28 25 31 31 24 22 22 31 34 23 22 24 24 23 23 23 24 23 22 20 20 18 28 24 22 22 22 22 23 23 23 23 22 24 33 32 22 23 23
25 27 26 24 24 24 24 24 24 25 25 23 23 23 25 22 22 24 22 22 23 23 23 23 23 23 24 23 21 20 23 22 21 22 28 25 32 25 30 25 25 25 25 17 25 27 23 29 28 27 28 25 24 23 24 24 23 25 23 23 24 28 22 23 23 20 32 38 23 23 23 23 23 23 24 24 23 23 23 24 24 22 23 24 23 24 23 25 24 24 24 27 29 35 36 34
25 25 26 24 24 24 26 35 40 38 24 24 24 23 24 24 21 22 22 22 22 22 21 22 23 22 22 22 22 24 23 23 25 25 24 25 22 25 20 29 30 30 26 24 25 25 21 27 27 26 31 31 26 26 30 29 26 27 28 25 27 27 25 25 21 21 22 27 32 30 24 24 24 23 24 25 25 24 23 23 23 16 24 23 23 23 24 23 25 24 24 24 25 23 23 24
21 22 24 23 21 25 28 24 28 26 21 24 23 23 23 23 23 22 22 23 22 21 22 24 25 24 23 25 20 26 23 23 22 21 23 20 20 22 23 25 21 24 24 23 23 21 23 21 19 19 21 26 25 25 26 25 22 24 26 23 20 20 21 24 21 22 25 23 23 30 24 25 25 23 23 23 23 23 23 25 23 22 23 22 22 25 24 24 25 26 25 24 25 24 24 25
17 46 21 20 24 25 20 21 22 20 21 23 23 23 25 26 27 22 44 27 27 25 25 25 27 24 24 26 25 24 27 27 23 22 23 25 20 22 20 25 25 25 25 23 22 25 29 25 23 23 21 22 21 21 23 22 24 25 23 24 33 28 23 20 27 21 22 26 24 26 28 31 31 29 31 23 22 25 25 24 23 22 23 24 14 23 23 22 24 26 25 25 26 25 22 24
19 19 35 21 20 18 18 19 21 22 22 24 24 22 23 23 24 24 24 24 25 25 23 24 26 26 20 25 25 23 26 27 31 29 25 27 22 20 19 25 24 24 24 26 25 23 18 21 20 25 22 21 23 24 21 22 24 21 20 21 24 32 26 28 32 27 21 23 21 24 20 18 21 26 31 33 36 25 24 25 23 24 23 22 23 23 23 22 22 23 27 25 24 24 23 24
26 25 19 21 21 22 32 19 21 22 22 22 23 22 21 22 22 27 23 24 54 24 24 25 24 24 24 25 25 26 26 27 26 25 24 23 25 22 23 24 21 18 24 22 21 25 24 24 25 25 28 25 24 24 23 26 23 23 23 25 18 19 19 20 25 24 22 25 24 23 22 18 25 25 25 24 25 27 33 24 24 31 25 27 23 24 24 23 19 17 25 24 25 25 24 22
21 24 23 24 25 24 24 21 18 20 20 21 22 22 22 22 24 24 19 23 23 23 23 23 24 24 24 24 26 25 25 25 26 25 26 23 25 26 27 26 21 26 25 23 19 25 23 25 31 29 28 28 24 24 25 25 27 22 23 27 23 22 22 24 23 23 22 21 29 25 22 21 25 19 27 21 22 25 27 23 23 26 27 24 25 25 21 22 22 22 22 23 24 22 18 19
25 26 25 24 27 26 33 27 25 25 23 24 22 22 23 21 22 24 26 24 23 22 21 23 23 19 20 23 23 24 24 25 24 24 25 25 25 26 26 25 25 24 24 24 27 23 20 21 21 26 27 30 29 31 25 23 24 26 23 26 25 24 24 27 24 24 22 17 22 23 24 22 26 25 22 24 24 25 25 23 23 25 30 25 25 26 24 23 22 26 26 23 27 22 23 22
22 21 24 27 27 25 31 25 26 26 25 26 24 24 24 23 22 22 24 23 22 22 22 22 24 24 22 15 23 25 25 24 24 25 26 26 25 25 27 26 25 25 24 25 21 24 22 25 26 24 31 28 24 26 30 31 25 25 25 25 25 22 19 30 27 23 26 21 24 22 23 23 24 21 26 27 24 24 23 24 24 28 30 32 27 25 26 26 23 26 30 23 22 23 21 21
23 26 20 20 21 23 27 33 22 24 25 25 24 24 26 24 20 21 22 22 25 24 21 22 25 26 28 24 23 23 25 24 24 24 25 26 26 25 26 26 24 25 27 25 25 26 25 22 24 24 29 31 27 24 26 31 29 25 23 29 29 22 21 24 23 14 22 25 23 24 24 19 24 23 24 26 26 24 25 24 24 25 24 31 31 28 22 19 18 21 27 33 33 36 36 23
26 22 20 19 28 28 27 26 22 23 25 26 26 24 24 30 26 23 25 24 27 30 20 23 21 20 21 27 28 25 24 24 24 25 25 27 25 27 26 25 25 24 25 24 24 25 25 26 25 25 24 31 28 29 21 28 30 25 22 26 20 19 27 26 26 25 24 21 22 24 23 23 22 23 24 24 26 26 24 25 24 24 26 26 21 21 24 28 27 24 27 27 26 20 26 25
