examples/data/proba_v_italy_sicily/probav_s10_toc_x19y03_20141221_333m_ndvi_v001.txt
ncols         1127
nrows         589
xllcorner     12.348214285714
yllcorner     36.598214285714
cellsize      0.0029761904761905
NODATA_value  -9999
[rows 200 to 249 of 589, columns 864 to 959 of 1127]
170 163 158 160 158 152 143 136 139 150 160 144 105 35 37 40 27 25 15 15 16 25 26 27 27 26 24 24 22 23 35 25 25 24 25 19 32 22 18 25 31 30 38 72 118 128 145 167 172 178 177 175 172 154 115 107 106 109 118 140 151 153 155 153 155 161 161 158 157 163 165 165 175 177 161 163 180 185 197 207 211 207 194 177 172 200 198 175 153 180 219 171 105 80 129 169
165 177 179 166 157 171 158 143 155 149 147 128 88 38 27 28 29 30 17 20 15 20 28 35 34 26 20 20 23 25 34 36 28 20 22 23 17 25 26 27 18 32 48 84 101 122 146 165 167 167 178 187 189 194 162 98 83 84 95 126 155 154 144 145 149 156 157 170 166 159 165 170 177 177 162 156 187 197 199 214 214 219 224 220 228 235 222 207 188 195 221 184 105 112 175 198
149 186 192 156 129 149 171 173 174 148 148 141 92 60 39 30 30 31 23 20 16 20 31 35 30 16 12 13 15 15 14 17 22 17 22 26 25 23 45 23 29 55 28 63 95 151 165 168 171 178 150 153 169 160 156 138 119 84 92 101 116 131 147 154 159 160 155 167 162 162 164 165 175 166 168 171 184 198 193 199 208 216 218 223 230 227 218 227 224 204 199 176 118 150 197 190
129 134 167 172 171 169 192 186 179 162 119 136 101 70 58 43 34 31 30 28 26 28 33 30 21 27 9 44 32 31 27 28 33 46 42 36 33 28 22 21 19 24 30 34 117 154 162 175 188 180 164 154 151 145 138 134 133 135 132 116 90 113 138 160 168 161 163 166 158 156 167 166 171 178 168 179 186 187 187 196 207 210 208 217 226 220 203 202 222 223 183 150 135 176 197 184
136 136 107 180 212 206 203 196 189 186 145 167 135 76 40 36 32 30 30 27 28 30 30 25 28 39 30 41 27 39 34 19 17 27 28 36 44 51 50 47 54 30 54 37 51 65 73 104 135 174 182 180 175 159 138 130 130 127 138 151 146 133 130 155 162 158 173 171 169 169 161 150 149 166 158 163 176 180 198 204 197 208 203 213 220 213 205 220 228 225 176 163 175 171 183 157
170 177 168 174 180 185 194 189 181 179 177 163 127 81 47 40 32 32 29 27 28 27 26 24 22 49 42 38 30 31 26 25 26 18 19 21 27 37 39 54 54 20 14 58 25 46 65 54 37 150 163 147 155 153 146 137 136 139 149 152 146 141 146 139 129 145 166 171 178 178 157 160 181 165 126 127 160 191 199 203 204 205 217 219 219 217 201 213 205 172 176 215 202 194 187 142
171 186 195 206 187 167 171 179 173 174 188 157 112 68 47 37 30 30 28 18 29 28 24 26 49 23 32 26 26 27 18 27 23 28 28 29 37 44 44 57 57 26 18 58 58 62 70 48 33 38 74 74 94 128 185 201 192 175 164 159 156 155 148 157 156 151 177 175 175 187 188 188 188 182 174 162 171 197 203 195 188 168 195 215 214 208 217 211 193 155 184 224 216 169 162 131
217 228 238 198 191 175 174 176 179 170 174 158 148 82 81 84 43 40 31 27 30 25 29 42 26 26 24 29 34 28 18 20 24 26 29 23 24 26 27 35 24 25 56 58 45 59 62 65 70 75 76 80 78 96 157 191 202 195 174 180 186 179 167 178 173 159 184 184 168 166 179 184 189 192 187 180 184 189 200 185 141 164 206 200 195 199 219 217 222 165 155 198 205 164 106 86
215 212 187 200 206 187 171 169 161 154 155 155 138 100 109 112 89 58 38 30 24 23 35 32 25 28 23 28 21 30 19 23 29 31 33 35 29 29 30 53 25 57 59 62 43 37 64 69 76 40 47 77 78 79 107 133 139 143 145 153 146 153 162 161 165 176 191 190 180 172 182 189 189 197 190 194 195 189 183 189 152 177 214 189 185 208 214 220 216 161 151 168 143 99 76 65
211 213 230 235 231 225 230 230 218 211 201 161 109 107 103 102 74 35 30 32 30 27 23 21 23 25 26 19 21 19 19 31 25 27 34 45 90 43 16 56 28 24 29 65 66 36 32 22 74 84 94 98 85 88 130 183 187 178 181 180 176 167 165 175 172 162 184 186 181 175 176 185 181 179 190 174 178 197 205 215 204 201 209 204 210 214 219 223 187 102 83 96 93 95 100 89
196 190 205 215 235 236 240 233 215 194 152 124 101 92 76 42 42 32 29 35 23 24 27 25 18 22 24 17 16 19 23 29 27 29 34 47 112 69 20 32 21 61 9 56 30 31 30 38 39 102 123 145 142 99 141 189 200 194 193 190 197 188 181 187 178 163 169 176 189 197 196 195 195 191 198 187 175 193 206 206 210 207 196 193 186 209 221 172 92 54 64 75 100 136 149 131
171 179 223 233 242 221 176 141 127 94 84 80 78 74 70 40 40 35 37 56 34 34 38 28 17 17 20 16 18 21 24 28 33 38 51 56 63 61 50 59 60 60 63 24 58 27 27 43 70 36 91 117 125 103 118 156 178 185 195 190 186 169 149 169 171 155 133 161 172 190 198 195 198 203 199 205 193 181 179 185 195 212 218 194 178 206 185 107 81 80 74 91 110 135 131 131
164 201 203 187 182 162 142 133 116 99 90 113 117 92 68 59 67 96 104 107 63 56 29 25 25 26 25 24 24 19 19 34 31 46 68 61 47 58 58 55 56 29 62 62 29 29 31 47 40 38 94 176 196 150 126 150 156 172 190 201 190 183 170 170 161 159 151 173 183 188 194 200 205 201 204 214 216 200 191 159 142 141 150 174 187 154 101 91 150 180 140 111 121 143 137 126
210 203 173 169 153 159 166 151 141 163 183 175 142 140 97 91 112 135 148 142 99 57 43 32 20 19 29 22 26 26 18 19 21 41 71 69 58 42 47 58 27 63 64 62 34 44 51 45 33 69 78 156 186 145 103 138 147 171 196 206 200 197 190 199 179 185 193 196 195 186 193 199 199 204 208 216 206 192 212 200 141 128 120 98 115 131 110 114 175 212 179 142 128 150 159 182
166 160 144 164 160 146 139 147 184 218 215 203 180 156 147 140 142 140 146 142 127 80 31 24 32 19 40 36 28 41 31 20 19 27 39 103 117 80 59 63 32 28 18 41 108 151 179 165 145 123 75 56 61 75 69 61 91 147 190 206 199 194 192 198 205 211 201 196 203 203 203 202 198 209 198 202 211 171 183 209 200 185 185 152 163 184 144 157 158 174 188 159 159 194 201 209
161 163 146 149 161 145 134 153 178 185 185 188 185 189 202 186 183 145 132 144 125 80 64 49 30 28 38 45 37 46 47 42 41 38 39 56 104 128 47 37 45 145 142 150 160 167 176 168 146 135 163 110 135 135 125 129 137 136 170 199 202 204 191 190 222 228 208 194 206 203 205 210 206 206 205 197 209 182 198 203 210 219 212 193 174 162 175 195 189 191 198 160 178 198 198 202
160 176 173 152 133 127 141 166 186 183 172 177 193 214 220 215 215 195 166 147 126 98 84 70 48 48 53 55 52 62 69 71 73 75 77 81 90 97 111 142 146 167 168 166 157 153 156 161 140 128 142 160 206 228 216 192 178 168 152 182 199 210 198 186 203 219 213 201 211 208 203 212 217 217 215 212 215 200 195 206 219 225 207 167 142 134 152 186 206 215 214 194 180 187 212 215
174 181 178 152 127 127 140 143 155 180 185 200 216 221 222 221 222 224 193 147 116 123 96 93 86 71 60 59 59 70 73 89 105 113 100 91 92 104 154 168 163 168 166 163 151 140 139 144 135 135 141 150 159 167 193 221 213 203 171 175 180 183 176 175 185 185 183 188 192 200 194 196 198 199 206 207 203 213 203 201 185 194 195 168 139 112 147 181 189 223 207 194 202 216 218 209
171 171 163 144 138 139 125 121 161 205 215 216 220 222 223 225 224 220 177 167 118 134 132 124 106 90 97 74 61 62 76 162 205 195 163 101 102 124 172 190 173 163 154 155 161 137 138 138 135 138 142 148 149 183 189 176 202 206 181 171 172 180 184 177 158 161 185 192 193 198 206 206 202 196 190 196 204 213 198 187 192 199 207 194 184 168 155 199 209 193 193 203 191 199 194 179
168 165 151 140 134 124 120 128 151 175 203 216 218 219 219 221 219 180 145 138 109 114 120 123 106 78 73 68 55 60 70 110 180 206 201 147 123 135 157 182 165 151 146 140 151 142 133 134 146 156 148 142 148 182 195 203 203 185 181 174 183 170 144 147 165 174 178 186 189 207 213 210 210 215 188 162 183 211 210 211 200 204 206 188 202 181 136 185 213 200 211 214 153 94 147 179
179 153 131 123 129 125 131 144 151 165 195 211 250 215 218 209 203 180 140 116 126 137 128 97 77 62 39 43 62 71 76 67 105 162 195 170 102 124 122 115 143 153 123 112 72 120 121 121 123 144 150 152 159 165 161 178 181 166 175 180 174 171 154 128 135 161 181 174 175 190 207 214 219 213 192 187 210 206 195 188 192 196 187 190 167 131 157 171 197 218 209 189 135 86 153 218
161 142 135 125 131 132 147 159 159 168 189 202 208 201 204 204 167 166 188 170 153 191 156 107 37 66 40 64 79 86 76 71 69 65 130 170 113 93 122 107 95 108 108 106 101 107 115 110 120 133 120 98 144 125 145 164 192 200 200 185 151 123 116 128 175 171 187 195 179 178 186 199 199 176 170 184 205 203 199 191 204 202 166 187 198 131 122 162 204 206 192 198 188 177 162 218
169 156 141 144 144 147 151 154 157 157 161 169 184 170 115 124 146 189 221 190 168 192 174 130 32 38 46 115 160 125 81 87 89 89 165 211 176 109 130 130 123 126 119 111 103 106 119 126 162 175 134 129 143 138 131 146 168 159 165 168 176 147 98 114 154 160 190 207 202 202 189 182 189 196 167 155 174 184 204 215 206 190 201 218 215 187 187 192 207 197 182 172 162 195 210 227
156 154 150 159 158 157 155 156 155 146 144 142 147 124 137 151 127 160 184 170 169 165 141 108 113 86 58 132 161 133 58 40 79 78 101 127 103 123 145 153 152 155 156 152 132 111 110 121 140 150 158 175 201 204 193 191 187 173 168 174 191 139 118 145 168 171 185 213 212 201 199 183 174 162 119 110 149 166 197 214 211 205 220 230 213 190 208 218 217 205 186 136 133 202 226 218
175 175 157 163 169 168 157 145 135 135 138 136 139 151 146 128 112 140 160 157 161 148 103 114 119 46 57 101 131 115 79 79 80 81 87 89 100 135 159 153 146 151 160 170 177 156 131 111 129 177 193 195 214 215 221 219 206 208 204 196 198 169 159 191 189 164 158 191 202 190 169 129 121 138 158 175 186 179 195 195 200 220 223 221 213 213 203 207 204 186 188 197 201 205 207 178
157 158 156 174 169 145 141 143 133 136 131 124 139 149 126 110 132 144 158 152 150 129 134 127 112 110 90 80 90 106 106 85 87 91 93 106 131 154 166 172 161 161 169 170 181 180 176 160 141 159 191 191 173 174 199 219 215 213 213 214 208 188 171 193 190 177 186 204 207 197 191 192 188 177 205 224 219 210 203 203 203 222 226 221 197 183 202 190 184 205 214 202 193 204 201 143
158 178 172 182 177 151 155 161 157 142 128 133 128 123 107 132 156 144 146 151 133 133 168 125 141 146 144 106 95 156 181 112 89 90 101 134 154 161 163 156 145 143 148 164 172 164 161 168 161 163 193 183 162 170 183 198 217 220 209 204 200 169 178 203 189 190 197 194 198 194 191 209 205 199 203 215 216 214 218 219 205 217 226 216 189 161 197 199 173 200 198 188 204 206 201 189
166 173 177 181 179 155 160 177 160 138 131 135 133 135 133 123 134 134 133 134 144 157 147 128 164 167 151 97 74 131 164 125 116 94 97 144 166 161 156 145 138 145 153 153 160 163 167 174 178 169 177 201 185 197 205 202 212 215 201 206 187 164 193 213 214 219 212 185 164 203 214 201 202 210 201 199 211 218 220 216 212 213 220 214 184 178 206 206 196 195 204 209 223 227 232 50
163 155 167 175 161 161 176 179 148 143 146 138 136 145 153 132 128 132 124 147 177 170 139 142 152 149 132 79 117 162 126 132 118 97 120 137 156 154 154 147 137 142 156 152 150 161 177 191 183 186 192 199 185 183 191 196 193 193 190 201 192 187 205 206 211 210 212 205 167 183 202 195 208 201 194 204 210 205 204 210 218 212 203 208 203 213 215 221 229 229 222 218 221 222 200 153
152 148 150 166 171 182 189 178 159 156 154 149 150 155 160 134 113 142 144 139 174 213 202 136 145 149 130 100 153 193 145 133 112 115 148 157 152 148 148 146 139 136 151 156 149 151 168 192 196 182 189 209 212 203 200 190 174 183 176 189 189 177 196 189 183 189 205 205 200 186 183 199 201 178 197 218 217 216 195 195 208 189 178 177 209 226 216 221 231 232 226 221 203 186 165 84
151 158 171 183 172 188 194 179 165 162 163 164 170 167 165 151 126 137 144 145 195 207 164 113 136 154 157 98 103 114 110 103 120 145 143 138 128 129 146 146 141 137 149 159 148 157 173 189 192 178 159 188 202 208 213 196 169 178 179 170 155 181 192 183 179 179 196 202 187 189 194 176 161 119 163 192 205 205 193 192 195 174 144 135 195 221 219 227 233 229 231 228 212 192 119 46
161 164 171 180 175 178 182 168 171 173 171 175 173 167 163 158 143 145 153 138 172 174 144 121 140 170 165 112 120 119 118 107 149 170 151 132 140 155 163 154 156 153 152 163 161 171 176 185 190 173 154 156 169 178 196 202 174 165 175 158 152 167 188 182 176 198 207 205 196 196 186 165 151 144 173 201 211 211 211 200 192 182 209 147 197 216 227 227 222 222 225 212 207 187 49 46
169 167 163 174 175 173 157 182 202 202 179 169 169 175 180 168 151 160 148 132 168 183 142 116 146 140 99 131 133 131 139 147 157 167 160 160 168 183 172 154 158 165 158 154 153 157 162 167 174 172 165 164 163 155 161 169 171 177 182 162 163 157 172 184 168 194 203 199 193 192 187 191 197 177 182 213 210 205 208 190 193 192 178 148 163 205 217 191 168 207 213 181 143 150 49 47
170 163 164 172 170 164 167 190 203 184 183 201 196 200 181 152 170 184 169 140 155 179 144 147 159 122 122 153 148 143 136 133 130 155 182 191 194 192 185 163 156 173 174 159 158 155 150 157 167 175 170 157 152 154 157 165 178 183 165 138 135 155 179 193 179 195 203 186 187 183 156 188 201 195 187 193 194 210 208 182 186 160 178 201 191 205 214 188 170 201 217 207 173 165 190 46
169 173 176 175 178 177 176 191 205 197 188 201 207 205 194 174 175 189 199 179 154 163 172 158 150 128 108 127 134 118 114 121 123 135 179 205 211 199 186 168 155 165 162 154 157 167 169 170 175 174 163 162 162 172 169 171 189 189 163 132 140 165 189 206 212 218 207 188 183 183 184 202 212 208 195 195 215 210 200 201 190 165 189 211 217 216 217 189 193 216 207 202 179 166 127 40
186 187 186 191 192 189 189 199 211 196 188 197 202 195 192 182 177 182 178 151 144 160 158 126 113 130 101 93 99 95 125 187 200 182 179 217 231 222 195 177 170 160 169 170 164 165 161 169 165 178 180 175 181 192 178 179 190 181 170 165 168 180 192 190 202 190 177 175 178 187 195 204 220 216 198 191 203 195 185 199 182 192 203 201 214 215 187 167 164 211 198 174 135 87 44 107
208 180 196 202 196 192 194 199 200 198 201 191 179 179 177 182 183 174 151 143 160 165 152 132 118 145 122 104 94 101 126 194 212 193 164 197 221 209 196 189 188 183 185 181 168 169 171 171 162 173 174 169 179 189 187 183 193 187 165 172 167 171 178 180 190 192 189 187 181 174 188 194 201 197 197 193 193 192 201 189 168 196 203 205 218 222 185 162 185 190 179 154 107 43 66 58
195 205 210 210 207 206 204 192 177 177 181 180 170 168 163 179 175 160 143 157 177 180 169 158 141 138 124 114 140 152 145 194 208 185 203 219 207 197 196 197 208 213 187 173 175 177 175 166 163 170 167 167 173 180 188 184 191 183 163 169 180 163 145 163 183 167 167 187 191 161 173 195 191 192 203 201 196 186 163 146 173 212 205 209 219 220 193 199 223 206 183 131 42 28 39 33
199 215 221 217 208 202 203 190 158 163 163 175 163 163 179 179 174 160 155 182 187 182 171 166 172 165 155 138 126 136 163 193 195 184 196 208 199 197 200 190 189 196 166 145 173 179 182 183 170 172 170 171 172 176 188 188 186 179 162 175 201 198 171 154 154 133 133 166 189 201 192 205 211 203 209 209 198 205 197 170 144 199 228 222 220 221 209 201 206 204 165 40 41 65 40 27
201 206 209 208 196 190 195 177 156 173 177 167 159 181 178 162 162 161 186 197 189 175 166 168 175 151 116 83 88 106 149 177 191 189 176 180 180 183 182 164 149 165 163 144 160 174 176 178 170 168 173 171 176 181 182 183 183 171 168 188 193 179 173 167 162 163 168 177 191 201 204 185 195 207 210 187 199 178 184 197 194 201 218 233 225 218 203 170 153 157 46 40 41 26 48 12
198 202 198 198 238 197 172 159 157 182 164 147 172 181 167 171 172 160 184 193 186 176 165 168 170 131 104 77 98 108 144 179 169 154 167 181 176 154 168 186 183 176 171 157 166 178 164 165 174 175 172 174 176 177 176 168 179 190 186 176 185 171 159 167 153 149 170 197 198 201 199 185 188 223 215 209 200 174 203 210 208 197 165 228 233 170 159 135 49 43 43 41 67 38 37 35
199 201 198 201 187 174 177 149 167 180 172 184 179 158 144 153 153 144 168 182 175 170 164 165 168 159 141 103 133 134 132 177 186 191 190 181 167 157 176 180 166 168 179 173 170 166 173 170 170 164 150 155 177 178 180 161 157 180 184 179 183 179 173 190 179 160 182 199 202 206 209 174 186 218 212 188 196 171 190 221 218 193 151 185 239 191 143 67 43 36 43 34 56 45 35 35
206 202 202 203 192 171 159 146 181 171 182 194 184 162 148 156 154 160 177 169 166 172 169 163 167 172 162 116 117 153 140 142 184 192 164 174 176 150 154 161 166 160 153 161 162 146 163 163 165 179 168 152 162 168 171 164 159 173 179 185 199 195 180 169 179 187 177 188 198 198 184 183 180 190 186 175 177 166 157 176 173 165 165 203 243 239 118 43 49 45 48 33 61 12 33 36
206 198 194 195 194 191 189 148 173 182 196 198 178 167 161 174 180 183 176 168 169 169 163 160 160 159 161 141 135 159 155 143 149 161 165 178 165 152 155 159 161 158 140 142 148 134 148 153 154 167 182 172 152 145 146 163 179 176 171 175 190 191 182 167 163 181 186 154 137 159 147 146 170 168 176 152 145 190 205 175 149 112 172 228 235 220 205 46 40 38 30 20 34 39 32 32
209 206 193 189 188 207 213 189 178 190 189 182 172 168 158 163 177 183 177 168 161 156 158 166 146 131 152 158 154 173 162 141 147 148 163 168 157 162 157 162 155 153 150 141 136 140 140 133 129 154 168 158 135 127 141 156 170 181 180 161 172 195 197 188 165 154 162 150 147 159 162 162 182 172 189 191 177 175 195 172 164 142 167 181 201 228 235 159 31 34 29 34 25 35 35 31
207 195 223 185 182 176 197 185 205 210 188 172 165 162 162 180 184 173 168 171 163 157 152 153 129 109 132 160 180 184 194 184 159 143 143 140 137 157 150 147 153 151 154 157 138 130 128 115 111 139 148 132 131 131 114 150 178 181 177 161 178 191 198 201 182 184 191 200 185 190 201 178 166 156 159 146 149 151 179 196 183 131 147 179 201 219 189 45 40 41 40 38 37 45 31 30
204 197 239 236 189 199 182 176 201 209 196 174 162 178 193 192 184 174 171 168 157 155 159 156 147 144 146 160 186 177 176 174 189 188 157 147 138 148 157 148 146 137 142 146 126 97 87 87 95 111 140 122 119 120 118 137 153 175 186 181 164 165 179 191 180 185 180 191 195 195 192 154 149 178 166 156 169 180 188 212 180 85 77 100 172 163 140 38 38 39 38 37 35 33 33 31
204 241 245 219 184 178 181 165 192 208 205 185 159 172 189 183 179 177 175 171 165 164 160 151 149 154 156 155 168 166 171 165 152 149 128 116 102 93 119 149 149 146 143 142 126 92 84 115 116 116 120 103 95 94 104 116 138 163 173 177 196 150 181 193 171 124 132 160 180 196 196 195 182 150 158 170 197 208 214 149 125 103 81 80 156 184 42 38 37 38 38 36 36 34 34 31
194 233 233 184 183 179 185 198 193 195 197 174 174 188 191 186 184 183 178 171 169 173 166 153 158 165 162 151 158 154 143 127 106 93 83 80 89 103 141 164 149 149 144 141 137 115 119 175 162 129 142 142 142 110 104 141 173 179 178 168 148 148 155 183 191 174 177 186 190 174 182 208 215 192 173 199 211 189 148 123 137 146 98 73 139 209 50 37 36 36 36 37 34 33 32 30
178 189 237 225 180 188 213 210 190 202 198 175 178 192 193 189 185 183 182 179 174 175 161 149 172 175 168 157 131 127 153 140 116 102 100 122 141 151 173 178 153 144 147 147 144 139 142 174 185 160 146 150 145 125 130 165 190 178 165 116 99 140 129 168 197 184 180 172 165 147 167 194 198 188 156 189 206 167 156 151 158 102 72 92 170 234 57 35 36 36 36 36 35 33 32 31
