examples/data/proba_v_italy_sicily/probav_s10_toc_x19y03_20140601_333m_ndvi_v001.txt
ncols         1127
nrows         589
xllcorner     12.348214285714
yllcorner     36.598214285714
cellsize      0.0029761904761905
NODATA_value  -9999
[rows 288 to 335 of 589, columns 576 to 671 of 1127]
68 100 112 138 140 135 142 130 108 99 105 112 107 107 111 107 106 107 107 105 114 124 118 107 105 104 105 130 139 121 101 106 130 112 96 98 91 92 100 103 107 115 119 134 146 118 95 102 113 105 116 116 106 99 93 87 96 126 124 121 115 118 122 125 127 126 134 148 134 119 121 125 152 166 168 164 165 175 166 151 139 138 146 162 164 140 142 175 199 187 176 158 174 179 178 184
56 70 115 144 150 136 137 124 112 108 109 111 109 109 106 103 96 97 98 102 115 128 135 132 126 111 102 106 129 136 116 107 109 95 89 94 98 92 83 72 80 95 101 106 99 99 100 100 110 109 111 124 121 108 93 89 92 123 118 120 121 117 127 135 136 140 155 167 136 116 123 127 145 163 150 145 140 150 150 142 139 145 153 160 155 144 132 145 175 158 161 156 169 197 181 179
80 97 113 124 124 114 125 109 104 106 106 109 113 100 103 112 101 96 98 106 115 123 124 128 123 110 107 98 111 131 124 105 89 99 94 88 88 88 83 67 58 63 70 89 95 97 103 111 116 121 135 140 128 117 96 93 104 107 109 117 120 117 134 152 152 137 137 129 139 123 118 130 147 144 140 134 137 146 144 159 175 181 168 156 148 138 141 133 122 134 138 143 156 172 174 188
116 130 131 113 104 109 124 125 115 116 114 107 107 100 100 107 106 102 101 105 116 124 115 112 104 101 108 115 103 106 118 132 108 97 89 90 90 94 91 83 72 65 66 82 112 148 146 123 113 117 129 139 135 124 121 102 105 106 106 113 129 144 153 152 142 146 135 116 107 92 115 143 151 147 142 159 171 183 179 186 176 164 142 142 150 143 143 149 131 126 147 153 142 148 163 178
129 135 135 128 119 116 117 120 120 120 121 117 108 104 102 101 95 93 91 98 109 116 114 109 103 100 104 123 134 119 121 147 140 124 104 97 96 95 95 91 96 95 95 102 118 140 113 102 99 100 102 115 135 151 144 138 131 134 141 148 163 174 165 146 128 139 132 113 112 87 92 142 145 165 184 187 193 194 183 163 150 149 150 143 158 154 146 159 143 121 125 144 163 162 167 167
133 114 114 124 120 111 110 110 111 112 107 105 107 119 113 106 102 96 101 103 105 110 114 106 104 110 119 122 138 132 126 138 135 121 121 106 105 110 118 117 129 135 129 131 122 100 94 99 106 110 112 118 109 93 131 157 149 145 149 146 140 160 167 153 111 113 130 135 146 116 101 143 164 183 192 190 180 179 151 138 145 150 177 157 154 153 152 170 171 149 126 119 146 152 151 144
110 109 114 117 112 109 119 128 125 119 114 104 108 125 114 99 94 96 102 90 77 92 100 105 105 103 119 111 92 111 102 95 102 105 103 99 97 104 116 106 111 126 128 132 138 129 115 108 103 101 106 115 117 107 104 132 142 149 148 148 146 156 147 138 141 154 142 133 131 119 117 151 148 161 141 120 142 147 147 155 158 144 149 140 150 157 137 140 146 157 157 143 129 124 144 154
104 125 131 132 127 122 124 127 128 124 124 121 111 111 122 111 91 86 97 96 84 89 98 107 116 115 107 97 88 87 88 88 108 98 101 102 104 111 112 114 114 115 118 119 126 136 123 127 127 119 107 112 117 125 122 128 142 146 148 152 155 148 138 133 149 176 160 149 150 138 111 115 106 113 121 111 114 124 143 158 139 124 131 134 159 167 153 151 165 185 181 166 150 133 132 151
114 115 118 122 130 125 124 124 116 114 110 117 115 105 99 108 93 83 92 99 89 98 124 127 121 109 109 106 93 87 90 95 91 90 92 100 99 99 104 122 120 112 120 124 114 125 125 129 140 140 134 116 109 107 101 119 139 139 136 128 110 106 120 135 130 160 130 124 117 111 109 108 110 116 125 125 140 138 149 155 158 154 137 140 154 190 178 172 176 164 143 145 154 158 149 140
119 121 115 107 121 124 126 128 121 112 108 113 123 106 85 86 93 95 100 109 99 104 115 116 109 105 101 101 97 88 91 106 102 104 102 102 109 108 114 115 101 91 96 103 97 116 114 122 126 138 132 118 107 108 104 120 143 148 122 107 104 117 122 118 131 152 153 147 145 129 125 122 113 122 131 129 121 127 129 133 147 143 133 117 149 166 155 160 163 170 149 152 179 172 166 166
113 119 119 106 111 125 125 120 113 111 108 111 115 110 92 90 98 105 98 91 94 107 104 88 92 110 119 110 98 87 94 105 109 125 133 129 133 138 133 110 112 115 114 111 99 94 95 99 102 106 108 108 104 101 112 120 126 128 128 115 114 120 129 135 142 167 167 159 151 140 134 123 115 124 144 155 132 125 139 129 126 127 137 140 140 144 157 142 138 160 148 168 199 193 196 192
111 123 120 110 109 107 112 106 100 105 107 102 109 107 92 97 101 109 116 126 129 122 101 89 113 134 133 126 116 107 107 115 128 112 121 120 108 111 111 104 116 132 121 113 108 103 94 98 104 103 106 111 116 119 124 130 130 121 132 133 121 117 127 154 159 174 159 130 115 126 135 121 125 137 142 168 166 168 146 122 123 135 132 111 130 142 156 157 117 127 133 136 177 188 194 202
132 127 112 113 111 118 117 107 101 102 106 106 109 109 100 99 103 126 143 158 165 146 111 123 140 144 137 131 126 119 115 114 114 112 110 113 116 108 106 105 116 134 119 116 116 100 93 118 119 106 96 111 123 131 131 133 127 102 110 122 124 127 125 145 156 153 138 137 136 133 128 115 125 169 166 141 152 156 120 114 115 128 131 119 141 177 184 169 128 112 130 138 147 177 191 194
114 121 119 119 121 120 128 120 107 105 107 117 115 109 109 111 106 119 149 142 125 127 127 137 143 149 150 152 158 148 128 127 142 121 120 119 117 108 116 119 126 128 115 137 152 131 111 113 99 97 105 120 135 140 136 135 122 112 108 123 148 161 139 128 144 156 171 189 186 152 114 107 98 142 180 174 167 146 117 119 134 138 139 147 174 195 203 198 193 172 145 145 139 169 186 187
108 106 116 131 122 111 113 110 101 103 114 130 135 130 124 128 125 137 162 141 117 98 133 138 139 139 149 154 163 163 151 139 128 132 133 112 104 115 142 141 128 134 132 155 174 151 109 100 91 87 100 122 109 119 142 137 121 121 125 142 175 173 136 131 135 152 175 164 147 124 111 116 106 106 125 143 148 135 137 129 124 118 127 156 175 192 188 199 200 199 178 161 151 168 206 198
122 109 109 132 145 122 127 142 141 114 111 119 123 118 117 130 127 128 123 116 126 122 124 148 154 145 149 149 149 167 164 159 151 106 136 130 122 128 138 125 119 124 116 117 130 126 98 100 100 96 98 82 95 109 116 118 131 146 156 160 153 149 135 112 110 116 126 124 115 114 110 108 97 77 91 98 96 109 140 150 114 103 117 158 184 188 188 193 184 190 193 190 182 187 194 142
131 114 115 126 145 113 125 153 166 153 137 129 120 122 117 109 108 118 118 116 114 113 116 132 152 141 132 125 123 135 150 165 159 130 120 114 112 115 106 102 113 117 110 106 106 115 102 102 98 97 93 98 112 109 113 115 137 131 124 120 110 111 116 105 102 113 113 109 112 98 89 93 94 96 102 100 101 116 152 173 172 165 142 129 139 162 160 169 187 190 197 197 200 194 176 165
116 129 132 119 127 102 102 130 143 147 145 134 134 139 130 112 102 97 89 96 111 118 118 123 146 146 131 113 93 95 150 179 178 169 149 129 122 124 125 117 122 127 126 123 113 117 124 118 114 120 116 121 126 110 123 130 124 118 118 127 117 119 112 97 111 123 116 106 96 88 99 120 117 110 113 111 114 123 162 180 183 151 118 116 129 146 151 151 172 184 211 212 183 192 182 176
112 127 140 133 92 96 90 95 109 115 123 114 131 104 97 104 100 96 102 104 112 124 127 129 125 126 123 112 97 106 154 180 178 173 171 127 112 114 123 122 132 129 115 130 138 142 135 128 132 138 131 114 108 105 111 111 102 105 115 132 125 125 119 127 126 128 128 134 127 105 108 127 118 105 120 111 105 112 168 185 183 139 108 121 146 138 144 147 188 196 185 180 190 195 199 197
130 124 141 129 113 79 86 86 98 108 102 96 91 102 105 101 103 107 113 117 110 115 123 113 111 118 114 123 130 135 152 172 176 171 151 121 107 107 118 124 121 118 119 137 144 141 135 135 140 134 122 110 111 110 111 120 112 107 111 112 112 109 112 118 121 119 114 114 113 98 100 124 123 130 143 147 125 110 132 174 179 145 109 115 121 123 133 165 200 194 187 173 180 175 181 192
144 123 119 131 93 83 88 91 91 99 86 91 98 100 91 94 95 98 117 115 110 107 113 113 110 115 105 111 156 141 136 115 139 128 103 92 97 107 119 124 122 125 133 157 164 134 112 108 117 136 140 129 120 116 124 128 117 108 108 110 115 128 115 107 114 129 127 122 125 117 104 105 128 156 166 177 158 121 131 162 174 162 122 113 123 129 133 135 160 174 162 157 152 148 151 173
134 114 107 126 127 94 96 103 89 91 94 96 104 104 90 94 103 106 107 103 102 112 108 97 121 130 113 108 124 129 110 104 100 110 108 101 97 98 106 110 111 127 136 141 151 125 108 113 105 108 124 119 110 104 107 119 118 112 110 119 130 126 114 111 112 118 124 113 106 110 116 110 110 153 172 175 158 106 117 150 173 170 149 135 132 93 99 116 141 154 132 149 162 160 156 141
138 124 119 101 108 100 104 119 113 101 99 102 112 110 93 105 119 112 101 92 90 104 109 114 130 124 117 114 120 113 104 100 93 95 104 110 117 121 117 115 116 124 131 128 127 121 117 126 120 106 108 110 106 109 119 119 116 109 113 129 131 122 111 109 104 107 112 108 119 111 104 102 98 139 174 172 166 136 115 140 140 166 152 159 158 131 105 117 135 143 150 163 157 147 141 137
113 99 87 84 94 85 78 90 111 108 99 102 108 101 81 102 121 114 103 94 95 107 98 109 130 128 94 102 101 101 101 102 116 115 113 122 125 124 124 126 123 115 111 116 118 124 124 127 127 128 120 112 107 110 115 114 117 118 115 126 135 115 109 102 101 96 97 99 99 97 98 99 115 134 168 170 170 167 121 106 122 134 132 144 157 161 153 153 169 184 177 167 170 158 140 127
101 101 108 108 95 89 78 72 92 101 93 101 103 97 99 107 111 114 105 100 100 124 120 104 102 95 80 96 100 113 128 132 127 127 119 117 119 123 130 135 127 117 111 113 117 118 114 111 123 135 125 103 102 108 114 118 118 113 116 117 122 119 114 109 104 97 89 83 76 86 115 121 114 136 164 172 166 152 132 109 103 113 121 124 143 154 164 153 154 155 150 160 166 187 157 139
93 124 103 106 111 96 95 89 86 96 100 93 97 96 105 108 108 107 105 107 114 107 110 101 74 67 69 80 96 114 134 126 126 135 135 134 124 116 127 125 118 119 114 111 118 115 119 123 125 129 132 116 118 124 124 120 116 111 116 113 110 113 113 111 104 96 97 93 74 84 110 135 123 115 136 161 148 126 129 144 111 104 115 136 158 144 136 149 144 146 159 172 188 183 165 167
96 107 104 112 118 112 106 94 89 103 101 101 103 104 112 100 105 109 109 119 108 101 93 86 79 75 77 81 102 116 114 123 131 138 127 133 136 120 118 113 106 117 124 126 129 123 124 123 126 127 120 118 115 129 132 122 119 114 118 112 100 91 84 85 96 100 108 119 115 115 115 112 132 154 159 167 143 125 137 166 147 135 146 156 144 118 105 134 140 158 176 171 181 161 168 191
96 115 113 99 98 98 97 96 90 103 101 105 115 122 120 104 113 120 121 115 115 119 101 103 107 105 104 94 110 115 117 128 125 119 118 119 130 129 125 117 113 118 127 129 138 118 108 106 107 106 104 107 110 118 115 115 114 110 115 110 110 104 90 83 89 87 93 108 115 109 97 88 128 143 142 143 133 129 127 137 149 153 152 149 153 143 128 136 136 141 167 144 143 165 181 182
91 113 127 113 93 88 102 106 103 100 103 117 117 125 108 100 106 116 120 124 134 126 110 114 117 109 107 106 106 110 121 121 133 124 111 107 109 121 134 119 120 111 112 110 124 116 105 106 109 105 105 110 110 111 108 104 108 111 109 103 106 101 94 98 97 92 91 91 102 108 103 97 111 128 116 106 109 100 100 118 133 139 147 156 167 178 174 171 169 159 171 168 172 192 175 146
127 121 117 121 103 95 94 95 98 120 126 120 102 106 109 109 96 108 110 118 131 121 124 118 109 103 98 108 110 103 108 122 129 117 109 103 100 115 128 124 120 115 110 110 119 116 115 107 97 104 101 104 110 106 112 113 107 114 106 95 95 102 91 87 97 108 108 101 100 107 115 131 133 121 93 63 111 117 109 108 138 146 152 165 167 170 179 185 182 172 180 187 187 163 165 162
131 131 120 112 111 109 105 105 92 105 114 100 99 110 110 113 108 111 118 116 114 117 118 106 104 107 103 103 111 108 110 118 129 114 103 110 106 109 116 122 114 119 122 119 115 120 120 123 116 113 114 123 125 111 111 118 106 103 97 106 107 104 95 85 89 98 100 112 106 101 98 105 101 100 106 115 120 138 148 151 157 165 170 177 175 172 177 190 195 183 189 189 187 171 152 138
111 103 103 109 112 104 100 92 91 91 91 95 98 105 103 99 101 118 119 118 117 111 108 99 98 103 102 100 96 103 119 124 128 107 104 123 131 122 117 116 117 117 115 120 115 116 120 128 126 119 120 126 121 116 109 112 113 111 101 103 101 86 80 88 90 89 94 110 125 108 94 92 91 102 122 125 94 105 125 146 170 180 185 186 181 181 175 182 177 170 178 187 188 171 135 128
114 102 94 100 113 100 93 89 91 93 85 88 97 86 115 118 107 105 104 108 114 111 108 101 98 93 87 96 100 108 118 114 105 96 96 105 115 115 120 117 107 108 112 110 113 110 104 111 126 131 131 121 116 109 105 105 111 108 98 108 103 100 99 107 109 104 97 95 107 98 96 101 109 118 136 129 115 131 155 169 168 182 186 190 189 185 184 166 158 152 160 174 182 174 159 141
125 124 115 113 113 107 99 92 89 90 89 96 105 99 120 121 105 104 100 102 100 91 103 109 102 97 90 91 91 97 107 100 96 77 79 95 102 99 110 115 110 110 113 112 109 108 96 91 102 115 122 112 110 112 111 111 104 99 95 100 102 118 113 112 110 103 97 92 98 97 96 100 118 122 117 116 127 155 176 175 176 186 181 183 190 189 171 158 146 148 166 170 159 166 159 138
96 110 127 112 99 101 102 100 100 97 89 80 91 107 103 107 102 112 110 98 94 97 96 104 100 95 91 91 92 93 93 95 99 92 96 108 108 101 105 110 107 100 111 119 118 114 113 105 103 103 116 107 106 107 103 106 104 107 103 104 103 117 116 120 115 100 89 92 103 104 114 118 119 111 110 139 141 137 151 172 168 174 182 172 149 133 154 163 159 158 176 187 161 148 141 135
98 95 116 119 104 98 98 104 106 112 102 87 82 95 105 109 97 102 104 98 100 104 110 106 102 107 105 99 93 94 92 92 91 96 90 79 86 92 102 110 106 104 117 139 132 115 121 128 122 122 118 105 106 107 100 99 102 114 120 111 109 100 119 120 116 107 104 100 102 108 134 121 97 103 121 137 136 135 133 146 148 156 160 149 154 150 145 161 177 181 160 138 140 156 168 140
121 111 108 111 113 110 98 100 100 110 102 86 79 88 99 112 126 101 100 98 105 106 101 97 97 102 96 96 98 99 100 99 94 95 98 92 87 77 92 110 123 130 124 119 107 100 108 133 113 114 100 92 96 99 100 101 107 114 122 121 121 123 121 132 122 111 103 113 117 113 112 101 108 106 102 108 112 111 101 103 123 144 156 164 174 163 142 153 178 183 164 144 157 175 155 119
99 119 107 100 106 119 113 96 91 89 94 95 97 91 95 102 113 107 107 105 105 107 107 100 93 99 95 98 107 107 95 101 101 93 98 101 99 80 96 112 118 119 113 103 100 86 79 96 81 84 105 110 100 107 110 106 106 114 113 115 117 117 113 130 127 126 121 120 125 131 104 100 106 95 89 101 104 97 107 120 136 148 159 168 182 144 130 141 146 168 173 150 162 163 144 149
83 99 105 101 97 101 112 126 90 89 81 75 93 108 110 107 108 110 114 102 106 113 116 122 117 117 110 101 113 113 97 100 103 94 98 107 97 83 95 103 101 110 108 105 96 76 71 65 71 86 100 104 100 110 117 112 108 105 99 102 106 106 100 100 111 96 92 94 113 110 103 100 94 97 95 97 105 109 108 116 132 147 155 148 143 149 140 150 157 164 178 174 154 151 149 164
95 100 105 102 105 124 127 130 102 84 79 91 108 120 117 111 113 113 105 104 102 106 115 112 105 104 106 115 109 105 101 105 96 95 101 109 110 101 101 110 110 106 102 106 98 74 68 68 71 84 99 106 108 110 105 109 105 104 93 94 93 91 88 100 106 106 95 96 116 113 94 97 94 101 105 104 108 109 105 105 119 127 117 124 136 142 132 126 144 162 172 172 169 171 180 186
111 112 111 116 137 137 124 101 86 80 86 99 104 104 105 111 116 104 95 102 96 93 104 104 100 106 111 113 102 93 90 96 94 97 104 109 106 104 99 102 109 108 100 98 104 93 75 72 76 96 115 123 119 113 106 104 99 99 98 93 94 83 86 94 98 100 96 100 111 99 97 113 88 84 98 100 89 84 92 91 92 101 113 117 125 136 131 110 113 141 169 193 171 183 189 180
100 98 93 108 133 122 95 84 95 89 79 86 96 99 94 99 99 93 83 93 96 95 107 102 99 97 101 99 95 97 99 91 95 109 115 109 108 100 97 101 105 101 105 107 113 115 85 76 87 104 117 117 115 115 104 125 115 100 93 90 85 86 89 94 99 102 118 123 121 115 113 115 113 113 117 120 117 107 101 91 87 95 107 119 133 125 118 102 98 122 164 165 168 154 129 119
92 93 103 113 116 127 124 118 91 89 84 94 91 84 98 99 99 97 88 90 97 100 98 94 99 100 104 99 100 106 109 110 108 113 105 99 105 94 97 101 104 102 97 104 119 108 94 97 107 112 105 98 102 112 115 105 88 88 95 92 88 89 89 88 111 130 118 111 109 117 120 114 105 94 98 105 117 113 115 105 101 100 118 122 118 115 119 110 108 122 132 131 151 149 160 134
109 103 104 109 107 108 123 136 112 95 102 95 111 115 113 111 106 106 104 98 94 97 91 89 100 101 99 92 94 101 97 101 114 114 103 96 97 98 102 102 104 106 108 108 127 109 99 107 111 112 103 94 96 106 96 92 90 90 95 101 99 94 100 108 124 125 104 93 96 101 109 105 101 92 94 98 107 109 102 104 97 96 117 107 109 111 113 110 109 119 143 165 171 164 153 152
114 102 95 94 94 105 128 127 105 96 95 97 105 114 114 110 109 106 95 92 89 86 75 76 84 81 89 95 101 102 97 103 106 94 107 103 107 111 115 118 113 105 112 111 118 108 93 100 107 106 100 87 88 94 99 96 72 79 90 106 112 115 133 142 123 104 91 88 95 102 110 99 110 119 119 120 124 126 110 105 89 104 113 102 110 109 116 115 112 112 125 153 149 136 141 157
91 97 100 107 109 114 130 116 85 87 96 109 103 93 95 108 112 111 101 90 81 79 75 76 89 95 104 101 98 100 112 123 114 101 96 102 106 120 132 124 103 95 106 126 132 116 90 90 88 93 96 91 87 90 90 96 88 87 107 132 133 120 123 117 120 106 99 94 89 96 104 109 125 136 138 148 138 133 127 113 102 109 119 109 101 105 115 107 101 111 121 140 132 135 133 130
102 109 105 91 90 99 130 133 124 95 82 96 98 85 90 108 109 109 108 98 85 76 75 82 101 97 105 107 102 99 106 102 95 95 97 97 99 112 110 109 106 100 97 102 112 107 94 86 87 91 105 84 83 85 92 120 108 106 116 120 107 101 103 100 93 87 97 95 91 97 102 114 125 133 139 152 143 141 135 122 106 96 97 108 96 102 105 110 115 108 115 139 135 155 146 129
99 97 102 93 90 94 90 117 150 112 87 100 103 100 85 92 102 114 123 103 101 94 87 91 99 85 101 117 116 98 86 92 91 87 89 100 110 118 111 112 113 103 93 94 105 98 90 75 81 84 93 98 91 91 103 114 113 112 126 109 95 95 107 96 87 82 90 100 101 97 103 121 132 136 142 144 146 139 125 114 109 115 99 95 103 96 92 94 114 103 117 142 133 142 138 133
