examples/data/proba_v_italy_sicily/probav_s10_toc_x19y03_20141101_333m_ndvi_v001.txt
ncols         1127
nrows         589
xllcorner     12.348214285714
yllcorner     36.598214285714
cellsize      0.0029761904761905
NODATA_value  -9999
[rows 416 to 467 of 589, columns 576 to 671 of 1127]
76 62 71 71 75 84 81 76 75 92 95 66 57 93 109 80 88 109 95 85 88 80 77 77 68 73 88 106 98 83 71 75 84 84 85 81 82 80 71 59 49 54 59 56 55 56 60 67 64 62 63 59 55 62 60 65 81 90 108 105 113 98 99 90 66 62 64 66 61 60 61 62 81 60 62 98 121 130 121 128 122 130 142 147 118 106 121 109 97 120 133 126 95 122 128 82
46 18 38 48 65 75 67 74 85 96 109 93 73 75 92 85 83 102 98 80 78 78 89 103 95 81 73 82 91 88 82 80 81 98 87 85 91 86 68 58 59 64 56 58 56 54 55 62 70 65 62 61 61 66 66 66 77 80 83 72 80 89 100 104 112 97 83 72 63 67 63 57 81 99 73 90 140 130 144 171 113 99 116 125 102 91 106 109 95 125 138 112 68 75 100 96
0 0 37 0 0 0 0 1 45 63 68 72 80 89 100 98 90 84 95 92 79 79 95 96 91 80 75 80 82 101 72 70 74 84 82 81 90 91 70 61 57 58 65 67 63 68 74 67 63 58 65 63 58 58 62 76 79 75 75 61 57 72 90 94 94 83 79 72 77 72 82 71 77 113 86 124 143 124 122 128 115 109 131 137 125 109 149 124 103 130 151 112 78 58 56 64
0 11 0 0 0 0 0 0 11 0 0 0 0 33 51 65 77 78 84 90 98 101 94 89 86 73 66 77 78 74 69 78 86 86 86 86 79 73 64 52 60 60 59 77 66 71 67 52 57 55 62 63 58 58 64 65 81 107 109 82 86 82 79 103 104 89 92 87 68 71 103 81 89 82 88 116 131 128 128 128 110 99 106 128 117 117 158 139 120 136 139 112 69 70 68 86
0 0 0 0 0 0 11 0 0 0 0 0 0 0 0 0 0 0 25 53 73 88 95 99 87 77 74 76 80 87 87 92 87 74 76 72 61 56 64 71 69 56 52 55 57 58 59 58 55 60 62 62 57 60 62 67 76 79 87 112 121 120 93 93 102 87 76 74 62 71 114 113 97 115 109 116 110 125 132 124 119 120 112 88 93 132 123 92 82 115 119 105 89 86 84 90
0 0 0 0 0 0 0 0 0 0 0 0 0 0 0 30 0 0 18 0 31 0 50 78 75 53 57 69 73 73 78 82 84 81 73 70 64 55 61 69 58 61 56 57 63 59 58 59 56 57 60 60 62 63 59 67 72 68 86 102 100 95 76 71 83 88 70 85 76 54 66 81 106 128 132 106 116 139 138 107 112 113 104 122 118 110 95 94 92 68 79 91 79 100 107 82
0 0 0 0 11 15 16 0 0 0 0 0 0 0 0 23 32 22 0 5 13 14 9 5 0 0 0 0 0 0 34 51 72 83 97 103 88 75 61 55 53 64 70 63 64 60 54 58 50 51 57 59 59 59 61 67 73 76 75 78 92 87 68 72 85 97 88 93 103 77 55 71 87 103 111 112 111 110 99 111 119 118 110 115 105 88 91 91 69 60 77 79 79 73 80 69
0 0 0 0 6 9 22 13 12 0 0 0 0 0 0 0 0 13 0 6 16 16 15 4 0 0 0 0 0 0 0 0 0 36 63 82 95 93 81 78 85 86 71 74 57 52 47 50 53 51 59 61 66 69 73 62 66 69 69 71 73 79 89 91 84 68 85 82 93 86 70 67 107 119 97 97 87 110 105 112 121 116 107 98 92 90 105 88 73 83 78 86 85 69 80 80
0 0 0 0 0 0 0 1 0 0 0 0 0 0 0 17 0 0 0 23 31 14 14 0 0 0 0 0 0 0 0 0 0 0 0 0 24 51 68 80 95 95 84 83 73 62 55 54 66 72 62 67 75 68 73 72 64 63 69 77 76 66 70 73 74 78 85 65 84 85 83 88 122 128 86 116 140 141 119 99 100 106 112 97 70 79 75 67 63 66 72 66 63 92 103 121
0 0 0 0 0 14 16 13 11 24 19 22 0 0 0 0 0 0 0 0 0 0 0 0 0 0 0 0 0 18 0 0 9 0 14 22 0 37 0 33 61 71 75 94 105 112 98 85 84 84 70 69 73 75 69 79 67 59 61 74 72 69 69 74 82 94 97 75 77 84 73 75 100 115 93 111 128 123 88 99 96 72 73 81 93 81 74 75 72 75 84 94 104 115 130 142
0 0 0 0 0 13 17 11 0 0 0 0 10 8 0 0 0 15 0 0 0 0 0 0 0 0 0 22 20 21 0 0 0 0 0 0 0 0 0 37 37 0 36 62 90 103 105 101 94 88 78 75 78 78 77 75 68 64 61 62 74 78 74 69 68 85 92 100 85 67 64 76 106 96 90 89 91 101 100 109 111 95 96 114 110 81 69 82 96 93 99 99 109 121 126 135
11 0 0 0 0 0 0 0 0 0 0 0 19 0 0 0 0 0 0 13 16 15 0 0 0 23 0 0 0 0 0 16 0 0 0 0 28 0 12 0 0 0 0 0 4 44 63 86 106 111 102 93 90 89 88 78 57 51 55 58 70 75 85 78 63 76 85 87 80 72 70 87 96 85 107 111 96 97 107 121 132 117 109 133 129 100 95 86 102 125 120 111 128 132 112 127
9 0 0 0 0 0 0 0 0 0 0 0 17 0 0 0 0 13 12 16 18 0 0 0 0 0 0 0 0 0 0 0 0 0 0 0 0 0 0 0 0 0 0 0 0 0 38 28 59 71 93 118 102 93 99 83 57 58 65 58 66 64 72 66 67 70 83 85 84 95 119 138 102 79 78 86 78 91 92 84 91 81 90 126 121 103 107 118 118 118 124 125 129 123 119 100
0 0 0 0 0 0 0 0 0 0 0 0 19 18 14 51 0 11 14 0 0 0 11 0 0 6 23 0 30 25 0 0 0 0 0 0 0 0 0 0 0 0 0 0 39 20 22 38 0 8 52 70 79 99 116 82 57 54 70 68 56 61 53 56 66 73 78 88 79 90 101 84 75 66 65 62 79 112 112 133 110 83 92 118 117 102 118 119 114 114 121 122 117 104 98 135
0 0 0 0 0 0 0 0 0 0 0 19 19 0 20 31 0 16 0 0 21 2 0 0 18 25 0 15 0 0 0 15 19 8 0 0 0 39 0 0 0 0 0 14 19 0 0 0 31 37 37 33 53 95 123 128 83 59 62 55 41 42 51 53 61 68 67 72 84 92 85 64 57 65 82 71 63 73 91 114 96 78 94 113 103 104 121 118 111 110 115 112 115 118 104 118
0 0 0 0 0 0 0 0 0 17 0 0 13 18 0 0 0 13 12 21 0 4 0 0 0 0 0 0 0 0 0 0 0 0 0 0 0 0 39 0 0 0 0 22 0 28 0 32 0 5 37 37 37 37 81 95 93 88 83 67 55 62 50 38 46 54 54 61 78 88 94 77 63 76 80 69 64 61 69 99 97 89 103 121 108 90 87 104 121 124 124 117 113 98 100 95
0 0 0 0 13 15 0 0 0 16 21 18 16 12 9 13 12 0 0 15 0 0 4 32 0 20 15 16 25 27 31 28 19 0 0 0 0 16 0 0 0 0 25 27 0 0 0 39 9 0 0 37 1 0 0 32 28 38 53 55 68 69 61 58 43 46 72 83 101 74 73 81 73 81 77 67 72 77 84 90 88 96 104 99 89 96 91 111 119 111 121 111 99 91 123 123
0 0 0 0 0 3 0 0 10 14 19 15 16 20 0 0 0 45 39 33 0 0 6 0 0 0 0 28 34 31 0 0 0 0 0 0 0 0 0 0 0 0 0 0 20 0 0 21 41 6 7 0 0 0 0 0 0 0 0 0 11 47 57 78 79 88 121 124 99 69 62 53 71 89 74 62 71 69 91 80 77 75 68 73 84 101 122 127 119 118 132 132 129 123 128 120
0 0 0 1 5 7 0 0 0 0 2 24 20 17 14 0 0 0 0 0 0 0 3 0 23 0 0 0 0 0 0 0 0 0 0 0 0 0 0 0 0 0 0 0 0 0 0 0 28 30 41 0 0 0 0 0 20 0 13 0 0 22 35 37 89 124 130 117 94 57 42 38 66 79 70 81 78 90 101 90 88 88 71 74 98 111 117 130 130 136 140 132 135 105 128 122
0 0 0 0 0 0 0 0 0 0 21 29 37 37 37 37 0 0 0 0 0 9 3 0 0 0 0 0 0 0 0 0 0 0 0 0 0 0 0 18 0 0 0 24 23 23 14 0 0 31 0 24 54 0 0 0 0 0 0 27 0 5 23 19 23 25 41 70 65 49 45 36 44 51 51 78 83 76 86 86 96 101 98 100 89 84 92 113 130 119 98 105 134 104 124 103
0 0 11 14 0 0 0 0 0 7 27 37 37 37 37 37 37 0 0 11 0 2 4 0 0 0 0 0 0 0 30 0 0 0 0 0 0 0 0 18 14 0 0 0 0 0 0 0 17 0 0 0 0 0 0 0 0 0 0 0 0 0 25 0 15 0 0 0 47 57 60 50 40 42 38 48 77 80 89 97 110 110 106 116 116 113 124 131 123 98 101 115 110 110 115 109
0 37 26 0 0 0 0 0 0 15 26 37 37 37 37 37 37 0 0 0 0 0 0 0 0 0 0 0 0 0 0 0 0 0 0 0 0 21 15 11 0 0 0 0 0 0 28 24 24 0 0 0 33 0 0 0 0 0 0 0 0 0 0 0 0 0 0 0 0 33 50 55 57 53 41 47 58 62 70 58 67 100 105 101 99 104 130 117 98 93 96 101 101 99 108 110
0 0 18 24 0 0 0 0 0 4 14 25 28 37 37 21 16 0 0 0 10 0 0 0 0 0 0 0 0 0 0 0 0 0 16 0 0 0 0 0 0 0 24 0 0 21 0 19 37 0 0 0 0 0 21 0 0 0 0 0 0 0 0 0 0 0 0 0 0 0 14 47 61 65 76 58 43 50 76 86 91 99 103 110 118 115 109 103 106 94 88 112 94 92 100 109
0 0 0 20 14 33 18 0 0 0 14 21 16 8 1 11 0 0 0 0 0 0 0 0 0 0 0 0 0 33 0 0 21 13 0 0 0 0 0 0 0 0 0 0 0 0 0 0 0 0 0 0 0 0 0 24 39 0 0 0 0 0 0 0 0 0 0 0 0 0 0 0 15 47 92 108 84 94 114 108 104 113 116 110 111 107 113 112 94 92 96 97 91 84 126 137
12 0 0 0 0 10 14 0 0 0 29 0 0 0 0 0 0 0 0 0 0 0 0 0 0 17 13 0 0 39 0 0 20 0 27 28 24 24 0 0 0 43 0 0 0 0 0 0 0 0 0 0 0 0 0 0 23 0 0 0 0 0 0 0 26 23 0 0 0 0 0 0 0 0 0 72 96 109 120 107 83 93 118 122 128 126 122 119 100 86 85 87 84 90 92 118
14 0 0 0 0 0 0 0 0 0 0 0 0 0 0 0 0 0 0 0 0 0 0 0 0 0 0 0 0 0 38 0 0 0 20 12 15 22 0 0 0 0 19 0 0 0 0 0 0 0 0 0 0 0 0 0 0 0 0 0 0 14 0 0 0 0 9 14 0 0 0 0 0 0 0 0 5 83 98 79 83 80 91 114 114 112 95 95 105 91 98 105 98 104 110 96
0 0 0 0 0 0 0 0 0 0 0 0 0 0 0 0 0 0 0 0 0 0 0 0 0 0 0 22 0 0 0 43 28 26 21 19 20 20 30 37 35 27 0 0 0 0 0 0 0 0 0 0 0 0 0 0 0 21 15 0 18 0 0 0 0 0 0 0 0 0 0 0 0 0 0 0 0 0 35 67 82 80 96 98 94 94 115 109 93 96 116 109 95 98 95 89
20 25 0 0 0 0 0 0 11 10 24 0 18 19 33 35 0 0 0 0 0 0 0 0 0 0 0 0 0 30 34 28 17 31 0 19 23 27 26 0 0 0 0 0 0 0 0 0 0 0 0 0 0 0 0 0 0 0 0 0 13 0 0 0 0 0 0 0 0 0 0 0 21 14 0 0 0 0 0 0 64 87 102 93 89 102 123 119 99 97 119 132 87 123 120 120
42 16 20 0 32 37 18 15 12 11 0 0 12 13 0 0 0 0 0 0 0 0 18 0 0 0 0 0 38 0 0 36 12 0 34 0 0 0 0 0 0 0 0 0 0 0 0 0 0 0 0 0 0 0 0 0 0 0 0 0 0 0 0 0 0 0 0 0 0 0 0 0 0 0 0 0 0 0 16 6 12 47 71 77 90 81 85 118 129 128 117 102 104 129 145 139
40 32 38 30 34 46 41 36 0 0 14 0 0 15 21 13 0 0 0 0 0 0 0 0 0 0 0 0 0 0 0 0 19 40 50 0 0 0 0 0 0 0 0 0 0 0 0 0 0 0 0 0 0 0 0 0 33 33 0 0 0 0 0 0 0 0 0 0 0 0 0 0 25 0 0 0 0 0 5 25 16 0 0 66 123 109 84 83 76 105 134 131 92 153 157 144
12 31 15 17 15 0 0 0 0 0 37 14 16 18 0 36 48 0 0 0 0 0 0 0 0 0 31 0 0 0 0 31 20 0 0 0 0 0 0 0 0 0 0 0 0 0 0 0 0 0 0 0 0 0 0 0 0 0 24 28 0 0 16 0 0 0 24 38 37 0 0 0 14 0 9 0 0 0 0 1 15 24 0 21 95 98 67 62 70 79 82 95 130 183 156 125
15 17 18 19 19 18 17 18 18 15 45 14 15 15 0 0 25 56 0 0 0 0 0 0 20 28 0 0 22 18 0 0 0 0 0 0 0 0 0 0 0 0 0 0 0 0 0 0 0 0 0 14 13 7 0 36 41 34 24 21 0 0 0 0 0 0 0 0 12 19 0 0 0 0 0 0 17 9 0 0 0 6 16 0 15 61 76 85 83 74 67 88 88 54 100 110
22 0 0 0 0 21 0 18 19 18 16 16 17 0 0 17 16 32 30 0 0 0 0 0 30 28 0 0 0 30 0 0 0 0 0 0 0 0 0 0 0 0 0 0 0 0 0 0 0 0 0 5 11 4 0 0 0 26 15 0 0 0 0 0 0 0 0 0 0 22 0 0 0 0 0 21 0 0 0 0 0 0 0 16 20 31 58 74 77 72 78 78 69 77 54 54
18 20 0 31 0 0 17 20 17 22 0 39 0 0 0 19 19 38 21 0 0 0 0 0 0 0 0 0 0 0 35 39 38 0 0 0 0 0 0 0 0 0 0 0 0 0 2 0 0 0 0 0 0 0 0 0 0 0 0 0 0 0 0 0 0 0 0 0 0 0 22 0 0 0 24 22 19 17 0 1 0 0 0 0 11 20 37 39 62 70 72 76 75 78 79 84
0 15 0 49 0 0 0 0 26 0 36 50 34 0 0 0 33 19 21 0 0 0 0 0 0 0 0 0 0 0 0 0 0 0 0 0 0 0 0 0 0 0 0 0 0 0 0 4 0 0 0 11 7 2 0 0 0 0 0 0 0 0 0 0 0 0 0 0 0 0 0 0 30 35 33 0 0 25 17 7 11 7 2 7 11 11 32 28 34 64 80 81 78 68 74 86
0 0 0 29 0 0 0 0 24 22 0 25 0 0 0 0 38 0 0 35 48 0 0 0 0 0 0 14 0 0 39 0 0 0 0 0 0 0 0 0 0 0 0 0 0 0 0 12 3 0 0 25 37 16 18 16 6 0 0 0 0 0 0 0 0 0 0 0 0 0 0 0 0 0 0 2 2 23 24 18 10 2 5 10 5 9 23 36 37 24 51 73 80 69 75 78
0 18 48 50 0 0 21 21 37 41 23 23 0 0 0 0 0 0 0 0 16 50 42 38 29 34 30 18 0 0 27 37 0 0 0 0 0 0 0 0 0 0 0 0 0 0 4 21 7 0 16 26 37 37 37 15 5 0 0 0 0 0 0 0 0 0 0 0 0 0 0 0 0 0 0 2 2 1 1 6 5 3 7 8 7 4 13 30 24 29 28 50 56 63 69 69
18 20 18 60 51 21 23 0 0 19 0 0 0 0 0 0 0 0 39 33 27 32 14 0 11 0 15 0 42 0 0 0 0 0 0 0 0 0 0 0 0 0 0 0 0 0 0 6 1 0 5 23 37 32 16 0 0 0 0 0 0 0 0 0 0 0 0 0 0 0 0 0 0 0 0 0 0 0 0 0 3 11 37 37 37 0 3 0 23 37 37 0 47 71 95 100
18 17 17 18 56 72 47 22 15 29 15 0 0 0 32 0 0 0 32 0 21 26 26 29 23 34 34 28 41 34 0 0 0 0 0 0 0 0 0 0 0 0 0 0 0 0 0 0 0 0 21 8 14 8 0 0 0 0 0 0 0 0 0 0 0 0 0 0 0 0 0 0 0 0 0 0 0 0 0 0 0 25 37 37 37 0 0 12 44 11 12 0 0 48 77 87
18 17 0 19 24 17 48 17 23 30 0 0 0 0 35 0 0 53 42 23 23 21 20 17 25 24 20 17 0 0 0 0 0 0 0 0 0 0 0 0 0 0 0 0 0 0 0 0 0 0 0 0 0 0 0 0 0 0 0 0 0 0 0 0 0 0 0 0 0 0 0 0 0 0 0 0 0 0 0 0 0 23 30 37 37 0 0 0 0 0 6 20 3 0 46 65
20 0 0 23 24 36 32 33 0 18 0 0 0 0 0 0 0 0 0 0 22 22 23 23 22 21 19 20 0 0 0 0 0 0 0 0 0 0 0 0 0 0 0 0 0 0 0 0 0 0 0 0 0 0 0 0 0 0 0 0 0 0 0 0 0 0 0 0 0 0 0 0 0 0 0 0 0 0 0 0 0 0 7 14 20 37 37 0 0 0 0 6 30 37 37 39
19 22 22 21 21 19 40 39 20 18 0 0 0 0 0 51 40 0 0 0 23 27 24 22 26 28 26 26 0 0 0 0 22 21 22 23 21 0 0 0 26 42 0 0 0 0 0 0 0 0 0 0 20 20 21 24 26 0 0 16 16 15 16 0 0 0 0 0 0 0 0 0 0 0 0 0 0 0 0 0 0 0 0 0 1 10 21 16 32 0 0 0 20 37 37 12
21 22 0 20 26 0 31 26 0 0 0 35 57 59 0 0 0 0 0 0 24 26 55 28 25 25 26 0 0 0 0 0 22 0 0 0 0 0 0 0 0 0 0 0 0 0 20 19 18 16 13 13 18 22 23 18 17 0 0 23 20 18 18 0 0 20 21 20 18 16 18 0 0 0 0 0 0 0 0 0 0 0 0 0 0 0 0 0 0 20 19 8 29 29 21 7
0 20 23 0 0 0 63 0 0 0 0 30 0 0 0 0 0 46 64 0 0 0 57 62 0 0 0 0 0 0 0 22 25 29 29 27 24 23 23 22 0 0 0 18 21 23 28 22 24 25 24 22 34 20 19 21 0 0 0 0 0 0 24 22 21 22 0 25 24 0 20 21 0 0 0 0 0 0 0 0 0 0 0 0 0 0 0 0 0 0 0 0 0 1 9 7
0 0 21 19 0 0 0 21 0 0 0 45 0 0 0 0 0 0 0 0 0 0 36 0 0 0 0 0 0 0 0 21 0 21 22 0 0 0 0 21 21 22 24 25 25 25 27 27 0 0 0 7 28 24 23 24 0 0 0 0 0 0 0 0 0 0 0 0 0 0 0 18 20 20 0 0 16 17 19 19 0 0 0 0 0 0 0 0 0 0 0 0 0 0 0 0
24 0 0 43 40 29 21 20 23 0 0 43 0 0 0 0 0 0 0 0 0 0 20 24 24 0 0 0 0 0 0 28 0 0 0 0 0 0 0 0 0 0 0 0 0 0 25 27 0 0 0 0 4 9 10 1 0 0 0 0 0 0 0 0 0 0 0 0 0 0 0 0 0 19 20 20 20 21 21 19 19 20 25 24 22 0 0 0 0 0 0 0 0 0 0 0
20 23 18 20 19 18 0 0 20 0 0 36 0 0 0 0 0 33 0 0 0 0 20 0 22 0 0 0 0 0 0 0 32 0 0 0 0 0 0 0 47 38 0 0 0 0 0 0 21 0 0 0 0 0 0 0 0 0 0 0 0 0 0 0 0 0 0 0 0 0 0 0 0 0 0 20 21 19 19 20 18 15 18 21 21 21 21 19 15 0 0 0 0 0 0 0
22 27 25 23 23 21 22 0 23 22 0 28 35 26 0 0 0 0 0 0 0 0 27 0 0 0 0 0 22 20 18 22 24 0 0 0 0 0 0 0 0 0 0 0 0 0 0 0 0 0 0 0 0 0 0 0 0 0 0 0 0 0 0 0 0 0 0 0 0 0 0 0 0 0 0 0 0 0 19 22 23 19 16 21 24 26 26 23 22 21 0 0 0 14 15 0
22 24 21 41 22 25 34 28 0 42 27 0 0 0 0 0 0 0 0 0 0 0 0 0 0 0 0 0 24 0 0 0 0 0 0 0 0 57 46 0 0 0 0 0 0 0 0 0 0 0 0 0 0 0 0 0 0 0 0 0 0 0 0 0 0 0 0 0 0 0 0 0 0 0 0 0 0 0 25 22 22 24 0 18 20 22 22 23 24 20 0 0 20 22 21 17
16 32 26 21 33 29 0 51 0 33 0 0 0 0 0 0 0 0 0 0 0 0 0 0 20 18 16 0 24 0 0 0 0 0 0 0 0 0 0 0 0 0 0 0 0 0 0 0 0 0 0 0 0 0 0 0 0 0 0 0 0 0 0 0 0 0 0 0 0 0 0 0 0 0 0 0 0 0 0 0 0 0 0 0 0 0 0 16 20 0 0 0 24 23 23 23
18 21 17 20 23 21 0 0 0 0 0 0 0 0 0 0 0 0 0 0 0 0 0 0 23 0 0 0 0 29 0 0 0 0 0 0 0 0 0 0 0 0 0 0 0 0 0 0 0 0 0 0 0 0 0 0 0 0 0 0 0 0 0 0 0 0 0 0 0 0 0 0 0 0 0 0 0 0 0 0 0 0 0 0 0 0 0 0 0 0 0 0 0 25 23 23
18 17 19 19 21 19 20 0 0 0 0 0 0 0 0 0 0 0 0 0 0 0 57 0 0 0 0 0 29 27 0 0 0 0 0 0 0 0 0 0 0 0 0 0 0 0 0 0 0 0 0 0 0 0 0 0 0 0 0 0 0 0 0 0 0 0 0 0 0 0 0 0 0 0 0 0 0 0 0 0 0 0 0 0 0 0 0 0 0 0 0 0 0 0 0 14
