examples/data/proba_v_italy_sicily/probav_s10_toc_x19y03_20150511_333m_ndvi_v001.txt
ncols         1127
nrows         589
xllcorner     12.348214285714
yllcorner     36.598214285714
cellsize      0.0029761904761905
NODATA_value  -9999
[rows 94 to 140 of 589, columns 288 to 383 of 1127]
166 172 180 190 181 160 147 156 175 177 174 168 162 159 173 184 168 147 140 146 147 145 148 167 184 184 175 167 178 179 145 122 125 133 151 156 148 148 157 152 156 142 140 148 157 174 168 148 142 164 183 185 172 183 173 168 165 164 147 158 157 157 171 176 181 178 186 183 182 164 125 131 142 137 151 179 178 143 146 137 138 130 106 81 87 129 151 148 141 131 144 174 158 128 109 101
135 151 185 189 194 186 172 173 190 189 188 172 165 164 165 173 177 173 158 139 131 131 145 163 167 161 163 174 172 161 156 162 161 155 149 159 173 194 178 154 143 154 164 152 152 154 164 169 171 150 153 194 198 192 184 175 164 151 149 158 151 148 163 171 183 174 143 146 176 175 154 133 137 165 172 185 192 178 179 164 141 131 136 134 117 102 120 132 137 144 164 180 169 140 115 118
147 148 164 178 178 171 167 181 186 200 203 180 156 163 178 188 186 180 171 142 118 125 162 170 164 167 175 170 163 150 154 178 186 166 172 180 181 166 150 146 122 119 139 145 165 161 155 169 188 193 157 164 179 193 201 173 169 155 143 153 159 148 136 132 141 149 152 152 182 200 191 169 146 166 189 192 168 151 151 153 135 135 138 153 149 159 149 139 156 158 156 166 153 152 134 118
171 180 173 171 172 171 160 166 189 199 204 189 167 164 172 168 162 147 131 121 122 129 154 163 170 177 168 167 183 191 184 172 182 186 190 180 154 164 169 150 128 133 128 143 174 161 157 164 163 173 151 122 129 141 146 145 152 161 143 136 151 141 131 123 124 134 138 139 157 191 203 198 198 196 192 176 160 142 122 133 138 140 139 147 169 151 133 145 149 158 156 137 140 136 141 139
173 181 183 178 166 170 170 175 197 191 172 161 168 161 151 140 132 124 116 129 151 158 161 157 168 179 170 180 183 166 142 162 186 184 189 142 129 149 130 139 158 157 144 145 168 149 125 134 139 148 135 127 137 135 130 136 142 146 137 130 139 123 127 133 138 145 141 146 157 162 168 159 158 135 138 155 162 161 133 136 141 133 122 129 173 168 146 140 145 159 162 162 155 140 142 143
153 160 160 166 168 172 180 186 190 164 145 152 162 144 123 116 124 139 146 150 157 158 168 179 184 177 163 165 156 156 169 184 171 162 160 146 122 139 153 172 157 149 157 154 157 166 139 131 147 145 145 137 106 114 131 134 136 148 161 149 140 143 149 152 136 137 151 152 140 121 123 127 142 142 140 151 145 155 140 125 136 131 120 116 128 152 161 150 155 168 160 141 147 150 134 126
161 162 157 142 152 165 176 177 172 164 157 157 163 157 142 138 149 153 152 147 159 163 157 149 157 155 155 175 193 184 190 186 158 144 133 141 144 186 181 182 170 150 154 170 178 180 146 141 152 145 141 127 89 105 138 132 130 135 142 143 136 139 155 149 137 125 115 116 133 130 113 110 116 126 125 138 139 148 139 122 122 130 115 105 112 131 142 149 167 179 158 151 151 140 134 140
165 172 169 161 170 176 165 156 151 136 132 159 170 174 181 165 160 164 156 131 150 172 172 170 174 168 164 178 198 199 168 160 169 158 153 142 171 173 159 166 162 155 159 175 174 158 149 145 145 146 144 146 131 134 142 137 128 115 105 115 115 111 121 128 130 115 115 118 119 128 121 118 119 121 117 123 131 123 119 126 118 126 132 133 138 143 144 145 161 159 147 154 141 137 153 150
164 172 181 171 161 159 145 136 138 152 164 176 170 158 150 148 165 176 157 163 173 173 180 188 188 190 185 197 177 186 171 183 192 173 176 180 172 158 141 139 150 165 171 169 167 143 142 150 145 135 131 136 143 143 138 139 129 135 146 149 126 86 75 83 113 126 133 143 146 142 140 130 129 129 138 130 139 152 142 131 130 129 129 139 147 143 140 152 159 148 142 149 140 145 161 147
158 175 168 165 161 156 154 156 169 171 161 153 143 148 169 179 163 156 158 170 155 149 166 174 184 185 197 189 181 151 118 137 143 162 169 194 179 159 162 155 141 153 160 138 145 136 160 174 148 113 126 145 145 138 123 128 135 165 172 160 154 149 111 80 93 136 167 170 162 154 147 131 130 137 145 132 125 133 134 132 127 118 127 152 167 160 146 157 160 145 149 172 170 182 168 139
181 158 146 153 160 170 177 175 164 144 154 163 156 164 167 160 160 165 163 171 163 157 167 168 171 173 160 164 161 136 112 112 124 157 153 150 165 171 171 161 161 156 154 154 167 162 164 146 132 137 140 150 139 128 138 168 173 161 149 150 156 173 165 132 131 139 140 151 157 169 172 169 173 178 149 126 129 140 131 130 121 117 130 142 152 147 141 155 149 139 148 167 176 179 169 156
201 165 139 138 151 152 146 139 140 144 163 168 162 166 158 151 166 160 153 178 173 165 165 157 165 167 167 162 159 153 200 198 199 191 179 183 180 150 147 152 168 179 165 146 159 160 152 157 151 146 124 129 152 153 151 153 153 146 140 138 153 161 148 135 136 140 146 154 152 157 158 161 164 164 150 132 124 127 123 114 122 121 133 136 121 105 133 161 158 152 140 137 232 186 148 143
204 199 181 147 152 168 166 163 160 160 160 159 160 156 155 159 159 157 163 183 179 171 181 163 155 171 192 224 237 232 219 219 212 210 233 210 207 190 180 165 154 150 160 154 150 159 157 155 147 126 112 126 148 145 142 144 160 162 159 149 139 141 145 155 156 164 163 151 144 154 146 146 150 159 166 152 129 119 125 126 122 122 113 93 81 93 129 145 151 158 156 151 142 133 153 147
209 214 210 176 161 174 184 198 190 183 171 159 160 157 155 162 167 165 177 189 171 168 182 179 169 187 210 209 217 215 224 210 198 191 212 222 225 208 194 178 159 130 119 158 186 177 149 136 142 156 164 147 139 137 144 150 149 145 149 150 138 144 142 147 170 173 163 166 156 143 141 152 155 145 154 153 143 144 128 129 99 92 77 75 108 138 156 159 162 160 161 164 154 149 152 152
221 201 189 192 181 184 194 202 190 185 188 179 160 162 174 174 184 183 164 168 190 206 192 185 176 195 184 187 236 210 205 193 197 201 225 221 213 202 184 180 181 154 135 137 152 171 173 179 172 168 170 160 152 142 141 156 155 151 154 154 157 163 158 152 152 149 157 162 167 157 138 129 135 140 138 135 144 153 129 100 70 52 77 123 149 143 148 150 183 162 175 177 152 150 165 152
232 219 211 215 204 201 206 201 180 175 186 198 187 173 186 190 182 196 183 174 184 215 197 190 185 186 163 182 196 193 210 219 218 208 205 212 214 193 173 168 152 152 145 137 123 116 100 107 162 178 174 155 155 159 152 149 151 144 156 162 161 159 151 145 135 128 128 132 165 180 164 142 122 118 124 127 131 145 141 114 116 91 73 101 114 128 149 154 148 156 156 169 165 158 153 152
202 228 245 234 195 178 184 176 182 209 222 221 214 190 158 170 190 202 195 182 177 203 208 178 194 201 195 178 177 200 213 211 209 201 186 183 197 196 179 172 148 143 149 165 155 112 71 76 122 157 165 153 154 151 147 138 142 159 169 173 163 167 150 144 135 131 141 161 165 175 166 166 153 152 145 131 120 129 127 138 146 105 105 134 137 149 163 159 145 156 143 143 144 158 152 149
212 216 212 194 194 214 204 197 221 217 213 219 215 213 175 161 186 207 203 209 180 181 182 189 185 189 208 197 175 169 197 195 193 181 165 152 149 180 177 156 149 146 161 162 158 151 141 128 130 130 128 113 125 135 139 148 141 151 171 172 171 174 155 152 149 145 149 157 152 163 162 152 157 177 174 153 141 147 151 154 140 119 133 142 149 169 180 149 134 144 143 131 125 151 163 154
194 188 188 176 190 211 211 207 198 201 204 209 211 209 190 161 173 215 212 207 173 177 178 191 184 198 189 192 189 164 159 170 174 168 163 150 157 179 181 154 158 165 163 158 154 155 147 140 136 128 110 97 112 130 151 169 172 160 153 149 154 171 163 155 165 155 142 138 159 180 166 149 146 133 130 129 138 142 142 132 124 117 122 125 143 180 174 139 133 132 137 146 147 143 162 157
177 193 198 180 168 183 189 188 191 185 178 179 188 184 177 191 199 204 201 188 207 215 203 202 192 198 199 200 204 184 166 172 179 169 160 170 188 195 181 164 161 157 167 166 157 156 157 144 142 131 126 119 102 123 166 150 155 153 154 157 158 160 167 165 161 153 153 146 150 168 150 125 126 134 136 138 136 120 125 126 132 118 118 129 141 165 152 142 135 128 141 145 151 150 149 141
176 186 187 187 186 176 181 189 200 205 194 178 164 156 177 193 166 165 185 187 208 200 195 186 180 195 207 207 205 191 164 170 187 190 185 160 152 172 188 168 161 165 169 164 160 165 170 171 162 141 131 138 141 145 167 153 136 138 153 165 164 175 175 169 173 160 154 149 143 142 135 140 151 144 144 147 139 138 141 133 131 120 116 146 165 149 142 136 127 132 142 144 143 152 154 144
190 183 214 185 187 175 162 184 201 219 215 190 159 160 179 181 176 183 191 203 197 175 159 164 164 171 186 204 196 193 182 180 178 162 160 169 172 176 196 188 170 158 169 169 169 172 174 178 160 151 147 150 159 171 182 172 164 168 157 147 149 165 169 155 157 168 163 156 165 171 146 131 134 128 137 145 140 145 143 149 147 141 138 156 150 131 129 125 131 140 140 151 147 144 153 160
195 191 171 182 185 186 161 163 179 201 178 189 208 208 204 204 194 184 200 188 173 175 186 194 191 181 174 183 173 163 180 182 188 186 183 192 188 184 194 197 192 170 155 160 178 186 191 202 177 157 153 156 158 152 139 148 169 173 165 156 151 147 154 163 153 163 161 154 167 171 164 144 137 120 120 140 138 138 144 146 146 149 147 164 154 126 134 138 148 150 149 157 153 160 164 171
204 189 166 161 170 177 178 172 167 161 153 169 153 149 212 189 191 194 204 203 173 185 189 178 184 161 147 145 146 138 156 161 163 176 186 180 160 170 188 202 197 190 168 162 187 204 208 202 176 156 135 128 139 148 146 144 150 156 153 146 143 141 143 156 174 188 184 170 165 166 162 153 152 147 141 144 129 130 135 142 147 140 149 167 160 148 137 156 162 158 154 168 155 157 158 149
213 220 214 182 181 186 187 191 196 173 127 130 161 171 240 195 201 206 207 204 173 175 171 157 164 181 167 157 147 130 143 171 174 165 151 157 150 180 198 166 163 190 208 193 195 200 187 183 168 154 142 136 147 150 146 147 149 151 151 141 134 136 142 144 173 187 187 180 169 165 162 160 159 155 149 141 142 148 145 130 130 150 172 155 163 162 150 150 159 162 167 177 170 161 160 155
165 202 224 196 169 164 175 190 197 187 168 157 197 183 189 180 174 199 208 180 173 194 189 160 141 129 102 111 148 156 149 170 176 170 167 166 170 184 197 176 157 154 165 182 189 176 162 153 153 151 149 156 155 158 153 142 140 142 146 149 139 130 135 138 147 177 189 193 191 182 169 152 142 137 140 144 153 155 139 131 149 158 152 153 170 172 173 175 170 156 147 145 159 163 173 176
144 164 176 191 174 148 145 162 187 201 192 204 211 196 180 187 166 183 204 191 158 165 171 153 115 99 99 116 129 142 145 150 161 167 173 174 178 169 168 175 156 157 160 159 188 191 154 131 137 143 138 144 149 144 142 131 127 133 139 161 158 134 130 138 162 179 185 185 189 193 185 149 129 134 144 133 143 146 144 147 158 154 147 153 157 161 149 145 136 132 137 148 162 173 184 179
156 169 152 156 168 153 157 173 165 151 152 193 205 216 205 190 174 168 188 171 149 153 166 167 149 131 136 152 146 98 114 154 164 150 159 171 162 154 152 159 144 148 153 155 169 202 168 113 111 120 125 142 143 140 149 145 138 138 152 162 153 141 139 135 164 181 185 189 191 196 187 159 138 147 140 147 146 153 157 170 153 145 156 152 137 139 142 149 146 152 146 147 160 177 185 178
180 187 167 173 173 166 157 158 169 176 188 196 185 198 205 196 184 173 170 164 158 164 178 170 156 147 152 155 148 131 122 133 166 167 144 165 161 153 139 142 139 153 166 162 157 169 155 126 120 127 139 153 142 140 144 146 143 146 151 136 136 146 172 163 164 186 199 197 193 188 185 179 161 150 132 137 151 154 171 172 153 157 175 170 172 188 185 169 150 154 170 175 181 178 181 177
154 158 149 147 148 143 139 159 174 188 182 167 168 186 194 195 190 189 180 175 185 189 170 162 168 169 139 147 149 144 165 189 190 158 147 148 152 159 152 137 137 125 143 143 142 153 142 123 123 135 154 162 151 145 151 157 157 147 137 149 150 174 196 175 177 192 199 198 189 182 184 179 168 137 116 141 172 176 180 154 153 163 166 165 176 167 158 136 148 172 185 168 163 172 173 177
156 137 124 125 140 124 132 155 183 185 167 176 182 185 184 181 174 165 166 170 180 179 167 173 184 174 158 159 171 188 166 147 153 136 157 145 150 158 151 143 146 129 134 148 136 155 166 160 162 153 156 172 178 177 177 170 154 160 149 156 161 175 195 175 176 184 199 208 193 185 177 172 156 132 132 153 166 169 164 147 150 151 138 115 130 122 118 124 150 186 182 163 158 163 161 166
144 131 112 110 130 141 153 178 190 169 141 164 196 191 181 173 177 184 186 188 173 166 187 188 170 177 176 157 180 180 140 142 149 127 63 143 161 167 160 156 164 156 139 148 150 161 167 157 145 136 147 152 146 150 155 169 168 165 168 158 150 150 163 170 175 171 178 201 197 180 167 163 153 131 146 168 167 168 167 182 165 140 127 124 128 141 147 165 175 156 139 158 170 156 155 167
131 128 126 137 122 164 175 174 169 153 135 141 176 183 175 170 168 158 150 193 204 181 185 175 173 181 178 156 166 158 70 138 125 63 64 155 165 155 166 178 168 156 146 169 186 178 173 166 151 141 133 137 149 167 177 174 179 163 160 159 149 164 157 163 169 180 185 184 183 172 154 152 152 162 164 174 160 150 151 180 175 159 154 128 107 129 140 151 158 149 137 146 162 157 155 171
127 139 160 184 154 168 168 159 152 146 136 143 179 178 179 176 173 164 149 202 206 177 195 204 198 190 194 196 147 152 135 66 65 48 48 140 138 125 156 188 189 191 177 177 187 190 183 181 170 166 161 167 176 171 163 153 175 198 202 189 174 183 198 182 156 153 167 169 165 157 153 166 165 171 169 143 156 154 160 180 175 182 176 136 114 136 146 155 159 149 142 147 156 166 162 162
183 165 142 149 142 124 123 127 130 140 142 141 166 185 161 169 181 165 162 196 207 198 192 195 191 179 170 154 70 67 67 77 108 171 192 182 187 213 213 202 199 206 204 188 180 176 181 187 201 210 204 200 191 191 192 183 193 196 185 176 186 193 192 185 164 143 139 156 173 168 160 158 163 167 161 153 169 170 168 177 156 155 166 137 107 128 166 156 133 127 140 157 165 162 174 175
143 130 143 150 135 107 92 102 124 122 121 122 151 175 172 142 144 150 150 154 174 191 189 183 184 185 164 113 115 159 193 203 203 216 230 225 209 229 229 199 202 202 187 187 203 212 203 195 208 221 214 209 201 196 198 196 192 187 176 181 188 191 191 197 193 165 138 142 155 163 151 133 149 159 164 176 175 147 150 163 154 139 144 132 103 116 153 147 129 136 141 146 160 142 140 166
124 119 122 143 165 151 124 129 128 126 130 135 155 169 166 149 137 129 129 140 145 158 178 182 180 183 174 146 175 177 185 200 197 205 210 192 183 189 180 192 224 209 192 173 199 231 212 192 196 213 209 214 206 209 194 185 181 182 188 191 186 191 173 156 165 167 168 160 167 167 159 153 168 178 178 192 178 139 131 156 171 145 142 160 102 89 105 128 125 137 142 139 143 155 158 166
117 127 126 148 181 197 177 144 118 114 130 141 147 142 138 131 132 145 157 148 147 151 157 156 150 152 179 159 166 168 152 153 153 167 190 190 169 162 143 131 160 172 179 182 176 199 217 222 209 203 203 203 204 214 210 204 210 222 231 232 222 216 202 176 168 173 173 164 156 143 145 156 138 135 154 167 132 134 147 146 148 143 155 165 137 119 134 141 137 141 147 144 157 163 171 164
113 106 122 164 207 215 174 131 122 130 138 131 132 137 143 130 121 130 165 177 164 157 154 161 164 154 168 152 146 171 168 168 168 178 182 182 168 142 152 152 134 140 151 157 162 165 185 200 211 218 217 206 216 219 177 143 165 192 215 225 229 219 200 203 206 195 183 185 172 155 146 163 153 124 103 95 101 140 147 158 165 153 148 147 159 154 145 146 138 125 132 139 147 146 164 172
163 141 131 129 162 173 164 148 150 136 135 116 112 148 180 138 139 125 145 162 152 161 174 168 177 164 139 149 129 129 147 157 160 162 152 145 146 161 198 203 154 134 125 113 118 130 139 141 155 178 183 159 144 133 126 122 149 181 199 191 184 188 184 201 202 194 165 189 188 178 168 158 132 119 139 146 137 158 160 163 152 132 147 155 165 173 150 150 164 152 153 161 165 149 149 155
177 172 158 150 127 135 189 172 155 143 123 122 121 168 177 128 115 135 137 122 125 133 139 128 108 146 176 191 165 145 163 171 171 164 178 187 196 192 195 190 178 177 154 142 141 153 176 175 148 151 159 146 132 119 144 163 160 161 185 188 166 178 186 178 178 194 193 183 176 121 85 102 113 138 155 162 172 173 167 168 171 150 164 182 173 158 169 174 159 156 170 167 177 183 163 132
203 194 186 179 167 149 175 209 200 167 144 166 128 105 133 117 109 123 131 121 124 149 131 136 159 162 183 182 141 129 168 184 208 198 171 210 239 242 231 218 225 209 191 179 198 204 219 228 180 164 145 145 149 150 175 171 169 175 175 185 190 175 181 185 177 179 172 160 144 125 115 100 110 138 149 159 181 179 190 186 181 156 158 153 131 152 178 193 178 152 149 152 165 171 168 158
193 165 199 185 142 161 196 221 185 183 195 176 162 141 151 153 145 160 153 119 118 171 169 178 194 182 197 216 193 194 187 195 212 207 199 229 226 188 180 203 224 216 218 200 188 217 209 200 173 152 142 150 165 181 192 177 169 179 179 184 186 177 171 164 160 158 140 157 140 143 162 162 165 165 160 171 198 184 186 188 180 187 158 152 140 133 158 163 152 143 141 140 175 194 190 180
184 162 186 173 170 174 185 204 171 175 190 198 205 188 179 187 168 135 196 201 153 148 166 203 217 185 219 243 213 174 188 201 213 205 227 239 209 176 194 213 214 210 227 220 154 183 198 192 193 152 166 188 197 195 188 171 174 175 182 188 193 195 175 151 167 170 137 139 127 143 172 163 183 192 189 197 199 208 202 197 186 196 163 134 134 141 158 165 152 143 131 123 169 185 185 171
189 167 150 126 127 158 189 203 177 148 158 203 208 205 180 184 198 142 201 236 195 168 201 219 228 229 233 240 221 203 209 203 211 226 217 223 224 219 221 221 228 228 223 205 206 206 185 188 205 187 172 184 186 198 202 183 192 181 170 173 166 178 171 158 167 166 160 156 157 153 162 166 170 174 183 191 194 212 207 166 187 186 161 160 186 191 159 157 167 174 168 163 168 164 174 176
166 204 197 199 206 191 211 208 187 166 175 178 195 214 194 194 220 168 174 213 196 188 197 221 226 228 216 217 228 237 221 198 190 200 196 204 214 209 214 215 229 243 243 240 232 213 197 198 196 186 174 202 198 198 193 187 203 201 169 172 181 185 171 178 188 191 179 154 174 172 171 166 179 190 191 204 205 191 195 171 170 184 173 199 184 187 160 149 160 171 164 169 187 188 196 183
157 212 222 217 193 190 209 184 167 171 171 183 201 210 201 204 226 213 205 213 218 222 222 222 213 198 217 193 182 228 231 201 183 187 195 197 200 202 209 215 222 236 238 232 219 192 204 218 219 211 202 201 200 188 179 185 186 192 192 187 188 185 184 201 208 213 202 180 182 194 194 189 192 182 183 199 203 204 217 206 192 166 173 171 162 172 164 156 167 175 176 185 198 187 194 188
