examples/data/proba_v_italy_sicily/probav_s10_toc_x19y03_20140811_333m_ndvi_v001.txt
ncols         1127
nrows         589
xllcorner     12.348214285714
yllcorner     36.598214285714
cellsize      0.0029761904761905
NODATA_value  -9999
[rows 156 to 207 of 589, columns 0 to 95 of 1127]
-9999 26 26 27 25 24 26 26 28 24 24 26 26 27 27 26 25 26 25 25 26 26 24 24 25 23 4 2 18 29 17 55 81 101 48 20 62 40 24 25 18 67 90 89 104 110 101 89 95 96 98 109 115 109 111 108 99 96 100 103 93 85 88 83 80 85 86 94 87 81 76 78 84 91 82 81 84 82 93 115 118 124 131 123 114 135 142 131 133 114 101 105 99 98 113 105
-9999 25 26 25 26 26 26 23 27 28 27 25 25 25 27 28 27 27 24 26 25 26 20 25 25 25 14 4 3 45 41 81 109 105 76 19 57 76 31 24 21 19 55 75 96 108 105 98 109 112 101 111 109 107 109 114 110 102 100 101 99 96 95 95 86 75 78 83 88 79 83 94 96 101 98 93 95 91 98 121 126 123 128 121 128 130 136 129 117 111 104 123 108 89 119 143
-9999 24 24 25 25 24 25 25 20 21 21 20 26 27 26 25 25 25 24 26 26 27 29 21 26 26 20 12 0 16 31 56 102 106 75 25 22 35 70 66 25 17 20 24 35 96 117 111 102 97 99 101 108 117 114 108 102 110 104 96 96 104 110 114 106 94 100 107 96 91 98 101 101 105 95 99 95 99 116 126 122 123 122 118 126 120 109 112 124 134 123 111 103 83 80 107
-9999 24 26 23 21 25 24 22 23 23 21 23 22 26 26 24 24 15 26 25 26 25 25 21 26 21 23 21 9 9 36 46 78 104 77 25 11 20 33 43 30 22 22 22 23 30 92 96 105 92 88 108 126 121 112 104 96 104 100 85 92 102 98 92 91 91 98 108 111 102 98 98 110 114 107 112 111 92 89 128 112 84 94 118 132 118 100 111 134 139 116 97 93 77 72 79
-9999 25 25 22 27 28 25 18 23 24 24 26 26 23 27 25 35 36 22 25 25 24 31 29 22 26 25 28 22 17 42 16 24 82 92 26 13 12 8 23 26 21 21 22 24 24 59 82 91 81 89 108 116 96 74 85 86 95 96 80 88 104 101 80 77 97 107 101 109 114 109 101 94 92 94 108 126 113 96 108 96 80 105 124 118 115 113 118 135 129 95 80 90 86 70 76
-9999 28 21 19 24 26 27 29 21 23 26 40 26 27 18 23 26 29 37 25 26 25 25 26 26 22 24 27 23 19 33 26 14 36 77 44 20 11 5 27 64 63 22 19 22 21 55 89 95 94 99 100 108 106 90 83 84 92 83 78 95 119 109 85 76 81 92 102 105 108 110 109 97 90 83 85 101 108 107 109 114 106 114 105 114 114 119 114 111 107 94 83 77 80 84 78
-9999 28 29 24 23 22 22 24 21 22 23 35 26 26 27 21 20 23 26 23 22 24 25 25 26 22 22 25 23 16 30 46 40 50 28 23 20 20 23 85 106 113 60 22 18 16 64 105 100 88 89 90 91 97 96 97 91 86 87 95 100 127 116 93 73 68 87 86 84 89 104 114 106 88 87 86 101 110 109 106 99 94 95 103 130 127 126 127 108 93 99 96 70 67 78 73
-9999 25 25 22 20 23 24 23 26 28 29 22 30 19 22 27 17 20 25 22 21 26 24 25 24 26 27 28 24 16 21 44 44 76 72 11 20 23 24 75 98 100 47 23 21 0 53 93 85 86 83 85 75 80 105 102 87 86 96 108 112 111 102 97 92 85 100 88 80 89 99 91 88 102 107 104 100 100 94 106 99 93 113 121 138 127 122 116 97 87 106 89 68 65 78 76
-9999 19 24 25 23 27 21 23 27 27 27 22 33 31 21 22 23 20 22 24 23 22 26 20 25 25 26 27 28 21 17 36 60 103 108 7 20 21 24 32 58 37 23 24 19 0 56 106 92 88 85 89 90 87 104 116 100 85 98 122 113 91 83 96 115 101 101 88 82 83 82 85 89 113 120 101 93 99 110 100 106 121 127 116 110 103 99 99 91 75 83 80 69 70 72 68
-9999 24 25 22 23 23 21 19 26 17 22 22 22 33 30 27 23 21 20 26 22 21 21 25 19 21 28 29 28 25 19 18 46 84 121 25 12 21 22 24 23 25 22 17 16 0 55 99 93 79 78 92 106 108 105 113 100 78 89 116 105 87 82 89 103 107 107 99 80 72 78 83 83 95 115 120 112 116 105 98 104 114 112 90 84 101 101 96 85 77 71 65 63 69 61 58
-9999 26 24 23 16 26 21 16 19 31 24 21 18 23 24 25 22 23 20 27 19 24 20 21 25 25 27 27 26 22 21 22 35 57 123 35 12 21 21 22 24 23 19 44 88 92 91 93 95 93 85 90 101 107 108 108 92 91 106 110 99 95 91 99 105 106 111 123 102 86 87 85 78 76 94 120 128 117 102 99 96 99 103 84 77 90 124 125 103 92 84 67 73 78 76 74
-9999 25 21 23 15 29 28 24 21 25 34 27 22 26 27 21 22 24 29 27 21 26 25 19 26 21 28 28 24 22 22 28 34 55 107 31 22 22 23 24 25 22 30 104 128 138 117 108 98 98 87 82 88 98 109 103 89 85 93 94 90 90 94 101 94 95 102 109 121 105 99 78 69 76 85 97 101 94 101 109 105 96 90 83 81 87 113 121 100 79 92 97 94 94 91 78
-9999 22 23 24 22 23 31 26 21 27 26 23 21 30 28 27 25 24 25 28 26 24 28 27 20 21 26 27 26 24 4 23 44 42 45 29 22 25 27 30 31 43 93 110 110 119 115 109 97 100 98 93 95 96 96 93 82 78 76 86 99 104 110 100 86 95 99 98 117 128 111 91 81 73 72 89 96 91 95 105 111 93 88 88 92 95 92 93 98 95 93 95 85 80 82 75
-9999 24 22 24 26 25 25 23 23 25 27 22 25 22 40 25 28 23 24 24 25 27 30 32 28 28 25 26 25 13 0 0 69 68 41 24 22 23 26 78 98 105 118 125 123 98 101 112 98 88 99 103 95 94 86 88 78 84 95 82 90 101 120 98 77 97 104 104 110 118 116 103 104 87 74 78 87 91 92 104 113 114 114 112 98 93 97 82 82 87 76 79 77 74 79 80
-9999 33 26 24 24 24 25 26 26 22 23 23 23 22 22 21 27 25 24 23 23 24 27 26 22 21 26 26 27 22 5 4 48 56 28 5 21 24 26 96 121 128 117 115 109 92 96 105 105 91 88 92 83 83 101 100 79 88 96 87 93 80 98 101 71 86 99 96 103 106 112 107 109 84 68 72 74 88 93 97 100 108 114 110 91 80 90 91 85 80 77 82 88 87 81 77
-9999 24 24 25 25 15 26 26 25 24 23 23 29 23 22 22 27 24 23 23 27 24 25 29 28 26 27 27 25 22 9 12 9 22 19 12 23 24 26 84 122 126 116 116 105 103 119 108 96 92 89 83 81 84 89 86 83 85 90 105 114 106 86 84 77 70 85 105 123 125 113 104 91 73 66 86 94 83 89 94 98 101 105 93 88 97 98 92 95 81 86 80 78 77 77 76
-9999 25 23 17 18 26 25 26 25 26 25 24 26 23 22 22 22 23 23 22 23 27 25 26 27 27 27 27 24 23 9 8 9 8 11 22 27 30 26 48 101 108 110 105 90 96 117 110 92 91 95 82 82 94 96 89 102 83 88 113 114 107 87 72 72 77 87 118 129 131 126 113 90 69 72 85 97 86 88 92 88 85 88 85 94 90 78 79 94 97 82 72 72 73 77 74
-9999 26 25 26 26 25 25 25 24 25 26 26 23 26 23 21 27 27 23 22 24 24 27 27 27 25 27 25 26 24 7 2 3 1 7 24 28 29 30 28 76 96 108 102 93 100 104 101 106 97 85 103 100 84 98 105 106 89 104 123 135 99 82 71 81 102 102 96 122 136 113 95 82 77 76 77 83 96 93 84 89 90 93 113 128 119 98 92 92 99 89 84 79 76 75 78
-9999 26 24 23 24 26 23 25 25 25 26 24 27 26 25 27 25 21 22 24 24 23 23 23 28 27 26 25 26 23 11 4 4 0 0 11 28 31 33 28 73 106 111 115 108 93 94 94 101 90 82 101 106 83 88 109 115 88 98 112 125 105 85 78 86 94 102 105 114 110 90 76 72 70 69 77 87 96 90 86 90 92 98 106 117 118 118 108 101 96 89 83 90 96 85 77
-9999 25 25 24 24 24 24 23 25 25 26 25 26 26 23 21 22 22 27 23 23 24 24 27 28 28 26 27 26 24 9 5 6 3 0 11 26 29 31 28 71 118 126 110 102 91 97 99 86 90 99 98 83 85 97 111 102 102 98 108 115 108 87 75 80 99 107 112 119 96 74 67 67 64 63 73 85 87 93 99 85 81 94 98 96 101 104 112 111 104 94 76 83 86 78 75
-9999 24 27 25 25 23 23 23 24 24 21 25 26 23 22 22 22 22 27 23 23 23 23 23 28 27 27 26 26 22 9 8 5 0 1 25 29 30 28 29 73 120 125 111 97 88 90 86 87 89 90 97 91 88 101 108 90 96 90 94 106 116 91 76 81 99 104 100 109 92 73 68 64 64 70 80 89 92 94 87 80 74 93 96 85 82 94 101 102 110 92 74 68 73 79 79
-9999 25 26 26 25 25 25 24 24 25 26 27 27 21 22 26 22 22 21 23 23 23 23 24 23 28 28 28 26 12 11 21 11 11 24 29 32 29 32 33 66 110 112 109 99 86 77 81 86 97 91 92 101 102 114 99 89 93 103 108 112 103 82 82 98 109 97 85 98 88 69 64 67 76 79 83 89 92 83 76 72 75 87 96 101 101 88 90 88 88 87 75 66 61 76 78
-9999 24 26 26 26 25 26 25 26 26 25 23 24 22 22 26 26 22 23 23 22 23 23 23 24 27 28 28 25 22 21 28 40 26 26 30 29 29 34 42 91 114 97 94 100 84 81 87 88 102 110 94 88 88 98 89 88 84 82 102 111 93 75 77 96 105 103 99 98 85 68 67 77 78 83 84 83 83 87 90 89 82 88 92 97 95 79 74 72 72 79 91 98 79 70 76
-9999 26 26 26 26 26 26 25 26 24 25 23 21 25 23 24 26 23 24 23 22 23 24 28 28 28 28 26 25 25 25 34 54 34 26 29 29 33 32 61 106 102 94 92 88 89 90 100 105 107 105 87 83 95 94 92 94 101 101 99 92 80 86 95 100 99 107 110 97 82 73 70 81 83 84 91 90 94 104 101 96 91 85 94 99 88 80 79 69 66 75 97 110 90 74 74
-9999 26 22 25 26 26 26 23 25 25 25 25 22 23 23 23 22 23 27 23 23 26 26 28 28 29 29 28 27 23 26 52 55 33 27 33 76 101 101 96 112 111 103 97 85 87 101 94 97 99 92 91 101 109 118 120 112 107 97 75 74 82 102 104 104 99 98 97 87 82 80 74 76 82 81 88 87 86 95 92 93 95 93 90 81 77 69 75 71 63 67 86 102 88 74 72
-9999 26 26 26 26 27 27 26 25 25 25 25 26 27 24 25 26 26 26 27 23 22 23 29 32 31 29 26 25 28 72 77 71 56 69 90 97 113 113 106 99 93 91 91 91 92 105 88 83 83 89 109 116 100 111 107 107 106 94 95 96 81 87 92 98 96 84 81 84 89 80 78 85 92 96 91 86 82 76 74 76 89 100 82 68 65 63 66 74 90 96 97 92 99 92 81
-9999 26 26 27 26 22 26 27 25 25 25 25 26 22 27 24 24 27 27 27 24 28 28 29 31 29 28 26 28 76 83 68 66 69 87 106 105 106 110 104 104 100 97 100 104 102 100 99 101 91 91 104 98 87 88 98 107 98 86 95 109 92 85 91 94 103 105 93 95 99 90 90 100 107 108 105 97 97 94 86 76 86 92 85 66 71 89 102 105 109 106 101 87 96 105 104
-9999 22 25 21 22 26 27 27 26 23 25 26 24 23 22 27 25 24 27 28 24 24 30 30 29 29 30 74 77 64 62 57 57 65 77 90 84 83 101 99 90 96 96 89 85 85 84 93 100 92 94 86 89 93 93 115 108 87 92 99 92 91 89 102 114 116 111 109 95 90 83 91 89 91 108 106 96 96 98 89 80 70 79 89 81 84 93 104 106 116 119 100 96 97 95 108
-9999 26 26 22 22 27 27 26 24 22 22 24 25 22 23 22 26 25 27 27 23 30 30 30 28 31 61 85 96 60 48 53 57 60 72 81 74 70 80 86 84 83 78 76 71 67 66 69 78 80 81 79 81 86 93 105 107 104 99 92 88 93 95 112 110 106 101 99 88 95 104 103 85 93 103 102 98 92 83 81 88 89 90 94 92 79 83 93 96 104 112 101 95 97 102 96
-9999 22 22 22 21 23 26 21 20 26 24 23 24 27 23 22 27 25 23 27 28 26 28 29 29 31 50 65 56 42 47 58 55 50 60 67 71 73 72 68 73 87 79 76 80 73 67 71 76 83 93 89 90 92 87 88 96 99 98 93 95 105 103 101 101 101 96 85 101 106 102 106 102 111 91 82 84 92 92 96 95 102 92 80 88 98 104 99 106 103 101 92 88 96 100 92
-9999 27 26 26 21 21 23 21 22 22 24 26 23 25 27 22 22 27 25 26 24 26 27 29 29 30 26 50 53 45 41 54 74 64 77 69 73 82 76 74 74 77 67 69 81 79 74 68 73 83 83 76 79 77 82 84 89 93 93 100 86 92 97 86 77 84 91 91 110 119 106 104 121 107 76 85 113 120 110 95 85 90 98 95 87 94 89 93 107 109 108 102 108 113 103 97
-9999 26 26 22 23 26 23 23 26 26 26 26 24 22 24 23 23 23 23 26 25 26 26 24 28 30 30 39 52 46 42 44 60 74 63 57 67 77 67 64 70 68 72 72 78 74 68 71 70 71 64 65 111 117 103 97 89 96 103 103 98 103 97 92 90 97 96 90 96 107 101 105 118 118 90 81 107 108 89 90 100 107 110 112 101 90 84 86 101 104 100 104 118 118 98 91
-9999 24 22 26 21 27 23 23 27 23 26 27 26 26 23 24 23 23 23 28 25 25 23 23 27 28 31 29 32 37 43 50 64 66 60 62 60 74 86 88 83 79 81 85 85 79 73 72 71 71 67 91 109 98 79 75 78 82 91 97 98 103 112 107 96 93 101 98 101 103 99 103 102 92 89 87 78 95 98 104 110 120 115 102 95 98 95 97 103 101 99 102 105 110 99 104
-9999 26 26 21 21 27 22 23 27 27 26 23 26 22 26 23 27 23 21 28 26 26 26 24 28 28 29 30 31 29 32 43 55 57 67 84 82 98 90 81 85 85 68 68 73 81 86 79 75 73 72 91 86 65 64 65 69 73 85 89 92 106 103 96 108 118 115 108 106 111 109 102 102 101 101 102 100 102 108 101 108 113 104 100 100 99 97 107 111 110 95 95 102 111 107 105
-9999 23 23 23 22 22 23 23 23 23 27 27 26 27 25 28 24 24 22 23 28 27 27 29 28 28 28 29 32 33 34 34 45 68 88 76 73 78 89 95 90 80 75 68 57 67 83 74 73 73 73 93 107 78 70 72 75 76 77 76 83 95 105 102 104 113 114 104 97 106 97 98 100 100 95 96 104 110 106 93 101 106 104 110 112 105 100 101 107 112 100 99 103 107 105 107
-9999 26 23 23 22 23 23 23 23 22 23 27 26 22 27 26 23 24 23 23 24 26 26 23 25 27 27 29 32 32 33 33 33 64 77 76 65 82 95 94 92 86 76 77 73 61 65 66 71 95 104 105 96 80 81 80 68 71 76 79 81 76 91 94 84 102 114 102 105 93 87 105 94 88 94 99 102 108 102 89 84 98 106 104 108 108 100 104 100 104 96 94 105 109 112 109
-9999 23 22 26 22 23 23 23 23 23 24 23 24 24 22 27 24 24 23 23 23 24 24 28 26 28 27 28 29 31 33 32 31 32 62 65 69 73 91 87 83 86 85 84 81 69 58 73 87 99 94 87 76 73 75 75 75 81 83 73 77 81 77 80 83 81 89 90 100 97 104 98 92 93 96 96 96 102 106 101 91 97 98 89 103 104 96 100 107 110 102 99 105 101 106 102
-9999 23 23 22 21 23 23 23 23 23 24 23 23 23 22 22 24 24 23 23 23 26 26 24 27 27 27 28 28 29 32 32 35 33 50 74 95 79 78 87 88 84 86 90 82 71 73 105 111 86 76 79 78 75 86 89 76 73 77 74 75 76 74 80 89 90 82 79 82 84 96 90 84 104 110 98 105 110 110 107 106 98 103 106 105 97 95 100 115 114 113 111 114 100 107 109
-9999 26 27 23 22 23 23 23 23 23 23 27 23 23 22 24 23 22 30 25 27 27 25 27 27 27 26 29 29 30 31 33 34 35 33 71 108 107 83 81 94 100 102 103 98 96 101 86 71 63 66 84 108 96 83 77 67 69 75 71 72 72 65 72 80 83 82 81 78 80 86 95 110 114 120 114 107 113 126 121 117 112 105 98 97 98 106 112 119 118 109 101 105 103 105 108
-9999 22 21 22 23 22 23 22 23 27 23 23 23 27 23 22 23 29 24 26 28 24 23 28 27 27 26 24 26 28 29 32 35 35 36 35 85 112 94 81 85 93 91 96 111 97 80 66 63 70 71 73 81 79 73 81 74 72 66 72 75 70 70 82 82 67 71 79 80 73 78 87 101 106 116 116 114 121 122 118 119 112 107 98 93 95 105 107 108 111 110 102 105 113 89 85
-9999 21 22 21 22 23 23 26 23 24 24 23 21 21 25 23 33 24 20 26 27 23 23 22 26 26 23 27 28 27 30 32 34 36 37 36 77 103 103 98 85 84 91 92 94 88 81 78 78 83 92 71 69 81 78 78 72 86 86 83 74 65 77 82 72 69 69 78 78 77 78 84 89 92 90 95 100 112 114 109 117 120 114 109 110 105 112 113 100 104 110 112 104 116 113 88
-9999 22 22 22 22 23 26 23 23 23 23 23 23 23 22 23 23 23 23 23 22 22 23 27 23 25 23 23 28 28 28 30 31 32 33 34 57 95 107 98 90 82 87 91 88 84 87 85 77 85 87 80 71 76 78 76 67 74 79 76 69 68 78 97 86 74 81 82 72 70 69 76 89 94 89 79 82 98 100 100 106 112 112 97 106 120 113 109 100 93 103 105 99 110 118 109
-9999 22 23 23 23 22 20 27 23 26 23 23 23 23 23 25 22 23 23 23 22 22 23 23 27 25 25 27 25 28 28 29 30 33 34 34 35 93 108 103 94 88 91 95 89 89 89 89 82 92 91 85 72 74 82 79 70 69 81 83 66 63 74 92 89 78 76 77 94 89 75 88 99 91 102 105 84 90 97 94 100 110 114 103 84 109 115 108 109 101 95 99 109 107 109 101
-9999 23 22 27 26 22 22 22 27 26 23 24 24 25 23 23 22 23 23 23 23 23 22 28 26 25 25 23 27 26 29 28 28 31 34 37 34 64 91 102 91 87 89 90 82 90 98 83 89 81 77 78 82 77 78 73 71 61 60 73 79 66 66 87 89 86 86 101 101 84 78 86 82 104 126 102 81 83 90 97 112 118 111 97 100 112 116 112 106 110 108 103 104 108 106 110
-9999 26 22 26 22 23 23 23 24 23 23 24 23 23 23 23 22 22 22 23 23 23 23 22 22 25 24 23 27 28 28 29 30 30 30 35 36 32 58 79 83 80 90 79 70 77 85 89 94 92 86 80 81 84 86 85 81 70 61 51 58 61 65 76 75 73 85 87 83 86 79 70 87 116 116 104 73 68 82 86 94 106 110 102 98 112 118 117 114 115 117 124 109 107 108 116
-9999 26 22 22 26 24 23 24 23 22 25 26 23 23 23 23 23 23 23 23 23 23 23 23 23 23 26 24 26 28 28 28 29 30 32 31 37 38 36 57 76 96 105 95 83 89 89 93 93 100 98 93 85 76 78 85 84 81 87 76 65 56 56 75 78 70 83 89 90 90 79 81 111 111 102 86 73 73 79 84 92 101 102 104 97 109 119 124 114 115 119 116 105 102 100 115
-9999 21 22 22 22 22 24 22 26 23 23 24 25 23 23 22 23 23 23 23 23 23 24 23 24 23 23 26 26 28 28 28 29 31 31 30 34 38 39 37 65 85 97 94 86 92 105 100 84 87 91 91 85 74 75 84 90 89 87 73 76 71 62 65 73 85 107 105 80 75 80 102 116 107 88 75 74 77 76 84 98 99 104 102 91 105 121 115 118 123 130 122 119 110 105 115
-9999 23 23 23 23 26 24 27 24 24 23 26 26 25 23 22 23 23 24 23 23 23 23 24 24 23 25 27 26 27 23 27 28 29 29 32 35 35 38 38 35 67 82 88 87 86 91 94 94 95 91 92 93 97 91 91 96 85 73 68 71 86 73 60 53 55 78 90 83 73 77 96 106 91 79 75 76 79 80 89 83 83 93 97 89 90 97 102 114 130 133 128 127 115 104 112
-9999 22 22 22 26 23 23 25 27 23 24 22 26 24 24 23 22 22 23 23 23 23 23 24 23 27 23 26 27 24 28 26 28 29 30 30 32 34 36 40 36 52 70 85 93 82 82 85 78 92 103 91 88 105 107 102 87 71 77 78 74 75 73 82 82 63 59 71 71 80 127 128 92 81 79 74 78 79 95 91 75 87 94 90 82 85 90 99 107 117 123 125 131 119 114 109
-9999 23 23 22 22 26 23 24 24 23 24 23 22 26 25 25 23 22 22 24 23 23 23 23 23 23 26 26 27 25 27 28 25 28 31 30 33 33 37 39 39 34 61 91 91 90 96 98 92 90 89 88 88 93 100 95 80 92 95 85 78 67 60 88 107 91 68 70 77 117 123 88 80 89 82 79 81 82 88 95 91 93 90 83 72 76 87 101 110 123 126 127 140 124 112 116
-9999 26 22 22 22 22 23 25 24 23 23 26 23 23 26 23 23 23 22 22 23 23 23 23 23 23 28 26 27 26 28 28 28 29 30 32 34 33 36 37 40 37 64 90 93 97 93 88 92 91 83 92 95 98 96 92 87 94 89 89 89 95 90 96 101 100 92 87 99 105 94 74 75 76 70 74 79 84 97 100 99 100 93 74 73 76 70 82 99 109 111 119 123 112 107 115
-9999 26 22 22 22 22 22 25 25 24 24 23 22 26 23 23 23 26 22 22 23 23 23 23 23 24 25 27 23 24 28 27 28 28 29 32 33 34 35 40 40 42 58 86 103 112 108 92 93 97 103 94 90 97 98 95 81 80 81 93 95 102 95 85 89 102 100 84 81 73 67 63 68 74 63 62 63 83 113 103 101 104 94 74 73 86 76 70 82 97 109 116 124 115 110 116
