examples/data/proba_v_italy_sicily/probav_s10_toc_x19y03_20150211_333m_ndvi_v001.txt
ncols         1127
nrows         589
xllcorner     12.348214285714
yllcorner     36.598214285714
cellsize      0.0029761904761905
NODATA_value  -9999
[rows 528 to 575 of 589, columns 864 to 959 of 1127]
183 171 157 154 155 203 183 156 171 175 184 153 170 209 190 190 195 191 218 216 173 148 168 185 182 205 174 114 153 182 199 196 148 149 140 158 142 136 139 133 134 147 119 116 133 147 144 155 157 183 174 138 130 150 144 137 144 174 142 31 37 37 37 37 37 37 37 37 37 37 37 37 37 37 37 37 37 18 37 37 37 27 24 15 15 20 37 37 30 23 22 23 23 37 26 28
183 151 136 166 164 175 192 181 195 156 165 171 202 223 187 189 168 177 240 228 173 167 165 169 187 180 172 177 204 176 128 127 125 119 148 145 144 170 161 196 205 193 169 154 149 163 159 193 209 183 153 158 160 152 101 119 151 168 160 88 25 37 37 37 37 37 37 37 37 37 37 37 37 37 37 37 37 37 37 37 37 37 37 37 22 37 37 37 37 37 19 20 25 28 27 27
196 182 180 187 155 127 152 169 173 182 193 176 180 197 187 176 170 177 226 213 174 185 186 165 165 182 172 160 181 141 115 142 174 151 174 162 146 171 201 219 194 180 189 184 181 182 164 172 194 186 152 124 171 186 151 189 187 160 170 146 93 26 37 37 37 37 37 37 37 37 37 37 37 20 37 37 37 37 37 37 37 24 37 37 37 37 37 37 37 37 37 37 37 37 16 37
182 189 190 170 160 138 118 128 171 216 211 157 132 153 205 187 160 185 231 219 169 143 123 153 198 198 190 183 177 139 128 141 152 172 195 200 169 195 199 176 193 201 207 216 196 197 166 159 180 193 180 135 166 193 176 177 168 157 141 130 118 85 37 37 37 37 37 37 37 37 37 37 37 37 37 37 37 37 37 37 37 37 37 37 37 37 37 37 37 37 37 37 37 37 37 37
188 199 149 149 153 163 176 161 184 233 200 131 127 155 202 198 175 172 162 196 195 170 142 152 196 188 187 176 183 194 156 143 139 162 164 159 143 178 184 175 145 179 206 151 139 170 189 154 170 201 188 171 199 200 175 170 186 180 179 158 121 41 13 37 37 37 37 37 37 37 37 37 37 37 37 37 37 37 37 37 37 37 37 37 37 37 37 37 37 37 37 37 37 37 37 37
183 200 172 181 156 131 141 155 197 197 194 182 164 162 190 208 201 170 185 210 159 165 177 151 177 192 154 123 135 154 172 158 162 190 169 141 141 180 186 192 138 185 210 151 173 195 205 196 165 189 207 211 209 178 164 185 215 206 192 153 98 42 24 17 37 37 37 37 37 37 37 37 37 37 37 37 37 37 37 25 37 37 37 37 37 37 37 37 37 37 37 37 37 37 37 37
175 212 183 168 145 112 134 157 176 180 168 175 186 204 202 187 192 210 222 184 169 191 194 175 169 155 161 138 133 169 184 183 175 149 138 124 140 167 158 178 199 232 247 237 174 170 211 208 169 172 188 224 226 191 184 206 225 179 188 186 127 67 14 19 37 37 37 37 37 37 37 37 37 37 37 37 37 37 37 24 25 25 26 22 16 37 37 26 22 16 17 37 37 37 37 37
179 202 193 171 145 123 143 167 188 204 197 189 200 200 207 206 220 225 202 132 110 183 203 198 204 184 185 179 191 227 226 201 176 148 144 134 133 125 132 226 238 228 221 211 147 150 222 237 193 154 161 161 172 196 204 162 150 127 128 166 156 83 0 37 37 37 37 37 37 37 37 37 37 37 37 37 37 37 37 37 37 18 22 37 37 17 19 21 37 37 24 37 37 37 37 25
104 148 183 171 152 167 157 148 170 210 223 210 198 179 193 203 207 218 172 126 129 181 240 229 186 138 150 159 185 192 188 162 153 149 144 141 131 149 141 194 219 212 191 163 125 128 149 194 189 159 123 134 160 164 162 139 139 114 97 150 155 106 65 37 37 37 37 37 37 29 24 37 37 37 25 29 37 37 37 37 37 26 23 25 22 18 37 37 37 37 22 37 37 27 23 19
102 157 191 198 198 192 162 122 144 221 197 189 199 162 177 214 162 147 180 181 201 193 190 186 168 126 158 143 129 149 158 170 185 176 177 191 187 172 184 182 164 132 106 122 120 127 151 187 161 149 114 146 161 123 113 160 210 178 156 185 193 160 104 73 8 37 37 37 37 37 37 37 37 37 37 37 26 37 37 37 37 37 37 37 37 23 37 37 37 37 37 24 21 20 23 27
116 151 207 197 185 180 180 153 122 161 151 146 162 169 179 167 124 119 180 190 217 230 209 178 183 159 144 128 120 117 143 180 180 180 170 188 219 179 172 193 179 186 151 167 193 218 199 201 172 161 162 136 148 193 125 144 221 217 196 217 214 178 131 104 52 38 36 37 37 37 37 37 37 37 37 37 37 37 37 37 37 37 37 30 26 22 37 37 37 37 37 37 37 37 37 37
140 158 207 215 200 186 187 187 159 136 180 182 189 230 207 211 215 175 160 149 177 236 240 191 174 142 130 135 159 171 145 150 157 140 132 149 179 181 187 160 170 231 201 201 232 223 128 122 147 146 142 153 133 164 152 130 143 161 155 129 141 154 134 112 71 44 37 37 37 37 37 37 37 37 37 37 37 37 37 37 37 37 27 20 37 37 37 37 37 37 37 37 37 37 37 37
157 141 167 204 215 218 193 187 175 175 175 170 188 222 249 250 250 223 208 185 162 176 213 160 158 155 130 159 161 163 148 128 140 120 101 116 121 133 161 150 137 158 159 161 201 193 116 93 135 183 212 231 203 156 164 171 164 182 155 113 131 166 150 133 113 92 62 30 40 26 37 37 37 26 37 37 35 37 37 37 37 37 23 37 37 25 37 37 32 29 37 37 37 37 37 37
205 185 184 178 190 228 238 210 170 192 194 183 174 208 232 235 231 223 222 188 177 157 184 183 182 221 209 174 129 111 109 121 145 154 127 118 138 132 118 118 129 133 144 175 142 165 192 128 159 209 196 204 157 130 178 186 186 177 153 133 152 177 175 161 139 142 77 27 10 37 37 37 37 37 37 37 17 26 28 27 26 28 25 27 37 37 27 35 37 37 37 30 26 37 37 37
187 197 184 169 203 217 225 228 193 196 211 179 142 159 207 228 228 218 214 223 215 181 211 222 182 195 198 162 144 137 134 149 146 117 130 136 117 119 117 137 157 177 180 194 185 198 180 113 149 195 165 180 184 183 201 178 169 163 173 150 123 151 159 153 144 161 106 27 15 12 8 5 7 37 11 37 37 26 27 37 37 19 37 37 37 37 37 9 9 17 23 37 37 37 37 37
190 181 154 125 168 183 184 213 202 201 232 215 200 202 203 219 229 199 184 196 217 194 226 239 215 208 213 193 202 195 168 207 187 103 113 161 156 175 195 175 167 204 227 203 173 149 169 158 169 193 191 188 192 158 158 150 201 160 150 170 158 144 133 152 163 164 112 40 37 109 37 37 6 6 37 37 37 37 37 37 37 37 37 37 37 37 37 37 37 37 26 19 37 37 22 18
198 176 154 152 131 142 175 220 217 203 192 193 203 202 192 171 212 233 208 146 178 213 207 207 215 207 219 213 212 215 179 157 190 195 179 199 196 173 182 198 156 163 209 212 161 166 187 168 167 171 188 184 181 180 148 133 150 177 153 167 159 151 153 152 150 159 139 66 25 37 37 37 37 37 37 37 37 37 37 37 37 37 37 37 37 37 37 37 37 37 37 18 37 37 27 37
139 138 141 138 104 102 145 143 137 140 154 175 190 188 175 156 211 222 223 191 186 189 172 197 200 190 199 177 221 210 136 151 184 184 177 192 187 172 167 178 135 147 204 211 184 156 174 156 143 147 168 176 162 158 147 132 160 163 155 163 164 162 161 170 152 161 172 114 44 37 37 37 37 37 37 5 37 37 37 37 37 37 37 36 36 26 37 37 37 37 37 25 20 24 26 37
123 132 136 156 165 132 138 138 140 136 152 156 161 156 155 176 217 220 212 248 239 177 159 207 200 139 177 159 135 188 204 170 185 198 203 166 165 202 183 164 162 179 158 161 167 128 142 165 129 136 141 140 169 151 157 150 130 142 160 166 158 150 131 144 164 183 192 164 108 37 37 37 37 37 37 34 37 37 37 37 37 37 37 37 37 37 37 37 37 37 35 31 37 37 24 28
114 123 128 155 210 162 126 132 142 140 144 137 138 151 152 150 144 162 171 202 211 208 188 196 203 160 189 192 159 183 174 157 176 168 158 152 140 159 151 190 203 145 88 97 140 161 155 156 167 155 130 146 173 156 179 167 129 171 193 147 97 95 124 150 179 162 170 158 101 37 37 37 37 37 32 28 37 37 37 22 26 29 37 37 37 37 37 37 37 37 31 31 37 37 26 37
99 116 131 159 200 210 186 138 138 144 131 128 133 148 145 108 116 135 144 121 129 176 156 173 181 152 184 177 118 86 87 135 164 198 190 186 140 131 142 201 223 184 136 119 156 166 152 147 172 152 147 162 166 175 208 192 116 97 109 105 103 155 177 128 116 143 161 121 69 37 37 37 33 31 27 37 37 37 30 37 37 37 29 37 37 37 23 27 37 37 18 27 28 37 30 37
43 100 113 107 125 145 174 160 136 133 132 139 131 133 154 151 152 159 171 125 82 104 125 156 146 144 156 146 105 111 125 142 159 197 202 142 138 149 167 174 186 175 173 147 151 149 118 143 170 170 180 150 125 143 126 85 64 52 52 52 99 177 184 166 165 172 171 152 112 65 37 37 37 37 37 37 37 37 22 37 37 37 37 37 37 37 37 37 37 37 24 26 27 37 37 28
37 37 63 88 111 122 134 132 127 131 96 94 87 75 126 137 153 125 109 126 110 125 162 176 132 122 134 119 71 74 138 165 179 201 218 157 158 148 158 180 170 162 155 153 143 172 174 166 159 156 169 167 149 126 72 63 58 57 53 71 146 204 189 178 186 188 174 145 108 37 21 37 37 37 37 37 37 37 37 37 37 37 37 37 37 37 37 37 37 25 28 32 32 37 37 28
37 49 48 49 76 103 122 130 123 125 74 179 158 125 125 158 172 158 137 145 154 177 192 171 137 134 128 37 125 140 70 75 74 101 177 170 113 103 147 155 157 168 158 161 167 170 176 166 165 178 185 169 138 157 139 99 98 102 110 150 172 166 164 161 153 179 156 107 51 37 22 37 37 37 37 37 37 37 37 37 37 37 37 37 37 26 37 37 19 37 37 19 22 22 27 28
37 46 47 44 40 54 91 108 123 121 132 138 134 116 126 164 163 150 168 188 167 163 170 165 168 164 148 98 148 165 176 176 170 169 186 204 90 150 156 157 147 174 184 167 172 169 175 162 149 144 151 138 142 167 180 155 156 164 175 164 158 156 142 131 157 159 157 158 119 37 37 22 37 37 37 37 37 37 37 37 37 37 37 37 37 17 20 22 26 24 17 24 30 29 27 28
37 44 45 44 41 49 39 53 113 135 147 136 135 131 123 134 146 155 187 196 171 170 148 164 190 188 161 129 139 137 130 137 128 135 155 159 73 186 183 174 156 158 178 172 177 149 147 170 166 162 169 182 177 162 138 148 184 190 154 129 152 174 160 129 150 171 204 184 131 96 37 37 37 37 37 37 37 37 37 22 37 37 37 37 37 21 32 37 22 37 23 28 26 25 27 25
37 35 35 37 39 57 37 46 64 103 114 121 132 132 116 130 147 138 140 160 160 197 157 159 173 144 90 56 60 59 54 45 83 105 115 116 132 152 154 175 175 155 153 144 156 146 174 171 173 172 145 131 124 154 142 147 176 156 124 124 154 184 198 204 145 62 99 161 90 32 48 37 37 37 37 37 37 37 37 37 22 24 37 37 10 23 37 37 37 37 25 23 24 21 27 29
37 50 57 37 170 50 155 37 51 36 80 97 121 131 128 135 156 164 155 173 156 170 179 181 155 0 37 37 31 37 51 63 67 64 60 70 110 144 167 196 195 170 180 154 144 146 175 153 179 200 181 156 135 122 134 168 195 193 146 107 145 179 176 184 143 144 145 161 144 92 0 37 37 37 37 37 37 37 37 37 24 26 37 37 16 21 37 37 37 37 37 37 37 37 37 28
47 43 44 37 37 37 52 48 52 32 12 43 73 112 130 137 150 172 165 173 162 137 149 133 101 20 19 53 54 59 49 53 60 57 54 60 69 92 126 142 143 152 158 157 168 182 165 154 153 171 179 166 158 136 139 150 167 164 162 148 122 105 122 159 177 191 186 178 187 175 138 45 37 13 37 37 37 37 37 37 18 19 26 37 37 20 24 37 37 37 37 37 37 31 22 23
40 41 32 31 40 37 34 37 43 60 49 47 50 31 13 43 118 144 119 108 41 38 59 59 28 29 44 48 39 41 51 50 57 60 62 67 14 37 82 125 150 157 146 143 148 159 179 157 146 160 134 148 183 174 155 154 190 186 190 173 113 87 144 210 235 223 211 212 195 196 178 144 68 37 9 37 9 7 37 37 17 20 37 37 37 37 25 21 22 31 37 37 37 25 31 37
32 33 36 37 47 46 37 37 34 37 37 11 37 37 37 37 37 250 37 37 37 37 49 47 49 37 37 45 51 55 37 42 45 6 47 37 37 37 52 69 127 119 150 158 150 148 181 175 142 168 176 171 197 180 168 162 143 151 196 219 194 181 192 233 233 228 222 219 208 197 171 147 98 37 37 37 33 35 62 62 37 37 37 37 37 25 26 37 37 16 37 37 26 25 26 29
46 40 36 38 37 37 37 9 15 14 35 19 15 37 37 37 37 37 37 37 37 45 46 45 45 45 43 37 37 37 37 23 37 37 37 37 37 37 74 37 38 55 101 143 155 164 176 176 155 150 174 176 169 181 160 152 113 105 170 225 235 221 212 219 217 218 193 173 189 196 178 167 145 83 10 38 124 125 93 55 37 37 37 37 37 23 29 37 37 22 37 26 27 31 30 29
35 43 39 29 36 43 35 34 38 40 46 37 37 37 37 37 37 37 37 37 43 46 43 47 51 57 37 17 23 19 11 37 37 37 37 37 28 37 48 56 41 80 103 115 143 143 161 177 179 197 197 165 165 186 168 159 169 179 182 213 227 217 201 209 199 216 192 164 184 206 185 114 84 109 99 42 92 88 65 37 37 37 37 37 37 27 37 37 37 27 24 23 22 19 37 28
40 32 36 35 31 36 26 29 42 41 39 41 40 37 19 17 44 48 47 44 43 36 37 37 18 18 37 37 37 37 37 14 16 37 13 37 37 37 21 24 37 44 43 91 134 164 167 165 172 161 147 157 164 161 163 189 168 143 128 183 202 180 188 200 211 201 209 200 212 198 169 101 73 100 43 39 34 27 37 37 37 15 37 37 37 26 29 34 32 37 27 37 36 20 37 37
43 37 34 39 40 37 37 36 29 33 35 35 37 37 43 44 50 47 16 42 37 37 37 37 37 12 37 37 37 37 37 37 37 37 37 37 37 37 14 61 27 30 53 39 126 167 172 166 149 144 152 177 190 187 171 194 174 154 139 176 192 171 181 177 176 159 183 185 202 189 168 118 106 102 37 33 37 44 44 37 37 26 37 26 28 28 37 19 32 32 24 37 37 27 37 37
23 34 41 38 34 44 37 29 33 31 35 37 34 39 40 17 37 37 17 15 9 37 37 13 37 37 37 37 37 37 37 37 23 19 14 37 37 37 37 56 47 29 31 25 104 144 175 180 147 151 167 157 159 178 178 171 169 154 187 186 167 186 162 153 162 136 128 131 154 176 166 164 125 87 37 37 37 37 21 22 19 16 20 37 24 27 31 37 37 37 18 30 27 43 37 37
29 28 37 35 28 30 36 30 32 34 34 37 34 37 37 37 37 37 37 37 37 37 37 37 37 37 37 37 27 25 26 27 29 27 23 18 37 37 30 37 46 37 41 46 98 147 164 176 179 187 168 128 133 170 158 131 133 121 137 169 173 161 156 158 156 94 37 37 57 112 135 172 136 71 37 37 37 37 23 37 37 37 37 30 27 25 34 37 37 37 37 37 37 29 37 37
36 37 31 36 40 30 31 33 34 36 35 26 30 37 37 33 37 37 37 37 37 37 37 37 8 35 37 39 39 37 35 32 27 29 28 37 18 37 37 37 37 37 55 59 73 144 149 134 148 185 201 160 155 153 137 137 144 134 128 158 190 183 218 186 146 37 37 60 51 72 144 148 101 37 37 37 37 37 37 37 37 37 37 28 33 37 45 37 37 40 31 27 25 36 37 30
26 39 37 29 35 33 32 34 34 28 35 37 31 37 37 37 34 37 37 37 37 14 13 29 17 13 18 37 34 38 40 34 33 31 33 35 32 23 37 37 0 20 12 45 40 116 132 128 131 158 171 168 164 154 132 162 199 162 150 163 194 203 218 195 97 37 37 37 250 114 129 107 57 37 87 85 43 37 37 37 37 37 37 34 37 37 30 37 37 26 29 22 37 37 30 36
21 37 37 30 29 31 34 27 28 30 37 20 38 37 37 37 37 37 32 37 11 37 27 30 30 37 8 13 32 30 34 27 29 30 34 36 34 33 37 37 37 37 37 8 32 99 106 120 120 139 159 176 143 129 144 158 162 145 170 179 185 201 199 163 79 37 37 37 37 37 34 37 37 37 44 131 64 32 37 37 37 32 30 26 37 37 27 37 37 37 27 37 34 29 23 25
16 37 29 35 32 31 32 33 27 30 37 37 37 37 24 37 37 37 37 34 32 42 33 34 37 37 8 37 37 37 34 31 28 31 39 38 37 37 37 37 37 37 37 37 37 67 56 38 39 74 100 144 149 123 150 142 143 151 156 171 150 93 145 37 37 37 37 37 37 37 37 37 33 47 27 41 44 47 37 37 37 37 37 23 26 37 37 37 37 43 37 34 26 31 29 29
24 38 23 26 26 29 34 30 37 37 34 26 24 29 37 21 23 37 23 19 34 31 33 37 37 37 7 14 13 7 12 14 29 37 37 37 37 37 37 37 37 37 37 37 37 37 37 30 33 37 29 59 123 143 155 158 150 171 163 149 141 37 37 37 37 37 37 37 37 37 37 37 37 57 40 44 31 32 37 37 37 37 37 30 26 27 37 25 34 31 27 28 34 29 27 25
21 21 26 26 27 37 24 23 37 37 31 37 37 37 21 21 22 21 19 31 32 30 28 37 37 37 37 26 37 14 37 37 32 31 17 37 37 37 37 37 37 37 37 37 37 37 37 23 28 37 37 35 102 160 175 166 141 150 159 37 37 37 37 37 37 37 37 37 37 37 37 37 37 37 37 39 39 53 47 53 49 37 37 24 37 23 27 20 21 37 31 31 21 18 25 18
23 24 28 28 28 27 23 28 37 37 37 31 37 37 23 21 22 19 37 35 37 33 25 30 32 25 37 34 37 37 25 37 37 37 37 37 37 37 37 37 37 37 37 37 37 37 37 37 37 13 20 29 38 142 158 155 135 250 37 37 37 37 33 35 37 37 37 37 37 37 37 37 27 37 54 46 37 37 37 37 35 47 41 38 37 26 29 37 25 31 26 37 29 37 30 30
21 23 20 22 23 26 27 37 37 37 21 30 21 23 21 20 37 37 41 13 25 39 33 38 42 28 11 9 39 27 26 37 37 37 37 37 37 37 37 37 37 37 37 37 37 37 37 37 54 41 37 37 25 32 56 24 25 37 28 32 40 43 37 37 29 37 37 37 37 37 37 37 37 34 37 37 37 37 37 34 22 37 37 37 37 31 32 29 31 43 39 37 37 37 31 31
24 25 26 25 24 24 24 25 26 37 32 35 37 37 37 23 21 18 37 37 15 37 40 28 37 26 37 15 37 16 6 37 37 37 37 37 37 37 37 37 37 37 37 37 37 37 37 37 20 37 37 37 250 27 29 37 34 37 37 37 37 30 42 25 37 37 37 37 37 37 37 37 37 22 30 37 37 37 37 37 37 37 37 26 19 37 27 22 21 26 41 37 37 40 36 22
27 37 27 27 32 37 23 26 23 24 27 24 27 27 28 22 22 22 21 24 19 37 37 33 37 37 37 30 30 31 25 37 9 37 37 37 37 37 37 37 37 10 37 37 37 37 55 37 44 37 37 37 37 37 27 37 37 37 37 37 37 37 37 37 37 37 37 37 37 37 37 37 37 37 37 37 37 37 37 37 37 37 37 45 38 21 25 29 31 26 25 32 37 37 33 33
22 28 37 26 32 28 37 17 21 23 23 25 23 16 22 21 23 22 23 23 22 21 37 48 32 20 37 37 37 37 37 37 37 37 37 37 37 37 37 13 17 21 23 22 20 37 37 37 54 27 37 37 37 16 22 37 37 37 37 37 37 37 37 37 37 37 37 37 37 37 37 37 37 37 37 37 37 28 37 37 37 37 28 37 28 37 37 37 37 30 31 34 37 37 24 39
