examples/data/proba_v_italy_sicily/probav_s10_toc_x19y03_20141111_333m_ndvi_v001.txt
ncols         1127
nrows         589
xllcorner     12.348214285714
yllcorner     36.598214285714
cellsize      0.0029761904761905
NODATA_value  -9999
[rows 408 to 458 of 589, columns 576 to 671 of 1127]
77 67 64 86 78 57 60 91 88 91 92 85 92 108 110 78 96 108 86 69 70 69 77 94 88 94 97 115 128 103 131 105 83 74 64 77 75 66 86 86 72 80 65 56 66 94 94 75 66 71 85 71 81 94 79 93 89 88 72 74 94 93 104 111 107 94 94 87 81 96 98 96 105 101 102 112 118 113 118 122 102 123 157 159 141 174 172 134 102 111 79 63 73 152 187 134
87 84 77 92 87 65 52 52 63 60 67 78 79 90 94 90 110 119 96 82 83 76 74 80 92 108 114 117 122 75 99 119 94 74 65 87 97 73 70 88 83 83 90 72 66 75 66 64 82 115 140 109 103 107 83 95 95 94 77 68 91 88 94 98 99 108 142 136 112 112 114 101 101 92 91 91 105 112 98 101 146 132 143 152 131 125 115 95 106 129 90 78 83 137 170 142
79 80 85 97 111 94 66 54 64 67 83 83 84 83 88 98 110 112 95 82 82 82 91 96 127 135 148 143 139 131 148 128 109 91 78 75 77 73 66 72 67 68 77 76 70 71 66 86 120 125 110 97 94 105 112 89 77 78 83 88 111 106 92 100 106 115 162 148 105 99 113 117 110 122 164 168 130 101 95 98 158 169 123 123 153 154 105 84 96 116 124 94 118 161 171 142
77 76 73 72 83 79 76 89 113 89 79 81 101 84 79 81 78 89 110 102 64 60 97 88 114 136 137 122 120 115 120 97 99 108 100 73 77 89 72 68 82 79 76 90 87 72 63 73 93 100 85 81 93 83 81 66 67 75 87 94 92 100 100 99 92 97 139 125 99 98 100 100 103 127 151 161 112 91 133 128 129 152 158 180 178 158 130 99 130 154 138 130 125 141 140 124
83 82 78 71 60 74 101 134 125 82 78 97 95 97 109 110 95 72 81 85 70 98 136 134 140 157 138 129 124 106 100 90 88 94 101 85 86 94 83 71 90 83 68 73 75 77 95 89 81 89 77 64 72 86 93 85 62 67 77 79 92 105 98 105 90 69 76 74 81 85 81 73 81 99 94 100 76 94 105 141 152 110 121 177 172 128 141 120 119 120 103 116 117 150 169 172
81 92 81 85 82 94 108 103 99 92 78 82 91 95 125 118 91 69 66 86 104 130 120 110 107 133 116 108 99 110 101 104 81 81 104 96 75 76 76 67 70 71 72 70 68 75 81 72 64 87 80 60 67 74 80 86 74 73 70 95 117 102 82 91 123 116 76 93 105 73 67 69 90 122 123 121 135 172 152 143 132 108 119 134 148 130 133 118 106 89 99 107 127 153 171 162
94 94 78 86 91 85 100 98 97 103 87 86 94 93 107 99 89 70 71 82 102 127 106 111 116 114 102 94 98 99 95 97 92 79 111 106 70 67 79 63 60 68 72 77 68 76 81 79 80 74 70 69 68 75 87 112 90 67 69 103 111 96 73 92 118 113 96 111 94 73 81 74 88 135 162 184 147 134 151 136 134 119 115 127 146 118 137 164 141 121 125 108 114 133 126 79
70 62 81 94 104 105 109 113 98 103 117 90 86 117 129 104 107 94 70 71 84 98 103 97 89 99 84 102 108 102 83 89 94 90 98 103 97 78 71 64 60 63 84 80 66 68 87 91 81 73 71 74 76 81 79 92 96 85 94 106 102 75 86 118 117 108 102 92 72 62 87 93 77 93 103 139 122 106 112 93 111 139 145 131 103 99 117 123 119 137 152 110 91 112 87 58
88 61 78 94 113 117 102 108 116 123 120 96 79 109 123 87 106 146 124 94 98 102 105 98 80 87 114 135 122 98 99 106 109 106 105 111 124 116 97 79 71 74 75 65 59 63 76 90 82 73 73 67 65 77 77 76 94 102 128 115 131 133 137 122 103 91 76 78 70 73 82 77 107 91 76 138 174 156 149 158 150 141 148 160 133 103 124 134 116 116 144 139 100 131 139 102
45 14 27 43 65 76 72 88 106 109 111 114 109 101 104 103 97 115 118 92 84 89 116 142 133 118 106 112 125 116 113 107 102 105 106 112 123 112 85 76 79 85 69 74 74 70 72 86 95 84 79 78 72 70 79 84 90 90 88 78 93 106 112 130 160 138 118 98 89 106 93 78 122 145 102 127 160 147 166 185 131 105 128 157 136 102 115 132 111 123 139 124 88 83 122 111
0 0 0 0 0 0 0 11 41 58 69 81 95 101 105 111 111 111 121 116 99 90 127 138 125 101 88 105 115 101 93 101 109 111 111 111 123 122 96 68 68 65 76 97 84 90 94 90 81 75 75 69 66 68 79 101 97 108 105 66 62 87 113 123 112 108 115 104 91 105 130 101 92 125 131 149 168 143 145 146 133 136 152 165 151 116 156 152 111 130 146 128 91 64 58 79
0 0 0 0 0 0 0 0 0 0 0 11 18 35 49 67 84 86 89 93 114 124 117 125 114 93 86 101 107 105 102 123 122 103 115 110 91 99 95 68 79 75 73 89 76 83 80 65 55 61 73 65 65 69 78 88 107 131 127 122 137 124 107 141 144 130 125 114 89 93 145 120 101 125 149 160 157 153 165 159 127 111 123 162 137 128 160 146 122 141 156 124 102 118 117 137
0 0 0 0 0 0 0 0 0 0 0 18 26 0 0 0 0 11 35 53 77 101 108 115 113 96 94 95 102 118 117 124 112 99 99 91 75 68 75 83 81 69 58 67 75 66 67 75 60 64 85 78 68 76 78 96 103 91 104 158 153 148 125 124 126 116 95 97 81 82 139 141 111 158 171 138 121 146 156 144 135 147 131 114 109 151 148 94 76 117 137 122 136 135 127 121
0 0 0 0 0 0 0 0 0 0 0 0 0 0 0 5 0 0 0 6 7 6 48 84 88 62 72 81 84 86 85 93 97 103 100 93 84 67 66 70 70 76 66 70 90 81 70 79 68 63 75 80 75 82 80 101 110 88 101 129 126 112 95 90 115 153 105 109 108 70 78 101 116 145 154 122 131 166 165 123 128 154 125 128 133 123 112 96 90 86 81 97 103 106 117 98
0 0 1 3 0 0 0 0 0 0 0 0 0 0 0 0 3 0 0 0 0 0 0 0 0 0 23 0 10 27 41 58 82 95 107 115 114 113 89 85 86 89 81 91 87 78 66 75 58 58 71 78 71 70 69 91 110 114 103 101 110 115 103 97 117 148 132 116 132 125 73 69 117 143 145 130 116 126 115 130 137 132 124 120 121 93 110 112 95 100 93 101 97 72 94 85
0 0 0 0 0 0 0 0 0 0 0 0 0 0 0 0 0 0 0 20 20 11 4 0 0 0 21 10 0 0 0 16 8 47 69 87 109 117 103 120 147 146 110 93 80 65 64 61 66 66 73 94 108 105 99 87 91 103 93 91 87 106 117 118 122 106 115 99 123 122 96 78 148 162 119 108 92 123 119 120 136 128 114 111 125 132 140 122 87 110 104 112 114 82 102 105
0 0 0 0 0 0 0 0 0 0 1 0 0 0 0 0 0 0 0 0 0 0 0 0 0 0 0 0 0 0 0 0 18 18 0 2 32 57 83 91 120 127 126 127 115 89 72 68 98 117 94 94 112 98 104 107 84 86 104 128 114 73 84 94 104 124 109 74 114 120 115 130 151 142 104 132 165 159 127 97 106 115 122 112 89 93 91 70 66 80 84 78 75 102 134 139
0 0 0 0 0 0 0 0 0 0 7 6 5 2 0 0 0 0 14 0 0 0 0 0 0 0 18 19 18 18 18 19 22 0 0 0 0 16 3 67 53 70 96 120 162 188 175 135 119 107 90 90 109 118 116 101 83 70 84 115 118 111 111 109 118 134 133 113 102 108 93 104 137 138 111 125 146 134 100 110 114 82 88 92 105 101 84 87 89 93 112 128 127 124 124 133
0 3 5 5 2 8 4 2 4 8 13 13 11 8 4 4 3 0 0 0 2 1 1 1 6 8 7 2 0 1 3 0 0 0 0 0 0 0 7 63 49 5 33 85 138 167 157 160 162 124 98 94 91 101 105 97 81 74 69 81 116 128 121 103 94 124 133 144 107 78 85 104 129 115 104 103 110 118 118 128 132 114 116 131 135 96 76 100 127 129 138 115 122 128 119 129
5 0 7 9 7 7 15 15 15 10 7 10 7 12 15 11 4 5 2 1 6 9 7 7 11 10 8 8 5 7 9 6 6 0 0 0 0 0 0 0 78 25 0 10 30 56 90 125 149 123 118 117 105 112 115 90 61 57 62 72 91 107 121 104 82 114 121 120 97 86 94 129 130 109 122 126 117 108 127 138 150 133 109 139 137 99 104 110 133 153 136 121 146 136 121 136
5 4 6 5 5 9 9 9 4 4 7 7 4 9 12 15 9 0 0 0 9 9 12 12 11 14 12 9 12 11 11 11 11 12 12 0 0 0 0 9 71 50 0 13 13 14 13 18 66 80 103 126 106 111 122 84 64 68 79 67 87 86 98 87 82 91 124 113 96 112 128 156 122 86 92 107 93 117 116 104 96 84 85 127 118 93 105 136 137 135 141 145 139 123 131 148
4 1 2 7 10 10 7 5 5 11 9 9 4 6 6 6 0 0 0 0 0 8 7 6 6 7 0 0 14 14 11 11 14 11 17 17 17 0 0 0 0 67 15 0 15 10 0 0 0 31 59 77 93 125 148 100 58 55 77 70 64 68 67 75 86 85 102 119 96 106 123 109 77 63 81 73 83 129 125 152 126 82 91 107 111 103 130 125 120 127 145 139 119 95 113 150
6 3 1 0 0 5 5 2 2 10 11 14 11 11 0 0 0 0 0 0 0 0 0 0 5 9 9 9 16 16 13 13 0 13 13 13 0 0 0 0 0 72 33 0 0 12 14 0 0 0 0 26 62 108 146 158 107 71 66 53 38 46 60 63 75 79 82 99 101 125 106 74 58 72 108 98 72 94 103 131 105 72 89 112 112 110 125 119 121 122 131 128 120 131 109 133
3 3 0 0 0 0 0 0 0 0 9 9 0 0 0 0 0 0 0 0 0 0 0 0 0 8 0 0 8 0 0 0 0 0 0 0 0 0 0 0 0 75 50 0 0 24 16 12 4 0 0 0 0 43 93 116 107 97 96 84 79 89 57 51 62 63 57 79 112 121 112 100 75 93 98 97 79 77 92 116 116 103 113 139 125 98 85 105 128 130 139 132 122 116 116 135
0 0 0 0 0 0 0 0 0 0 0 0 0 0 0 8 5 0 0 4 7 6 8 8 0 0 0 0 0 0 0 0 0 0 0 0 0 0 0 0 0 3 64 15 0 20 0 0 0 0 0 0 0 0 0 38 32 50 71 72 82 84 61 66 49 59 82 115 134 92 99 104 91 97 90 85 97 114 122 102 101 113 121 118 103 111 108 114 130 130 140 128 126 103 124 155
0 0 0 0 0 0 0 0 0 0 0 10 6 0 0 0 0 0 0 0 9 8 8 8 9 12 12 13 23 26 13 0 0 0 0 0 0 0 0 0 0 0 78 30 2 18 0 0 0 0 0 0 0 0 0 0 0 0 0 0 0 11 65 89 99 127 167 163 115 84 72 66 83 116 91 81 81 95 116 93 87 89 75 73 99 115 139 141 121 123 143 141 147 151 143 145
0 0 0 0 9 5 6 7 9 7 4 0 0 0 1 1 1 5 20 2 22 6 5 4 5 4 7 6 18 24 23 8 0 0 0 0 0 0 0 0 3 0 84 50 6 0 0 0 0 0 0 0 0 0 0 0 23 24 0 0 0 0 32 37 108 153 165 150 109 61 47 58 83 101 82 103 105 109 134 125 108 113 86 84 116 122 129 139 138 147 149 140 152 145 136 129
7 8 9 6 1 0 0 0 0 0 1 1 2 3 3 5 0 0 27 27 26 0 0 0 0 0 5 7 23 42 32 22 10 19 31 13 0 0 0 9 5 0 16 68 15 0 16 1 0 20 32 13 0 0 1 24 21 0 0 0 0 0 21 19 0 0 50 93 75 64 66 49 53 61 59 94 93 85 103 109 118 121 115 115 107 95 102 123 139 140 126 125 139 135 143 142
0 0 0 0 0 0 0 0 0 4 6 0 0 0 0 0 0 0 0 0 0 0 0 0 0 0 1 1 3 20 44 34 20 8 2 11 6 8 0 15 0 0 24 83 37 40 35 23 9 0 0 18 0 0 0 23 22 4 4 8 0 0 0 17 23 0 0 21 74 78 74 58 41 49 39 52 86 97 112 115 133 135 131 141 132 126 138 152 134 125 133 146 149 159 159 156
0 0 0 0 0 0 0 0 0 0 0 0 0 0 0 0 0 0 0 0 0 0 0 0 0 1 11 17 7 6 16 44 44 29 13 0 1 29 11 0 0 0 0 72 61 14 25 20 25 19 0 0 0 0 2 5 4 1 0 0 3 0 0 0 25 0 0 0 0 41 65 70 75 69 52 55 59 65 90 81 78 124 131 112 110 116 139 145 124 121 120 134 138 137 160 178
0 0 0 0 0 0 0 0 0 0 0 0 0 0 0 0 0 0 0 0 0 0 4 0 0 0 11 12 8 10 9 7 32 48 32 7 0 0 19 0 0 0 0 14 75 25 7 0 0 21 17 3 8 14 0 0 16 4 0 0 8 4 0 0 23 21 0 0 16 14 15 40 77 87 110 86 49 62 102 115 121 123 120 128 132 119 111 109 112 120 116 114 103 121 155 170
0 0 0 0 0 0 0 0 0 1 6 3 0 0 0 0 0 0 0 0 0 0 6 17 10 0 0 17 10 16 14 11 7 7 23 0 0 0 0 11 0 31 27 21 84 44 4 0 0 1 11 8 10 20 2 11 6 2 11 0 7 8 4 0 0 19 16 13 14 17 17 15 17 56 105 138 121 123 154 145 115 127 141 123 117 110 120 135 104 107 119 114 106 108 142 161
0 0 0 0 0 0 0 0 0 0 0 0 0 0 0 0 0 0 0 0 0 0 0 14 32 26 6 6 12 6 19 18 19 9 4 0 0 0 20 9 0 0 0 0 48 61 13 0 8 5 11 19 21 0 0 6 6 6 6 3 0 0 8 8 2 0 5 3 17 17 17 18 18 18 27 74 81 133 150 121 88 97 136 127 136 145 124 132 122 97 94 91 105 116 117 132
0 0 0 0 0 0 0 0 0 0 0 0 0 0 0 0 0 0 0 0 0 0 0 0 0 4 19 10 13 8 0 3 17 28 25 16 12 32 41 0 0 0 0 0 0 71 28 0 20 36 5 11 22 0 10 5 6 11 6 6 16 0 7 7 16 13 13 6 0 0 0 18 22 23 0 19 38 61 90 85 95 91 109 133 123 123 107 109 124 112 109 103 116 122 106 107
0 0 0 0 0 0 0 0 0 0 0 0 0 0 0 0 0 0 0 0 0 0 0 0 0 1 15 17 11 20 15 1 0 2 10 15 20 5 21 33 0 0 0 0 0 66 38 0 0 50 24 10 14 20 0 0 5 10 10 10 15 5 0 0 9 10 0 0 9 2 0 7 0 0 0 27 33 23 25 62 87 91 110 110 110 106 120 114 114 115 120 122 118 124 123 113
0 0 0 0 0 0 0 0 0 0 0 0 0 0 0 0 0 0 0 0 0 0 0 0 0 0 5 9 6 7 16 18 16 14 17 12 11 18 19 22 27 26 7 0 0 0 43 0 0 0 20 13 19 19 17 0 0 10 4 10 15 2 13 8 14 0 0 0 0 0 0 0 0 0 0 33 31 35 16 14 63 90 111 112 106 112 130 135 132 122 127 143 103 120 142 145
0 0 0 0 0 0 0 0 0 0 0 0 0 0 0 0 0 0 0 0 0 0 0 0 0 0 0 1 9 11 14 14 14 18 19 26 31 28 25 25 26 31 26 8 0 1 60 23 18 6 12 10 22 20 0 0 9 15 15 14 0 0 20 22 18 0 0 0 0 0 0 0 0 0 0 23 35 31 36 24 10 41 72 80 112 92 99 131 147 159 145 119 134 144 169 166
0 0 0 0 0 0 0 0 0 0 0 0 0 0 0 0 0 0 0 0 0 0 0 0 0 0 0 0 0 0 8 20 22 20 16 8 8 24 32 33 34 31 24 16 1 2 74 30 31 15 5 11 24 30 22 0 9 14 14 0 10 7 3 0 0 0 0 0 0 0 0 0 12 0 0 0 51 32 38 31 24 14 21 79 153 138 88 92 88 122 146 132 129 175 191 168
0 0 0 0 0 0 0 0 0 0 0 0 0 0 0 0 0 0 0 0 0 0 0 0 0 0 0 0 0 0 0 2 13 32 36 29 18 11 12 11 3 12 33 26 15 16 11 35 24 22 20 23 14 21 24 0 0 0 0 0 10 9 20 1 0 0 0 0 0 0 0 0 20 16 0 0 57 45 29 30 24 25 14 36 115 117 76 65 74 85 97 84 104 160 169 145
0 0 0 0 0 0 0 0 0 0 0 0 0 0 0 0 0 0 0 0 0 0 0 0 0 0 0 0 0 0 0 1 0 0 26 2 2 3 3 0 15 4 21 20 3 24 16 52 34 41 37 34 17 22 0 0 0 0 0 0 0 0 14 6 5 3 0 0 0 0 0 0 0 0 0 0 35 60 38 35 28 28 24 3 0 67 85 92 87 76 69 80 76 83 106 133
0 0 0 0 0 0 0 0 0 0 0 0 0 0 0 0 0 0 0 0 0 0 0 0 0 0 0 0 0 0 0 16 37 30 30 2 18 18 14 3 1 5 0 19 9 17 23 60 11 14 10 4 21 29 2 0 0 0 0 0 0 0 6 7 7 3 0 0 0 0 0 0 0 0 0 0 0 63 44 34 31 23 27 17 4 16 64 82 75 72 74 69 63 81 87 96
0 0 0 0 0 0 0 0 0 0 0 0 0 0 0 0 0 0 0 0 0 0 0 0 0 0 0 0 0 0 0 0 10 28 29 27 27 30 25 12 0 0 8 23 28 23 28 16 30 0 2 2 10 20 24 0 0 0 0 0 0 0 0 6 12 4 0 0 0 0 0 0 0 0 0 0 24 50 56 38 37 27 28 24 8 18 22 43 65 68 70 70 76 80 80 86
5 4 1 0 1 1 1 1 0 0 0 1 4 2 2 2 0 0 0 0 0 0 0 0 0 0 0 0 0 0 0 0 0 25 24 35 42 50 48 36 17 0 0 0 0 6 0 0 45 4 8 17 26 25 25 0 0 0 0 0 0 1 0 0 5 2 0 0 0 0 0 0 0 0 0 0 32 33 60 45 36 30 25 22 10 15 28 19 36 65 76 79 78 69 75 91
6 5 4 4 4 4 4 4 4 2 2 2 5 3 3 2 3 4 4 4 3 1 0 0 0 0 0 0 0 0 0 0 0 27 26 0 9 22 26 30 30 17 15 1 0 0 0 0 50 16 10 15 26 31 24 23 0 0 0 0 0 0 1 12 0 0 0 0 0 0 0 0 0 0 0 0 0 33 33 61 42 33 28 28 15 0 12 18 12 24 58 78 76 64 77 82
6 6 6 6 6 6 3 5 6 5 3 5 5 5 4 4 6 5 4 8 7 7 3 2 3 1 0 0 0 0 0 0 0 0 0 0 0 0 11 17 9 11 23 31 17 16 29 27 20 32 5 14 21 35 33 0 0 0 0 0 0 0 0 15 12 0 0 0 0 0 0 0 0 0 0 0 0 34 29 46 54 39 26 24 21 0 8 8 20 25 20 57 57 60 68 74
9 9 9 7 7 9 10 7 7 7 7 7 2 4 7 6 5 5 8 6 9 10 6 6 6 3 4 1 0 0 0 0 0 0 0 0 0 0 0 23 23 5 9 34 35 17 8 0 0 38 2 10 16 28 36 0 0 0 0 0 0 0 13 2 0 0 0 0 0 0 0 0 0 0 0 0 0 32 31 35 58 48 32 23 25 14 8 12 10 28 32 1 46 75 95 98
10 10 10 10 9 9 9 9 9 6 9 6 6 6 6 7 7 8 8 9 12 10 10 10 10 5 7 7 5 2 0 0 0 0 0 0 0 0 0 9 38 26 1 0 0 0 0 0 0 0 1 10 19 19 18 20 0 0 0 33 0 15 15 4 1 0 0 0 0 0 0 0 0 0 31 30 0 0 0 30 43 52 38 26 24 18 1 16 16 2 26 0 0 47 84 101
10 10 11 11 10 10 10 10 7 7 7 7 7 7 7 7 5 8 6 9 12 11 13 10 10 10 8 7 7 7 5 4 3 1 0 1 0 0 0 0 0 0 0 0 0 0 0 0 0 3 5 8 18 29 28 19 17 0 30 32 33 31 13 35 0 0 0 0 0 0 0 0 28 27 28 30 0 0 0 42 37 52 43 28 23 19 0 8 17 10 0 1 0 0 50 74
11 11 11 11 11 10 10 10 10 8 7 8 7 5 7 7 8 9 9 12 11 15 15 13 10 10 12 8 8 9 7 7 7 4 3 3 6 4 1 0 0 1 1 0 0 0 0 0 0 1 4 6 8 30 45 34 0 28 32 35 33 21 4 0 0 0 0 0 0 0 26 27 25 24 26 27 0 0 0 34 33 36 51 35 20 15 6 11 17 13 13 0 33 27 0 42
11 11 11 11 10 10 10 10 11 11 8 8 8 8 8 11 8 8 7 12 15 15 13 15 11 10 10 12 12 8 10 7 7 7 6 6 5 5 6 6 4 2 2 6 6 1 0 0 0 0 0 3 5 12 34 44 40 34 26 14 4 0 0 0 0 0 0 0 0 0 24 26 25 21 20 0 0 0 0 0 43 30 45 49 32 20 8 18 28 27 15 11 26 23 11 14
11 11 11 11 11 10 10 11 10 8 11 8 8 8 8 10 10 9 10 11 15 15 13 15 15 11 11 11 13 12 10 9 9 10 9 7 6 6 7 6 6 8 8 7 11 10 4 1 5 6 1 0 3 8 18 31 32 27 23 11 2 1 0 0 0 0 0 0 0 0 0 0 0 0 0 0 0 0 0 0 1 28 20 40 46 27 5 10 18 32 27 8 13 27 19 6
