examples/data/proba_v_italy_sicily/probav_s10_toc_x19y03_20140811_333m_ndvi_v001.txt
ncols         1127
nrows         589
xllcorner     12.348214285714
yllcorner     36.598214285714
cellsize      0.0029761904761905
NODATA_value  -9999
[rows 52 to 103 of 589, columns 384 to 479 of 1127]
24 25 25 24 24 24 25 25 25 25 24 25 25 25 24 24 24 24 24 24 24 24 25 25 24 24 24 25 25 24 24 24 24 24 24 24 24 24 24 24 24 24 24 24 25 25 25 24 24 25 24 25 24 25 26 24 24 24 24 25 24 24 24 24 25 25 25 25 24 24 24 34 24 27 35 25 23 25 24 24 25 26 26 25 24 24 24 26 25 25 24 25 25 25 25 26
24 25 26 24 24 24 24 23 25 25 24 25 25 24 24 24 24 24 24 24 24 24 24 25 25 24 24 24 24 24 24 24 24 24 23 23 24 24 24 24 24 23 24 25 26 24 25 25 25 25 24 24 24 24 24 24 24 24 25 24 24 24 25 25 24 25 26 26 26 32 27 31 45 26 25 57 24 24 24 25 25 26 25 25 24 24 25 25 25 25 25 25 25 26 26 25
24 24 24 25 25 24 25 24 25 25 25 24 24 24 24 24 24 24 24 24 25 24 24 24 25 25 25 25 24 23 24 24 24 24 24 25 25 25 24 23 25 24 24 24 24 24 24 25 24 24 25 24 24 24 24 24 24 24 24 24 24 25 26 24 25 26 26 26 26 24 25 24 24 24 24 23 24 24 25 26 25 25 26 25 24 24 25 24 25 26 26 25 27 25 26 26
24 24 24 24 24 24 24 24 24 24 24 24 24 24 24 24 24 24 24 24 24 24 24 24 23 24 26 25 23 24 24 25 25 25 24 24 24 24 23 23 23 24 25 24 24 24 25 24 24 24 24 25 26 24 24 24 24 24 24 25 24 25 24 24 24 25 24 26 25 24 25 24 24 24 25 25 24 24 24 25 25 25 25 25 25 25 25 25 25 25 26 25 26 26 27 27
24 24 24 24 24 24 24 24 24 24 22 24 25 24 24 24 24 24 24 24 24 23 23 24 24 24 25 24 24 25 24 24 24 25 24 23 24 24 24 24 24 25 25 25 24 24 24 24 25 25 24 25 25 25 24 24 24 25 26 25 25 24 25 26 24 25 26 25 25 25 24 24 25 25 25 25 25 24 25 24 25 24 24 24 25 25 24 26 26 26 25 26 25 26 27 27
24 24 24 24 24 24 24 24 24 25 22 22 24 24 24 24 24 24 24 24 24 24 24 24 24 24 24 24 24 24 25 25 24 25 24 24 24 24 24 24 24 24 24 24 24 24 24 24 24 25 25 25 25 25 26 24 24 24 24 25 25 26 25 25 24 26 26 26 25 25 25 24 24 25 25 24 25 25 24 24 25 25 25 25 25 26 25 25 25 25 26 25 25 25 25 26
24 24 24 24 24 24 24 24 24 25 24 24 24 24 25 24 24 24 25 24 24 24 24 24 24 24 23 22 22 24 23 24 25 24 24 24 24 24 24 24 24 24 24 24 24 25 24 24 24 26 24 25 25 24 24 24 24 24 24 25 24 25 26 25 24 25 25 25 25 24 25 25 25 25 25 25 24 25 26 25 25 25 25 25 25 25 25 25 25 26 27 26 26 25 26 26
24 24 24 24 24 24 25 24 24 24 24 25 24 24 24 24 24 24 24 24 24 24 24 24 24 24 24 24 24 25 25 25 25 24 25 24 24 24 23 24 25 24 24 24 25 25 24 24 25 24 24 24 25 27 24 24 24 25 26 26 26 25 26 24 24 24 23 24 25 25 24 24 25 24 25 25 26 26 26 25 25 25 25 25 26 26 26 26 25 25 26 26 27 26 27 27
25 25 24 24 24 24 24 24 24 24 24 24 24 24 24 23 24 24 24 24 24 24 24 24 24 24 24 25 25 24 24 25 24 24 24 24 24 24 24 24 24 24 24 25 26 25 24 24 25 24 24 25 25 25 24 24 25 25 26 25 24 25 23 26 26 24 23 25 25 24 24 24 25 25 25 24 24 25 25 25 25 26 25 25 26 26 26 26 26 24 25 25 26 26 27 27
25 26 26 24 24 24 24 25 24 24 25 24 24 24 25 24 24 24 24 24 24 25 26 26 25 25 25 25 24 24 25 25 24 23 23 24 24 24 24 24 24 24 24 24 25 24 24 24 24 24 25 24 24 24 24 24 24 26 25 24 24 24 25 24 24 24 25 24 24 23 24 25 25 25 24 25 25 24 24 25 25 25 24 25 25 26 26 25 25 25 25 26 26 27 26 26
26 24 24 25 24 23 23 24 24 24 24 24 24 24 24 25 24 24 25 26 24 25 25 25 23 23 24 24 24 24 24 25 24 24 24 24 24 24 24 24 24 24 24 24 24 24 24 24 24 24 25 25 24 25 24 24 26 26 25 24 24 24 24 25 25 24 24 23 24 24 23 24 24 23 23 25 26 25 25 25 25 25 25 25 25 26 27 27 26 26 26 27 27 27 27 28
25 24 24 25 24 24 24 24 24 24 24 24 24 24 24 24 24 24 24 25 24 25 25 24 24 24 25 24 24 24 24 24 24 24 24 24 24 24 23 24 24 24 24 24 24 24 24 24 24 24 25 24 24 25 24 24 24 25 25 24 24 25 25 24 24 24 24 23 24 24 25 25 24 25 25 25 25 25 25 26 26 24 24 25 26 25 25 25 27 25 26 26 27 27 27 27
25 25 24 25 24 24 24 24 24 24 23 24 24 24 24 24 24 24 25 25 25 25 24 24 23 24 25 24 24 24 24 25 25 24 24 24 24 23 24 24 24 24 24 24 24 24 24 24 24 24 24 24 25 25 25 24 26 24 25 24 24 24 25 25 25 25 25 24 25 24 24 24 24 24 25 25 25 25 25 25 25 24 24 26 27 26 25 25 26 27 27 26 27 26 28 29
26 25 25 24 24 25 25 24 25 24 24 24 24 24 24 24 24 24 24 24 24 24 25 25 24 24 25 24 24 25 25 24 24 24 24 24 24 24 24 24 24 24 24 24 24 24 24 24 25 24 25 24 24 23 25 26 26 24 24 24 24 24 24 25 25 25 25 25 24 24 31 24 24 25 25 25 26 25 25 25 25 25 25 25 26 26 25 25 26 25 26 25 26 27 27 28
24 24 24 24 24 25 25 24 24 24 24 24 24 24 24 25 24 24 24 24 24 24 24 24 24 24 24 24 23 24 24 24 24 24 24 24 24 24 23 24 23 24 24 24 24 24 24 24 24 25 24 24 24 24 25 24 25 23 23 23 24 24 24 24 25 25 25 24 23 24 25 24 24 25 25 26 26 25 24 25 24 24 25 26 25 25 25 25 26 25 26 26 28 28 28 28
25 24 24 26 24 24 24 24 24 24 23 24 24 23 24 22 24 25 24 24 24 24 24 24 24 24 24 24 24 24 24 24 24 24 24 24 24 24 24 24 24 24 24 24 25 24 24 23 24 24 24 24 24 23 24 25 23 25 25 23 23 24 24 24 25 25 24 23 25 25 25 25 25 25 24 25 25 25 25 25 25 25 25 25 26 25 26 26 28 28 26 26 27 27 27 28
26 25 24 25 24 24 25 25 24 24 24 25 24 24 24 23 23 24 24 24 25 24 25 24 24 24 24 24 24 24 24 24 24 23 24 24 24 24 24 25 24 23 24 24 24 24 24 24 24 24 24 24 24 24 23 24 25 24 24 25 24 24 25 23 24 24 24 23 24 26 25 25 25 25 24 24 24 25 25 25 26 27 25 26 27 25 26 26 27 27 26 26 27 26 26 28
26 25 26 25 24 24 26 25 25 25 24 24 24 24 25 24 23 23 24 24 24 25 24 24 24 24 24 24 24 25 24 24 24 24 24 24 24 24 24 24 24 24 24 25 24 24 25 24 24 24 24 24 24 25 23 23 25 25 25 25 24 24 25 24 24 24 24 24 25 25 25 25 25 25 25 24 25 25 25 25 26 27 27 25 27 26 26 26 26 26 26 26 26 28 27 27
24 25 24 24 24 25 24 25 24 24 24 24 24 25 24 25 24 24 24 24 24 24 24 24 24 24 24 24 24 24 25 24 24 24 24 24 24 24 24 24 24 24 24 24 24 24 24 24 25 24 24 24 24 24 25 24 24 24 25 25 24 24 24 23 24 24 24 25 25 25 24 24 25 25 25 25 25 25 25 25 26 25 25 25 26 26 26 26 26 27 27 26 27 27 27 27
25 25 24 25 25 25 25 25 26 25 25 24 24 25 24 24 25 24 24 24 24 26 25 24 24 24 24 24 24 24 24 24 24 24 24 24 25 24 24 24 24 23 24 24 24 24 24 24 24 26 24 23 24 25 24 25 24 24 24 24 24 23 23 23 24 25 24 25 25 25 24 24 25 25 25 25 26 27 25 25 26 27 26 26 26 26 26 26 27 27 28 26 27 27 27 27
26 25 25 26 25 25 25 25 25 25 26 25 24 26 25 25 24 24 24 25 24 24 24 26 24 24 24 25 24 24 24 24 24 24 24 24 24 24 24 24 24 24 24 25 24 24 25 24 24 24 23 24 24 26 25 24 24 25 24 24 24 24 24 25 24 24 23 24 25 25 25 24 25 26 25 25 25 27 25 25 27 26 25 26 26 27 27 26 27 27 27 27 27 27 27 27
25 24 25 26 24 25 25 25 25 25 25 26 24 25 25 25 25 25 24 24 24 24 26 26 24 24 24 24 24 24 24 24 24 24 24 24 24 24 24 24 24 24 24 24 24 24 24 24 24 24 24 23 24 25 26 23 24 24 25 25 25 24 24 25 25 24 25 25 25 24 25 25 25 25 25 25 26 26 26 26 26 26 26 39 34 28 26 27 27 27 27 28 28 28 28 28
26 25 24 25 27 27 25 25 25 25 25 26 26 26 26 25 26 25 25 26 24 24 25 26 24 24 24 24 24 24 24 24 24 24 24 24 25 24 24 24 24 24 24 24 24 25 23 25 24 25 24 23 24 24 23 22 24 24 24 25 25 25 25 25 25 25 25 24 25 25 26 25 25 25 25 26 25 26 27 26 26 27 28 26 26 27 27 27 26 26 28 28 29 28 27 27
26 26 26 26 27 27 26 25 25 26 25 25 27 26 25 25 25 26 25 25 24 25 25 24 24 24 25 24 24 24 24 24 24 24 24 25 24 24 24 24 24 24 24 24 24 24 23 25 25 25 25 23 24 24 24 24 24 24 24 25 24 24 24 24 24 25 24 25 24 25 26 26 25 25 25 25 27 26 26 26 27 27 27 27 26 26 27 28 28 29 28 27 26 28 28 28
25 26 26 26 27 28 27 26 25 27 26 26 26 25 26 26 26 25 25 24 24 24 24 25 25 24 24 24 24 25 25 24 24 25 23 24 24 24 24 24 24 24 24 25 24 24 25 24 24 23 23 25 26 26 25 24 24 24 25 25 25 25 25 25 25 25 25 25 25 25 25 25 25 26 27 26 27 26 26 26 27 27 28 28 27 28 28 28 28 29 29 28 27 28 28 28
27 26 26 27 27 26 24 24 26 27 27 26 25 26 26 25 25 25 25 24 24 24 24 25 25 24 24 24 24 24 25 24 24 25 25 25 23 24 24 24 24 24 24 25 23 23 25 25 24 23 25 25 25 24 24 24 25 25 25 27 25 25 25 24 24 25 25 25 25 24 25 25 26 26 27 27 27 26 27 28 28 28 27 27 28 26 28 29 29 28 29 28 29 28 27 29
28 27 28 28 25 93 80 66 28 25 27 27 28 26 26 25 26 24 25 24 24 24 24 24 24 25 24 24 24 25 24 24 24 24 24 24 24 24 24 24 24 24 25 25 24 25 25 23 25 23 23 25 25 24 25 23 23 24 25 25 25 25 26 25 25 25 25 25 25 26 25 27 27 27 26 26 27 26 27 28 27 28 28 28 28 28 28 29 29 29 28 30 29 28 27 28
29 28 29 28 26 113 111 117 119 90 35 25 24 27 27 26 25 25 24 25 25 24 24 23 24 24 24 24 24 24 25 24 24 25 25 25 25 24 24 25 24 24 24 24 24 24 24 24 25 26 26 25 25 25 25 25 25 25 25 25 25 25 25 25 25 25 25 25 25 25 25 26 27 26 26 27 27 27 28 28 28 29 29 28 29 29 29 29 29 28 29 28 30 28 28 28
28 29 28 27 138 132 125 119 126 120 123 121 95 34 28 74 35 26 25 24 25 25 25 24 24 24 24 24 24 24 25 24 25 26 24 24 24 25 25 25 24 24 24 24 25 24 24 24 24 26 25 25 25 25 25 24 25 25 25 25 25 25 25 25 25 27 25 25 26 26 26 26 26 27 27 27 28 27 28 28 28 29 29 29 30 29 29 30 29 28 30 30 29 28 28 30
30 30 30 30 104 124 129 133 128 118 116 118 121 101 97 97 81 28 25 26 27 26 23 25 25 25 25 24 24 25 25 24 25 26 24 24 24 25 24 24 24 24 24 23 24 25 24 25 25 25 25 25 25 24 25 25 25 25 25 25 25 25 25 27 27 26 26 26 26 26 26 27 28 28 28 28 28 28 29 28 29 29 29 29 28 29 30 29 28 28 30 30 30 30 30 29
30 28 25 74 107 117 117 118 107 111 108 97 101 109 106 96 60 25 26 26 26 25 26 24 24 22 24 24 24 25 25 24 25 24 24 24 24 24 24 24 25 24 23 24 24 25 25 25 25 25 25 25 25 25 27 25 25 24 25 26 26 25 25 26 27 27 26 26 26 26 26 28 29 28 28 29 29 28 29 30 30 29 29 29 30 31 29 30 30 29 30 31 29 29 30 30
59 55 48 69 117 123 108 89 98 124 128 106 103 109 104 68 23 28 26 25 26 26 25 25 24 24 24 24 25 24 25 25 25 24 25 24 24 24 24 24 23 23 25 25 23 26 26 25 25 26 27 26 25 27 27 25 25 25 25 26 27 26 26 25 26 26 26 26 26 28 28 28 28 29 28 29 30 29 29 30 31 30 29 29 29 29 28 29 29 29 29 30 29 28 28 29
97 102 87 93 109 112 104 86 101 120 113 100 90 98 96 60 23 27 25 25 26 26 26 24 24 25 25 24 25 24 24 25 25 24 24 24 24 24 25 25 23 25 25 25 23 25 26 25 25 27 27 25 26 27 25 25 26 26 26 26 26 25 26 26 26 26 26 26 27 28 29 28 29 29 28 27 28 30 30 30 29 30 30 30 29 30 30 29 29 30 30 28 28 29 30 31
119 107 107 104 98 101 98 90 115 128 117 101 92 109 100 80 52 27 26 28 26 26 26 26 25 25 24 24 25 25 25 25 25 24 24 25 25 24 25 24 23 25 25 25 25 23 25 25 25 27 27 26 26 27 27 25 25 26 26 26 26 25 26 26 26 26 26 28 29 28 28 27 28 30 30 29 28 29 30 30 29 29 30 29 30 30 29 30 30 29 29 28 30 30 29 30
133 119 109 108 111 118 117 112 117 107 130 134 101 90 103 87 72 37 28 28 27 26 26 26 25 25 25 25 26 25 25 25 24 24 24 24 25 25 25 23 23 25 25 25 25 25 25 25 25 27 27 27 25 26 27 26 26 26 26 25 26 26 26 27 27 28 28 29 29 28 28 28 30 29 28 29 29 30 30 30 30 29 30 30 28 29 29 29 30 30 29 28 29 29 30 30
107 103 103 100 85 94 96 79 81 95 117 131 111 89 96 83 72 52 25 26 25 25 24 25 26 26 25 26 27 26 23 25 24 24 24 24 25 25 25 23 25 25 25 25 26 26 27 25 25 26 27 27 26 25 26 26 26 25 26 28 26 27 28 27 27 28 29 28 29 29 28 28 28 28 28 30 30 29 28 28 29 29 29 29 30 29 29 28 29 29 28 30 30 29 30 29
79 72 83 84 63 53 52 76 97 108 108 118 126 122 106 73 45 35 26 28 26 25 26 26 26 26 26 26 26 25 25 24 25 23 25 25 25 25 26 25 25 25 25 26 26 25 25 25 25 25 27 27 28 26 26 26 26 26 27 26 27 28 28 28 29 27 27 28 28 30 29 29 28 29 30 30 29 29 28 28 28 29 29 28 28 28 29 28 28 29 30 30 30 30 30 29
90 95 93 71 69 54 55 67 81 105 110 101 114 110 88 69 64 35 29 27 26 26 27 27 26 26 25 24 25 26 25 25 25 24 25 25 25 26 27 25 25 25 25 25 25 25 25 25 26 26 26 27 28 26 27 26 26 26 27 27 27 28 28 28 28 28 29 28 28 29 28 28 29 29 28 29 29 29 29 29 28 29 28 28 28 29 30 30 29 30 29 28 29 30 29 29
106 109 106 79 60 50 48 51 74 105 106 86 70 74 98 103 64 26 27 29 27 26 26 26 24 24 25 25 25 26 25 25 25 24 25 23 23 25 25 25 25 25 25 25 25 26 25 26 26 26 26 27 27 28 26 26 27 27 28 28 27 28 28 28 28 27 28 28 28 29 28 29 28 29 27 28 29 29 29 28 28 28 29 29 29 29 29 29 29 30 30 29 29 30 28 28
114 111 104 85 62 52 50 59 57 71 109 117 104 106 117 118 80 24 26 27 27 26 27 26 25 25 26 25 26 24 25 25 25 25 25 25 24 25 25 25 27 26 25 25 27 26 26 26 27 27 27 27 27 27 29 29 27 28 29 29 28 28 28 29 27 29 29 29 30 29 29 29 28 29 28 28 29 28 28 28 28 29 29 29 29 28 28 28 28 29 30 30 29 30 29 28
103 116 101 76 45 42 66 95 88 101 117 119 106 115 114 108 103 81 52 27 27 27 27 25 25 26 25 26 26 24 25 25 25 25 25 25 25 25 25 26 26 26 27 26 25 26 26 26 28 27 27 26 26 28 28 30 28 28 29 29 28 28 28 28 28 28 36 25 28 28 30 29 29 28 28 29 29 29 29 28 28 29 28 29 28 27 28 30 29 28 29 29 28 29 29 29
81 123 122 96 56 47 56 78 114 135 131 124 125 119 109 119 118 101 54 25 27 27 27 26 25 26 28 27 26 26 25 25 25 25 25 25 25 25 26 26 26 26 26 27 26 26 26 27 27 28 28 28 27 27 28 29 28 29 29 29 29 30 28 29 29 28 28 33 29 29 28 30 30 30 28 30 29 29 29 29 29 29 29 28 29 28 28 29 30 27 28 29 29 28 29 30
80 81 86 102 81 54 48 65 90 101 115 123 124 126 125 115 106 43 27 27 26 27 27 26 26 26 27 26 25 25 25 26 25 25 25 25 26 28 27 27 26 26 26 26 27 28 26 26 26 26 28 28 27 27 27 29 30 29 28 28 29 28 29 29 29 29 28 29 28 29 29 30 29 28 30 30 28 28 29 30 30 29 29 29 28 28 28 28 30 29 29 28 30 29 30 29
96 57 50 90 108 84 63 75 105 115 136 138 139 145 135 97 33 30 30 28 28 27 25 26 28 26 27 27 25 25 26 25 25 26 26 25 25 27 27 26 26 25 26 26 28 28 28 27 28 28 27 28 27 28 28 28 29 29 28 29 29 28 29 28 29 29 27 28 29 29 28 28 29 28 29 29 29 29 28 29 30 30 29 30 29 29 28 29 29 29 28 29 29 29 30 29
114 87 65 79 96 90 73 76 103 118 131 145 158 155 135 99 57 28 30 30 28 27 25 26 27 27 27 27 26 25 26 27 26 26 27 27 25 26 27 26 26 26 26 26 27 29 28 27 28 28 28 28 28 27 28 28 29 30 31 29 29 28 30 28 30 30 29 29 28 28 29 29 29 30 29 29 29 29 30 29 28 28 29 30 29 29 29 30 28 28 28 28 30 29 29 29
128 116 104 99 96 93 88 93 109 131 140 146 133 132 135 100 74 33 31 31 29 27 27 26 27 28 26 26 27 26 25 27 27 26 27 27 26 26 26 26 26 27 27 27 27 28 28 28 28 28 29 28 28 29 29 28 29 29 29 30 28 28 29 30 29 29 30 29 29 29 29 29 29 31 30 30 29 29 29 30 29 27 28 30 28 29 29 28 29 28 28 28 29 30 29 29
111 105 106 105 108 110 98 92 123 143 135 118 124 129 110 101 96 59 26 31 30 27 27 27 27 28 26 26 27 26 25 26 26 26 26 26 26 28 27 27 26 26 27 27 28 28 28 28 28 29 29 28 27 27 29 28 28 29 28 29 31 29 28 28 31 30 29 30 29 29 29 29 30 31 30 30 29 29 30 29 29 28 28 29 28 28 28 28 29 29 29 28 27 28 29 30
114 113 112 107 104 107 100 116 150 149 130 116 119 91 68 76 103 107 63 29 28 28 28 29 27 25 27 29 28 27 26 27 27 26 26 28 27 27 27 28 28 27 28 29 29 28 28 28 27 28 28 28 29 28 29 28 29 28 29 29 30 29 30 30 29 30 29 30 29 29 29 30 30 30 31 30 30 29 29 29 29 30 29 30 29 28 29 30 30 29 29 28 29 29 30 31
132 125 118 122 119 114 119 131 139 143 130 121 100 66 84 104 116 129 103 80 43 28 29 29 29 28 27 28 28 26 26 27 27 27 28 28 28 27 26 26 26 27 28 30 28 28 28 28 28 28 28 28 29 28 28 28 29 28 28 28 29 29 30 30 28 30 29 29 30 30 29 30 30 29 29 29 30 29 29 29 30 31 30 29 30 29 28 29 30 30 28 30 29 29 28 29
127 122 117 111 116 121 126 122 124 119 123 109 66 60 104 118 129 122 126 127 100 42 23 27 29 28 28 28 28 28 28 28 27 27 28 27 27 27 27 26 26 28 29 31 28 27 28 28 28 29 28 28 29 28 29 28 28 29 29 29 29 30 30 30 30 29 30 30 30 30 30 30 31 30 30 29 29 29 30 30 30 29 28 28 30 30 29 30 30 29 29 30 29 29 28 29
116 109 107 111 121 129 122 113 120 131 120 95 80 95 116 114 122 114 120 123 109 89 71 34 29 31 29 28 29 28 29 29 29 28 28 28 27 26 27 27 28 28 29 27 28 28 27 29 29 28 29 29 30 29 28 28 29 29 30 30 30 30 29 30 30 30 30 30 29 28 31 30 30 28 32 31 32 31 29 29 29 29 29 29 30 30 30 30 30 31 31 30 29 29 28 28
112 103 98 101 119 131 117 124 140 124 88 86 114 124 122 110 105 120 138 127 89 110 100 81 40 28 32 31 31 29 29 30 29 28 27 28 28 27 28 29 29 29 30 28 29 28 29 28 28 28 29 29 28 29 28 28 29 29 29 30 30 29 29 30 30 31 31 31 30 28 30 30 30 29 30 30 31 31 30 30 31 29 30 30 30 31 29 30 30 31 31 30 30 29 29 29
