examples/data/proba_v_italy_sicily/probav_s10_toc_x19y03_20140601_333m_ndvi_v001.txt
ncols         1127
nrows         589
xllcorner     12.348214285714
yllcorner     36.598214285714
cellsize      0.0029761904761905
NODATA_value  -9999
[rows 240 to 287 of 589, columns 576 to 671 of 1127]
134 128 138 157 169 180 167 166 180 184 187 185 171 155 150 154 156 156 113 116 125 122 119 149 145 160 168 155 133 122 123 124 117 119 141 166 156 139 139 156 142 120 121 121 137 149 143 138 126 133 135 129 136 149 142 133 141 152 154 137 152 145 156 155 167 184 190 178 157 161 181 136 127 161 175 152 141 150 157 161 161 163 147 135 140 147 153 165 167 157 132 136 149 141 124 123
133 133 130 141 142 167 203 163 152 148 146 157 161 160 159 152 148 122 113 116 125 116 115 121 127 153 151 135 124 121 134 137 122 137 160 172 178 161 124 117 127 126 137 133 129 125 123 131 135 130 134 135 141 174 175 150 153 156 153 170 171 152 147 154 160 169 181 181 162 158 168 156 155 158 160 163 142 148 167 168 167 182 159 158 154 139 141 141 127 130 125 122 135 143 134 129
184 169 151 141 146 179 205 177 157 152 125 139 143 165 144 134 122 125 128 115 121 120 119 120 119 124 124 116 119 123 128 139 150 156 151 145 154 168 160 155 149 138 133 124 115 136 152 150 158 160 160 172 191 207 188 170 175 167 169 185 173 164 171 167 154 156 167 174 178 174 167 160 153 143 146 163 159 148 150 158 168 187 188 180 161 131 136 137 125 126 120 120 138 130 128 133
183 166 158 160 160 160 163 158 153 157 167 171 134 127 157 153 145 142 126 116 113 125 117 102 107 116 129 123 116 121 124 141 172 174 177 169 138 136 156 154 149 141 131 120 110 114 139 150 156 159 157 169 200 205 191 180 177 169 178 178 166 167 171 177 167 173 181 178 167 159 155 151 149 155 159 151 138 128 125 135 155 167 182 167 140 127 128 129 125 132 125 128 136 140 128 116
176 162 160 166 188 168 156 146 172 184 185 192 176 143 132 138 122 121 131 131 124 120 123 112 101 97 102 107 106 107 126 156 163 154 143 150 147 145 135 121 146 148 140 135 137 137 142 152 160 151 156 170 188 193 172 169 174 179 178 164 159 162 155 169 174 184 178 166 155 174 154 144 135 144 149 133 129 145 148 150 153 148 148 145 127 130 133 125 117 118 114 120 150 148 127 114
167 167 164 181 199 183 169 143 146 161 152 144 167 132 122 138 112 131 132 127 113 111 112 115 109 99 94 96 107 131 140 139 166 178 167 142 131 125 131 143 137 137 145 142 151 149 155 156 147 135 148 153 139 148 132 126 152 161 160 151 162 161 149 180 188 175 150 141 154 165 148 130 130 130 152 147 138 150 161 155 166 178 173 154 132 129 129 123 114 105 106 116 152 160 121 104
155 154 157 166 167 170 171 145 133 126 127 121 139 148 117 116 118 116 113 100 100 108 102 111 113 107 101 110 131 161 153 127 144 161 176 173 160 164 160 155 151 141 129 123 146 152 134 132 139 154 157 149 132 138 134 125 141 164 166 172 171 157 168 185 171 162 165 154 151 145 132 131 131 141 153 146 143 136 129 136 139 138 145 149 137 119 114 120 112 99 112 116 110 92 95 107
146 149 168 175 165 162 165 157 137 131 134 136 145 158 141 123 126 103 102 131 94 101 114 117 116 112 112 112 122 119 133 133 127 130 159 165 162 177 151 132 133 143 147 132 141 157 162 142 124 177 183 174 172 184 177 144 134 136 143 154 152 158 163 169 165 181 179 160 138 147 153 154 136 136 141 132 146 159 146 138 136 119 106 117 119 120 128 142 137 132 134 117 108 88 56 95
144 152 167 171 166 157 154 155 154 146 147 137 130 133 140 141 123 114 114 127 112 100 115 122 119 120 131 130 114 106 113 110 118 117 129 142 139 151 127 123 137 152 155 146 159 165 161 154 131 138 164 166 181 188 170 138 137 146 141 151 162 172 174 168 153 182 182 179 151 136 144 136 128 126 136 124 142 164 147 139 139 126 122 116 108 106 114 125 124 133 137 99 96 92 27 88
133 138 151 162 169 173 165 147 145 151 149 134 114 126 122 128 135 126 132 132 119 115 114 124 136 127 136 137 130 123 131 130 122 132 131 126 126 131 114 131 136 148 153 152 148 149 143 128 128 110 118 135 154 162 152 136 144 166 170 169 164 179 187 177 176 177 178 177 173 170 158 149 142 135 142 147 151 163 137 135 146 144 142 144 134 122 121 128 141 156 139 107 106 74 6 35
131 135 149 149 148 155 150 145 151 154 153 132 147 141 140 147 144 132 130 141 142 136 131 128 123 115 128 131 119 115 137 144 138 139 143 132 122 135 136 147 145 143 146 146 141 135 129 117 115 110 89 104 136 148 142 139 148 162 178 182 177 174 166 156 166 175 159 146 156 171 160 162 169 162 156 159 166 171 161 155 157 151 142 156 147 130 126 130 140 158 146 137 133 123 125 97
145 141 150 140 140 147 146 146 146 163 158 148 143 139 146 155 143 119 106 125 136 131 130 121 116 113 108 109 112 123 118 133 160 149 138 125 125 127 130 126 131 134 137 144 146 139 141 146 140 142 133 119 137 127 129 134 136 152 170 163 158 150 125 121 134 142 137 129 120 130 143 149 155 151 138 138 140 163 174 162 148 145 135 153 162 135 121 134 138 136 135 121 121 134 139 127
151 139 144 137 142 174 175 153 148 161 142 148 165 144 153 175 153 131 126 123 124 121 114 103 98 100 99 115 132 135 132 134 150 157 148 149 133 125 120 123 126 123 117 126 130 137 134 130 132 148 157 123 127 129 135 128 115 116 146 154 137 129 131 131 129 127 131 127 121 140 160 175 156 154 150 146 143 160 174 162 146 146 147 162 177 159 140 151 163 148 140 133 117 113 115 113
168 166 164 161 150 148 150 147 147 147 162 172 174 169 167 143 128 122 121 120 125 127 119 107 97 91 97 112 136 138 139 139 137 158 149 136 123 123 120 116 117 121 113 99 114 127 122 114 111 130 169 159 129 123 125 120 109 98 102 124 162 157 144 139 139 138 146 137 134 153 165 162 160 169 169 156 139 144 142 144 154 138 119 129 145 140 131 133 149 171 160 145 133 137 139 116
181 173 158 151 156 145 134 151 130 141 144 168 175 172 162 154 118 104 109 118 118 124 123 116 104 98 108 116 128 143 132 113 105 105 112 110 109 120 129 124 124 118 103 104 119 121 112 110 119 138 171 156 109 103 99 87 93 110 123 153 178 148 132 131 133 133 136 141 140 143 164 180 183 174 176 164 140 139 137 127 133 128 115 112 128 148 157 146 138 143 135 130 127 112 106 100
177 169 128 129 145 155 155 174 141 163 163 173 183 179 171 162 128 120 114 111 110 121 127 118 107 100 98 116 125 126 119 108 113 107 106 112 111 120 132 126 123 116 108 110 127 118 110 121 136 165 181 149 128 128 122 107 112 122 128 158 169 141 143 151 142 149 164 166 152 141 134 193 204 182 168 139 137 143 130 126 125 138 137 133 152 164 178 167 161 151 117 128 132 112 106 109
171 156 147 140 144 164 167 163 163 167 170 176 179 175 165 160 157 131 129 125 122 130 136 135 124 111 104 109 96 95 101 110 116 103 99 101 102 109 130 134 132 137 141 139 135 134 123 140 139 100 116 149 145 143 138 119 115 121 111 133 154 141 148 165 168 173 188 188 176 154 117 117 174 181 152 133 133 149 142 123 127 134 133 137 153 162 159 156 139 159 147 140 133 126 128 142
165 165 162 169 172 184 193 187 179 174 178 188 191 180 166 159 151 149 149 129 132 124 119 121 116 111 105 108 101 106 105 114 120 117 122 117 94 79 92 118 133 137 146 146 140 146 147 125 107 40 80 129 135 129 130 143 139 131 112 125 146 137 156 186 193 197 202 203 199 197 188 177 158 161 143 132 136 153 165 150 142 137 122 111 124 150 155 148 123 136 146 136 119 119 115 133
146 148 152 163 172 183 185 191 194 188 181 181 182 179 172 161 151 147 134 127 118 102 102 107 109 107 108 118 125 113 110 132 133 119 127 113 112 120 133 131 128 132 129 130 127 139 165 137 36 69 114 128 126 143 152 140 137 144 119 106 121 150 176 193 190 170 152 144 152 164 172 175 168 163 157 153 143 155 174 158 165 164 156 142 147 138 125 124 111 113 119 123 129 137 135 129
142 143 140 148 154 160 169 171 188 197 193 185 175 170 166 146 122 116 123 109 109 106 107 109 112 107 100 109 112 94 95 130 134 118 123 115 116 123 136 130 119 118 122 125 126 127 154 145 97 116 136 154 144 143 144 140 132 130 125 133 133 145 154 168 168 169 168 164 163 171 176 178 174 169 150 157 160 155 162 167 153 149 155 160 155 139 125 130 137 141 142 151 161 156 141 125
130 122 120 134 149 156 167 168 189 194 192 184 173 159 152 151 142 135 116 117 116 115 105 102 104 107 103 94 90 114 129 130 138 132 123 122 119 120 124 133 124 112 112 118 150 146 148 165 133 149 147 141 133 125 122 122 137 151 143 139 135 134 150 158 160 179 185 168 184 194 184 191 190 183 165 172 166 167 183 181 169 166 172 167 139 141 139 148 133 131 138 138 138 121 111 104
130 132 131 135 144 140 151 160 173 187 190 180 161 157 156 151 142 133 107 111 129 141 134 113 105 111 113 114 102 119 111 102 109 114 120 130 118 118 123 127 119 110 112 121 139 150 141 154 147 135 133 112 101 95 109 116 121 142 132 106 111 128 139 140 152 174 190 185 181 181 190 195 197 194 195 184 173 175 192 184 183 179 175 166 160 172 158 155 145 138 138 129 123 146 149 130
134 144 144 138 137 137 127 135 151 166 173 169 159 150 142 134 117 129 137 134 146 163 144 111 99 102 105 110 112 111 106 105 108 114 117 110 121 123 126 129 124 114 117 117 136 142 124 126 159 131 116 113 106 97 106 130 132 127 121 112 123 146 149 146 144 172 175 193 202 192 198 184 207 210 210 202 198 203 197 196 188 173 178 173 166 169 158 165 162 137 111 102 98 115 134 152
140 155 158 150 150 157 151 143 143 149 150 148 145 141 131 128 156 175 176 171 163 162 151 120 104 96 91 98 106 100 102 110 110 115 120 117 127 130 128 135 136 137 125 130 158 160 144 122 121 102 129 167 163 111 107 121 130 136 137 133 137 144 140 138 136 146 155 188 150 117 107 89 131 167 196 206 187 185 182 180 166 143 131 116 108 117 132 155 159 151 134 121 118 113 107 115
136 142 152 145 148 154 156 150 141 136 135 130 131 122 138 138 137 138 154 159 166 162 146 122 109 99 92 97 90 93 108 112 105 113 129 129 121 119 116 124 130 129 121 127 154 157 148 146 131 107 135 161 144 114 116 123 131 125 119 126 127 134 143 146 141 156 165 173 159 124 90 83 87 92 103 122 149 166 178 166 155 158 159 166 156 146 151 161 149 142 123 136 138 131 132 110
120 123 126 147 140 139 143 138 126 119 121 124 100 107 121 110 104 100 121 134 143 146 146 134 114 102 99 111 109 91 101 115 112 101 115 128 114 103 111 117 118 117 115 115 129 143 148 144 146 125 119 125 120 113 120 121 127 108 118 123 118 128 120 129 153 158 148 145 161 170 128 93 96 121 147 158 151 134 131 121 144 167 172 172 174 180 187 191 162 140 124 125 133 129 131 129
129 126 133 147 145 144 146 137 124 114 107 118 112 114 115 113 119 111 114 121 125 123 132 132 115 106 113 119 113 103 106 119 129 118 101 114 129 117 114 114 107 111 112 117 134 121 119 112 116 135 148 152 147 131 124 148 142 113 139 139 143 155 155 157 158 154 144 145 148 147 155 134 123 162 167 173 150 116 99 122 160 193 183 162 161 178 194 163 127 108 99 122 168 141 102 98
128 130 134 142 150 153 151 145 139 117 119 122 118 116 119 107 127 123 118 122 118 124 138 136 141 147 119 134 112 110 101 105 117 118 120 112 127 123 108 104 105 102 102 118 125 111 110 107 118 134 158 148 126 118 106 117 136 101 121 117 130 161 148 141 144 144 149 157 147 157 155 149 165 153 140 140 138 137 120 111 127 156 154 145 141 167 151 135 122 119 123 140 148 144 132 139
123 121 138 144 145 139 136 138 142 139 130 126 117 118 93 104 133 124 116 115 108 127 154 153 157 153 125 136 141 147 123 105 115 122 128 111 113 120 112 100 91 98 110 118 114 112 117 109 127 146 155 145 133 126 110 123 141 102 101 117 132 148 152 143 134 134 139 164 152 144 143 131 148 144 137 126 119 131 141 128 130 145 138 137 133 131 143 151 154 155 137 122 118 129 156 177
147 146 146 146 144 133 123 124 123 129 129 125 106 104 104 103 109 113 119 129 138 144 158 171 175 169 140 143 166 165 127 100 115 104 104 108 101 100 101 97 113 125 118 119 129 124 128 119 128 152 153 135 138 124 103 128 146 127 121 143 150 157 173 163 149 146 144 145 149 136 119 122 127 131 131 133 124 130 150 137 139 136 145 161 155 152 160 170 166 172 143 104 110 135 147 158
120 130 139 141 141 135 116 111 107 111 132 141 121 109 116 128 116 120 119 131 140 145 159 170 163 154 124 123 140 141 125 118 116 117 109 100 97 98 99 117 143 148 132 127 122 127 131 132 137 165 173 134 122 126 104 134 164 172 158 171 180 165 170 172 168 173 157 140 133 126 113 122 124 125 124 125 114 115 146 140 136 134 155 166 153 146 161 167 159 142 135 110 112 128 153 148
114 116 125 130 135 140 135 125 123 139 138 130 132 129 100 109 114 110 112 106 108 114 142 170 162 127 114 116 121 126 152 160 150 137 121 114 107 105 108 131 126 120 121 132 139 133 132 134 142 169 174 135 111 103 124 152 174 178 160 159 166 164 166 175 176 170 168 144 132 161 140 125 125 120 119 130 134 137 144 138 138 145 158 170 158 140 137 146 160 157 126 123 148 144 153 149
130 123 116 120 117 124 130 147 135 118 129 123 114 114 103 116 106 93 95 100 108 117 116 127 120 113 118 117 126 158 178 165 139 135 131 122 115 100 98 121 129 109 95 101 109 133 139 149 159 170 165 132 118 145 154 163 149 131 113 108 110 116 118 143 140 126 126 126 142 150 134 127 128 129 121 130 146 146 139 137 153 158 154 157 166 166 166 164 170 170 164 153 161 162 141 125
139 139 129 117 107 109 117 118 124 129 125 121 108 126 143 146 133 128 128 123 108 120 123 108 96 110 124 122 136 131 137 141 141 140 130 122 111 90 108 138 137 111 101 95 108 147 151 161 160 162 152 135 130 139 128 111 117 130 115 115 123 127 145 170 158 148 135 129 141 136 131 137 140 137 130 133 132 136 141 134 140 154 155 153 169 179 176 164 168 168 168 140 110 145 152 134
129 138 133 127 113 107 129 133 115 104 108 109 126 136 142 155 151 149 155 152 128 105 111 135 112 111 144 155 162 157 146 150 165 166 153 128 106 100 116 150 146 135 123 112 145 162 172 139 133 111 129 134 121 98 104 110 131 148 125 108 119 132 138 151 142 140 138 130 133 158 165 158 147 140 141 141 139 150 148 151 142 143 150 152 147 168 181 154 141 128 121 129 118 127 140 138
139 121 133 146 132 133 125 125 130 126 112 109 111 107 116 151 159 150 157 156 135 119 112 130 132 134 159 174 163 171 168 163 175 178 166 154 151 153 156 153 126 146 136 144 178 185 176 133 135 127 121 121 123 124 151 154 159 168 147 135 141 141 143 144 140 136 136 141 143 160 160 152 152 151 142 153 146 136 141 158 132 131 144 157 158 153 167 150 139 143 137 132 139 141 128 118
125 116 113 117 126 125 115 116 109 110 116 114 132 126 121 148 142 116 127 134 128 117 116 124 117 113 134 164 178 195 169 181 179 185 178 187 187 185 183 180 157 153 154 157 161 186 147 110 109 138 149 140 131 137 145 156 151 148 133 136 153 146 131 128 126 133 127 131 139 141 130 117 136 148 140 154 164 158 152 140 134 152 159 157 151 146 152 139 131 143 157 144 134 136 149 134
128 123 125 125 117 119 125 130 133 133 120 136 125 114 112 131 134 110 104 108 110 110 114 133 138 116 128 149 153 176 195 170 166 174 177 192 199 203 209 186 181 152 160 171 168 193 148 109 102 118 140 114 114 111 103 119 137 136 128 139 143 131 110 116 134 129 129 133 138 142 135 121 129 132 131 145 147 146 151 149 157 152 136 140 138 144 155 159 152 140 160 174 151 138 158 158
131 120 121 129 127 129 136 130 131 138 111 115 112 109 100 110 119 110 107 107 100 92 97 118 154 158 157 185 156 161 185 177 172 154 130 152 164 167 180 200 204 149 185 187 167 163 181 144 124 100 88 100 119 145 150 131 121 129 130 144 146 126 119 132 145 141 139 147 160 161 159 141 127 143 154 165 165 161 164 174 166 150 133 133 136 146 150 160 145 137 137 144 144 135 156 161
134 126 127 127 121 111 121 135 118 115 117 113 107 110 110 112 113 111 110 111 110 104 107 130 130 152 163 166 174 160 183 193 172 161 153 142 159 165 151 179 167 163 159 152 155 159 172 134 127 113 116 120 120 132 144 135 114 123 146 153 156 143 133 145 165 134 154 167 170 179 185 169 166 180 177 182 175 170 164 162 152 136 134 148 162 162 152 144 145 154 158 164 162 164 160 132
135 130 128 126 124 138 143 136 132 122 100 100 104 112 124 126 120 114 111 114 120 120 122 115 111 118 116 125 137 148 155 165 159 158 159 149 150 158 165 177 177 184 189 180 178 177 174 169 161 145 149 148 132 135 126 120 117 119 130 142 150 165 171 169 170 169 177 179 167 163 150 143 159 175 144 125 152 159 145 152 154 137 82 194 172 160 151 136 128 142 167 175 150 144 144 126
138 139 143 148 138 139 147 145 132 111 111 93 105 119 132 143 125 114 117 119 128 134 133 129 128 130 129 130 153 160 148 148 148 147 150 140 140 149 156 142 133 134 138 140 155 178 162 161 131 119 128 136 137 120 113 110 110 115 125 137 158 163 165 166 169 170 174 183 182 180 155 144 146 147 135 124 147 149 135 151 154 76 85 93 159 149 136 129 128 144 147 125 103 117 126 116
128 132 145 161 149 144 148 152 130 117 102 99 107 111 129 139 120 114 116 115 129 138 138 131 124 130 132 129 135 125 142 138 134 131 136 121 121 150 144 119 96 87 101 115 127 142 156 158 137 112 116 114 121 119 116 112 104 110 130 147 158 156 154 156 169 170 158 161 158 172 164 157 151 153 142 136 133 133 126 139 137 82 95 143 151 139 133 128 140 151 130 128 111 107 112 113
150 125 130 136 127 116 150 157 152 143 134 110 127 130 129 107 111 121 128 124 118 119 132 143 137 138 150 141 144 115 116 136 129 114 110 112 123 137 120 105 93 93 93 89 100 120 139 140 126 99 104 113 115 109 108 117 118 122 147 147 138 135 139 122 137 150 144 146 132 127 145 151 151 157 147 124 123 131 144 173 183 173 174 161 149 138 131 126 131 144 123 117 133 130 129 139
132 124 122 137 143 126 103 130 138 135 129 116 141 134 137 120 112 120 146 152 144 131 129 140 150 148 153 147 143 107 104 111 118 106 101 105 124 123 104 104 102 111 115 111 106 100 100 97 99 96 106 116 120 113 119 128 130 136 125 121 112 96 118 129 126 142 143 121 123 128 135 146 154 144 144 138 150 154 171 198 191 177 156 148 144 142 145 143 142 160 151 130 120 152 152 127
146 127 114 124 126 134 134 127 123 111 110 117 132 127 131 128 132 126 132 130 132 141 138 143 147 148 142 127 106 96 99 108 119 123 104 101 120 121 111 115 109 112 118 124 114 106 104 110 100 105 103 116 129 120 122 130 124 107 101 113 118 115 113 109 126 133 146 123 115 118 117 152 173 134 151 174 169 161 143 123 145 160 159 152 146 152 151 146 153 147 133 140 126 127 164 133
129 145 136 134 142 142 152 155 125 102 110 122 124 112 124 140 139 123 114 122 124 114 105 141 161 162 155 118 101 96 94 104 111 124 120 112 113 126 122 109 103 103 102 107 125 95 75 89 94 101 104 113 128 123 125 115 97 96 103 123 129 137 128 110 109 116 126 120 124 125 116 126 146 149 151 161 167 161 163 148 143 159 157 170 169 157 151 149 154 155 136 121 114 106 129 163
103 146 142 136 128 127 127 139 139 94 131 134 105 110 114 116 112 114 112 110 111 108 106 121 148 152 150 135 115 102 98 101 129 134 118 123 113 109 118 110 108 106 108 131 159 115 90 91 107 96 118 132 121 110 102 94 100 114 121 123 121 126 127 125 121 106 113 124 130 118 113 131 147 155 154 156 162 170 167 148 137 139 143 173 174 148 169 164 154 156 154 144 148 151 169 195
