examples/data/proba_v_italy_sicily/probav_s10_toc_x19y03_20150401_333m_ndvi_v001.txt
ncols         1127
nrows         589
xllcorner     12.348214285714
yllcorner     36.598214285714
cellsize      0.0029761904761905
NODATA_value  -9999
[rows 376 to 422 of 589, columns 672 to 767 of 1127]
173 183 180 135 134 146 162 189 215 194 198 218 227 233 239 215 242 217 198 204 224 204 171 184 223 224 191 166 174 187 183 148 158 181 175 213 204 201 188 178 193 179 210 220 227 226 219 201 189 227 235 217 187 183 177 157 135 115 142 151 135 130 122 122 128 142 148 174 209 204 189 216 224 212 215 200 178 206 223 222 229 225 218 222 206 209 213 210 202 209 200 200 206 200 198 202
194 194 190 198 205 199 189 223 239 196 186 236 237 233 246 244 235 192 169 198 222 190 157 193 202 206 194 166 169 186 181 193 174 175 212 222 215 193 185 180 204 215 235 220 225 225 209 218 219 218 197 213 185 179 164 183 173 154 99 82 98 115 110 122 149 156 157 166 181 187 200 220 231 228 222 217 201 206 212 224 215 213 196 197 193 182 206 218 202 211 210 191 191 187 196 191
144 162 171 178 209 223 198 212 223 215 210 214 218 223 232 239 217 176 179 188 130 154 177 202 206 194 191 204 188 183 206 214 192 181 203 222 222 195 204 197 211 228 236 221 216 218 198 182 173 194 201 206 196 195 182 192 189 167 90 89 131 152 105 125 162 148 151 169 161 179 193 204 224 231 210 212 223 214 220 222 223 202 205 195 198 211 218 190 174 193 218 197 162 136 149 169
105 139 165 177 171 196 195 182 184 176 186 206 219 217 225 217 198 213 227 227 132 148 202 191 193 195 184 204 225 212 215 206 178 186 213 213 195 182 205 225 216 218 208 209 216 225 196 139 120 162 176 197 203 205 194 160 111 112 94 87 109 165 147 159 177 135 153 200 178 169 192 207 220 219 198 218 222 217 214 201 208 197 208 218 199 214 197 180 167 187 190 165 143 145 159 130
135 158 183 163 155 192 204 188 165 174 195 198 191 219 232 232 238 233 231 245 193 183 207 193 179 191 192 212 229 227 214 201 185 190 204 209 213 207 219 215 200 211 204 194 192 180 185 169 163 187 170 155 176 173 169 146 129 144 124 97 92 155 192 168 175 160 148 145 167 159 171 200 205 200 199 204 213 203 207 206 212 187 199 210 204 204 165 155 167 163 142 142 147 152 146 136
171 167 190 178 176 211 199 206 186 173 193 200 191 205 215 202 211 218 222 229 212 209 209 205 188 193 188 200 212 221 203 186 183 179 186 199 211 203 210 211 201 202 194 176 186 185 170 186 172 189 170 166 160 165 149 122 121 117 106 110 107 142 185 180 150 169 173 160 169 166 170 183 207 203 197 206 203 203 230 216 198 201 194 187 182 186 181 181 181 182 154 137 136 148 142 132
199 216 208 183 183 197 176 188 195 186 171 169 190 188 206 217 194 210 219 219 221 217 195 207 182 200 217 219 202 201 198 193 207 180 193 187 204 201 204 204 205 200 207 199 189 196 167 184 179 170 178 185 174 197 203 137 123 119 122 131 134 144 178 193 176 178 181 170 187 211 200 189 199 213 221 204 190 175 194 210 194 210 192 171 173 196 204 197 186 176 157 146 152 141 136 120
191 182 202 202 195 205 203 178 187 178 163 157 187 194 199 185 153 171 220 212 202 199 183 200 196 190 207 231 226 212 215 203 191 179 176 200 189 189 182 189 212 223 204 185 168 164 189 217 200 171 173 186 170 178 153 124 122 130 136 167 167 155 144 185 165 158 177 159 195 211 201 191 162 162 185 189 174 156 176 204 204 195 183 192 178 177 203 173 173 178 186 155 148 143 169 148
182 186 185 191 183 196 209 203 196 183 186 172 196 201 196 190 182 202 193 182 204 196 179 180 183 186 187 221 228 234 240 207 163 154 167 180 183 185 178 190 214 224 182 145 155 174 190 199 192 185 172 196 162 158 177 119 134 162 154 165 162 162 154 178 195 189 157 137 196 196 177 191 209 161 174 162 162 178 185 192 210 197 167 157 160 165 177 200 191 189 189 172 169 160 148 119
172 181 182 160 176 187 201 219 214 212 208 195 193 176 163 187 184 151 159 188 182 172 182 197 195 207 219 211 223 244 250 232 190 178 185 162 165 182 197 207 216 211 172 160 183 220 214 193 186 169 164 180 169 160 163 148 170 183 181 203 196 159 172 183 202 188 158 164 217 212 176 184 198 206 174 155 164 182 197 186 189 182 154 145 151 149 146 170 177 159 179 194 184 170 149 131
171 165 179 201 192 195 206 200 196 195 209 204 194 188 178 192 182 152 143 150 162 175 173 174 188 211 218 206 227 234 234 234 186 181 174 169 166 177 183 179 189 204 181 155 189 234 237 212 191 187 187 196 176 157 146 173 175 182 186 208 197 168 174 194 209 194 193 192 196 179 167 178 178 195 174 161 166 175 220 203 185 167 180 174 160 158 153 178 172 183 190 170 171 178 162 151
189 164 159 206 222 230 210 185 207 198 215 223 214 194 197 200 188 157 149 157 164 175 180 190 208 202 218 217 198 207 206 205 165 156 168 178 178 175 200 201 185 167 161 171 206 238 234 211 180 174 183 176 170 160 147 164 163 172 182 203 190 166 171 201 215 205 209 215 194 175 173 171 180 195 186 193 181 158 159 198 161 152 170 149 147 177 148 158 163 191 188 181 172 183 186 151
172 136 182 197 223 218 213 206 176 169 191 211 207 187 178 182 159 145 147 157 162 182 210 220 214 203 231 245 216 209 208 197 183 157 164 173 173 192 209 207 198 194 191 198 204 210 201 187 184 167 173 188 188 171 148 135 152 163 175 197 195 178 161 195 221 228 229 196 177 181 178 160 144 159 183 185 180 153 139 176 184 142 138 170 178 211 211 183 195 198 193 167 156 175 149 138
130 75 179 201 185 155 158 159 157 166 183 195 166 188 166 151 146 138 152 170 190 187 194 214 225 224 213 216 204 198 220 224 185 172 167 172 175 193 201 201 220 227 213 204 193 182 199 203 208 167 144 188 155 161 165 155 163 183 173 189 196 199 219 228 223 210 200 198 208 202 182 150 148 159 182 182 173 189 191 198 192 157 143 191 205 205 206 189 195 191 170 173 168 168 159 167
131 68 140 151 159 163 167 155 155 149 148 159 149 162 154 146 165 174 187 189 209 212 187 206 211 200 216 229 213 202 226 227 219 200 184 171 174 193 194 182 200 214 198 199 192 166 189 179 166 186 184 191 163 169 171 162 174 190 168 184 200 174 198 217 213 199 196 208 210 201 186 152 149 159 165 168 175 183 202 205 192 179 173 200 211 171 177 195 171 190 191 179 170 191 193 189
155 172 142 140 146 154 152 157 143 139 134 141 175 177 145 161 158 182 192 219 225 237 207 200 203 192 195 193 199 210 222 222 211 202 182 189 190 184 189 201 211 212 192 178 181 172 157 155 167 182 189 171 165 167 179 174 178 177 151 164 192 188 205 190 187 208 197 187 186 189 199 205 193 186 188 166 162 182 203 180 153 183 208 210 206 170 183 202 198 195 185 178 176 201 197 201
150 174 158 168 156 161 157 138 129 145 157 154 159 144 136 143 158 176 187 179 190 212 213 218 216 217 227 207 203 202 192 188 181 183 188 197 187 177 183 198 203 165 143 166 188 184 165 156 171 191 193 195 178 183 194 158 167 190 154 155 172 193 180 191 202 183 175 180 179 173 190 208 203 203 224 203 162 171 165 164 181 199 197 202 210 204 162 180 217 217 208 184 157 185 209 182
181 184 178 175 157 142 179 177 147 147 159 172 138 143 157 157 166 197 212 202 194 221 231 231 220 207 206 221 214 223 228 214 184 181 210 197 173 181 200 204 195 178 180 173 185 175 170 178 180 192 194 192 159 177 201 174 156 167 175 166 193 205 198 189 193 170 178 189 180 169 189 185 165 179 213 194 176 208 207 191 179 198 179 211 199 212 219 202 217 213 189 153 156 164 179 188
177 167 164 181 181 167 184 209 170 151 165 174 169 150 163 158 174 192 199 200 208 216 219 219 206 211 205 208 206 193 194 207 200 179 202 187 172 161 192 205 196 198 203 175 172 181 192 193 164 178 189 201 193 185 200 194 189 203 205 189 206 212 193 181 190 170 163 181 200 197 202 179 152 164 199 195 194 215 211 202 202 210 200 205 191 197 194 203 201 206 198 178 203 193 191 211
182 171 182 171 195 204 185 188 174 163 162 151 156 172 177 186 196 204 177 171 174 185 187 195 194 187 187 182 200 207 178 177 186 173 189 191 154 129 175 203 195 157 137 182 196 200 184 153 152 203 215 213 215 226 206 197 172 170 213 213 192 178 170 178 178 184 175 180 175 181 186 192 178 186 209 213 201 205 202 205 188 198 205 218 232 215 173 171 185 207 226 222 207 200 188 187
196 186 196 195 200 201 193 188 175 155 151 159 179 182 187 187 189 203 195 203 162 156 167 155 177 199 175 188 204 212 205 196 199 200 189 180 159 132 143 181 187 169 163 204 205 182 179 181 163 169 189 195 206 202 178 188 195 178 208 193 171 180 170 188 196 196 183 156 169 176 162 189 206 205 217 212 181 186 191 187 201 211 194 191 217 218 217 207 209 205 209 213 222 217 198 193
194 205 199 206 230 201 180 175 173 175 176 199 203 186 170 169 171 202 203 204 191 190 194 167 157 174 160 181 182 179 195 200 205 209 192 185 188 178 195 207 208 205 192 194 194 179 186 198 191 170 207 201 207 206 175 171 205 215 214 195 175 185 180 169 167 153 157 174 213 214 197 188 208 210 220 225 194 163 224 227 218 218 202 184 196 200 212 211 197 184 206 222 235 242 228 221
220 215 199 201 207 186 164 172 195 195 181 192 182 157 172 175 145 151 195 190 187 182 179 169 165 177 166 172 186 177 166 170 187 198 205 194 190 202 238 228 214 201 190 201 196 171 163 160 178 208 214 215 204 192 199 204 200 182 176 179 172 179 178 155 155 163 183 196 215 214 204 167 177 221 217 219 196 140 169 210 219 214 217 210 205 203 199 204 205 203 204 205 228 234 228 219
208 196 196 193 182 194 182 184 203 191 169 141 160 159 172 182 159 143 172 181 186 161 171 176 168 161 141 161 134 134 145 147 143 174 197 205 200 199 223 201 178 189 196 207 179 174 187 187 186 215 212 199 182 173 185 183 169 173 157 164 170 197 218 175 140 141 173 207 231 228 213 188 200 210 222 208 198 176 138 173 208 213 213 209 203 185 178 208 211 209 195 196 214 203 201 207
207 208 208 203 177 184 190 186 176 142 135 147 170 175 177 171 169 165 169 178 192 179 159 166 151 128 135 148 141 139 145 144 135 170 179 185 185 172 190 180 164 191 192 196 170 170 190 208 206 208 214 197 187 171 177 182 166 178 170 155 159 170 188 179 125 146 158 172 166 151 185 200 193 200 187 185 196 161 142 135 158 182 181 164 169 194 181 203 202 217 208 172 194 214 213 235
194 191 207 197 192 197 191 192 181 138 141 168 181 188 192 189 178 171 167 185 186 161 139 158 159 155 146 152 152 141 146 145 137 153 155 159 166 165 152 161 170 179 157 196 194 179 187 192 211 214 217 201 178 177 181 168 149 153 172 163 151 161 167 198 185 181 184 167 142 130 173 175 178 198 203 196 187 150 145 160 140 170 189 179 161 171 180 193 188 208 201 187 198 196 183 192
203 172 193 205 199 195 193 191 185 150 140 155 136 116 132 147 156 142 140 133 133 150 157 161 170 166 147 129 141 143 147 144 142 146 135 141 157 168 188 190 198 201 186 191 206 203 200 198 216 210 192 198 156 130 153 160 155 158 172 175 168 149 145 162 175 192 193 209 229 215 176 170 168 186 205 216 198 161 178 158 153 170 191 212 200 180 187 186 215 218 211 216 228 221 192 201
217 195 189 211 199 199 201 197 186 169 156 162 115 74 64 83 120 135 132 146 162 131 139 141 130 147 176 155 143 152 153 139 142 152 145 158 162 159 162 142 170 190 193 192 186 186 199 189 192 213 196 206 166 161 174 177 176 163 156 166 177 164 165 152 155 169 173 178 207 210 208 190 185 177 177 195 209 189 174 160 147 175 183 205 205 193 202 209 209 231 216 197 214 224 210 178
192 175 172 174 168 187 205 201 189 182 179 170 96 58 62 61 71 93 109 117 125 126 128 147 136 134 158 160 136 151 152 144 139 157 142 177 190 185 163 181 215 182 204 209 202 188 166 171 186 204 209 188 191 171 163 192 197 181 179 175 176 158 162 179 188 165 173 176 184 211 208 221 208 159 164 195 193 159 176 176 166 178 146 149 199 196 189 194 191 190 174 158 163 181 195 202
185 183 167 188 181 179 165 178 192 174 179 181 89 60 63 59 72 86 97 114 111 118 138 143 146 135 144 134 139 133 147 130 141 141 177 207 226 209 191 177 196 196 202 217 210 185 163 174 175 197 206 179 188 190 161 164 188 186 186 186 181 183 181 176 195 174 173 177 190 184 180 188 199 205 198 193 194 155 156 159 148 172 173 184 178 195 177 183 197 176 171 161 149 141 166 212
162 177 192 202 200 185 168 183 200 151 139 183 149 107 90 82 95 97 152 164 135 143 154 141 125 135 140 128 149 142 160 128 138 145 169 198 218 206 190 165 174 213 221 201 195 192 189 231 230 219 202 200 211 193 181 182 201 200 209 204 182 181 178 196 187 180 172 184 200 185 115 138 192 184 188 177 170 198 178 147 138 154 198 202 186 172 135 151 200 191 161 129 131 145 159 169
206 213 225 202 164 157 204 226 203 162 147 160 173 176 168 163 140 104 141 144 131 160 171 128 142 138 148 147 179 148 141 130 117 139 171 179 185 189 193 192 201 220 225 205 196 203 222 227 239 198 190 180 198 202 214 201 214 217 207 185 196 173 184 155 170 166 171 203 210 192 149 154 169 168 134 158 165 184 192 185 148 130 192 207 185 176 144 124 176 209 164 177 174 181 152 143
216 202 194 162 157 173 200 217 196 177 161 152 169 189 187 162 123 104 114 133 136 139 135 138 129 138 145 145 167 145 129 137 129 140 185 185 172 158 189 195 199 199 201 223 225 205 225 218 199 189 195 152 166 195 215 208 215 205 190 178 170 193 162 176 171 189 172 180 203 196 179 169 175 149 130 182 185 182 168 139 112 119 164 217 199 156 159 183 196 199 152 131 141 162 174 173
202 175 153 152 181 207 189 179 204 191 153 150 155 185 163 145 132 136 140 163 152 149 134 133 142 141 123 147 165 147 136 137 139 150 174 182 184 177 192 198 185 169 183 216 245 231 198 178 188 211 205 164 163 183 191 201 199 197 185 191 175 199 170 197 180 193 181 173 192 213 204 161 150 169 157 134 140 135 124 137 104 115 140 192 175 115 153 227 226 223 192 129 156 155 166 183
167 174 177 146 152 198 196 177 180 191 182 183 175 165 161 154 139 150 135 130 159 146 128 137 148 135 145 165 163 142 131 142 142 160 175 177 168 171 197 219 214 180 174 179 201 205 205 230 217 209 207 151 151 184 195 194 200 188 187 185 203 176 176 186 172 182 195 200 196 209 236 209 162 123 97 69 90 115 147 140 139 131 161 165 125 98 117 191 231 217 165 126 148 156 164 161
173 160 154 147 180 194 187 187 180 212 230 203 191 195 197 166 130 127 142 154 140 144 122 128 141 132 131 169 166 150 140 146 134 150 157 165 172 168 191 202 208 200 181 147 152 166 193 220 214 210 229 190 175 192 198 194 191 184 223 190 202 182 170 196 192 188 202 195 216 224 178 141 105 111 115 107 108 108 121 139 147 146 120 136 111 114 140 142 169 165 133 142 153 175 149 138
176 169 179 185 189 192 176 200 204 204 211 213 210 197 181 158 136 117 145 183 150 166 157 144 157 156 157 141 137 142 152 142 160 158 141 150 177 180 188 186 194 203 198 192 173 175 182 186 206 195 179 151 153 194 188 192 186 190 219 226 203 171 172 180 156 155 177 182 178 147 110 89 84 86 107 130 109 83 107 122 129 118 85 95 117 123 114 125 148 164 163 162 173 209 173 134
189 198 196 202 201 186 178 179 181 186 191 193 188 195 170 131 143 127 118 147 152 157 143 151 151 137 171 162 155 152 152 158 153 153 170 167 166 172 194 192 204 215 208 194 191 191 214 200 216 216 192 187 175 197 200 194 195 188 207 212 193 195 192 199 170 144 137 139 142 143 175 156 152 132 105 111 119 112 97 122 118 121 110 102 110 120 112 123 157 149 120 151 172 181 169 143
217 193 200 186 157 178 176 195 191 185 175 164 155 162 148 126 127 125 134 132 139 144 140 154 137 156 195 197 190 170 138 131 142 146 174 163 163 178 187 208 231 211 201 193 215 200 194 201 180 181 192 193 186 181 207 208 201 181 189 171 160 186 172 187 195 187 191 159 94 82 126 132 115 125 139 132 144 133 113 98 81 81 93 105 103 141 170 139 120 128 105 124 111 94 123 176
193 166 158 154 146 194 199 188 188 180 174 184 163 134 131 137 124 137 148 149 144 150 154 168 171 186 182 180 186 186 145 120 136 138 175 181 174 186 203 217 209 184 178 179 209 185 170 170 162 180 202 195 193 193 200 194 202 188 182 183 190 206 187 191 191 202 159 117 104 81 98 93 93 86 88 88 110 97 84 94 91 96 131 136 119 128 136 131 144 160 140 105 91 103 106 130
186 163 163 178 165 179 173 169 183 183 174 176 164 146 149 144 121 143 178 186 159 148 144 153 156 178 176 183 185 180 158 147 131 128 158 177 169 178 207 187 195 196 183 185 202 185 166 164 176 191 189 204 190 189 189 189 199 209 196 179 158 179 190 185 172 181 116 125 115 121 111 98 77 78 93 106 78 75 102 131 93 100 141 138 114 105 152 134 99 99 135 156 143 155 147 120
175 179 197 192 173 206 191 164 171 163 151 155 130 133 132 156 146 140 165 152 132 170 189 165 160 161 159 174 168 160 140 135 128 131 158 187 212 191 189 185 175 173 164 149 169 183 146 147 173 182 201 188 164 152 193 191 194 208 202 181 165 170 186 155 171 159 157 165 136 133 121 123 125 94 106 121 121 80 78 101 102 91 108 125 110 88 125 133 96 108 146 159 149 107 133 128
173 189 184 182 198 202 196 201 180 152 144 141 119 135 142 147 152 161 164 149 142 152 157 147 141 149 170 167 172 167 167 171 166 157 166 185 209 168 155 182 189 194 175 164 168 174 140 165 182 171 197 196 170 152 181 189 184 209 200 163 179 197 174 119 139 159 154 165 154 130 112 97 101 92 116 153 145 96 73 88 90 92 119 132 108 109 113 103 81 133 182 179 193 117 145 169
177 179 186 172 180 186 211 180 158 152 145 133 136 134 144 163 168 198 187 158 151 151 160 149 137 164 182 164 183 196 197 190 173 191 187 186 193 177 170 194 209 195 178 177 165 169 168 153 151 153 170 195 183 162 172 224 207 201 197 185 190 170 111 115 147 150 144 160 172 135 109 123 126 100 120 149 120 112 116 122 89 103 105 119 133 126 164 189 126 112 153 167 185 123 119 168
177 186 186 180 181 203 188 171 164 147 150 131 136 155 176 190 193 192 173 137 138 138 157 172 162 169 160 158 182 195 188 169 170 195 191 190 201 209 198 200 196 202 205 192 178 179 188 182 174 175 195 170 198 199 182 201 206 170 184 173 142 112 102 142 167 135 136 146 132 106 89 139 123 118 111 111 106 108 127 123 87 102 96 94 117 158 183 149 104 127 157 162 166 149 131 165
183 193 185 192 200 202 186 155 159 169 163 154 168 194 198 177 163 153 132 124 127 140 151 153 154 176 166 135 156 182 188 188 188 186 199 189 209 204 196 197 199 195 189 188 195 179 170 170 159 170 198 179 188 191 190 213 202 202 197 166 111 110 144 179 129 100 94 111 126 101 97 142 122 106 129 158 138 117 150 147 129 120 96 88 84 123 153 153 140 133 136 157 162 142 104 173
187 180 177 178 162 146 158 167 186 208 182 172 197 197 178 171 166 148 125 115 124 162 163 186 167 152 147 153 174 176 181 173 177 187 198 192 202 201 173 183 189 194 186 198 188 178 184 175 153 155 169 172 171 178 167 168 154 147 164 161 123 116 149 165 139 114 113 130 162 155 136 158 129 103 132 143 121 102 105 102 101 90 83 98 117 128 171 204 200 145 124 162 169 159 124 155
