examples/data/proba_v_italy_sicily/probav_s10_toc_x19y03_20150111_333m_ndvi_v001.txt
ncols         1127
nrows         589
xllcorner     12.348214285714
yllcorner     36.598214285714
cellsize      0.0029761904761905
NODATA_value  -9999
[rows 459 to 509 of 589, columns 960 to 1055 of 1127]
86 88 91 87 89 90 88 89 185 161 201 71 68 118 117 100 101 102 95 91 82 60 44 43 46 40 38 37 36 35 34 35 35 34 33 33 32 31 32 33 32 32 32 34 33 33 31 28 28 27 26 24 24 24 25 24 22 21 19 20 20 23 26 25 26 30 30 28 27 29 26 28 28 30 31 29 25 22 22 24 24 26 26 29 25 27 25 25 25 27 28 33 40 45 38 23
101 85 93 190 184 90 92 93 192 190 198 191 67 178 95 93 101 96 88 76 48 47 45 45 48 39 37 36 36 35 35 35 34 33 33 32 32 32 32 30 30 30 31 31 30 30 30 30 29 30 28 26 25 26 25 24 22 21 20 21 19 21 23 24 28 31 33 24 26 28 26 26 26 28 30 29 29 25 25 25 27 27 26 31 32 28 26 23 27 26 25 29 44 36 28 26
172 186 92 205 179 92 93 207 171 166 190 66 75 198 98 110 116 99 79 61 49 47 44 43 39 38 36 35 35 34 34 34 34 33 34 33 33 33 33 32 32 32 32 31 30 29 30 30 30 30 28 27 26 27 27 26 25 22 21 22 19 18 20 23 26 28 28 26 26 28 28 26 28 33 30 27 29 27 25 29 29 29 25 27 27 31 28 27 25 24 28 31 37 37 29 27
169 175 152 185 97 91 192 196 172 64 194 203 202 197 200 122 131 121 86 55 48 46 45 46 40 37 35 34 35 34 34 34 34 34 34 32 32 32 32 33 31 31 31 30 29 30 29 29 28 28 29 27 28 28 28 26 24 25 26 23 23 20 21 27 27 27 25 20 22 22 24 24 24 24 27 27 29 25 25 27 27 25 29 30 27 28 30 28 27 27 30 31 16 32 28 29
178 168 189 190 86 175 150 149 142 145 166 166 162 185 181 109 106 96 78 53 45 45 42 47 39 38 35 33 33 34 33 33 33 32 32 31 31 31 31 31 31 31 31 31 31 31 30 28 28 29 29 29 29 30 29 29 27 25 25 23 23 22 21 22 22 25 27 29 25 27 25 25 25 25 27 27 27 23 25 27 27 25 26 26 28 27 29 31 31 28 30 30 38 0 30 22
163 165 152 144 158 161 145 139 133 120 55 60 106 60 37 44 48 44 37 36 38 34 35 41 37 35 35 34 33 31 33 33 32 31 30 32 32 30 30 30 29 29 28 29 29 29 29 30 29 28 29 29 30 30 29 29 28 26 26 22 18 21 23 23 26 26 26 26 26 27 25 29 25 29 29 29 28 26 27 29 27 26 25 28 28 27 29 25 27 29 31 24 19 31 31 30
146 139 143 160 157 137 126 122 141 37 38 49 51 50 48 47 49 50 47 46 35 34 40 38 37 35 35 33 33 31 31 31 30 30 30 30 30 31 30 28 27 28 28 28 30 29 31 30 30 30 29 29 28 29 28 28 27 28 30 27 23 22 21 24 27 29 29 27 24 26 28 28 25 25 26 25 22 23 25 27 26 28 27 27 27 27 30 26 25 28 30 60 26 31 29 30
77 68 61 124 74 72 60 40 33 31 34 38 34 28 42 37 46 46 44 43 42 41 38 37 36 35 33 31 31 31 31 30 31 32 31 30 29 29 31 30 28 30 29 28 28 29 27 27 30 31 31 31 28 27 28 27 26 28 28 31 30 26 22 22 24 27 28 25 28 27 27 27 26 25 29 29 26 26 23 28 29 27 29 29 28 29 27 27 26 25 25 102 96 18 22 20
64 14 107 142 54 95 43 73 75 43 37 28 28 28 29 44 43 43 41 35 31 35 45 35 34 34 34 32 32 33 32 32 32 30 30 30 31 30 30 30 29 28 30 28 28 29 30 31 30 28 27 27 29 27 28 27 27 26 28 30 29 30 27 25 26 26 28 28 28 27 27 28 27 26 27 27 24 27 24 27 27 26 27 27 26 30 28 27 27 27 7 7 28 28 29 27
63 40 40 40 38 89 39 40 24 29 23 23 26 27 42 41 39 38 39 39 36 35 38 42 35 34 33 32 32 32 32 32 33 33 33 31 31 32 32 30 28 28 29 28 28 29 28 29 28 26 27 27 26 27 29 28 28 28 29 30 29 29 31 26 24 25 24 28 29 27 27 26 27 28 27 27 26 27 27 28 28 27 26 26 25 27 27 28 28 27 2 4 27 29 31 29
74 146 250 250 250 85 100 37 35 40 30 29 41 39 38 38 36 37 36 35 36 35 36 36 35 35 34 34 33 34 33 33 33 34 34 33 31 32 32 30 29 29 28 28 28 30 29 28 26 28 30 29 29 29 27 27 26 30 31 32 29 26 28 29 27 24 24 26 26 29 29 28 30 28 28 30 30 32 28 29 27 29 31 31 28 27 29 30 28 29 26 27 22 29 30 31
144 74 63 37 37 86 81 36 37 37 37 38 38 38 37 36 36 34 35 33 32 33 34 33 34 34 34 33 34 33 34 32 33 32 33 34 31 31 31 29 29 30 31 28 28 28 30 29 30 30 30 30 28 30 28 28 28 29 29 28 28 28 26 27 30 26 25 25 27 26 28 27 30 31 32 31 30 27 29 31 28 30 30 29 29 27 29 30 28 29 29 24 10 27 29 31
58 56 56 52 68 80 83 84 36 35 35 36 37 36 35 35 34 33 34 33 34 34 34 32 31 32 32 33 33 33 33 33 33 34 32 32 31 30 30 31 29 28 29 32 32 33 34 30 30 29 29 29 29 29 28 28 27 27 27 28 28 28 28 27 31 30 29 30 29 29 28 29 31 32 28 28 30 32 30 30 31 31 29 30 30 28 28 26 27 56 47 29 27 27 27 29
54 51 49 60 50 58 71 31 24 34 34 34 34 33 31 32 31 33 34 33 32 34 33 32 33 34 33 33 33 32 33 34 33 33 32 31 29 32 34 32 31 31 31 31 29 30 31 30 28 28 29 30 30 30 29 28 27 31 30 30 29 26 27 26 28 29 29 28 30 32 30 31 34 32 29 29 31 29 28 28 28 30 29 30 31 29 29 28 27 44 62 29 28 28 15 28
53 46 44 48 50 35 28 21 11 35 39 34 34 39 36 33 34 33 32 37 32 32 33 33 32 32 33 34 34 33 34 33 32 31 30 28 27 28 29 31 30 29 28 29 30 31 31 31 30 30 30 31 29 29 29 29 27 29 30 30 29 28 29 28 28 29 29 28 28 30 30 31 30 31 30 30 30 27 27 27 30 28 29 29 30 30 30 29 29 0 20 28 18 19 30 28
50 47 53 62 69 45 30 58 40 42 32 37 62 40 32 32 32 32 32 34 32 31 31 31 30 30 33 33 32 30 30 31 29 27 27 27 27 29 30 29 30 29 30 28 28 30 30 28 29 30 31 30 29 30 30 29 28 28 29 27 27 26 27 27 29 30 29 28 29 29 30 32 32 32 31 31 27 28 28 27 28 27 29 29 28 30 31 31 25 21 27 20 20 31 29 29
42 41 43 47 55 40 27 31 41 40 57 25 34 46 34 33 32 31 30 30 31 31 31 32 31 32 32 31 30 30 30 29 28 28 27 29 29 28 31 30 31 30 29 28 28 30 31 31 31 31 30 32 30 32 30 30 31 30 28 27 27 28 26 30 30 28 28 30 30 31 29 31 30 30 31 31 28 28 31 29 29 28 27 27 29 27 28 27 26 20 28 29 22 29 29 29
42 37 34 36 40 41 20 37 39 16 16 25 35 34 33 32 31 31 31 31 30 30 30 31 32 32 30 29 28 29 30 28 29 31 31 29 29 29 31 32 31 31 31 31 30 31 30 32 30 30 32 33 31 30 30 30 30 29 29 29 29 29 29 32 31 31 31 30 29 29 31 30 32 32 29 29 30 29 31 30 30 30 30 27 27 26 28 28 37 10 29 28 29 27 28 29
42 41 38 35 32 39 42 40 41 22 23 28 33 36 32 30 30 31 31 30 30 31 29 28 29 29 27 27 28 29 30 30 26 27 29 30 29 29 30 30 31 32 32 30 29 28 28 29 28 29 31 31 31 30 29 30 28 29 29 27 27 29 30 30 29 31 32 31 30 29 28 31 32 31 29 30 29 28 29 31 28 28 30 29 29 31 32 23 32 31 29 27 28 26 28 28
35 38 40 41 37 34 37 38 40 0 20 36 40 54 37 31 37 58 30 28 28 27 27 27 29 28 29 30 28 29 28 28 28 26 28 28 30 31 30 29 28 29 29 30 29 28 29 29 29 28 27 29 30 32 29 28 28 27 25 27 27 28 29 32 32 32 34 32 31 30 29 29 30 30 29 30 29 28 28 29 32 31 31 29 29 30 31 29 38 30 31 29 29 30 28 29
36 37 51 52 53 37 35 38 41 57 49 29 29 37 37 29 28 46 29 28 28 26 27 28 27 27 29 29 29 30 30 30 29 29 28 28 30 28 27 25 25 27 27 30 30 30 31 32 30 26 25 27 29 31 29 26 29 28 27 29 31 29 29 30 29 30 30 30 30 30 30 30 30 30 31 29 28 25 26 29 28 28 30 31 30 29 21 23 29 40 30 31 30 29 28 28
35 36 37 45 38 38 36 37 45 38 28 45 33 37 37 37 37 37 29 28 28 28 27 28 28 27 28 29 29 28 27 27 29 29 28 27 29 29 27 27 27 28 28 28 29 30 30 32 30 28 27 27 27 30 28 27 27 28 31 30 31 31 31 31 32 31 30 31 31 30 30 30 30 30 30 31 30 28 29 31 30 32 33 30 28 27 21 23 14 29 31 30 31 30 29 29
33 34 37 35 35 33 34 35 45 44 42 40 37 37 37 37 37 61 37 30 30 30 30 30 29 29 29 29 29 28 28 30 28 28 28 28 29 28 28 30 28 28 30 28 28 29 29 30 31 30 27 27 26 28 28 27 29 32 32 30 31 32 31 31 29 30 29 29 30 31 32 31 30 31 31 30 29 29 29 30 30 31 30 31 30 28 22 11 13 27 27 26 28 27 27 28
34 36 37 33 29 32 34 37 45 45 8 0 0 37 37 37 37 58 77 29 29 29 29 30 29 29 29 30 30 30 29 28 28 28 26 26 27 29 29 29 28 30 33 32 29 32 33 34 33 31 29 27 27 29 30 28 28 30 31 28 29 29 30 28 28 28 30 29 28 30 31 29 28 29 29 29 28 29 29 28 30 31 29 27 27 27 33 27 27 28 28 28 28 29 29 28
36 36 37 35 30 31 32 34 38 40 29 20 0 30 32 9 16 20 66 37 37 37 29 29 29 29 29 30 30 30 29 29 30 30 30 29 32 31 30 30 33 32 10 13 12 20 10 8 6 4 27 27 27 30 31 29 27 27 27 2 4 6 3 26 27 25 27 25 27 28 27 29 29 29 30 29 31 29 28 28 26 27 28 30 30 30 51 47 30 30 30 30 29 29 31 29
33 31 35 37 34 34 35 36 34 35 38 31 7 0 9 10 6 10 22 37 37 37 37 30 30 30 30 29 30 29 29 29 30 10 21 29 29 24 15 8 10 16 18 15 11 14 24 25 24 14 13 29 29 30 29 27 26 11 9 13 8 4 0 0 5 5 19 23 8 2 4 29 29 30 29 29 28 29 30 30 30 29 27 28 31 53 50 50 28 28 28 29 27 27 29 29
33 36 38 36 36 38 32 39 38 29 33 23 11 41 6 3 6 10 18 37 37 13 27 30 31 31 30 29 29 28 22 20 12 12 9 9 8 6 11 9 6 6 8 12 8 56 41 41 39 30 21 30 30 30 11 8 7 8 16 17 22 22 20 15 0 0 3 17 27 23 11 2 2 2 2 2 29 27 27 28 28 27 25 27 26 72 62 26 39 49 48 47 54 51 44 36
32 35 39 34 30 36 34 35 39 41 15 28 4 37 10 7 7 12 18 46 35 30 32 23 37 37 29 37 36 29 22 11 18 25 17 22 22 19 13 9 10 4 2 4 0 51 50 20 21 31 25 14 14 5 3 13 18 19 21 20 17 14 13 20 16 8 12 9 0 9 20 23 15 2 2 2 2 4 4 2 4 4 6 27 27 112 113 99 77 70 67 57 32 41 49 46
34 33 33 36 32 36 35 33 37 42 57 13 7 7 39 7 8 56 33 15 13 28 27 29 23 37 37 37 32 25 12 12 28 27 25 13 37 0 0 0 7 8 7 7 7 7 55 41 27 32 36 29 23 25 23 25 36 44 37 31 26 29 27 22 29 24 12 14 16 7 6 6 0 3 4 1 4 6 8 6 6 4 5 7 7 7 5 3 3 7 7 7 7 3 26 23
35 45 41 38 33 37 36 30 36 43 15 8 28 33 32 4 3 31 31 27 26 27 28 30 32 30 27 27 37 28 23 28 27 28 20 29 22 22 29 16 10 9 4 8 28 5 5 57 40 24 39 58 52 47 42 35 25 26 35 44 38 30 26 14 16 17 11 7 8 8 7 10 9 13 7 6 4 6 6 4 6 4 0 7 7 7 8 7 8 7 7 3 5 5 5 7
48 39 32 36 41 38 16 30 0 0 0 37 21 31 0 0 28 26 30 29 28 27 28 29 30 28 27 26 37 37 37 34 16 24 25 20 35 38 33 26 7 3 1 0 4 11 11 6 37 33 23 29 40 33 33 36 25 22 16 9 18 22 28 25 21 16 10 5 2 6 6 4 4 1 4 1 0 6 6 6 4 4 7 5 3 3 7 7 6 6 7 6 8 26 25 7
45 49 50 62 91 103 86 30 30 29 29 0 0 26 37 29 2 24 28 28 27 26 26 26 26 26 26 26 26 26 37 37 21 15 19 19 2 0 5 3 6 9 10 7 4 3 77 64 54 46 24 15 30 35 16 20 19 14 12 15 14 18 24 4 4 4 6 6 6 3 4 4 4 4 4 3 6 1 4 8 6 7 5 7 3 5 5 5 3 9 9 5 25 26 26 26
28 44 50 53 85 65 53 62 95 89 27 27 27 31 32 30 30 29 29 28 28 26 26 28 26 25 25 26 26 27 25 37 37 37 7 20 22 19 10 5 6 4 34 33 44 49 48 42 45 55 51 32 24 15 41 38 19 24 29 22 15 7 9 4 6 4 4 6 3 3 4 1 4 4 1 1 1 4 6 3 0 6 4 5 3 3 5 5 5 7 5 3 7 7 5 5
42 39 48 48 73 60 37 23 24 43 36 76 27 31 31 29 27 26 26 29 30 28 27 27 25 24 37 25 26 27 5 6 11 16 2 0 9 0 3 6 1 1 44 57 65 43 18 1 3 13 27 40 44 41 26 32 37 35 33 17 30 22 21 6 4 1 4 6 6 3 1 3 6 4 4 4 4 4 4 0 0 4 2 4 5 3 3 7 7 4 2 6 6 6 7 7
23 29 53 37 37 51 48 37 33 33 28 29 30 31 31 31 31 31 26 29 30 29 27 27 24 23 37 18 26 37 33 20 9 20 13 7 13 16 9 30 34 40 47 42 8 46 50 54 0 0 10 22 31 35 33 34 30 25 25 27 32 27 22 4 0 6 4 4 4 4 6 4 4 4 1 1 4 2 6 6 17 11 16 21 6 7 7 7 8 13 5 6 5 3 3 7
39 36 37 37 36 56 62 32 32 31 31 33 32 33 29 25 22 23 28 23 24 23 23 27 27 18 36 12 14 19 31 32 33 40 40 37 28 12 0 40 28 15 31 56 54 36 21 22 13 8 12 11 18 31 35 29 33 29 28 20 8 11 17 19 24 6 4 4 4 4 4 4 6 6 6 4 4 4 4 10 7 8 1 8 24 23 4 7 7 3 7 7 5 5 38 3
34 32 39 30 25 37 28 26 33 31 27 29 31 34 33 25 21 20 29 28 23 24 25 26 45 41 15 14 15 18 19 17 16 36 0 0 14 20 16 6 3 55 65 54 50 36 26 32 29 72 10 12 17 26 28 28 29 26 21 21 23 23 26 24 20 21 4 4 6 4 4 8 6 1 1 6 8 6 3 15 18 19 15 7 0 6 4 4 4 2 5 3 7 6 6 6
35 29 41 33 15 32 30 26 25 29 28 30 27 24 27 26 22 21 20 21 21 23 23 50 65 52 18 14 14 37 37 37 9 28 32 11 17 17 29 35 24 5 0 0 63 49 40 38 36 25 15 5 0 12 23 23 22 24 28 31 31 26 24 21 16 16 16 16 18 6 4 4 6 6 3 4 6 3 3 3 12 12 17 16 12 4 4 13 5 0 27 27 7 7 5 10
34 36 36 58 40 41 34 32 30 26 22 23 23 21 23 6 8 39 28 27 27 27 27 35 46 37 37 37 37 37 37 8 0 25 29 20 14 10 7 6 7 0 1 4 24 24 22 61 20 20 23 17 11 6 12 17 30 30 28 33 36 20 20 20 30 26 26 26 24 24 24 6 4 4 4 0 1 3 3 3 17 12 24 13 31 27 4 5 3 7 3 3 7 9 9 12
37 36 39 31 36 42 38 32 30 20 22 24 29 23 21 7 53 52 52 52 53 59 27 28 37 37 38 37 37 25 27 26 32 21 21 26 27 26 27 26 25 24 23 24 23 7 24 24 24 61 23 23 25 19 18 19 21 17 12 24 24 22 31 21 22 23 24 23 22 22 22 22 1 1 0 4 2 2 4 13 13 15 11 38 5 4 6 6 4 7 7 11 9 9 10 10
41 41 43 31 28 33 35 31 31 23 21 21 26 28 5 30 38 59 23 53 53 38 29 27 33 6 6 14 23 14 0 12 26 27 28 27 0 25 27 4 27 5 0 26 26 0 58 62 26 42 48 22 40 28 23 24 25 25 25 25 16 29 23 23 22 28 33 31 28 26 4 22 22 23 25 24 25 2 15 14 12 13 15 20 18 16 17 11 6 9 23 25 25 24 25 24
25 24 30 29 24 25 29 27 32 29 22 23 24 24 6 6 50 26 25 35 39 10 25 27 26 27 26 20 36 28 27 27 26 0 5 7 0 25 26 19 16 11 4 26 27 0 4 27 27 50 52 24 24 23 23 25 26 29 21 11 22 24 22 18 19 26 32 40 42 43 4 24 24 4 3 3 23 23 23 24 23 13 13 26 21 20 20 26 25 25 23 12 10 39 31 29
24 23 26 27 25 22 28 28 25 29 26 25 27 27 25 25 38 25 37 11 26 41 53 25 23 42 26 25 27 26 45 47 34 17 13 29 19 7 0 2 6 3 27 28 0 0 0 27 39 34 27 26 50 46 35 33 30 27 31 25 35 33 20 20 18 18 24 19 17 29 26 25 21 22 17 17 18 15 13 14 18 19 13 20 22 25 26 26 7 17 21 12 16 14 14 15
26 25 25 26 26 23 23 24 24 25 25 24 24 25 25 23 23 32 39 8 21 17 55 67 71 60 42 33 35 36 2 19 39 28 29 30 25 24 6 3 0 6 25 9 5 0 0 27 49 57 27 26 37 40 39 35 34 32 31 30 22 19 19 20 21 19 27 28 25 25 25 15 20 19 21 21 21 18 19 18 18 17 15 9 7 8 4 25 28 3 10 14 12 14 16 32
30 27 28 40 32 26 25 27 26 26 26 26 26 27 26 24 31 5 8 8 10 17 37 17 19 27 60 53 30 20 28 32 7 24 34 24 26 25 25 20 10 4 25 25 28 29 28 27 1 2 26 25 31 30 37 44 44 38 39 42 36 26 25 25 29 32 28 24 31 29 17 19 16 15 19 26 22 18 18 24 19 12 6 8 9 18 4 4 7 5 10 26 21 22 24 25
27 30 31 32 37 44 32 24 24 25 4 37 37 37 37 3 4 26 5 11 33 4 35 42 51 63 60 58 64 28 24 35 30 10 15 9 28 12 17 22 10 5 25 0 3 25 25 1 45 26 25 35 33 30 23 41 56 27 28 32 39 37 31 28 25 37 44 39 35 32 31 38 32 30 31 25 23 22 31 20 15 14 17 7 6 4 18 20 20 18 21 14 26 11 23 17
25 29 37 40 31 40 18 37 24 30 6 0 37 10 6 45 4 21 8 19 7 8 21 32 33 35 13 0 34 56 28 37 42 21 18 28 12 7 8 0 4 7 25 6 1 3 23 0 43 26 27 44 32 46 66 62 28 25 25 27 27 30 30 30 36 43 44 39 44 43 33 36 48 51 44 40 25 21 20 31 23 17 17 13 12 10 7 5 7 8 10 12 24 24 36 37
27 30 36 36 29 25 37 37 37 32 24 21 27 39 3 36 1 24 14 7 2 37 54 42 43 32 47 46 17 12 31 35 31 32 10 18 29 18 6 6 4 4 3 0 2 13 3 11 6 0 43 47 55 63 31 30 34 34 25 22 24 24 23 23 42 41 21 37 38 29 24 17 23 22 19 19 27 17 7 10 13 8 11 12 9 10 9 9 7 10 7 9 33 25 10 14
27 27 25 28 30 26 25 37 37 33 14 25 9 11 38 36 37 30 8 20 20 37 37 37 40 54 47 36 20 78 95 19 28 23 15 19 36 38 42 27 16 8 18 14 3 14 14 25 67 45 4 48 22 27 19 18 22 29 35 30 24 26 26 22 25 23 18 19 24 27 31 27 26 28 30 28 28 16 51 53 47 38 5 13 12 7 0 9 20 27 9 13 9 7 4 9
32 35 37 24 27 26 27 27 37 37 41 31 27 35 53 23 16 22 22 32 32 42 20 20 44 29 6 13 19 23 20 19 21 23 19 58 39 40 6 10 16 12 11 10 14 12 13 14 29 0 46 43 57 39 29 23 15 15 21 28 24 23 27 25 23 27 31 23 19 26 28 41 57 53 36 31 34 30 15 19 14 24 33 33 28 24 18 20 0 5 10 6 6 5 31 37
16 32 33 24 26 25 25 30 40 51 49 47 53 52 40 26 29 38 47 51 37 31 41 38 25 30 37 37 37 9 14 7 10 7 8 9 70 11 7 5 13 0 8 9 12 10 12 12 25 0 29 46 42 38 30 31 30 25 19 26 26 26 25 24 23 23 25 26 53 57 50 31 9 10 11 31 18 11 18 4 18 23 25 22 20 17 18 25 30 5 6 31 9 25 13 4
