examples/data/proba_v_italy_sicily/probav_s10_toc_x19y03_20150111_333m_ndvi_v001.txt
ncols         1127
nrows         589
xllcorner     12.348214285714
yllcorner     36.598214285714
cellsize      0.0029761904761905
NODATA_value  -9999
[rows 510 to 560 of 589, columns 288 to 383 of 1127]
2 5 1 5 31 29 0 2 2 27 27 29 27 22 31 32 36 39 32 26 30 30 29 31 30 30 30 32 36 37 36 33 25 22 25 15 1 1 19 3 1 5 30 32 33 33 4 4 1 4 4 4 37 0 1 31 27 4 1 37 4 4 4 4 4 4 4 4 1 4 4 2 2 4 9 27 28 50 41 38 36 33 32 28 38 3 37 7 5 3 31 5 3 3 3 3
2 5 11 14 14 4 0 0 0 31 28 30 31 28 26 29 25 30 31 29 29 28 33 37 35 33 30 27 30 36 35 30 23 1 5 5 5 5 5 5 5 17 31 31 32 3 26 27 26 1 20 29 3 3 36 29 26 31 27 30 4 4 4 1 4 4 1 4 4 4 4 2 2 2 2 4 4 2 50 49 48 38 5 7 7 7 29 7 7 5 26 23 20 24 22 23
27 26 28 28 10 9 2 2 3 29 28 29 3 3 25 20 3 23 5 30 31 30 33 37 37 39 38 37 24 1 3 5 5 5 5 5 5 3 3 5 20 5 5 5 5 3 34 31 36 36 30 32 3 3 34 37 35 6 8 8 4 1 1 1 1 4 4 1 4 4 1 1 4 4 2 4 1 4 4 4 2 5 7 7 7 7 28 7 3 3 5 41 24 3 5 3
28 2 10 6 1 6 2 0 3 29 31 26 0 3 25 3 3 0 5 5 28 31 29 33 35 37 40 39 33 27 1 1 3 5 5 33 32 37 39 39 32 12 1 1 5 5 5 40 41 45 36 30 33 35 32 32 32 1 1 4 1 4 1 4 1 4 4 1 4 4 1 6 4 1 1 4 4 4 4 4 4 4 7 7 7 5 7 23 3 3 0 22 5 28 3 7
8 8 13 8 2 2 2 1 3 26 27 26 0 0 3 1 1 3 5 5 5 30 29 30 31 30 35 31 31 44 43 38 35 34 29 26 28 25 24 35 47 39 22 1 35 37 22 17 5 8 18 19 16 17 23 30 4 4 1 1 1 4 1 4 1 1 6 1 4 6 4 4 1 1 1 1 6 4 4 4 4 4 7 5 5 5 5 42 3 0 5 0 5 30 7 7
11 10 15 11 4 1 2 1 28 24 0 24 23 24 3 1 1 1 5 3 5 30 32 4 4 3 1 3 3 29 28 5 5 34 34 30 33 30 30 33 40 30 20 1 1 26 28 5 5 3 3 5 5 3 6 25 4 4 6 6 6 1 1 4 4 1 8 4 4 4 4 4 6 4 4 4 4 4 4 4 4 4 7 7 5 5 5 36 7 5 2 0 0 28 30 2
27 12 12 7 5 28 26 24 24 0 0 0 28 0 0 3 0 5 1 1 5 5 8 3 4 4 3 3 3 26 28 30 29 27 28 34 37 36 35 34 38 35 25 16 16 26 32 1 1 3 1 5 5 3 6 27 2 4 6 6 6 6 6 4 4 4 8 4 1 4 1 1 4 4 6 6 4 4 4 2 4 4 4 4 2 7 5 28 5 0 2 2 5 2 32 33
27 31 16 10 29 27 3 0 29 0 3 3 0 3 3 3 3 3 1 1 5 5 5 8 4 4 3 3 1 32 30 31 32 38 40 27 30 34 29 30 41 48 49 47 29 23 29 38 3 5 5 5 5 0 3 17 17 1 6 1 4 8 6 1 6 1 4 1 1 6 1 1 1 4 4 4 4 1 4 4 4 4 4 4 4 2 2 7 28 2 2 2 2 5 2 26
19 15 12 9 28 0 6 3 3 0 0 0 0 0 3 0 5 3 3 5 5 8 5 5 3 3 1 5 5 5 8 38 27 8 40 31 17 36 48 5 5 5 3 3 5 23 25 29 3 5 8 32 5 5 5 8 6 6 4 4 4 8 6 6 3 6 6 6 6 6 4 4 4 4 4 4 4 1 4 4 4 1 4 4 2 2 2 36 35 4 2 2 2 2 2 28
14 7 4 3 27 3 7 5 6 0 0 0 0 3 3 5 5 5 5 5 5 5 1 1 1 3 1 3 3 8 8 5 5 5 5 2 2 18 5 5 3 5 3 5 18 3 5 5 5 5 3 3 28 5 5 5 3 3 4 4 4 8 6 3 3 6 6 6 6 1 21 32 34 37 37 4 4 1 1 1 4 4 4 4 4 4 2 28 4 4 2 2 2 2 2 2
9 4 2 0 2 1 1 2 0 0 0 3 0 0 3 5 5 5 5 5 5 5 1 1 1 5 5 5 5 5 3 5 5 7 2 5 5 5 5 2 5 5 8 52 43 22 17 25 5 5 5 5 3 6 3 5 3 3 8 4 1 1 33 25 25 23 19 6 40 33 1 4 1 4 1 4 4 1 4 1 4 4 4 4 4 4 2 28 4 4 2 2 2 2 2 4
6 3 3 3 2 0 0 0 0 5 3 3 3 3 0 2 5 5 27 25 20 21 19 26 28 24 5 3 7 5 5 5 5 2 2 2 5 5 7 5 5 5 36 36 33 5 5 3 3 5 2 5 5 8 3 5 3 5 1 1 1 6 28 6 6 6 34 32 32 6 1 1 4 1 4 4 4 4 2 4 4 1 4 4 4 4 2 4 33 35 31 2 4 2 2 2
9 5 5 8 7 3 0 0 0 5 0 0 0 0 2 2 5 3 24 3 8 5 5 1 1 5 5 3 5 5 5 5 2 2 2 2 5 5 2 5 5 5 5 5 5 5 5 5 5 5 5 0 5 5 5 6 6 3 6 6 25 18 26 6 1 1 6 6 6 6 6 1 4 4 1 1 4 4 1 1 1 1 4 4 1 30 29 30 29 2 4 2 2 2 2 2
29 38 35 26 24 26 27 33 0 0 2 2 5 0 0 5 2 3 5 32 1 3 5 3 5 8 5 5 7 5 5 5 2 5 5 5 24 20 5 5 5 5 5 5 8 5 5 5 5 5 0 0 5 5 3 3 6 6 6 6 22 6 1 1 6 6 1 6 1 1 6 6 4 4 31 26 27 1 4 1 1 4 29 29 29 29 4 4 2 2 4 2 2 2 2 4
21 11 5 9 8 5 2 27 0 1 0 0 28 28 30 27 27 28 3 5 3 2 5 7 5 2 5 5 7 5 2 2 5 5 5 31 21 5 11 7 5 5 5 5 8 5 2 5 32 26 28 28 5 5 5 6 6 30 23 27 38 3 6 6 6 6 6 6 6 6 32 31 26 24 18 4 22 25 24 26 4 26 27 2 29 29 4 4 4 2 4 2 2 2 2 2
20 17 9 9 9 1 0 0 0 3 0 0 29 4 4 25 0 22 27 5 5 0 2 5 2 5 5 5 5 5 5 5 5 5 5 36 2 5 2 2 5 5 5 5 5 5 5 5 20 2 2 29 27 5 5 8 6 26 4 1 6 6 6 6 6 6 6 8 8 6 31 33 1 4 1 4 4 4 1 27 4 28 2 2 4 4 2 2 2 2 2 2 2 2 2 2
29 17 11 10 9 1 29 26 29 0 3 3 3 3 28 1 4 2 22 30 7 2 2 2 0 2 2 2 2 2 2 2 0 0 2 5 31 5 5 5 5 7 7 7 28 21 32 5 38 2 2 5 5 0 5 5 43 35 1 6 6 6 6 6 6 3 6 6 6 6 6 6 4 4 4 0 4 4 4 28 29 33 31 2 2 2 2 2 2 2 2 2 2 2 2 2
26 32 8 9 4 0 0 1 3 0 3 0 2 3 30 3 3 2 5 0 0 2 0 28 29 26 26 29 2 2 2 0 0 0 0 0 5 5 5 5 5 2 2 5 30 5 5 5 2 2 8 8 0 0 5 5 27 3 6 5 6 6 6 6 6 6 3 5 5 3 5 8 6 1 8 6 1 4 4 29 1 4 2 2 2 2 2 2 4 2 2 2 2 2 4 2
17 15 11 10 4 0 1 29 3 3 3 0 26 27 34 34 3 33 28 24 21 21 22 25 2 7 4 32 0 4 4 4 2 5 5 2 32 2 5 5 5 5 2 5 5 5 5 5 2 0 8 8 2 0 5 5 37 8 5 6 6 6 6 6 6 6 3 5 5 5 3 3 6 3 6 6 3 3 4 1 4 4 4 2 4 4 2 2 4 2 0 0 2 4 4 2
14 7 6 8 6 4 2 31 29 30 29 31 28 2 3 25 23 24 2 27 2 2 0 4 2 0 0 23 2 0 2 2 2 7 7 2 2 2 7 5 2 5 2 2 5 5 5 7 0 2 0 2 2 0 19 27 28 8 3 5 5 5 3 6 3 3 3 3 5 5 3 3 6 6 3 3 3 6 6 1 4 4 4 2 2 4 4 2 2 2 2 2 2 0 2 4
12 7 5 11 9 4 4 1 27 24 23 2 2 2 8 6 6 4 4 7 2 5 0 2 2 7 7 26 29 26 0 0 2 5 2 2 2 2 5 31 22 24 32 5 5 5 5 2 33 28 35 31 2 0 27 0 0 5 3 5 5 5 5 6 3 3 3 3 5 8 8 5 5 6 6 6 6 6 6 4 1 1 4 2 4 4 4 2 2 4 2 5 5 2 2 2
11 10 7 3 4 1 2 3 2 30 3 2 1 2 5 8 3 4 4 7 2 2 2 2 7 7 7 2 5 28 28 26 25 22 19 26 0 0 27 27 0 0 5 2 5 5 32 31 33 2 2 30 27 27 30 2 2 0 5 0 5 5 8 5 3 3 5 5 3 3 5 5 8 8 3 6 3 3 6 1 1 6 8 1 2 2 2 2 2 2 9 8 5 4 2 5
11 8 10 8 5 3 5 3 2 1 3 2 1 5 2 5 8 3 4 4 7 2 2 2 2 2 2 2 2 5 7 30 28 0 2 0 2 30 27 2 2 2 0 2 5 5 14 4 7 0 0 0 30 0 31 32 0 0 2 5 5 5 5 5 3 5 8 5 3 3 3 5 5 3 6 3 3 3 3 6 6 6 6 2 2 2 2 2 2 6 4 9 12 4 9 9
10 7 8 11 4 2 4 3 1 3 3 3 2 2 2 2 5 3 3 6 6 2 2 2 2 2 2 2 2 4 2 2 31 0 30 29 24 26 0 2 40 0 2 5 7 5 37 33 4 7 4 2 1 4 1 4 4 1 4 4 0 0 5 5 5 5 5 5 5 3 3 5 5 3 6 3 3 6 3 6 1 4 2 2 2 1 6 6 2 2 2 2 4 4 7 8
14 10 6 9 5 0 0 2 0 2 2 0 2 5 5 5 5 8 6 3 3 7 7 7 4 2 4 2 4 0 0 0 2 2 2 2 2 32 34 2 25 31 26 22 29 2 32 2 0 0 2 1 6 0 0 0 3 3 1 4 2 0 2 2 8 5 0 5 5 8 6 5 5 5 6 6 6 6 6 4 2 4 2 4 1 8 6 2 6 6 2 2 2 4 4 2
18 14 5 4 2 0 3 0 0 1 7 3 7 7 5 5 5 5 3 3 3 6 4 7 4 2 7 7 7 7 2 2 0 4 4 4 2 28 32 2 0 29 30 3 27 27 31 37 2 2 2 1 3 2 0 0 4 0 0 3 6 1 4 2 2 2 2 2 5 5 5 5 5 5 3 6 6 3 6 4 2 4 4 4 4 8 6 4 2 2 0 6 2 4 2 2
14 12 6 3 0 0 0 0 0 0 3 2 2 2 7 5 5 2 8 6 6 4 7 4 4 2 2 7 4 4 0 4 4 4 4 4 4 4 4 1 4 1 0 5 9 4 1 6 4 2 4 2 0 0 1 0 4 4 1 2 2 9 4 4 0 2 0 0 2 5 0 0 5 3 3 8 1 6 6 6 22 23 6 4 1 4 6 4 0 0 6 2 0 2 2 2
10 11 4 2 0 0 1 0 4 0 0 0 5 5 2 10 10 5 11 6 6 7 7 7 4 4 2 7 4 4 2 7 4 4 4 4 4 4 1 4 4 4 3 0 2 4 4 0 3 4 4 2 4 0 4 0 0 4 0 4 4 2 3 4 4 2 2 4 7 0 0 8 5 3 3 6 1 1 1 6 18 20 1 1 1 4 4 6 6 2 4 7 1 4 3 2
9 9 6 5 0 0 0 0 0 3 0 0 1 5 1 1 5 7 5 8 6 7 7 7 7 7 2 2 4 7 2 7 7 4 4 7 0 0 4 4 4 4 4 6 4 7 4 1 0 2 4 8 2 1 0 0 0 0 0 0 0 4 4 2 3 3 6 4 4 0 0 5 6 6 6 8 8 6 1 4 4 2 4 1 6 6 6 4 6 2 5 8 6 4 7 4
12 9 3 1 0 0 0 0 0 6 0 0 5 5 5 4 4 9 6 7 11 3 7 4 4 4 0 2 7 7 2 7 2 2 2 7 2 2 7 4 1 4 1 1 0 4 5 4 0 4 8 2 1 0 0 4 4 4 7 4 0 6 0 0 4 4 2 0 0 4 2 2 5 6 6 6 6 1 6 6 1 4 4 6 6 6 4 0 4 6 2 5 5 4 5 6
12 9 3 0 0 0 0 0 0 0 0 0 1 5 1 4 8 12 9 2 7 5 6 6 6 7 7 2 7 7 2 2 2 2 0 5 5 5 2 4 4 4 4 4 4 2 7 9 0 4 7 7 5 3 0 6 2 2 2 4 7 9 2 7 2 7 0 4 0 2 6 4 5 3 3 6 1 1 4 2 2 4 1 1 4 6 6 2 0 6 6 2 2 2 7 8
11 5 3 3 0 0 1 3 2 2 0 0 0 5 1 4 12 12 12 5 9 10 1 2 3 7 4 2 2 7 7 2 0 2 5 3 3 5 5 5 8 5 2 2 7 1 2 5 1 0 7 7 7 5 3 4 4 9 9 5 7 7 6 6 2 6 2 0 0 1 2 3 4 3 3 6 6 1 4 2 2 1 4 4 4 4 4 6 2 6 6 4 2 2 2 7
4 0 2 0 2 1 4 3 2 5 5 5 5 5 5 4 4 8 12 12 5 9 2 7 8 6 4 4 7 7 7 7 2 5 8 5 5 5 5 1 5 5 2 8 2 2 4 5 9 1 0 7 8 7 2 2 4 4 7 4 3 2 4 2 2 5 5 2 2 2 0 4 3 4 3 3 6 6 4 4 4 4 1 4 2 6 4 4 6 4 6 6 6 2 2 2
4 1 0 0 0 1 4 3 0 5 5 5 0 5 5 4 12 12 12 12 12 4 5 9 10 1 8 4 4 7 7 5 5 5 5 5 1 5 5 1 8 3 3 8 8 3 0 4 9 4 0 4 7 2 4 4 4 4 7 9 9 9 2 0 6 8 4 1 7 2 2 6 4 9 4 3 3 6 4 1 1 4 4 4 4 4 4 4 4 0 2 2 2 0 2 2
7 3 3 0 2 4 7 3 0 2 5 5 2 0 1 8 12 6 12 12 12 12 4 8 2 7 5 3 4 2 5 5 7 5 5 8 3 1 5 8 8 5 3 6 6 6 5 0 9 9 2 0 4 7 2 6 4 4 7 7 4 9 2 7 6 5 8 8 1 5 2 6 6 7 3 4 3 1 1 1 1 1 4 4 4 4 6 4 4 4 6 4 4 2 2 2
1 2 0 0 2 1 4 7 0 0 0 5 5 2 5 8 12 12 12 12 12 12 12 12 5 6 7 7 5 3 4 7 5 3 5 8 3 1 3 3 6 6 3 6 6 8 5 5 4 9 7 2 6 2 4 2 2 0 9 9 9 6 9 5 7 6 5 8 3 3 2 2 2 0 4 6 2 3 1 0 1 6 1 1 6 6 6 4 6 6 2 2 2 2 0 2
3 0 0 0 2 1 4 6 0 2 2 5 9 9 2 9 4 12 3 12 12 12 16 12 4 5 6 7 7 2 3 4 2 3 5 3 3 4 4 1 8 6 3 3 6 6 5 5 4 6 5 7 2 4 7 4 4 2 2 7 7 5 6 3 2 4 6 6 0 2 5 5 6 0 7 2 7 0 3 1 1 3 0 5 5 3 1 4 4 6 6 2 2 2 4 4
1 0 0 0 2 7 4 6 2 0 2 5 5 9 9 9 8 8 12 7 7 16 12 12 4 8 9 6 3 7 2 3 4 2 5 1 3 4 4 4 1 3 6 3 6 3 6 5 2 4 5 5 7 4 3 7 4 4 4 4 7 7 8 6 0 5 11 11 7 2 6 6 2 6 7 4 2 4 0 0 0 0 2 2 2 2 0 1 6 4 4 0 6 2 0 0
1 2 3 3 2 4 7 6 10 2 2 9 9 8 5 5 5 12 12 7 7 7 7 12 12 4 9 2 6 7 4 2 3 4 2 5 1 1 4 1 6 6 6 3 6 6 3 6 0 4 6 5 5 4 4 5 4 0 6 2 6 6 13 5 3 2 11 17 7 13 13 6 6 6 7 4 5 6 0 0 5 2 2 0 0 0 2 2 0 1 4 0 2 2 4 4
4 2 6 3 2 4 7 7 6 2 2 9 5 5 5 9 1 4 12 16 15 7 7 15 12 12 4 9 2 6 7 7 2 3 6 2 3 3 3 3 3 3 3 3 3 3 3 6 3 2 4 0 7 5 9 9 5 0 2 7 10 8 8 9 7 5 7 7 7 13 10 10 13 7 7 7 8 5 4 2 2 2 2 1 0 0 0 0 2 3 0 4 4 2 2 4
1 1 3 2 2 7 7 3 6 2 9 9 0 6 5 9 9 5 8 7 11 11 11 15 7 16 8 8 5 2 6 4 2 2 0 4 7 3 3 2 5 5 5 5 3 6 6 6 6 3 2 4 5 7 2 3 8 7 5 7 8 8 12 7 9 7 4 7 13 13 10 11 10 7 11 7 8 5 4 2 2 2 1 0 0 2 1 2 0 5 0 4 1 2 4 2
2 6 3 0 0 1 7 6 6 10 2 9 5 9 9 8 8 8 4 12 2 11 15 15 7 7 12 12 8 5 10 7 5 2 2 0 4 2 4 4 4 0 2 0 2 2 5 3 3 6 6 0 4 8 5 2 5 7 9 8 4 8 7 7 12 12 6 6 6 6 10 11 7 8 11 11 8 5 9 3 7 1 0 0 0 2 0 1 2 0 2 0 0 1 4 4
0 1 3 8 0 5 11 10 10 2 2 9 9 5 9 5 8 8 4 8 7 11 6 15 15 7 16 12 12 9 2 10 10 1 2 3 4 4 2 4 2 2 4 4 2 4 4 7 2 0 5 5 2 9 8 5 4 4 6 8 8 3 4 7 4 7 5 2 6 9 9 10 7 8 8 7 5 8 2 3 0 0 0 0 0 2 1 0 0 5 1 2 0 4 0 2
2 2 6 8 2 5 5 7 6 10 2 2 9 9 9 9 8 12 12 8 6 7 15 15 15 15 24 12 12 8 9 10 7 7 0 3 3 7 4 4 4 1 4 2 4 1 1 4 4 2 4 4 0 4 5 8 5 4 0 5 7 7 7 4 7 7 7 5 7 5 5 6 7 7 8 5 7 7 5 8 3 0 0 3 0 2 0 0 0 2 3 2 5 1 4 4
5 7 6 3 2 5 5 5 10 13 10 10 2 10 2 9 8 12 12 4 12 7 15 15 15 15 24 16 12 16 9 10 10 7 5 3 6 4 4 4 4 1 1 4 4 4 4 4 4 1 6 4 4 6 5 5 8 4 4 2 8 4 7 4 11 7 7 12 5 12 12 5 6 17 11 7 11 10 7 7 5 3 0 0 0 0 2 0 0 5 3 1 2 0 1 1
3 7 4 6 8 11 11 5 5 10 10 6 10 6 10 9 9 12 16 12 12 16 15 15 15 16 16 16 12 8 13 10 10 7 5 6 9 7 4 2 0 2 1 4 4 4 9 4 6 6 0 3 3 0 0 7 10 4 4 4 6 4 7 7 7 7 11 7 8 5 12 12 5 6 10 7 10 7 6 7 7 5 5 5 0 0 2 5 3 6 3 7 2 0 1 4
3 8 7 7 9 11 11 11 5 11 7 10 10 13 10 2 9 8 16 16 16 12 7 7 15 16 16 20 20 12 13 10 7 11 5 6 4 7 7 5 5 4 4 4 4 7 4 6 6 3 3 2 0 5 5 7 13 10 5 7 7 5 0 4 4 7 7 7 8 8 8 12 8 5 6 7 10 7 6 10 7 7 5 0 0 5 3 3 3 3 7 4 5 3 1 1
4 3 8 7 9 9 11 11 11 8 7 13 13 13 10 13 9 9 12 16 16 16 16 16 16 16 16 16 12 13 16 13 5 5 8 6 4 7 4 8 5 0 4 4 1 4 4 4 6 3 2 2 5 7 1 4 7 17 7 7 4 6 12 0 0 11 11 20 7 8 12 8 12 12 9 13 10 7 6 6 14 8 5 0 3 3 0 3 3 13 4 4 2 1 1 1
7 4 8 8 12 12 9 6 11 11 8 10 13 10 10 10 13 9 9 16 16 16 16 16 16 20 16 16 13 16 13 8 9 7 9 12 7 4 4 7 2 2 0 2 2 4 4 4 9 9 2 8 8 7 7 4 4 9 9 4 7 7 6 2 0 11 0 15 15 7 7 10 12 8 9 13 13 7 7 10 7 8 8 6 6 0 0 1 4 2 5 5 10 10 4 0
5 4 4 10 10 12 12 9 9 9 11 14 14 10 10 13 17 13 9 12 20 16 16 16 16 16 12 20 8 8 9 15 13 11 5 9 7 4 4 2 2 0 8 2 4 4 4 9 6 5 2 2 2 7 7 2 2 4 9 17 7 7 10 6 8 0 0 0 0 11 8 8 12 12 9 17 10 10 10 7 11 5 3 7 4 4 7 4 2 2 3 5 10 10 6 6
7 11 9 8 13 10 12 12 12 9 14 14 11 14 14 14 10 10 13 9 12 20 12 12 20 20 23 18 16 15 9 16 20 18 8 6 12 8 6 4 4 6 6 3 4 4 9 4 6 9 5 8 5 7 7 8 8 7 3 9 0 7 7 3 12 8 7 11 0 0 0 12 5 10 13 6 6 4 5 8 14 14 12 9 5 2 7 2 2 7 8 8 8 8 5 4
