examples/data/proba_v_italy_sicily/probav_s10_toc_x19y03_20140921_333m_ndvi_v001.txt
ncols         1127
nrows         589
xllcorner     12.348214285714
yllcorner     36.598214285714
cellsize      0.0029761904761905
NODATA_value  -9999
[rows 208 to 259 of 589, columns 384 to 479 of 1127]
100 99 106 101 98 86 78 97 110 105 142 131 79 81 128 146 155 148 119 144 118 91 92 88 104 107 92 92 76 78 79 60 54 54 46 77 85 57 77 75 64 72 70 68 71 79 82 84 86 78 72 75 75 73 60 68 72 80 95 93 84 79 73 71 70 71 72 77 74 73 75 75 68 72 70 63 69 76 69 75 74 75 74 67 63 61 73 75 72 75 75 75 76 81 73 68
114 130 133 132 105 77 80 104 188 197 197 179 105 87 90 89 94 125 133 92 83 75 91 112 104 105 109 91 69 72 75 58 54 71 59 61 80 86 87 86 75 76 75 70 69 68 73 85 86 72 80 90 71 68 65 63 65 74 79 92 91 84 78 79 77 74 72 78 73 74 74 68 64 68 74 70 64 70 66 71 72 72 74 74 70 69 78 85 82 81 74 76 78 77 73 80
129 139 139 132 106 94 104 83 110 188 193 130 96 90 88 83 79 86 96 86 72 69 87 102 75 89 97 91 86 72 67 64 53 58 60 48 70 81 81 90 87 89 81 73 62 51 67 72 72 67 66 67 59 67 68 67 66 68 70 92 92 73 72 74 76 78 77 76 75 70 66 72 70 69 69 71 64 59 64 73 74 69 71 73 69 70 79 87 87 83 74 72 70 71 76 78
111 92 96 95 103 152 180 117 82 99 120 91 75 76 81 72 63 70 79 77 73 70 61 72 74 89 85 81 100 78 56 62 58 53 56 66 57 71 72 74 75 77 94 98 76 66 73 76 70 70 71 68 70 81 74 65 67 69 72 77 88 88 82 77 78 77 74 68 73 80 68 67 69 71 71 73 66 61 64 70 79 81 78 75 75 75 72 77 85 83 83 77 68 78 83 83
151 144 151 128 110 81 181 165 128 109 92 84 84 85 77 75 84 74 73 76 78 82 70 63 63 69 72 71 103 96 57 63 57 56 57 44 68 74 69 74 90 87 75 108 116 99 83 73 68 71 71 67 72 78 68 64 67 67 70 72 67 74 80 81 82 83 86 86 96 107 99 94 87 87 90 82 77 78 87 88 91 95 82 80 75 68 71 74 74 75 77 83 94 108 123 142
190 209 205 146 145 200 204 198 178 179 136 134 127 95 87 104 94 76 53 74 85 81 83 79 76 82 77 70 87 85 73 53 49 64 77 77 112 92 69 71 83 83 79 106 114 118 97 79 72 68 66 64 69 80 72 67 69 66 67 68 68 73 77 72 71 71 77 77 74 78 84 92 93 93 87 79 83 83 73 77 75 68 79 80 71 74 72 67 84 79 69 83 108 131 123 105
169 192 197 98 144 210 177 163 173 190 206 207 161 99 102 110 102 87 106 100 96 87 84 74 80 88 86 82 85 74 56 60 57 108 134 111 99 90 66 65 74 71 80 114 110 93 104 120 90 70 68 64 61 65 67 71 69 67 68 65 65 74 72 61 64 74 75 72 72 74 67 60 73 78 77 73 71 70 66 70 75 68 71 77 78 83 90 80 100 93 80 96 105 109 95 78
180 177 161 176 169 169 128 140 172 179 141 122 103 88 82 74 83 79 70 75 64 73 80 75 74 79 85 77 81 84 64 54 77 95 102 100 85 78 73 70 68 72 76 104 109 101 86 92 97 94 80 65 62 66 70 70 68 68 71 67 70 77 69 58 62 68 70 69 68 76 73 66 70 70 69 74 74 69 63 68 74 71 67 70 81 92 87 77 91 104 93 92 91 88 87 86
124 101 95 155 162 178 176 180 168 130 91 83 86 77 76 70 73 69 58 68 65 73 90 87 81 70 69 69 74 87 61 63 56 49 96 85 74 85 80 75 75 79 83 96 96 83 70 70 68 89 96 75 68 70 72 72 67 70 70 65 70 75 76 63 59 62 61 68 74 76 70 68 68 64 68 72 72 70 69 68 69 70 71 72 74 76 82 86 85 92 89 87 87 82 76 75
124 87 48 87 98 92 96 105 110 116 112 97 77 88 92 77 68 69 69 80 81 80 87 84 83 79 72 71 77 81 79 84 92 86 76 90 94 88 77 81 92 84 85 92 85 72 71 65 56 73 88 85 84 81 79 69 66 65 61 69 73 73 74 71 65 59 63 75 80 76 73 73 74 71 74 75 75 74 76 72 70 71 73 77 75 71 74 78 80 79 87 100 92 77 72 67
106 103 91 77 87 86 82 78 83 83 77 76 73 69 80 79 79 84 76 69 71 73 84 101 92 81 66 64 69 88 72 67 84 78 78 77 75 79 98 105 86 78 70 89 92 76 69 68 70 67 78 98 92 103 112 83 69 76 62 84 90 77 79 75 63 58 69 75 72 68 69 71 70 72 72 70 69 69 73 69 69 68 69 77 77 75 70 74 87 100 110 104 81 71 77 64
82 72 67 66 89 104 81 73 84 80 74 77 82 74 75 80 80 83 85 73 70 76 81 81 76 72 69 68 73 94 105 72 114 107 92 79 74 81 91 85 72 74 72 74 77 72 66 69 70 66 71 104 94 86 111 118 80 73 74 81 90 85 84 78 63 62 77 73 64 63 67 72 72 70 72 66 63 66 70 69 68 66 65 69 69 69 66 75 78 83 116 134 109 90 77 65
96 106 119 135 170 154 108 128 98 88 81 70 63 72 73 73 73 80 89 81 75 74 74 75 79 76 86 81 76 81 94 77 110 92 79 89 86 85 95 93 82 92 91 80 71 70 69 68 66 67 73 96 96 83 100 126 103 76 79 81 81 76 71 70 68 69 71 71 64 65 69 76 82 81 77 72 64 65 67 66 66 64 68 73 73 70 65 69 77 80 101 118 113 108 74 66
78 65 98 97 130 167 164 135 110 93 81 79 76 81 73 81 87 93 91 91 83 66 69 80 85 87 86 79 70 73 90 125 126 92 82 96 102 106 120 135 98 100 104 93 71 69 68 63 64 68 85 106 106 95 104 111 92 76 71 72 74 66 67 69 71 69 63 60 59 63 70 74 76 74 76 77 74 67 62 59 67 67 71 66 72 81 74 74 76 71 78 99 104 86 64 75
77 76 77 77 82 93 130 179 141 106 83 77 77 86 84 91 133 177 170 118 107 83 82 90 96 96 94 78 68 72 76 88 98 108 97 83 90 86 91 138 110 88 93 97 86 82 82 68 65 65 106 124 112 97 91 90 78 77 73 66 71 74 71 69 71 67 62 58 58 66 70 72 82 74 64 71 73 67 61 56 63 66 74 71 68 75 72 71 85 80 76 77 90 107 73 68
63 61 58 82 80 82 89 129 146 97 86 81 94 105 120 144 161 140 93 75 85 96 107 127 126 99 92 72 64 74 69 66 65 88 87 70 76 72 83 138 104 75 91 97 87 75 77 70 58 65 108 108 98 86 74 78 78 77 69 64 67 69 71 66 65 64 62 65 63 65 68 67 68 77 71 68 67 64 60 57 62 65 71 69 65 67 70 76 83 80 75 69 73 65 71 59
53 54 106 101 103 101 102 112 113 81 114 134 131 172 196 190 143 97 84 66 81 143 161 159 137 87 80 66 72 78 78 73 67 81 90 75 69 68 101 132 100 74 86 88 81 70 65 65 55 63 86 97 91 85 76 82 84 84 78 74 79 73 71 71 68 64 61 61 64 65 67 71 69 68 68 64 62 66 67 74 77 69 69 69 63 58 58 66 69 74 69 57 66 59 67 71
53 59 107 80 78 96 109 114 140 102 114 176 176 164 181 207 196 162 158 124 79 100 143 131 81 69 78 82 82 74 76 74 79 96 102 95 95 106 97 98 96 82 78 82 85 80 73 88 87 78 78 98 93 78 78 77 77 88 79 75 82 76 68 78 79 71 66 67 71 72 73 70 64 71 73 65 72 79 76 76 73 78 82 75 70 66 61 61 71 75 64 56 63 47 47 62
57 56 81 76 73 74 85 89 137 130 96 144 182 154 148 182 192 193 187 171 99 72 112 140 100 91 97 92 92 85 69 75 76 86 80 93 111 100 76 84 88 96 89 84 88 75 75 86 114 115 99 103 108 85 78 69 63 74 70 71 73 75 76 76 77 73 75 70 76 75 70 70 68 69 74 73 79 79 80 84 74 80 94 84 75 82 85 71 71 72 65 67 73 54 52 63
55 73 72 69 70 75 76 89 141 112 89 110 170 178 189 187 194 200 193 142 85 88 155 190 127 71 71 71 78 104 96 82 80 80 80 86 107 121 106 90 77 76 76 81 95 81 82 85 91 110 114 100 111 134 129 105 79 65 68 67 70 73 73 69 75 74 70 66 66 74 73 73 76 71 66 71 72 70 68 77 76 78 84 103 108 103 86 73 77 69 64 67 50 50 52 65
56 73 78 73 70 71 72 108 190 148 88 84 118 159 201 203 179 163 165 137 116 136 168 180 135 93 87 96 93 87 99 105 105 105 102 92 111 129 120 98 72 75 103 119 122 130 129 125 121 107 100 113 122 136 151 145 128 98 76 65 66 70 75 79 82 78 77 75 71 68 72 75 80 88 83 83 80 68 63 72 75 69 67 81 103 73 52 61 66 64 62 64 52 51 71 72
57 66 70 71 77 85 83 96 171 201 133 79 92 117 131 124 90 86 93 88 92 116 170 180 177 173 176 183 156 110 107 116 112 113 104 93 105 112 121 130 123 127 121 116 127 107 116 129 133 129 128 126 108 105 105 114 152 145 92 72 64 74 85 75 74 83 80 76 73 77 82 80 73 68 70 70 70 70 64 64 66 71 76 72 87 84 61 62 65 66 59 63 51 54 69 67
77 69 74 92 102 104 94 94 161 196 133 82 85 104 82 68 72 72 74 89 81 55 143 159 174 185 186 184 194 180 89 78 102 112 131 123 118 128 139 168 156 125 122 122 129 100 86 86 105 129 135 100 100 113 96 79 80 84 111 110 95 94 86 74 77 93 90 83 83 89 88 75 69 66 67 76 73 76 75 69 68 64 74 84 80 84 77 62 64 67 65 52 50 52 58 60
65 73 78 95 107 103 94 99 146 179 126 81 75 80 79 82 80 73 74 68 64 74 111 133 184 184 171 158 175 198 131 76 112 135 148 138 144 151 158 141 138 147 144 128 116 110 101 101 117 102 119 117 94 77 61 63 63 67 97 140 139 116 86 79 76 77 82 79 77 70 68 68 63 68 66 76 77 76 76 76 76 69 77 84 79 75 87 81 67 72 72 55 56 69 72 70
68 75 79 92 99 95 99 86 100 132 117 79 73 77 76 75 75 80 80 57 67 122 99 88 114 164 190 189 166 168 122 94 116 138 130 131 152 148 108 85 89 105 127 120 120 108 113 90 86 97 113 115 104 85 66 64 64 66 69 100 117 134 102 79 80 74 73 70 73 70 70 70 73 77 68 66 62 64 67 74 77 74 70 77 75 69 89 94 81 78 72 56 54 73 65 59
76 77 75 83 109 130 161 133 108 127 141 92 76 79 82 78 74 96 106 49 83 100 74 73 82 120 141 181 168 136 115 126 137 142 129 138 171 117 78 82 84 87 95 114 105 105 117 87 64 69 92 111 113 89 64 63 60 65 60 73 96 130 114 82 79 80 72 67 69 63 67 77 95 97 79 86 75 67 71 70 74 90 81 69 77 78 92 96 93 81 59 56 51 71 78 65
78 76 74 72 114 184 177 121 99 137 135 91 72 78 83 81 79 94 105 66 61 99 75 77 87 125 160 173 146 122 92 96 130 140 135 119 95 96 85 89 93 98 86 100 109 112 110 96 75 76 83 104 92 65 61 62 60 66 58 58 71 98 134 131 91 70 66 76 81 74 70 66 73 107 127 136 132 123 120 81 76 89 79 74 77 74 76 91 105 96 61 56 67 68 87 71
71 73 79 75 102 183 154 106 113 138 136 112 90 85 86 83 85 87 85 84 78 86 74 85 129 178 196 203 179 125 94 78 97 126 111 92 76 84 113 110 108 118 127 117 110 109 113 114 119 126 110 83 68 70 68 65 64 70 77 72 71 86 100 112 117 89 78 70 66 77 74 67 71 88 90 84 96 86 111 125 77 79 93 93 85 79 74 85 99 102 65 60 78 69 82 90
67 71 71 101 159 164 132 105 154 170 183 188 162 158 167 136 92 98 83 80 92 77 68 91 173 196 193 195 151 95 81 81 85 88 83 90 81 93 186 197 165 129 127 131 125 119 128 111 105 96 80 94 94 76 70 71 60 62 81 102 91 88 76 87 123 125 86 66 68 72 70 71 68 62 63 68 68 70 74 83 72 69 81 113 111 87 82 78 79 108 74 59 62 63 65 76
73 79 81 111 171 142 112 108 114 157 155 169 171 174 172 169 137 102 81 74 80 81 80 86 115 113 99 103 109 78 76 71 85 86 82 85 85 89 159 200 185 151 131 138 140 119 103 89 94 106 105 114 96 72 65 61 60 56 54 91 83 66 71 70 82 122 119 72 64 67 69 71 76 68 64 69 71 71 68 71 72 72 68 77 95 86 83 79 71 63 65 67 76 69 62 64
101 84 79 107 167 141 127 147 122 141 145 150 151 150 158 176 178 157 125 113 115 105 87 91 100 94 83 76 70 69 73 99 93 89 86 81 85 88 117 170 166 171 164 140 131 128 109 83 96 109 83 75 75 72 71 74 86 81 81 80 76 86 92 76 70 104 135 82 63 67 70 76 72 69 69 70 70 60 64 70 65 72 75 66 70 79 81 76 72 55 57 79 90 71 64 67
108 83 70 96 166 169 165 118 107 78 108 145 132 137 162 186 149 133 126 101 93 92 89 94 97 90 80 78 70 72 90 103 102 93 86 81 81 86 120 160 136 137 148 143 152 142 134 113 101 102 86 85 86 84 96 109 89 79 77 72 88 104 106 101 88 84 112 85 56 65 69 73 76 70 67 70 74 64 60 63 63 68 73 81 90 97 76 70 72 56 53 63 64 66 63 64
129 107 113 142 184 179 182 132 82 75 91 121 158 142 105 96 88 91 95 83 90 95 78 76 83 79 77 78 78 74 86 100 115 108 86 67 74 90 159 190 155 141 140 172 157 129 115 112 119 116 99 89 99 104 111 89 78 78 78 87 99 102 100 101 88 69 67 77 63 71 74 73 75 75 71 71 67 64 60 58 61 71 77 87 76 103 103 63 57 64 56 68 62 74 75 68
134 120 130 162 182 198 193 167 97 74 75 82 161 152 89 80 87 86 83 83 94 93 91 79 79 75 74 76 79 78 72 71 84 83 79 69 83 137 180 170 147 160 159 166 145 111 110 118 116 89 87 92 94 104 116 110 94 90 87 90 99 113 117 101 74 65 66 89 77 64 67 75 89 84 63 63 63 71 66 59 66 72 74 70 67 82 89 87 63 62 74 77 78 81 84 84
121 126 122 118 117 132 118 106 89 78 80 79 108 101 80 79 88 80 72 66 75 68 75 76 75 80 82 77 81 82 78 79 76 78 89 99 128 163 164 187 168 131 140 169 171 116 95 88 81 84 96 75 76 87 91 96 94 100 80 64 53 81 134 120 89 63 68 103 98 63 61 60 71 80 61 59 66 66 63 59 63 63 63 73 72 71 70 77 68 64 82 88 81 96 80 67
82 129 134 98 88 97 93 90 86 86 81 84 86 87 88 86 86 100 75 61 67 73 78 90 95 99 95 83 74 70 70 78 90 131 183 184 165 162 151 125 110 114 144 162 118 122 105 80 69 66 62 61 74 88 99 112 99 81 64 66 62 61 103 103 91 72 75 107 92 85 83 80 81 96 85 75 73 65 69 65 69 82 83 89 84 79 70 65 75 70 89 79 66 76 68 58
77 105 134 110 98 101 108 105 103 107 94 90 81 81 78 75 78 78 68 67 83 99 107 95 85 85 89 98 88 79 71 74 116 182 184 174 98 101 138 133 133 152 187 153 116 111 113 98 83 80 83 73 87 95 106 107 93 80 90 91 89 92 98 88 77 73 76 85 73 74 77 77 73 93 102 94 83 75 88 88 74 76 78 84 67 67 73 67 68 72 62 58 63 62 65 61
116 108 126 123 118 108 94 90 96 111 123 154 132 108 94 94 101 96 96 86 104 112 99 92 80 76 76 79 87 90 88 136 178 179 155 156 140 121 121 148 166 151 180 175 131 106 105 96 97 92 82 75 75 94 96 101 82 74 81 87 96 97 90 77 68 74 91 84 74 74 75 74 71 64 67 94 120 95 81 71 68 71 64 62 53 55 63 58 56 63 58 59 63 54 68 73
108 118 124 126 126 121 115 112 122 148 152 177 194 182 168 174 185 187 179 125 102 104 97 88 74 74 77 92 121 176 188 184 168 142 142 152 128 123 141 122 149 195 185 131 112 113 107 95 111 110 94 86 84 86 88 85 82 71 65 66 83 89 79 75 72 94 108 97 91 83 87 96 72 67 71 81 116 108 60 67 77 81 74 73 69 60 67 60 57 64 58 56 54 60 67 70
94 100 115 123 126 125 114 104 105 122 152 170 178 177 172 175 167 170 170 129 100 89 88 87 76 110 157 169 168 175 168 135 123 124 131 153 154 112 123 122 139 174 165 119 110 108 100 105 125 86 76 98 107 100 89 87 88 80 72 69 72 70 74 82 89 111 97 88 104 86 85 101 84 70 68 70 72 88 81 79 95 88 77 72 79 68 60 64 79 74 62 64 72 76 65 61
157 151 147 161 180 162 125 113 98 86 90 131 164 160 176 187 176 168 173 144 96 79 95 131 105 88 121 116 94 115 124 97 123 156 168 182 158 113 102 126 142 130 155 139 121 100 92 106 91 65 76 97 100 89 83 78 73 75 75 71 77 79 73 72 80 100 98 77 79 72 51 70 83 76 67 67 66 76 85 88 105 78 62 65 73 75 59 65 83 77 70 78 83 74 67 65
148 166 147 118 103 138 150 115 118 116 122 110 104 113 154 182 183 180 173 167 136 121 173 214 177 119 136 111 117 129 123 115 136 168 154 169 149 109 105 149 161 125 137 122 104 95 103 102 91 81 85 82 91 88 70 63 60 53 63 71 83 78 65 66 74 97 96 66 68 76 72 66 70 79 65 56 63 67 65 61 66 68 63 65 67 80 67 78 99 83 78 73 67 66 65 64
105 104 89 75 74 95 151 97 81 88 93 100 101 114 103 131 174 184 176 157 162 182 183 156 118 85 89 111 136 133 97 96 107 115 111 130 148 128 130 153 191 167 120 108 106 105 116 110 116 105 91 88 79 73 59 54 64 64 71 77 67 60 64 68 70 94 101 68 56 65 78 66 69 83 74 68 62 65 66 60 66 64 59 61 66 69 77 77 93 79 82 78 68 62 59 68
80 76 78 80 78 81 134 126 84 87 84 89 96 99 90 141 194 181 178 164 164 190 159 126 87 86 101 117 111 123 125 102 97 101 98 118 161 127 99 104 164 182 122 106 109 106 112 94 87 97 99 95 83 73 62 58 65 73 63 60 59 63 75 77 67 74 106 86 73 66 68 64 63 62 71 76 66 65 71 70 63 59 62 68 65 60 67 66 64 70 74 74 66 74 68 65
93 86 86 80 83 84 108 137 97 78 79 97 97 83 91 108 163 184 192 191 179 187 147 104 90 89 112 132 123 110 115 109 103 107 119 155 179 156 123 118 136 129 93 88 92 105 108 83 93 109 112 107 99 97 88 82 85 79 79 74 73 78 71 66 66 79 114 100 73 64 72 71 74 78 70 65 64 64 60 66 88 88 92 99 77 58 55 62 63 76 79 66 56 61 64 67
90 90 86 82 89 97 97 98 86 86 96 102 111 90 79 89 138 186 196 163 131 150 146 144 115 103 102 103 113 120 119 117 118 105 126 166 153 163 171 152 123 103 90 80 82 97 111 103 106 102 118 120 113 103 102 103 102 85 80 71 70 67 61 65 69 80 90 80 69 69 79 75 79 81 67 60 60 59 60 75 93 89 91 90 87 62 56 73 67 71 74 67 63 77 82 85
83 87 88 82 78 89 89 85 80 88 92 98 95 105 114 126 141 149 127 109 121 152 101 109 129 114 108 121 146 132 124 129 119 106 138 135 88 123 166 125 94 94 88 69 68 78 86 86 97 116 144 117 95 83 81 68 70 71 68 69 70 67 61 69 68 73 80 72 71 66 60 64 60 63 68 70 60 54 58 65 71 73 77 75 69 60 50 62 64 66 69 77 86 87 77 77
78 82 89 82 76 73 75 79 85 102 79 86 84 91 120 112 91 93 108 148 198 191 108 90 118 108 119 127 133 155 125 90 87 94 143 164 148 149 118 87 82 87 87 77 72 70 76 92 90 91 97 81 81 90 73 57 63 65 66 68 63 61 59 62 63 79 82 72 67 66 60 62 61 57 68 72 56 54 61 67 69 65 69 70 62 72 69 61 72 85 90 85 81 84 81 80
96 88 75 65 69 67 71 83 90 81 74 61 73 87 121 156 160 177 212 217 192 181 147 109 96 82 72 94 98 99 88 73 72 75 88 117 112 98 101 90 89 96 83 76 69 63 78 89 81 74 71 68 81 80 69 58 57 67 63 57 54 58 65 64 74 84 73 67 58 60 59 57 57 56 61 65 66 68 74 74 79 83 99 109 98 96 95 95 108 96 97 95 94 96 88 91
101 87 77 79 80 72 73 75 80 77 72 65 81 99 127 167 166 133 161 177 178 158 123 82 73 95 88 85 80 62 63 61 74 85 71 58 67 65 89 107 90 105 92 76 80 82 75 72 71 87 87 86 85 77 84 67 60 64 65 68 69 69 77 79 77 67 59 60 57 60 63 58 53 57 66 58 75 99 102 93 82 88 94 100 105 104 85 78 91 92 77 76 96 84 73 86
93 87 88 86 81 84 83 84 83 78 76 79 91 97 93 113 103 81 93 126 147 119 95 68 74 90 94 80 69 60 60 62 71 82 77 59 67 74 91 93 76 86 83 77 75 81 81 83 77 82 82 77 80 89 98 75 68 65 63 73 82 93 97 81 81 74 67 66 62 58 55 54 58 76 87 75 81 93 97 95 90 88 95 70 71 94 68 60 63 69 68 73 91 86 81 89
82 69 74 90 97 93 82 82 89 85 78 81 90 82 71 79 94 91 75 84 100 89 83 74 79 93 72 59 65 63 66 67 69 71 73 65 67 73 73 74 83 97 86 70 71 80 91 84 82 82 91 86 71 96 124 83 70 73 77 87 101 105 88 78 81 74 79 80 69 61 66 64 68 87 102 94 79 85 96 92 86 83 87 67 71 116 95 73 64 60 65 72 82 96 103 103
