examples/data/proba_v_italy_sicily/probav_s10_toc_x19y03_20150411_333m_ndvi_v001.txt
ncols         1127
nrows         589
xllcorner     12.348214285714
yllcorner     36.598214285714
cellsize      0.0029761904761905
NODATA_value  -9999
[rows 235 to 281 of 589, columns 0 to 95 of 1127]
-9999 21 31 31 22 22 23 24 22 22 24 24 23 24 25 24 24 24 25 24 24 31 29 25 25 25 25 25 25 25 25 26 27 26 26 26 27 27 27 26 31 31 30 28 28 28 29 29 30 32 31 32 31 34 32 33 34 34 35 35 36 35 37 38 38 38 38 38 41 40 39 40 41 42 44 43 45 74 83 57 53 62 62 62 56 65 70 84 97 105 133 149 147 136 143 133
-9999 31 31 22 22 32 32 22 22 23 24 23 22 24 24 24 25 26 27 25 24 32 29 24 25 25 25 25 25 26 26 26 25 26 26 27 26 27 27 25 31 26 28 30 28 30 29 29 29 32 33 30 33 33 31 31 31 31 33 34 34 35 36 36 35 37 37 37 36 36 39 39 40 41 41 39 44 44 32 32 35 44 56 76 89 81 82 86 90 93 119 148 147 137 145 144
-9999 22 29 32 31 32 33 23 23 24 24 24 24 24 23 24 25 25 25 25 33 32 32 25 26 26 25 25 26 26 26 27 25 26 25 28 28 28 26 26 25 30 30 26 29 28 30 29 30 30 29 31 30 30 31 31 31 31 32 32 32 34 36 36 33 35 35 35 35 35 36 37 39 39 40 42 40 44 40 39 40 43 44 72 94 107 106 117 90 85 120 158 128 120 120 143
-9999 31 29 22 33 33 23 24 23 24 24 24 22 23 24 33 25 23 25 25 32 29 26 25 26 25 25 27 25 25 25 26 25 25 25 30 26 27 26 27 25 30 27 30 30 30 30 30 30 29 29 28 29 30 31 31 29 29 30 32 33 33 35 33 34 34 33 34 33 34 34 37 38 38 38 37 37 38 42 44 42 40 44 43 45 59 87 123 140 126 110 145 132 142 154 156
-9999 23 22 23 31 22 23 25 23 23 23 22 23 22 23 24 26 25 25 25 32 30 26 25 24 26 25 25 24 25 24 31 31 26 25 30 26 30 26 30 30 27 27 30 30 30 29 30 30 30 32 30 30 30 30 30 30 28 30 30 31 31 33 29 33 33 34 34 33 34 36 35 36 36 34 35 38 36 36 38 41 42 43 44 46 48 50 79 112 139 130 130 159 160 154 166
-9999 23 22 22 22 23 23 25 24 23 23 23 25 23 23 25 24 25 24 33 30 29 24 25 24 25 25 24 24 25 25 30 25 27 25 25 25 24 25 25 30 27 27 29 30 29 29 30 30 30 29 29 30 31 31 29 28 31 32 33 31 31 31 31 31 32 30 32 32 33 34 35 36 36 35 37 37 37 38 39 39 37 38 42 45 47 49 50 52 104 125 134 154 163 150 160
-9999 22 22 22 23 22 22 22 24 33 23 33 33 23 32 24 22 24 25 30 30 23 25 25 24 24 24 24 24 24 25 25 30 30 27 26 26 25 25 25 26 26 27 30 30 29 29 29 29 30 26 27 27 29 28 32 29 31 31 32 29 28 28 30 31 32 32 32 31 32 34 36 37 35 36 38 36 36 38 38 37 37 40 43 45 47 46 49 49 92 104 123 127 151 167 162
-9999 22 21 32 22 22 22 22 23 22 22 22 32 22 24 23 22 25 25 29 29 24 23 25 25 24 23 24 25 23 24 24 24 30 30 31 25 30 26 24 30 29 30 30 30 30 30 30 28 30 27 29 28 30 29 28 27 29 32 29 29 28 30 30 30 31 31 32 32 33 31 33 35 36 35 36 34 32 36 38 37 36 38 40 42 46 46 47 50 96 101 122 123 148 154 112
-9999 21 21 23 24 22 23 21 23 22 33 22 23 23 23 23 25 24 24 30 29 24 24 24 24 24 23 24 23 23 25 24 25 26 26 31 26 25 30 26 30 26 29 30 29 30 30 30 28 23 25 28 28 29 30 29 28 28 28 36 27 43 42 39 30 30 31 32 31 31 31 33 33 34 35 35 35 34 34 37 36 37 38 41 41 42 43 45 47 98 101 119 132 151 152 127
-9999 22 22 23 24 23 21 21 23 23 24 22 23 22 23 25 25 24 32 29 29 23 24 23 22 22 23 22 22 24 24 30 23 25 26 25 25 25 30 29 29 29 29 29 29 29 29 30 31 28 24 27 28 28 28 29 30 29 28 31 28 28 29 31 31 30 31 34 32 40 32 32 32 30 33 35 34 33 34 35 37 37 39 40 39 41 44 46 49 99 104 111 130 139 144 142
-9999 24 24 23 23 21 21 22 23 23 21 22 22 22 24 24 23 23 32 30 24 24 24 23 23 24 24 22 24 25 25 30 24 25 25 25 25 29 30 29 26 29 30 30 30 26 26 34 26 27 27 26 28 28 26 27 27 28 28 31 32 31 40 40 37 29 38 39 34 41 36 32 30 33 33 33 35 35 34 36 36 37 37 38 37 39 42 45 47 49 91 108 123 122 100 111
-9999 21 22 22 22 22 22 22 22 23 23 22 23 21 22 24 23 24 30 29 25 25 24 24 23 24 23 30 23 25 25 25 25 25 25 23 30 29 29 29 29 30 30 26 29 29 25 22 25 26 26 30 26 26 26 38 37 37 32 31 31 27 28 29 41 27 28 36 30 33 31 30 31 32 32 31 31 34 33 32 34 34 37 37 37 35 39 47 69 57 61 94 114 123 94 86
-9999 23 22 22 23 23 22 21 21 21 22 22 23 23 23 25 25 30 30 29 24 24 24 24 24 24 23 22 23 23 30 25 23 25 26 25 25 22 29 25 25 29 30 30 25 25 25 22 25 26 29 26 26 26 26 26 29 41 38 35 31 34 29 30 35 39 21 29 26 28 32 32 29 32 31 32 31 31 35 35 34 35 37 35 35 37 84 82 91 86 71 89 104 116 110 96
-9999 24 21 21 21 23 22 21 22 23 23 23 23 24 23 23 23 29 29 22 24 24 23 24 22 25 24 23 24 23 30 22 25 25 25 24 25 24 24 25 25 29 24 25 24 25 25 28 23 30 29 28 27 26 27 28 28 45 57 62 49 44 34 26 24 37 41 22 25 34 29 26 38 36 34 31 31 31 32 34 35 35 33 35 35 34 34 40 99 112 80 84 98 126 126 109
-9999 22 23 22 21 21 22 21 22 22 23 22 22 22 23 21 24 32 32 22 23 24 23 24 23 24 23 23 24 23 30 25 26 25 25 24 29 27 27 29 27 30 29 24 26 26 25 33 28 25 29 27 28 26 27 27 27 29 29 27 28 55 57 39 24 33 76 58 24 40 46 31 30 31 31 32 31 32 31 32 33 32 32 36 34 32 37 40 44 44 91 86 96 120 137 129
-9999 21 23 22 21 22 22 22 23 22 23 23 22 21 22 22 23 32 32 24 23 23 23 24 24 24 22 25 25 23 22 25 26 25 25 23 30 27 25 24 24 29 30 29 25 26 32 14 23 44 26 30 25 26 30 29 27 29 29 26 28 29 66 82 54 30 31 55 36 29 29 28 36 30 30 36 29 31 30 31 32 34 33 35 34 31 34 37 40 43 43 78 85 88 117 137
-9999 23 22 23 22 22 23 22 23 23 22 23 22 21 22 23 29 31 24 24 24 24 23 23 23 23 23 25 25 25 26 26 25 26 24 25 25 25 25 26 30 29 30 25 30 25 54 39 12 29 39 26 24 31 31 25 26 25 27 28 27 29 27 30 40 39 31 55 49 33 45 35 31 35 32 29 28 28 28 30 32 32 32 33 33 33 48 37 38 40 43 43 45 85 98 122
-9999 22 22 23 23 23 22 22 23 22 22 22 22 23 22 23 33 33 25 24 24 24 23 23 22 22 23 22 31 30 30 26 25 25 30 29 27 29 29 29 29 29 29 29 29 24 49 74 53 38 61 50 38 26 25 26 26 26 25 26 30 27 32 29 37 37 30 28 56 39 30 48 43 31 32 30 30 30 30 30 30 44 31 33 33 43 55 42 37 40 42 43 46 47 77 110
-9999 22 21 22 23 22 22 21 23 24 23 24 22 22 23 22 30 32 23 23 23 22 21 23 21 22 30 22 30 29 24 30 25 25 24 27 27 29 27 27 27 30 30 30 27 29 29 30 29 30 26 27 26 28 27 27 26 27 51 45 35 37 29 28 27 35 40 30 28 26 29 28 28 31 31 31 41 32 29 31 30 43 46 32 31 50 39 38 36 36 38 40 44 49 54 78
-9999 23 22 21 21 22 22 23 23 23 23 24 22 23 23 29 29 32 22 22 23 21 21 23 22 22 23 23 22 29 30 29 30 24 24 27 27 27 27 27 27 27 30 29 27 40 46 25 29 25 27 27 28 26 26 25 25 26 26 27 42 40 38 29 28 27 31 28 28 28 28 27 39 31 31 30 30 30 28 29 30 42 44 30 33 32 60 45 48 49 35 38 43 48 48 54
-9999 22 22 21 21 21 22 22 23 23 22 24 23 23 23 31 30 23 23 23 23 23 23 23 22 22 30 30 22 23 24 29 27 24 24 29 27 27 27 27 27 27 30 30 30 27 45 27 30 30 29 30 25 26 25 24 25 26 25 28 27 28 29 28 29 28 27 28 26 26 28 28 28 29 29 42 39 25 32 28 29 34 29 32 33 32 54 41 33 49 43 36 36 54 55 46
-9999 22 22 22 21 21 21 21 23 23 22 23 23 23 23 31 30 23 24 24 23 21 22 23 23 30 23 23 22 23 24 24 29 23 27 27 29 29 27 27 27 25 30 30 27 27 38 38 25 30 30 25 26 27 25 25 30 27 27 27 26 28 30 29 43 50 37 29 26 26 28 27 38 30 38 27 42 31 24 30 27 30 29 31 28 36 40 32 46 34 37 37 37 39 46 47
-9999 22 22 22 21 22 23 22 22 23 23 23 23 23 31 32 30 24 23 23 23 22 21 22 22 30 30 30 23 29 29 24 30 24 30 29 29 29 29 29 29 27 30 30 30 29 29 47 26 30 30 24 25 25 24 25 25 26 26 26 26 28 27 28 27 27 64 28 26 26 27 26 51 35 41 38 28 44 39 34 38 29 30 29 24 30 32 32 40 34 28 32 38 39 44 46
-9999 22 22 23 22 22 23 22 23 22 22 23 24 24 29 31 23 23 23 23 22 22 23 22 29 29 30 30 23 23 29 29 27 30 29 29 29 29 29 29 26 30 29 30 29 30 29 33 44 32 26 35 24 25 41 27 26 27 26 25 27 28 27 26 27 26 27 28 27 26 28 28 45 49 33 35 34 31 43 41 43 44 27 28 30 30 34 34 45 46 40 33 37 37 40 49
-9999 21 22 22 22 22 23 21 23 23 23 23 22 23 30 31 24 23 22 22 22 22 23 22 22 22 30 29 24 30 30 22 21 29 21 29 30 27 27 26 27 30 29 29 35 21 25 24 25 30 25 26 33 23 30 30 26 27 25 25 27 29 29 27 26 26 26 27 26 24 27 28 26 62 45 33 33 30 35 44 34 28 28 28 29 37 32 43 51 54 52 46 38 38 36 35
-9999 23 23 23 22 23 23 23 22 23 23 23 23 23 30 31 23 23 21 22 22 22 22 22 22 30 22 29 30 22 23 25 23 23 23 22 27 27 27 28 30 27 29 30 34 38 23 22 35 31 26 25 30 30 25 24 26 26 26 27 28 29 29 28 27 27 26 26 25 24 26 26 27 57 53 39 38 43 37 43 40 28 28 28 34 39 33 28 30 41 59 56 42 38 49 43
-9999 22 23 22 23 22 23 22 22 23 24 23 22 30 29 31 23 23 23 21 21 20 20 22 23 22 30 22 23 24 24 24 24 22 22 29 27 27 27 24 24 24 25 25 24 36 39 29 25 35 33 32 23 26 26 24 24 26 26 26 28 29 28 28 27 27 27 26 26 26 25 25 27 41 51 39 36 43 51 51 27 28 28 49 42 43 45 37 29 32 37 43 47 35 32 39
-9999 22 22 21 22 22 23 23 23 23 23 23 22 29 29 23 22 23 23 22 21 22 22 22 22 24 22 22 23 24 25 23 22 21 29 26 24 27 30 30 28 28 28 27 25 24 26 25 25 24 22 32 24 24 24 25 25 26 26 27 27 28 27 28 26 26 26 26 27 43 39 25 25 40 47 39 37 37 45 62 62 28 27 48 56 50 45 49 41 35 46 49 56 53 41 37
-9999 22 22 22 22 23 23 22 22 23 23 22 21 30 29 23 22 22 23 23 23 21 20 21 23 23 22 21 21 22 22 23 23 30 29 27 27 27 28 28 30 28 30 25 31 30 26 25 25 24 24 40 25 25 25 26 25 25 25 26 27 27 27 27 26 26 26 25 28 35 40 32 25 25 48 27 27 31 28 28 28 32 28 27 56 58 55 51 56 42 35 35 32 39 46 51
-9999 22 22 22 22 22 22 22 21 21 21 21 30 30 29 22 22 21 22 22 21 30 30 21 21 20 30 29 30 25 25 21 30 23 23 29 27 27 27 30 30 23 26 26 24 24 23 25 24 30 31 48 37 26 25 24 25 25 27 27 28 28 27 29 28 26 25 26 27 44 38 39 36 25 26 26 30 28 30 27 27 28 28 27 28 28 30 30 54 57 52 55 51 57 53 50
-9999 23 22 22 21 22 22 22 21 22 22 21 30 30 23 22 23 23 23 21 22 21 21 21 21 22 19 29 22 25 26 23 29 29 29 29 30 30 30 30 30 28 24 37 33 30 31 24 25 25 31 24 29 24 26 25 25 26 25 27 27 26 27 28 26 25 25 25 26 24 24 30 25 38 25 27 28 30 29 27 27 27 30 28 28 28 28 29 30 28 29 29 28 43 60 65
-9999 22 21 23 23 22 23 22 22 22 22 21 30 30 22 23 21 23 24 22 21 22 24 22 22 21 21 21 22 23 21 22 30 29 29 29 27 27 27 30 30 30 30 23 23 23 23 30 22 22 25 24 26 25 24 26 25 26 26 26 25 26 27 26 27 26 24 26 25 25 26 26 30 24 26 26 29 30 26 26 31 31 28 27 27 28 29 27 28 28 29 29 29 29 30 29
-9999 21 21 23 23 23 23 23 23 22 22 22 30 30 21 21 22 23 24 22 21 21 24 23 24 24 22 23 22 22 24 23 29 27 29 30 30 27 23 28 30 26 25 24 24 24 24 23 22 31 24 25 25 25 26 25 26 26 27 26 27 26 25 25 27 26 26 26 25 26 26 26 25 25 27 26 30 28 28 26 31 27 26 27 27 27 28 27 28 28 28 29 29 30 30 30
-9999 21 21 22 23 23 23 22 22 22 22 30 30 30 22 21 22 22 22 22 21 20 22 21 22 22 22 23 22 29 29 29 30 27 30 30 27 30 30 30 30 31 24 30 23 24 23 23 23 29 31 25 26 25 25 26 26 26 26 26 28 27 25 25 26 25 25 26 24 24 25 24 25 24 26 27 30 30 27 30 31 28 28 27 27 29 28 28 30 28 27 28 29 29 29 29
-9999 20 21 22 23 23 22 22 22 22 22 30 30 22 22 24 23 22 21 21 21 21 21 22 23 22 21 22 26 29 30 22 22 27 27 27 23 23 27 30 31 25 30 30 30 23 30 22 22 30 30 24 25 25 25 26 26 26 27 25 25 25 25 25 26 24 24 24 25 25 25 25 25 25 30 30 30 27 29 30 32 26 30 27 27 29 28 27 29 29 28 28 26 28 28 27
-9999 20 21 21 23 24 23 23 23 23 21 29 29 23 21 22 22 22 22 22 23 22 24 23 22 23 22 30 22 29 29 24 30 23 22 23 28 30 30 25 24 30 23 30 25 23 22 30 30 24 25 23 24 30 27 26 26 25 26 25 26 25 24 26 24 24 24 24 25 24 25 25 25 29 30 30 30 30 30 27 30 30 27 27 28 29 28 28 29 28 29 30 28 29 28 27
-9999 21 21 21 22 23 23 22 22 22 30 30 30 21 21 24 23 22 21 21 22 23 23 24 22 22 24 23 30 29 29 22 29 27 30 30 30 30 30 30 24 30 30 23 24 23 23 27 31 24 30 24 30 25 26 27 27 26 25 25 27 25 24 24 26 24 25 25 26 26 24 23 30 30 30 29 26 26 30 27 28 32 27 28 27 27 28 27 27 27 27 34 34 28 27 27
-9999 22 21 21 21 23 22 21 22 21 29 29 19 20 21 22 24 23 22 21 21 29 22 22 22 22 22 22 22 30 22 22 21 30 30 30 30 28 30 23 22 30 30 56 24 24 22 27 23 31 25 25 26 24 26 25 26 26 26 26 25 24 23 24 24 24 23 23 26 24 23 23 30 30 30 30 30 29 29 30 30 27 26 27 27 27 27 27 37 31 27 27 28 26 26 29
-9999 21 21 20 22 23 22 21 21 21 30 30 21 21 24 23 21 23 24 22 30 30 22 22 22 22 22 23 22 22 23 22 23 22 24 30 32 30 30 24 24 30 24 23 24 22 27 23 30 24 25 25 25 24 23 25 24 26 25 25 26 25 28 24 26 24 22 25 24 23 23 23 23 29 29 30 30 30 32 32 30 27 26 26 27 32 27 27 24 34 28 28 28 26 28 28
-9999 22 22 21 21 22 23 19 21 21 30 30 21 21 23 22 22 23 23 23 21 22 27 25 22 22 22 22 29 29 23 29 29 29 30 30 30 30 30 24 23 30 25 23 23 22 27 30 30 23 24 26 25 24 25 24 24 26 26 25 24 25 24 27 25 23 22 23 26 24 32 24 23 23 29 29 29 29 29 32 30 29 27 26 26 26 26 27 27 26 27 27 28 28 26 28
-9999 21 22 21 21 20 21 21 21 30 29 21 20 21 22 21 20 32 22 22 22 23 22 22 22 22 22 22 29 29 29 26 29 27 31 30 30 30 30 29 29 30 25 24 22 22 30 28 28 24 25 24 26 25 25 24 24 24 25 23 24 24 28 25 26 24 23 25 24 23 25 25 23 23 29 30 30 29 26 26 30 29 26 26 27 26 26 28 24 30 27 26 26 26 26 26
-9999 22 22 21 21 19 19 20 21 29 29 22 21 21 24 22 21 32 21 22 22 30 30 22 22 22 20 29 20 22 29 30 27 27 27 30 30 27 24 24 29 24 25 24 22 22 28 28 25 25 26 25 25 25 24 24 24 24 24 23 24 24 41 38 32 29 26 22 24 24 24 23 24 28 24 29 29 30 29 29 29 29 30 26 26 26 26 27 27 26 25 25 26 28 26 28
-9999 21 19 20 22 22 24 23 21 29 31 21 21 21 22 23 22 21 20 20 21 20 22 22 20 21 19 29 29 29 21 29 27 30 30 30 30 32 27 29 29 30 25 23 22 22 28 26 25 23 25 24 23 23 24 24 23 23 24 23 24 24 24 24 35 31 29 30 26 21 24 23 23 23 31 29 29 29 29 29 29 29 29 26 30 26 26 32 26 27 25 27 26 26 28 26
-9999 21 20 21 23 23 23 23 30 32 31 21 22 22 22 23 21 22 22 21 21 21 21 21 23 23 21 21 22 22 22 29 27 30 27 30 27 30 27 23 24 28 24 24 23 30 30 25 25 23 25 24 23 24 24 24 25 25 24 25 24 24 23 22 24 25 26 27 29 29 29 27 20 29 29 29 29 29 29 29 30 32 30 29 30 30 26 26 26 26 32 25 27 27 26 26
-9999 20 21 21 22 22 22 23 26 32 21 22 30 22 23 23 22 21 23 22 21 24 24 21 21 23 21 21 22 22 21 26 27 27 30 30 27 27 22 22 23 23 30 30 30 30 23 24 24 24 24 25 25 24 24 24 23 24 25 24 23 25 23 37 35 38 38 35 31 29 29 30 29 24 19 29 30 30 30 29 29 30 29 30 30 30 26 26 26 26 30 32 27 27 26 25
-9999 20 21 21 22 22 23 22 30 29 32 21 30 30 23 23 20 20 22 20 21 24 25 22 21 20 20 21 22 22 27 22 27 23 30 30 30 30 27 22 23 22 28 22 30 30 25 23 24 23 24 24 24 24 24 24 23 25 24 24 24 24 23 24 30 23 30 41 38 35 35 32 30 31 31 25 30 30 29 29 29 28 29 29 26 30 30 30 32 32 26 26 26 26 26 26
-9999 21 21 21 21 19 30 30 30 29 22 22 22 22 22 23 22 22 23 21 21 23 23 22 21 21 21 21 19 21 27 27 30 28 28 28 23 24 25 23 23 22 28 28 22 23 24 24 24 24 24 24 24 25 24 23 24 25 24 23 25 24 30 22 22 24 30 30 29 39 45 40 35 33 33 33 31 26 19 29 29 29 30 30 29 29 26 30 30 27 26 32 32 26 25 26
