examples/data/proba_v_italy_sicily/probav_s10_toc_x19y03_20150301_333m_ndvi_v001.txt
ncols         1127
nrows         589
xllcorner     12.348214285714
yllcorner     36.598214285714
cellsize      0.0029761904761905
NODATA_value  -9999
[rows 423 to 469 of 589, columns 864 to 959 of 1127]
154 163 178 186 206 224 215 210 202 206 212 183 189 167 148 171 84 108 95 82 99 200 176 158 160 200 188 160 147 166 188 201 192 185 171 224 200 200 196 217 213 194 175 190 195 178 175 182 192 191 194 190 186 189 205 217 219 194 184 183 125 121 195 181 194 195 116 130 133 140 140 113 137 147 143 139 126 140 124 135 153 172 198 209 206 210 215 209 190 193 198 200 186 193 195 165
171 186 192 167 205 207 182 178 184 188 195 189 197 183 170 121 160 177 171 172 174 191 196 205 200 183 182 184 173 165 183 192 197 210 231 202 198 190 196 214 223 218 195 187 193 203 197 188 189 196 200 192 184 172 179 187 187 183 164 150 122 172 162 187 184 191 120 107 118 130 132 133 109 109 123 116 105 107 122 109 99 134 189 218 218 202 207 219 202 205 211 205 184 197 194 172
206 224 217 191 219 219 190 182 188 188 196 182 188 174 178 146 219 210 202 198 187 191 193 217 219 212 197 174 214 209 200 200 202 220 222 198 197 198 200 203 190 185 200 191 190 207 186 186 191 189 190 192 185 190 154 193 128 134 132 125 205 108 116 131 169 160 128 103 96 110 135 143 136 131 121 107 88 78 92 98 95 110 148 187 209 208 204 218 215 222 226 218 204 212 230 190
139 246 187 202 222 227 203 191 190 186 212 211 133 136 130 178 213 215 195 184 165 171 185 209 240 229 227 227 246 222 207 205 212 214 199 206 206 214 214 213 207 193 195 194 192 201 199 192 200 202 195 203 197 197 134 195 189 169 177 211 202 182 106 117 160 153 141 100 104 110 124 136 145 141 124 137 99 70 81 71 82 94 113 111 193 210 214 216 216 224 220 222 224 224 231 224
136 140 107 95 100 168 211 224 220 211 218 226 171 162 166 182 223 216 221 223 200 193 207 227 229 213 208 240 230 228 218 205 195 188 177 183 203 216 222 226 202 188 186 197 198 197 196 205 211 206 195 185 189 182 176 166 165 170 180 193 196 147 205 200 181 172 141 103 128 123 127 131 131 125 120 147 132 102 89 106 77 86 106 109 139 128 216 206 204 217 219 208 220 228 228 222
125 126 132 140 146 102 180 191 125 174 236 229 194 200 203 211 217 206 217 229 215 196 183 190 208 220 207 224 222 213 211 197 184 167 161 149 169 190 202 213 194 199 202 200 206 211 217 220 220 210 202 201 198 192 199 202 201 186 178 186 189 193 165 149 189 184 125 106 113 129 143 140 136 139 142 135 130 125 113 88 156 145 146 92 118 111 168 183 200 211 216 219 227 223 219 222
186 124 113 129 142 135 103 106 177 183 235 201 207 216 211 217 209 192 192 208 198 196 185 189 205 217 210 209 212 201 197 187 142 121 124 157 175 197 213 201 189 197 207 207 215 224 225 227 225 228 228 226 220 210 205 192 184 186 181 176 174 172 175 178 183 190 144 113 101 109 123 135 124 105 136 146 143 128 182 104 150 197 195 199 179 197 210 197 174 182 207 211 192 200 211 226
96 136 128 109 149 137 142 143 192 236 221 214 211 217 214 217 205 189 207 206 193 191 177 211 211 190 193 188 180 171 187 200 190 191 168 174 186 202 209 209 204 205 198 208 217 222 229 228 220 222 221 204 207 207 201 201 198 191 186 158 145 171 182 190 207 201 198 163 137 108 105 104 115 126 141 135 133 128 202 114 124 116 130 182 218 221 234 237 242 232 224 224 202 169 188 224
86 112 187 184 94 178 121 108 179 89 76 78 201 207 199 188 180 184 205 210 197 184 219 201 146 142 132 158 155 171 185 176 181 221 227 202 202 189 203 192 197 202 210 212 206 219 223 223 212 207 219 198 180 209 204 200 200 198 191 170 146 157 177 174 203 151 155 176 198 129 199 117 101 124 131 134 132 128 113 123 118 111 148 158 106 151 226 231 236 233 227 229 228 215 206 225
234 215 240 181 88 114 181 118 120 77 201 102 195 193 192 177 187 201 206 214 208 186 161 168 160 142 173 190 191 187 187 185 146 149 179 223 209 214 179 186 192 198 196 210 184 208 225 223 217 197 209 212 209 221 219 200 185 190 194 190 178 175 174 167 180 146 130 140 162 168 172 155 148 112 191 185 125 141 191 151 129 146 190 185 177 208 231 240 235 228 229 219 214 216 204 206
129 84 95 155 246 241 188 109 160 140 146 168 183 187 211 212 204 210 195 181 177 155 125 160 153 147 130 183 204 201 200 214 217 155 182 216 226 197 197 202 211 211 205 194 191 179 184 204 213 197 179 200 214 199 183 186 184 175 175 186 186 173 167 179 158 136 135 153 203 189 143 140 173 164 125 113 111 154 187 198 212 209 208 223 235 224 230 244 230 221 222 210 206 208 214 226
114 179 177 180 179 122 175 148 101 182 95 103 189 186 192 185 176 170 157 157 152 143 135 203 135 145 141 122 133 155 201 248 127 153 171 198 198 191 195 201 218 227 204 197 197 179 181 200 196 193 183 191 191 170 149 176 186 180 176 178 188 168 162 178 195 119 137 154 205 185 131 143 134 76 113 226 118 114 111 216 214 199 206 208 221 218 221 228 206 179 183 212 213 216 228 224
128 187 186 182 178 101 120 178 181 89 182 198 202 166 147 162 172 160 139 119 138 162 143 213 210 142 140 106 182 122 143 150 147 147 149 161 160 149 178 187 201 208 201 208 213 206 195 178 183 183 173 145 174 183 181 194 184 177 176 181 192 182 174 197 131 137 175 204 208 201 180 160 156 112 125 201 119 109 124 209 224 229 225 219 225 229 215 206 196 193 199 210 204 218 231 225
175 176 178 176 111 108 100 95 103 173 145 169 177 133 123 152 184 173 127 147 142 170 119 208 129 149 217 168 128 138 138 159 170 173 175 177 169 155 160 170 173 178 177 207 202 200 190 190 207 196 165 162 205 215 202 174 173 169 159 162 162 170 178 177 187 201 212 207 212 219 97 93 208 97 202 134 177 205 208 202 209 218 213 209 221 224 221 214 202 202 218 223 215 216 222 225
114 168 169 88 68 102 190 88 178 156 99 124 170 150 121 139 192 140 128 132 134 126 115 110 139 187 234 168 116 138 159 148 144 156 171 193 186 199 179 185 183 183 172 206 204 213 209 197 184 173 170 181 192 190 197 188 158 173 163 154 159 178 201 162 157 206 222 215 218 206 209 209 204 203 199 191 179 169 193 207 175 196 220 212 216 222 228 225 203 191 222 223 202 212 227 222
168 122 185 85 116 203 106 185 112 160 100 122 117 154 120 112 136 137 132 155 135 126 112 132 163 169 249 119 126 131 172 142 143 139 169 175 177 205 182 174 182 190 181 181 202 216 194 190 161 159 198 198 181 191 171 179 169 164 152 174 184 195 183 177 212 243 249 245 225 206 242 250 248 168 205 199 202 150 170 207 176 88 218 211 208 222 226 208 191 197 215 224 218 213 216 212
155 135 125 113 200 212 217 116 126 135 118 126 90 94 189 131 137 113 141 133 138 127 162 210 161 158 188 215 180 179 162 169 162 95 139 186 189 181 183 208 207 196 195 202 210 215 213 199 200 186 208 206 195 197 195 186 164 152 216 217 213 197 181 195 215 223 229 232 220 194 208 116 119 216 214 192 216 211 194 87 104 99 111 101 86 89 230 232 227 232 225 213 218 201 216 224
135 133 131 126 122 125 111 100 90 93 92 97 186 193 192 101 116 106 116 124 128 110 117 142 157 155 159 160 161 185 169 179 188 176 155 195 193 181 179 198 202 192 194 218 225 215 205 185 175 200 204 191 185 201 186 171 182 213 220 217 211 202 189 180 160 184 195 205 208 152 203 206 203 206 206 197 119 105 84 198 105 206 201 194 198 213 222 232 237 232 239 240 240 235 233 223
108 103 110 113 99 96 202 209 69 92 198 187 195 208 203 92 173 92 98 136 141 113 143 104 97 130 88 166 96 216 229 223 204 193 196 198 194 168 177 192 208 202 190 209 197 186 179 148 148 197 210 190 202 220 221 205 153 152 196 213 209 210 181 183 162 184 214 218 210 189 154 83 202 199 96 94 139 185 193 190 204 199 150 165 189 88 199 209 230 216 225 237 225 223 206 185
74 87 72 196 185 179 199 64 206 72 195 193 207 214 205 188 167 176 102 194 134 143 184 153 172 166 164 181 201 188 216 219 203 136 174 183 172 208 210 194 177 208 209 196 182 165 126 97 106 169 197 195 206 204 193 190 151 155 199 169 208 163 195 212 180 178 198 218 206 200 193 194 189 193 200 206 200 192 178 135 112 138 73 102 124 191 203 209 228 215 204 234 231 212 175 179
197 196 197 193 191 190 217 224 206 59 77 82 96 203 197 99 132 100 113 198 98 105 163 109 105 124 169 177 112 187 179 177 95 145 179 178 185 196 196 177 170 185 190 191 201 198 170 104 96 93 162 188 173 174 200 175 150 153 172 186 201 203 211 184 172 192 202 222 214 209 198 115 233 195 196 199 212 217 144 120 113 78 188 127 122 189 191 210 220 214 190 206 210 184 185 202
83 209 212 207 201 223 222 204 207 207 189 165 102 94 109 115 118 109 118 132 146 93 198 184 106 120 185 181 115 128 164 167 112 99 146 169 165 166 188 152 197 185 201 201 196 202 179 170 131 83 91 154 184 204 211 210 203 213 171 167 211 198 190 204 200 205 212 216 222 242 136 199 118 250 236 250 118 201 205 116 117 115 107 119 110 183 169 170 208 227 206 176 164 161 200 210
89 214 219 214 203 197 153 205 207 202 183 168 159 141 115 96 118 114 105 117 128 137 111 184 167 186 186 159 104 188 143 177 110 150 96 150 187 135 159 144 180 177 187 199 185 188 182 186 190 154 113 113 143 186 199 208 214 219 210 204 218 221 232 241 233 221 212 219 231 234 130 104 183 221 202 142 134 199 191 198 108 102 170 105 150 186 188 185 194 202 206 190 177 198 214 187
135 125 131 152 123 123 167 147 183 190 178 129 170 90 107 137 143 123 104 122 135 179 128 199 138 176 187 152 113 127 151 163 120 127 134 159 156 161 158 160 182 163 140 169 196 201 193 196 197 195 188 179 173 173 183 204 206 211 220 137 130 149 187 210 176 228 235 233 218 191 152 138 111 215 205 206 158 145 120 136 138 120 129 165 179 187 198 199 192 198 195 208 206 193 207 191
145 140 156 168 196 171 157 136 88 87 175 157 151 181 99 154 153 143 126 129 133 67 125 172 175 180 198 182 147 162 178 160 171 110 131 143 135 174 180 174 193 190 190 196 193 205 193 189 196 197 194 196 199 195 203 208 204 215 227 135 149 167 177 203 200 243 233 222 197 182 187 146 122 114 198 199 185 176 106 107 115 145 172 182 180 168 161 172 179 181 159 180 201 197 206 216
190 181 190 198 192 176 173 182 163 134 142 170 164 160 172 170 147 142 132 128 131 86 88 128 141 182 173 169 185 195 171 89 101 94 97 122 133 154 173 181 196 210 214 208 202 211 198 175 171 184 195 196 195 201 207 207 214 212 212 187 250 208 199 209 235 237 231 226 242 238 234 202 139 146 137 111 98 110 164 150 167 181 184 185 200 199 163 170 194 189 202 201 202 213 211 201
200 193 177 180 182 183 180 186 198 195 180 175 177 167 157 173 149 136 119 106 111 118 117 108 98 171 164 172 182 202 177 134 135 112 106 123 143 157 158 202 198 196 203 209 205 203 194 181 176 182 196 202 200 207 204 198 207 225 202 177 177 150 148 154 181 212 202 216 222 240 240 220 206 165 161 165 184 172 192 204 198 197 193 189 199 213 211 208 202 204 229 228 206 209 208 196
193 205 205 187 194 197 195 180 168 184 189 171 164 117 118 126 130 123 111 97 116 93 92 149 97 117 139 131 174 191 110 128 164 160 133 129 133 162 196 205 193 192 197 201 193 192 186 184 185 154 156 183 181 194 208 213 211 232 146 104 129 156 163 172 195 223 224 227 220 232 203 184 170 223 205 185 181 163 182 198 199 204 194 183 193 215 202 188 186 189 205 201 189 200 211 208
209 209 209 188 191 192 190 164 139 173 192 181 161 132 133 133 132 138 125 101 89 140 85 116 90 71 144 179 186 193 192 194 111 157 186 114 147 163 195 197 192 183 197 199 192 198 193 190 179 132 123 140 142 167 188 202 190 186 170 137 117 209 242 234 226 211 217 225 225 244 173 151 154 161 170 208 204 200 195 195 198 213 203 189 189 195 189 172 176 194 178 164 180 198 220 220
220 206 200 188 190 200 199 209 192 185 190 200 206 189 185 188 182 129 113 107 114 118 96 87 89 92 106 149 141 202 196 202 204 188 164 115 120 148 173 203 196 189 199 203 188 193 197 199 172 156 156 172 173 182 184 197 191 189 205 227 211 214 218 231 233 221 224 227 227 205 202 208 146 144 161 161 149 209 213 211 209 214 210 201 170 165 194 205 203 190 178 178 197 204 199 204
217 218 208 216 217 208 203 215 208 202 193 195 209 201 203 203 197 184 125 127 119 116 111 97 160 196 195 176 182 188 103 84 190 166 150 144 163 201 221 213 213 220 210 200 197 186 187 199 170 171 169 176 174 179 195 173 165 189 187 207 215 212 208 218 227 221 234 235 230 206 208 200 104 198 204 212 134 122 106 201 139 198 189 167 107 125 178 182 182 179 169 180 193 215 219 215
207 196 210 209 203 218 153 135 125 131 212 190 194 193 193 170 120 112 152 169 144 127 122 109 97 94 250 195 180 195 119 137 186 202 183 170 156 205 222 220 204 209 203 182 197 188 185 186 163 170 156 163 182 182 185 176 146 197 194 201 205 206 212 221 232 229 232 237 238 204 156 144 99 98 100 108 113 107 191 190 141 194 209 172 147 170 194 175 123 110 126 132 143 152 205 221
217 204 201 199 196 217 141 118 105 203 107 223 116 118 127 154 192 138 141 164 153 141 139 123 110 109 106 103 103 101 104 133 190 191 197 203 213 221 211 206 197 189 201 200 192 198 200 146 154 159 131 170 188 184 180 180 171 151 216 215 214 202 197 226 247 250 244 237 233 193 132 120 99 250 127 237 182 192 82 195 111 192 194 124 100 149 212 201 160 108 112 189 216 208 218 187
226 195 200 207 196 164 233 250 250 203 205 216 193 250 119 106 109 100 100 113 123 139 152 138 134 142 133 124 120 161 184 182 185 190 199 205 214 221 211 206 215 187 177 169 184 197 199 135 113 108 166 166 195 182 157 176 181 171 207 211 213 209 202 213 238 245 241 245 238 227 232 236 239 235 108 126 135 109 109 178 197 118 172 151 106 124 192 202 192 212 208 226 215 201 207 207
213 206 207 213 210 175 127 78 105 137 176 204 195 120 203 199 191 195 106 125 136 151 174 167 153 165 163 157 140 125 125 176 192 194 201 204 211 216 213 202 206 190 175 165 177 186 181 177 115 104 113 89 191 85 146 174 207 168 193 206 210 211 216 126 146 203 104 95 244 84 103 76 78 80 91 92 115 130 108 193 79 197 210 218 218 202 188 193 212 239 234 224 210 189 202 222
202 206 219 209 191 150 109 200 201 204 209 203 179 136 103 207 207 200 102 118 134 154 174 179 169 177 171 154 135 126 134 135 184 175 193 205 207 216 215 213 208 205 197 191 191 191 184 138 121 114 95 85 114 199 151 166 177 179 181 200 207 217 147 141 153 100 88 203 228 73 99 105 98 189 95 95 105 128 153 105 161 104 211 215 186 179 194 202 207 202 209 215 215 208 222 237
210 228 167 222 152 132 107 186 195 95 216 203 118 178 80 129 93 179 177 103 123 160 182 191 187 185 180 163 138 138 146 169 184 182 201 214 216 213 214 212 216 206 193 192 200 204 220 125 117 104 102 117 162 154 164 162 155 161 192 194 204 203 144 150 161 136 117 196 185 199 97 119 99 200 98 110 99 199 83 82 163 182 187 194 196 194 211 218 212 200 208 204 186 189 198 185
209 182 145 127 113 198 104 103 128 98 173 200 190 174 179 175 168 80 100 117 143 176 183 190 189 182 185 184 159 150 163 167 174 183 190 204 216 214 219 181 200 202 191 203 191 184 188 208 123 133 139 138 174 166 160 167 159 192 199 187 110 142 196 173 131 150 250 222 169 182 93 111 91 207 103 92 93 199 79 193 126 185 183 198 199 187 175 207 236 217 220 203 191 194 154 103
114 194 198 166 105 101 112 106 202 199 210 201 110 184 188 184 174 106 128 154 169 179 189 189 182 179 178 172 153 147 147 193 188 198 192 196 212 200 188 163 201 209 175 178 180 170 153 160 137 138 139 173 166 177 177 175 198 205 202 126 111 124 191 112 205 123 209 206 206 106 116 110 82 98 140 200 77 88 98 99 155 199 179 176 200 186 196 199 203 179 195 203 175 130 103 146
180 196 193 195 223 203 185 93 103 113 134 188 176 118 115 111 113 125 141 157 169 167 177 176 169 171 175 178 167 148 161 184 187 194 191 191 205 195 177 192 189 185 171 190 180 203 184 185 194 162 128 138 155 159 176 190 188 183 151 126 118 175 193 141 160 150 196 128 87 105 142 135 147 178 207 135 120 195 77 192 193 143 134 196 198 190 206 230 230 220 198 196 134 58 90 165
182 200 202 187 182 154 197 113 147 155 143 148 148 145 141 126 118 120 132 153 161 157 170 158 152 162 177 186 176 174 179 160 160 150 132 147 167 213 190 180 208 205 194 161 173 199 149 157 151 143 116 137 173 166 156 164 187 174 176 167 140 157 178 186 155 143 166 121 208 178 123 171 183 153 141 156 209 167 113 158 175 192 110 159 181 197 190 221 233 236 212 186 179 137 168 205
207 208 179 182 160 151 167 166 180 186 172 166 163 159 170 161 152 157 156 153 137 129 131 118 114 128 136 133 124 137 176 163 164 136 129 137 148 173 160 163 208 211 203 184 195 195 163 169 106 184 197 180 179 176 171 171 169 188 198 182 202 99 186 184 188 164 154 167 160 107 132 131 142 157 107 138 188 173 158 188 213 179 150 173 181 204 207 217 206 190 205 230 241 202 185 176
228 202 200 194 191 180 183 180 188 202 193 167 152 149 184 195 180 179 165 150 127 125 136 144 106 78 91 138 147 143 141 145 121 140 156 175 174 177 187 198 214 170 143 145 163 200 201 197 198 197 195 193 190 190 183 182 188 192 144 180 129 95 159 180 169 185 182 145 143 148 115 89 167 120 163 118 165 186 199 201 210 144 194 141 186 200 206 219 211 204 195 235 246 234 214 175
226 200 193 188 211 210 173 162 179 212 210 204 184 167 185 199 192 166 152 145 175 185 178 119 103 186 104 139 169 172 159 153 146 168 183 195 195 200 186 195 215 195 172 148 118 170 193 191 204 198 199 200 197 185 162 175 188 188 160 133 135 162 186 185 175 179 210 210 198 119 183 165 166 71 72 71 73 165 188 125 125 140 143 190 204 215 215 204 199 191 155 211 242 246 227 176
206 185 196 202 199 173 170 166 173 196 204 208 207 198 189 183 196 196 172 157 154 157 148 129 119 121 132 137 184 180 180 182 202 211 220 216 215 219 214 205 202 208 201 197 191 195 193 190 186 196 200 206 207 194 178 173 167 165 154 182 214 196 191 192 192 194 198 200 183 164 162 144 119 105 129 168 94 82 168 95 184 148 190 210 204 217 217 205 221 210 166 208 241 239 213 167
228 219 188 181 171 185 196 202 216 220 220 203 208 217 218 197 186 189 189 194 178 165 152 143 150 149 145 154 186 191 191 184 212 224 217 212 205 202 192 186 199 208 200 198 193 194 195 208 209 203 206 223 224 200 171 162 152 161 163 161 192 195 194 190 190 200 202 204 198 184 123 184 99 121 100 156 186 176 88 180 188 194 193 208 205 203 152 138 221 231 186 217 238 222 210 204
213 200 178 183 189 171 158 187 205 233 235 219 222 232 235 212 194 192 197 186 175 175 176 171 179 180 172 169 182 185 184 185 183 197 204 212 214 205 183 182 200 217 220 209 197 188 199 211 216 210 210 215 211 192 181 174 169 165 176 175 178 196 199 188 193 199 197 197 202 182 99 107 132 187 177 173 181 150 132 120 137 178 189 198 198 116 133 142 145 218 143 194 236 227 218 208
