examples/data/proba_v_italy_sicily/probav_s10_toc_x19y03_20150101_333m_ndvi_v001.txt
ncols         1127
nrows         589
xllcorner     12.348214285714
yllcorner     36.598214285714
cellsize      0.0029761904761905
NODATA_value  -9999
[rows 153 to 203 of 589, columns 672 to 767 of 1127]
186 173 157 154 145 143 148 167 163 174 177 177 176 182 181 162 133 138 171 187 171 165 170 185 181 168 164 152 158 161 149 126 94 62 53 52 63 76 113 92 82 90 103 133 174 112 77 78 74 114 119 98 120 100 84 92 123 91 99 106 90 78 82 91 96 101 106 146 123 106 92 85 132 186 129 124 115 105 112 81 137 142 148 144 152 152 153 137 154 141 168 156 130 134 131 124
186 192 186 170 160 154 153 152 154 149 162 170 180 185 177 126 73 66 90 126 136 152 159 170 174 173 166 142 135 150 150 136 106 83 87 94 112 122 123 109 100 118 121 71 60 96 67 47 36 63 92 113 101 95 76 62 82 99 102 100 82 90 82 84 89 125 131 126 130 131 110 94 59 72 119 190 121 118 97 88 92 123 136 139 143 145 143 140 135 126 145 138 122 123 140 142
177 181 174 175 165 177 173 169 168 164 157 154 167 160 125 97 74 68 80 102 98 130 152 158 164 162 156 141 130 133 126 121 142 165 164 127 136 138 146 124 122 133 123 44 56 32 45 36 43 42 52 56 72 78 69 69 74 66 83 105 96 71 80 73 81 99 106 95 99 111 110 84 90 114 155 114 110 112 99 81 73 66 102 130 132 128 126 128 126 140 118 122 111 111 122 113
188 180 178 176 171 173 176 179 179 179 178 161 130 133 124 77 58 96 149 151 143 107 126 145 134 146 164 159 154 170 155 159 157 181 157 157 182 138 129 141 157 140 87 62 53 44 35 54 42 54 39 67 73 70 68 77 70 35 42 33 48 63 61 78 78 77 80 85 76 83 81 91 118 144 118 116 124 115 85 73 65 83 94 96 125 129 138 145 147 134 106 147 138 128 125 125
187 204 179 172 188 170 177 176 175 173 165 149 119 108 109 76 60 69 91 96 101 88 110 129 129 155 162 181 155 151 132 200 86 59 37 49 79 112 118 94 73 90 151 133 85 69 37 37 44 39 46 85 84 70 63 80 80 66 23 37 37 38 42 70 73 76 60 61 81 81 86 110 127 153 159 124 131 139 121 62 125 166 111 79 51 47 75 94 145 149 149 138 120 116 108 106
187 190 168 172 185 179 187 179 179 165 153 152 122 116 105 86 74 66 75 83 106 87 89 123 123 124 112 100 89 70 82 90 69 67 64 50 43 47 31 50 25 26 49 52 75 72 47 28 46 64 51 42 55 59 82 105 112 109 26 35 37 30 39 48 68 67 61 67 81 95 103 99 72 69 141 166 171 143 138 77 104 125 123 97 71 61 65 64 71 81 83 76 106 116 114 111
178 176 175 173 172 184 183 166 179 171 154 141 141 150 143 102 68 79 129 109 126 101 87 104 94 106 110 105 93 90 96 124 119 110 95 79 74 31 35 27 60 60 66 65 62 42 43 94 23 24 93 89 49 43 105 125 123 126 65 53 56 63 51 27 27 27 47 109 104 109 105 100 87 74 82 74 96 110 112 104 106 114 118 106 81 75 72 72 67 60 68 70 71 89 77 80
172 179 183 176 171 170 172 176 178 176 165 153 156 168 165 120 79 98 129 106 148 142 130 120 122 138 129 114 96 83 79 87 91 91 43 47 58 49 43 38 88 91 76 69 67 60 35 52 46 53 62 63 64 69 23 84 107 142 135 86 52 100 55 27 88 86 58 132 60 39 82 75 57 39 38 42 42 40 90 121 125 128 126 115 113 100 86 78 71 61 49 32 29 31 56 80
177 185 182 183 186 187 191 188 187 178 164 161 154 154 149 138 117 103 95 131 157 169 164 124 144 171 144 133 147 111 78 59 58 84 90 86 71 62 58 62 84 95 95 87 77 62 41 56 65 67 55 23 82 83 97 102 118 131 137 105 93 83 109 127 95 114 113 144 29 69 66 49 75 37 35 38 52 58 76 97 112 131 130 121 116 109 98 94 81 63 51 33 24 53 67 84
176 173 175 172 182 174 194 194 189 180 172 168 169 148 145 150 141 112 88 136 170 186 168 126 173 198 166 157 144 115 75 60 64 77 23 94 106 71 73 66 84 104 121 106 88 53 48 65 82 99 97 100 86 86 91 108 129 144 138 123 124 103 117 121 101 126 126 92 82 27 72 51 105 104 46 47 76 72 79 88 96 120 130 117 108 108 104 101 92 71 56 52 50 55 73 93
150 149 151 162 167 179 182 183 179 175 173 177 177 166 146 145 161 156 141 139 188 197 177 166 175 174 170 156 138 115 84 71 74 86 30 83 110 115 114 114 131 141 146 129 101 93 77 88 95 101 108 96 97 89 99 112 112 115 143 144 159 146 135 123 123 148 140 116 107 95 79 102 58 46 48 53 98 108 105 103 99 108 120 120 141 130 116 110 103 98 85 73 73 83 85 96
175 174 166 161 163 178 179 182 182 176 177 185 184 178 187 170 177 167 148 140 164 188 186 185 185 174 146 126 133 121 93 102 103 93 104 62 105 135 143 149 158 129 141 135 145 110 95 89 85 101 109 96 102 92 86 99 102 96 117 144 154 149 144 131 126 163 162 152 121 96 109 26 42 72 71 67 108 124 130 128 126 124 132 156 167 163 138 121 116 113 97 74 82 99 92 96
170 170 167 160 161 165 181 185 187 186 185 187 186 179 188 179 166 168 174 179 177 192 196 192 179 168 153 130 111 107 107 122 129 119 89 90 110 141 149 157 172 174 156 148 155 131 106 100 113 108 114 124 126 104 95 89 87 93 101 129 143 139 158 153 163 185 169 158 138 131 110 77 78 96 84 69 28 29 89 121 124 125 155 127 142 157 150 131 113 110 99 83 88 100 104 100
175 163 163 159 157 163 173 187 186 190 185 180 179 179 180 153 150 165 178 177 177 187 186 184 176 163 142 124 125 136 134 134 137 137 147 146 147 147 165 126 129 188 178 168 140 126 109 99 145 155 147 144 152 135 114 93 102 107 113 119 126 132 147 166 180 191 184 168 157 135 134 138 138 109 96 84 77 82 102 101 105 114 139 133 187 182 137 151 139 128 137 107 93 119 138 148
183 182 169 156 139 145 162 186 190 185 179 180 176 163 170 148 145 165 179 178 183 196 190 183 175 164 149 135 137 150 150 134 131 131 135 144 148 137 140 138 139 164 181 181 185 153 124 112 152 151 157 152 153 149 128 143 141 138 128 116 126 124 120 141 136 142 151 169 131 134 114 110 104 99 109 98 78 77 108 119 121 127 145 158 162 171 177 188 133 138 137 112 115 121 163 175
177 175 169 165 160 140 143 162 172 178 179 180 179 158 163 154 149 173 173 179 184 181 172 166 178 162 159 156 156 155 145 151 139 133 133 144 151 141 142 144 161 167 171 173 148 141 124 149 151 164 162 152 169 152 147 169 151 149 154 133 127 141 143 158 161 163 164 177 175 159 144 127 123 124 115 124 98 106 115 114 108 107 159 159 175 174 178 162 136 126 143 145 130 141 170 158
159 155 138 152 150 133 147 133 139 167 173 170 177 186 179 155 143 160 161 174 182 175 171 169 161 158 157 160 180 163 158 162 155 137 150 145 160 172 176 166 161 162 157 132 132 122 155 166 164 162 161 157 162 164 184 161 152 152 139 145 134 168 230 224 211 208 187 178 184 177 176 160 155 155 137 135 114 116 103 96 98 97 108 162 172 166 148 153 192 170 168 152 151 157 174 157
121 117 136 153 146 142 139 146 162 198 206 202 216 200 167 150 118 143 167 170 172 171 169 183 181 184 188 193 181 165 193 166 178 154 160 161 160 156 162 156 171 149 153 148 138 155 161 158 166 172 164 160 179 174 172 162 144 150 146 141 147 159 216 185 194 190 177 174 174 176 185 182 168 165 167 151 134 129 108 116 145 150 147 175 160 156 160 169 195 189 149 162 158 180 159 154
159 112 97 97 100 144 137 117 139 188 189 170 154 159 160 152 152 135 154 179 170 170 173 185 192 188 184 182 181 180 182 180 174 175 186 190 176 175 169 181 179 167 162 179 161 154 160 158 164 163 175 186 177 172 167 161 163 166 165 159 143 150 149 153 152 155 158 159 158 147 152 165 164 164 171 173 163 140 138 140 158 174 161 160 188 185 200 169 179 172 165 165 168 177 174 173
173 167 164 100 114 113 107 107 142 144 138 129 111 130 141 143 154 139 140 166 201 176 176 179 182 187 186 181 183 193 197 190 179 164 163 170 175 169 164 168 180 177 164 165 147 142 156 162 166 165 167 169 170 174 175 165 157 164 168 163 158 157 162 170 156 155 139 141 147 159 177 155 153 156 161 166 147 123 123 167 148 177 155 153 184 156 155 145 147 157 156 153 155 172 168 167
182 181 175 149 131 132 140 144 147 152 149 146 180 172 148 141 144 130 166 218 169 174 214 175 179 182 182 183 204 217 210 201 179 171 163 187 170 172 166 167 172 163 155 153 160 161 166 162 160 155 156 169 157 167 167 166 159 150 159 150 152 147 121 145 153 146 164 121 92 90 75 15 22 75 127 170 194 146 140 180 191 163 153 146 150 156 152 161 157 152 154 157 159 159 166 167
166 185 179 147 159 168 167 178 156 141 155 168 192 198 162 121 126 125 116 217 152 163 164 159 202 170 179 184 202 187 193 191 171 166 183 172 175 171 173 185 174 163 153 160 166 169 170 170 167 163 159 147 165 188 180 168 154 161 155 130 133 131 107 98 124 145 162 161 154 111 67 84 60 44 50 80 120 163 152 159 165 138 140 141 146 152 160 161 160 156 155 155 155 149 162 163
187 187 169 159 174 193 219 206 197 188 159 114 176 184 185 119 121 124 127 126 118 130 205 213 214 180 184 190 193 201 204 197 170 166 177 176 178 176 175 178 181 173 159 147 151 162 167 168 170 169 166 161 169 179 179 171 159 151 146 142 136 125 124 115 112 120 124 135 138 155 150 149 146 132 67 39 43 106 176 165 169 159 132 124 138 143 174 156 154 149 162 138 144 150 139 163
196 183 164 169 181 208 217 212 197 193 138 117 133 150 173 157 134 126 123 123 120 123 186 221 188 194 196 194 188 186 192 205 203 184 183 173 180 187 181 177 177 175 168 154 153 156 165 168 171 173 168 154 155 156 161 158 163 159 150 136 131 164 165 154 114 100 80 99 120 133 142 144 133 141 130 186 159 151 162 161 189 167 144 125 128 140 152 162 163 167 144 137 145 160 162 163
178 176 168 157 166 193 207 208 204 199 195 190 151 137 133 153 154 155 151 136 137 168 142 231 200 202 201 207 207 206 206 208 205 189 172 169 170 194 180 176 168 157 160 166 168 164 160 160 164 163 165 159 157 161 171 159 159 163 165 159 154 186 164 171 139 126 113 92 97 115 147 140 140 146 154 161 163 174 177 187 201 168 161 141 158 137 155 175 165 170 160 145 163 157 168 160
179 178 167 160 176 179 176 183 177 178 186 205 186 175 144 149 141 140 196 159 147 138 163 178 176 179 193 194 186 186 186 189 191 186 181 174 172 181 181 174 183 167 161 157 161 174 170 162 166 172 149 161 166 169 164 163 169 163 165 163 187 172 176 173 155 153 144 137 125 92 95 132 146 150 156 164 150 155 156 170 171 170 163 150 127 118 123 137 148 157 159 145 145 164 163 169
146 175 184 187 192 193 117 184 187 197 194 192 152 137 187 183 187 174 160 166 176 165 222 178 180 216 207 196 188 171 157 161 159 177 184 184 180 169 167 163 169 163 153 163 164 167 173 163 169 159 155 164 168 167 155 153 160 161 161 158 163 164 161 165 183 172 174 167 169 132 79 109 127 147 157 160 159 152 161 169 169 176 170 165 154 144 143 149 147 141 152 157 154 169 170 173
173 169 183 190 205 147 118 184 191 201 176 156 143 132 164 167 172 185 186 178 176 171 163 178 199 215 212 208 197 186 177 175 188 191 193 185 178 164 155 158 156 159 162 166 161 154 162 155 157 158 180 182 175 166 157 157 145 142 165 161 159 152 166 197 199 196 193 180 188 173 140 119 136 145 142 165 162 164 149 162 162 175 169 169 169 174 173 165 166 160 158 164 168 172 155 174
174 173 176 180 187 169 139 107 205 179 173 148 134 153 166 163 169 172 173 177 170 154 178 206 220 212 206 210 212 203 189 175 176 186 180 185 184 173 166 162 157 145 160 166 164 161 178 157 156 158 164 172 167 152 136 152 145 139 146 152 156 151 169 187 191 190 194 208 196 173 157 133 112 130 125 158 144 173 172 164 155 153 173 186 192 184 182 167 168 165 154 175 158 158 150 154
161 165 164 169 185 187 183 174 165 165 124 158 141 150 153 173 186 184 174 161 155 154 179 199 203 204 210 208 212 207 202 195 186 170 169 176 179 170 166 155 157 150 156 164 170 159 157 145 148 152 150 167 158 132 104 151 150 156 150 150 145 139 158 173 173 175 174 185 187 171 150 146 143 131 114 123 157 164 172 171 182 167 169 171 174 192 171 161 171 166 162 150 151 146 142 149
174 184 172 170 188 185 185 176 149 128 108 144 136 136 139 152 171 173 176 166 154 164 155 164 182 173 180 180 196 200 188 181 191 188 171 168 157 148 151 157 164 168 162 150 147 157 162 172 171 161 162 161 151 133 126 157 160 174 164 157 155 152 142 147 153 165 164 170 165 159 150 149 143 140 129 117 146 190 203 202 175 167 160 161 165 173 181 163 161 161 153 154 156 156 144 134
181 183 169 157 174 171 178 182 166 123 106 131 144 147 155 156 167 166 173 170 166 178 163 151 146 142 158 161 150 152 157 155 181 186 180 177 166 152 152 156 157 164 169 149 135 155 149 163 177 170 167 164 164 161 160 154 154 164 167 154 152 145 152 152 168 168 150 154 158 150 144 150 154 167 158 158 177 200 210 191 184 176 166 158 160 173 178 162 155 154 162 186 164 157 173 152
179 184 171 162 170 167 155 161 163 167 133 130 160 166 169 165 152 179 191 186 185 171 164 155 147 141 140 146 145 138 147 150 155 166 170 176 170 164 158 150 149 162 161 158 158 167 167 167 167 150 157 147 163 177 174 166 157 156 156 152 150 147 154 167 183 183 153 131 153 170 156 161 170 173 198 173 162 170 163 165 163 166 163 157 157 163 169 156 149 159 141 166 173 157 140 150
173 179 159 156 163 160 163 167 165 166 159 128 168 172 170 167 163 167 178 181 193 174 156 149 156 153 149 147 152 155 155 156 151 162 168 172 164 164 161 156 149 149 151 157 164 165 167 175 174 168 170 172 163 172 175 176 170 166 166 162 156 157 169 169 172 171 167 158 166 175 168 155 147 182 173 158 140 136 145 134 137 164 166 155 151 158 159 168 172 178 156 152 161 162 152 148
168 173 143 146 155 165 178 172 165 161 143 119 91 171 170 166 163 162 182 183 193 190 167 154 149 149 153 153 155 165 170 163 149 168 166 166 167 164 157 156 156 155 163 168 162 152 151 165 181 187 189 183 172 168 172 176 174 163 155 161 160 155 162 162 153 155 152 160 151 162 155 153 159 162 192 197 151 143 141 124 127 154 161 140 139 141 167 187 168 154 159 145 149 152 163 163
166 168 149 154 159 164 166 162 158 145 127 144 144 158 156 157 161 170 183 186 180 174 170 155 143 138 145 153 162 174 173 165 164 170 166 162 169 163 148 143 147 157 160 164 158 151 146 160 171 179 183 182 171 163 166 172 174 173 166 138 143 155 157 149 145 148 153 146 158 165 151 153 160 187 197 191 168 147 142 142 136 139 147 138 139 146 151 159 146 152 152 156 161 153 154 157
151 156 153 148 147 142 150 158 145 147 148 155 159 160 159 158 152 155 163 172 172 176 166 159 162 147 143 142 149 158 160 164 180 184 177 170 170 170 156 131 122 138 150 156 156 153 150 159 170 168 169 165 172 171 163 161 164 176 185 180 156 157 160 152 146 143 149 154 172 175 153 157 160 164 164 141 147 142 137 135 120 121 140 155 172 165 158 207 160 138 126 136 163 164 162 158
147 144 138 144 154 134 131 150 156 149 157 175 179 170 167 159 148 143 158 154 153 152 145 142 147 190 152 147 140 147 140 141 151 165 164 150 152 158 153 138 140 151 164 166 164 163 163 159 172 179 176 162 168 171 165 176 173 179 167 186 182 161 155 146 180 161 157 161 158 157 154 168 129 123 133 153 136 143 167 155 140 121 114 115 133 137 130 142 143 146 140 126 149 160 156 152
152 148 142 148 169 151 137 142 154 149 158 174 181 172 158 150 146 156 167 158 143 142 144 146 147 156 160 158 153 150 145 129 130 147 148 138 150 158 163 170 170 173 175 164 161 167 177 172 177 188 177 163 162 170 175 174 188 179 164 154 166 160 154 144 138 148 144 155 141 153 153 142 138 126 159 136 138 144 149 156 149 149 146 80 71 102 133 157 160 159 149 143 147 151 148 157
172 151 138 136 138 143 143 160 155 154 160 156 158 168 167 168 162 162 164 173 175 175 167 155 150 156 170 171 163 154 158 165 167 171 162 153 158 156 165 173 176 167 154 149 150 157 164 168 176 176 162 150 147 158 168 181 170 165 157 148 166 159 155 151 136 155 142 134 132 166 164 151 154 173 143 142 149 154 158 158 158 156 133 111 106 146 145 169 162 171 173 178 161 165 165 169
65 71 88 136 140 142 148 168 173 159 155 151 146 149 160 159 166 174 170 180 189 184 181 178 154 152 157 159 157 155 159 173 179 178 173 165 159 158 160 163 155 151 153 145 146 169 164 155 161 159 157 160 161 158 149 154 152 149 142 144 155 152 145 155 147 151 158 164 173 159 165 171 158 166 154 148 149 145 155 153 141 154 125 124 138 130 150 160 188 192 169 181 182 179 171 171
170 178 176 172 139 160 162 165 169 164 159 162 160 159 155 151 155 173 169 164 162 168 171 168 165 160 166 172 172 171 165 167 169 166 169 169 174 176 183 180 160 149 154 200 200 180 181 163 147 177 214 200 165 153 152 148 159 171 179 185 168 153 144 144 142 126 148 152 151 151 139 136 154 164 151 154 142 144 131 155 153 153 150 132 137 148 164 166 195 200 179 171 161 157 167 182
170 167 177 174 165 173 135 146 173 170 164 165 158 151 155 158 158 163 172 169 169 175 162 169 168 168 173 169 165 170 167 169 171 161 156 167 181 178 184 183 189 177 179 170 169 147 174 170 165 212 214 181 156 159 158 155 157 174 180 185 179 168 156 152 158 152 147 145 143 147 154 130 128 133 137 140 138 137 136 152 148 150 151 153 151 155 168 178 180 180 176 162 149 149 155 162
155 148 159 172 165 163 190 107 154 161 166 162 152 147 164 162 159 169 176 168 149 153 162 171 167 163 169 161 152 160 159 160 163 159 159 165 171 171 169 174 183 186 182 179 152 170 171 169 170 221 173 155 143 170 168 170 191 187 187 180 177 172 164 149 150 145 157 161 152 142 145 135 129 125 118 120 149 150 144 154 143 142 147 149 152 164 194 205 196 205 179 162 153 159 176 189
181 156 140 159 159 160 185 191 118 150 165 160 165 161 165 176 166 172 172 163 151 161 179 177 178 174 173 171 158 169 168 171 189 230 250 174 157 160 171 170 173 177 181 175 170 172 165 166 215 172 164 166 155 173 180 182 194 201 195 180 162 156 187 177 171 158 154 159 160 160 158 161 170 154 139 133 154 136 136 147 148 148 148 163 155 150 156 165 182 209 194 177 169 177 228 244
170 170 172 170 180 167 191 203 82 155 164 160 160 168 158 160 154 156 154 154 173 169 164 164 157 171 165 172 166 167 176 178 181 201 168 170 172 173 205 244 211 189 182 168 159 157 164 164 228 239 197 205 192 216 186 193 194 184 179 171 163 151 169 182 178 163 148 153 158 170 155 164 167 154 140 134 144 146 147 168 166 159 151 170 162 149 133 129 163 181 187 179 173 175 194 201
161 161 166 167 174 183 200 203 147 171 157 168 167 162 159 159 159 146 135 158 162 163 169 162 159 159 168 173 177 174 177 183 182 174 164 205 216 226 226 214 232 234 211 176 171 168 172 168 181 189 207 211 202 189 189 196 200 190 174 153 169 156 174 183 187 171 167 160 177 187 178 157 170 153 161 152 156 160 165 177 178 160 156 151 146 145 163 144 145 163 171 177 180 178 174 185
168 184 173 169 170 177 183 181 136 163 176 191 191 187 178 169 162 160 137 137 160 153 147 156 156 157 187 187 181 180 179 179 187 177 203 178 159 159 241 178 186 217 178 180 187 188 191 201 205 202 201 196 187 183 193 194 223 186 158 163 158 164 161 169 156 158 167 168 176 181 179 161 169 173 166 163 174 164 168 173 175 154 145 147 144 147 149 156 154 159 152 165 169 168 172 175
178 185 175 177 172 158 161 166 154 183 167 181 176 175 180 174 177 173 140 136 149 165 161 153 147 153 168 185 178 167 169 169 172 171 208 199 163 164 161 159 246 211 178 190 193 205 203 200 199 193 189 184 178 173 193 198 203 200 163 179 199 176 163 152 150 161 175 182 188 198 182 165 177 172 153 158 171 178 175 185 178 159 163 161 167 172 168 173 176 191 161 161 161 149 173 177
173 186 181 173 99 159 156 73 186 181 168 159 157 152 172 157 154 142 135 147 142 168 174 174 168 165 164 176 179 166 169 181 168 165 202 216 174 174 172 187 196 226 238 187 195 194 222 203 208 204 191 179 212 178 197 202 197 202 189 193 191 176 166 163 172 158 162 163 187 210 208 206 208 206 195 164 156 153 152 177 194 169 155 148 154 167 175 181 173 209 190 151 157 158 151 159
197 79 97 113 96 95 115 133 164 161 165 143 127 150 139 100 87 86 111 153 157 163 169 173 170 166 166 167 174 173 174 178 172 175 191 183 176 175 170 176 177 180 178 194 200 192 177 191 197 198 185 180 172 167 189 203 201 195 189 191 188 167 158 171 181 189 193 194 173 169 186 206 213 213 211 197 171 160 155 153 186 164 151 154 143 144 153 158 164 168 160 144 159 159 159 168
