examples/data/proba_v_italy_sicily/probav_s10_toc_x19y03_20141121_333m_ndvi_v001.txt
ncols         1127
nrows         589
xllcorner     12.348214285714
yllcorner     36.598214285714
cellsize      0.0029761904761905
NODATA_value  -9999
[rows 459 to 509 of 589, columns 768 to 863 of 1127]
103 101 100 97 97 122 123 114 108 117 118 119 125 137 147 127 119 123 95 123 135 128 116 112 99 97 126 118 127 109 178 161 116 150 119 133 139 154 143 128 126 130 127 118 93 106 121 117 158 128 118 152 118 116 131 151 147 120 99 122 127 121 131 129 108 117 129 94 78 110 125 91 70 74 77 72 67 64 102 90 81 94 85 81 83 88 86 94 120 112 91 104 126 122 134 139
87 93 96 97 102 103 106 106 106 104 106 106 120 124 126 114 98 116 116 117 120 115 115 116 104 101 123 146 104 98 139 105 100 162 157 143 140 117 113 115 124 121 119 123 122 124 127 124 131 120 128 161 142 127 105 112 119 119 104 99 132 127 125 121 123 117 124 106 71 84 86 80 83 83 90 89 91 98 93 100 101 123 104 92 73 80 110 110 104 103 87 91 102 98 111 129
86 92 96 104 109 110 107 105 103 102 98 92 102 119 112 102 95 112 123 121 121 104 110 105 106 111 104 119 107 93 103 95 122 176 173 109 113 109 112 112 121 122 127 137 141 124 118 132 129 92 79 106 124 166 136 133 152 128 113 98 111 108 151 121 105 104 122 130 89 94 83 108 111 88 88 75 84 83 84 128 126 144 158 123 95 88 84 91 78 79 76 88 94 90 107 123
63 78 84 90 99 107 109 104 101 98 93 93 106 113 109 111 110 117 128 121 116 116 120 111 97 99 100 100 113 96 109 115 136 150 164 106 154 191 141 118 111 122 135 148 122 111 90 86 92 85 110 144 118 167 155 122 106 118 128 111 110 122 125 110 116 132 140 125 109 104 97 94 92 82 74 72 77 83 97 130 129 128 127 115 85 85 83 83 74 95 103 87 101 100 98 122
76 75 81 90 95 101 107 104 99 98 98 106 106 106 100 119 115 115 126 121 121 128 129 120 121 123 118 112 104 123 128 118 143 158 137 120 121 134 118 101 113 126 130 131 117 90 64 68 107 220 128 128 118 126 122 119 100 110 130 119 113 119 113 121 128 130 133 130 106 91 100 116 105 80 70 71 91 105 122 148 140 133 137 124 95 80 82 76 70 83 98 89 110 103 95 125
98 98 88 86 90 94 102 109 111 104 95 96 96 97 106 117 113 109 122 121 126 136 136 134 123 113 118 137 137 125 128 130 135 158 134 127 122 128 115 102 116 132 159 128 113 120 107 129 150 150 130 128 129 123 120 143 128 116 140 153 139 126 137 135 132 119 122 123 107 95 107 99 103 97 80 85 101 123 134 147 165 133 137 135 151 94 79 82 76 82 107 115 116 97 82 104
94 92 85 82 89 96 105 109 107 102 97 103 107 108 109 97 93 100 110 113 120 137 137 136 134 142 147 139 139 146 134 140 139 139 137 132 135 131 131 122 130 114 158 140 125 134 140 133 141 141 141 132 128 116 127 116 117 119 107 109 114 117 110 116 126 124 129 131 126 135 141 132 121 90 78 105 125 128 133 132 135 137 144 153 162 134 119 117 92 83 88 98 118 127 116 107
98 101 94 92 95 103 110 112 113 113 117 119 120 118 109 108 108 103 103 104 105 114 131 135 139 145 149 125 138 142 138 153 144 137 113 139 144 141 150 157 141 142 120 114 125 141 151 145 129 136 135 123 124 126 115 95 95 101 102 114 143 119 133 144 150 149 146 142 117 121 128 107 104 87 76 97 127 128 132 132 139 147 154 154 155 155 152 150 100 105 93 76 87 110 111 96
86 93 100 99 93 95 137 130 129 144 136 143 112 102 108 111 115 116 114 106 93 98 120 140 147 143 142 146 146 147 156 153 126 125 119 148 151 136 144 147 140 132 123 112 121 124 142 148 135 134 150 126 112 116 100 104 109 108 119 128 105 122 160 176 183 175 146 161 167 124 98 88 94 83 82 109 113 114 113 129 141 147 151 151 141 160 146 138 123 109 96 72 77 93 91 97
87 92 104 98 106 114 139 126 133 149 124 112 114 123 118 115 109 107 107 119 115 94 101 125 145 139 127 126 133 121 137 143 134 120 135 146 147 157 164 149 140 143 107 110 132 139 138 207 144 152 140 108 125 141 117 118 115 110 125 130 115 150 157 175 220 187 148 157 187 139 98 101 98 91 100 123 117 111 132 135 129 145 154 163 156 162 144 143 139 125 98 79 77 78 103 118
85 97 118 147 101 99 109 114 123 144 149 129 138 148 128 123 112 102 104 119 123 113 121 128 134 144 137 114 132 123 131 135 141 141 150 155 148 156 142 128 156 165 140 148 186 230 150 155 141 128 138 120 125 131 131 116 121 125 158 148 131 152 154 138 202 177 151 185 160 121 102 94 94 105 105 121 135 145 150 124 116 151 169 175 166 162 152 142 135 123 95 77 94 107 107 127
101 124 93 95 101 108 113 110 114 120 134 135 128 117 118 123 127 122 117 121 130 137 141 137 148 163 141 118 123 135 143 146 155 147 136 138 158 145 161 165 146 122 104 151 173 156 155 147 138 142 149 113 112 122 130 115 110 119 130 119 107 114 159 159 172 128 136 186 172 121 110 107 100 111 108 104 119 131 149 138 115 128 157 173 164 156 145 143 143 136 123 123 118 99 96 123
104 111 98 102 104 115 114 109 113 120 117 120 110 122 126 132 138 127 111 133 162 149 159 129 153 161 147 150 142 150 167 163 159 161 164 167 151 142 130 193 149 139 128 133 148 147 148 148 153 159 148 132 112 135 166 136 117 125 135 133 122 120 155 147 136 134 130 125 131 133 117 109 115 127 123 119 137 151 155 152 143 141 152 162 157 171 159 159 156 139 125 137 141 99 128 140
134 114 107 108 107 110 105 101 105 117 109 122 136 153 139 139 118 118 108 123 194 174 167 163 176 175 165 145 132 150 175 159 150 167 162 154 157 170 179 201 166 149 151 149 140 141 149 154 161 146 133 136 135 143 130 124 118 123 115 141 155 135 122 140 147 141 139 131 134 179 123 126 136 143 146 142 147 131 145 148 157 157 157 161 143 168 174 164 152 143 129 122 143 132 103 104
152 96 116 119 117 111 102 112 121 120 137 146 149 149 152 151 140 146 153 184 136 126 142 191 190 170 158 142 129 137 147 157 175 193 154 138 152 153 162 156 157 150 155 155 155 160 158 156 141 137 119 110 145 161 128 130 134 146 136 147 160 161 138 136 126 124 138 139 130 143 151 145 135 138 134 140 145 147 147 151 150 151 159 155 133 166 177 170 151 141 145 170 151 138 127 127
147 124 125 124 112 107 106 107 102 78 74 119 159 158 107 113 135 116 93 101 122 134 135 177 194 168 161 130 121 128 137 141 136 150 159 166 152 144 137 131 144 148 148 160 250 159 155 139 130 141 124 92 95 125 137 147 150 152 132 144 159 167 156 121 106 120 149 142 136 145 152 151 137 138 145 143 146 152 154 153 148 144 151 163 164 162 158 155 141 144 146 195 145 131 129 116
151 134 108 129 117 99 99 91 85 84 106 125 163 171 137 134 250 139 106 114 127 128 161 157 172 159 148 134 126 132 142 162 156 159 152 152 141 124 124 139 146 144 148 154 152 156 166 158 152 154 154 139 91 99 106 124 123 140 142 138 123 114 126 136 122 115 135 145 139 140 143 146 148 149 136 131 140 150 150 154 158 152 146 158 163 153 138 153 162 159 146 143 159 153 138 130
121 141 105 132 133 121 109 98 88 96 104 99 108 101 99 102 123 136 119 106 116 120 129 182 137 141 165 160 134 132 149 146 158 180 156 135 137 137 143 143 147 156 160 157 159 161 162 152 149 152 137 136 100 94 109 109 105 110 135 140 129 122 110 115 123 136 139 144 139 137 140 125 146 150 127 128 134 135 145 149 164 166 159 160 152 150 156 154 151 162 162 150 148 155 156 161
105 124 118 130 143 149 128 120 105 109 118 137 146 110 105 104 104 82 89 93 96 101 111 141 126 113 109 101 98 96 112 145 145 189 207 156 156 186 195 144 151 151 145 151 155 159 148 145 160 150 161 169 124 109 118 99 96 103 126 130 128 131 123 115 132 144 137 139 134 141 138 129 144 142 123 124 142 152 156 158 153 148 159 158 143 150 153 141 137 133 147 164 158 161 160 146
116 96 91 143 150 142 119 108 102 165 151 152 140 128 126 134 131 100 90 106 89 85 91 99 96 88 86 92 97 75 64 76 99 125 185 154 144 138 149 149 157 156 159 168 153 153 145 148 155 136 110 108 114 111 144 137 95 96 111 113 119 118 137 135 153 152 143 129 115 136 145 143 143 139 126 123 146 162 148 127 127 137 139 136 148 160 164 150 145 144 159 176 181 177 168 150
162 130 117 153 171 192 172 127 114 149 150 128 135 124 142 135 178 156 115 101 106 95 88 87 91 77 68 74 79 75 68 66 67 146 91 107 105 100 115 151 163 167 161 160 152 159 157 141 141 144 114 111 112 113 113 108 99 97 90 98 111 117 154 122 135 138 129 124 132 139 143 151 143 135 143 142 146 146 146 136 140 134 136 138 147 151 154 142 149 149 145 163 176 167 153 150
163 154 142 136 141 179 163 130 135 134 146 138 113 117 180 183 201 147 126 111 106 91 89 88 87 83 77 79 68 67 77 79 78 97 124 136 132 131 142 158 166 171 161 151 160 166 159 150 138 131 132 128 104 109 124 133 107 120 105 95 101 100 116 109 112 116 118 140 149 144 155 161 153 138 145 150 142 137 149 156 162 169 156 145 148 145 144 151 161 170 152 143 148 150 154 167
167 162 148 146 134 159 174 169 164 143 143 146 130 122 128 138 185 170 115 120 123 97 87 100 120 151 101 76 68 69 64 67 78 114 137 164 152 122 138 157 164 164 163 168 166 154 190 158 130 97 124 121 98 111 113 134 137 127 103 89 93 95 101 97 111 115 132 138 146 155 153 160 141 140 129 136 154 153 146 149 148 150 165 165 165 161 154 160 153 159 160 160 150 147 144 158
180 152 147 143 151 165 162 153 151 134 149 149 141 151 151 143 142 137 131 125 166 139 103 110 144 167 143 102 71 69 65 65 74 90 128 146 143 137 144 156 157 152 160 141 150 135 143 146 134 127 133 118 102 109 121 128 128 126 107 104 111 107 100 107 123 133 138 129 137 144 146 142 156 151 148 150 153 145 150 148 157 147 143 151 170 171 137 136 148 163 134 145 153 162 155 153
155 178 170 150 143 149 165 173 134 132 135 140 136 150 148 163 152 159 147 136 125 114 108 130 164 150 128 122 107 84 70 111 96 93 149 146 148 146 145 155 152 134 170 176 148 129 146 137 126 131 113 113 95 102 129 110 102 100 103 119 107 98 100 102 107 133 139 135 134 134 130 148 148 153 149 144 151 156 150 138 137 144 142 156 168 160 136 119 155 160 163 151 152 169 169 166
156 158 156 159 162 159 126 113 125 137 132 136 127 127 138 167 134 142 124 111 118 99 114 144 131 97 94 105 100 88 87 121 121 121 169 136 143 141 135 148 146 158 167 165 131 112 123 108 81 101 123 110 112 138 133 102 124 109 110 103 104 100 94 99 117 133 134 119 127 125 116 138 152 150 152 150 148 152 158 145 143 148 135 149 169 158 146 141 152 159 156 145 141 160 166 167
173 169 152 155 175 177 138 127 122 135 137 122 105 121 127 125 106 86 91 114 106 93 94 87 91 107 112 95 99 65 77 72 74 98 114 127 133 133 134 144 143 153 161 157 126 121 123 98 99 115 124 112 112 127 120 132 124 102 108 112 106 102 90 94 110 99 101 108 116 116 110 116 119 143 164 172 169 150 159 173 173 156 138 154 163 156 165 150 140 146 132 130 142 149 155 152
70 218 102 107 202 219 137 132 129 134 129 141 157 183 173 116 111 105 98 101 94 97 93 98 104 129 117 72 73 64 72 71 60 100 167 121 128 134 137 149 149 150 152 159 158 129 98 104 122 116 111 119 135 134 126 135 130 117 116 127 115 104 107 107 100 105 116 105 114 126 110 111 125 137 139 139 150 173 177 169 165 169 159 153 170 162 136 137 158 152 145 134 133 151 155 148
111 105 165 120 206 211 132 114 113 119 141 139 140 170 185 149 126 119 114 133 123 120 111 85 72 100 75 71 81 82 75 71 87 113 140 135 142 150 146 141 148 153 146 142 117 114 108 102 123 123 132 134 111 111 124 133 124 123 121 99 97 93 100 105 101 104 111 102 111 126 126 140 147 140 125 129 140 154 158 157 170 164 159 159 156 124 114 119 141 151 151 144 134 139 150 149
132 126 112 106 190 140 115 123 124 107 151 155 131 137 149 179 171 156 106 120 109 77 65 64 69 74 68 79 90 88 93 99 114 130 133 129 132 131 127 128 130 136 137 132 114 117 129 127 130 123 121 113 120 135 125 124 127 135 117 97 96 92 98 105 107 113 108 100 115 129 113 127 144 144 142 138 150 142 142 141 150 153 162 159 140 129 128 119 120 133 130 128 142 154 154 137
109 114 121 124 115 122 104 103 111 109 119 168 205 155 155 145 181 127 109 104 84 73 69 63 61 87 135 101 102 117 117 113 120 131 128 127 124 119 112 112 125 133 121 105 106 116 123 124 115 123 115 122 132 145 115 126 139 134 114 114 123 114 113 111 111 110 119 126 137 134 108 110 140 139 135 134 129 133 131 134 145 145 154 149 128 134 139 140 129 134 151 142 123 138 143 149
89 101 119 122 106 120 124 122 131 138 138 159 132 142 139 129 121 129 105 76 66 83 70 61 70 86 104 103 104 108 109 102 134 126 135 128 125 121 110 128 125 117 109 109 117 123 114 109 114 124 172 163 141 124 118 116 127 121 105 106 110 112 107 107 110 99 99 108 119 113 128 133 116 126 147 145 123 117 144 138 108 131 158 154 143 145 153 147 142 132 141 148 130 123 137 141
117 114 109 112 139 148 135 138 147 151 203 130 126 141 133 125 121 132 104 70 67 75 72 69 91 105 115 108 103 106 116 107 137 135 142 127 119 118 125 135 125 127 126 119 104 111 113 112 121 120 140 139 126 113 120 133 138 130 118 100 97 114 111 107 104 98 91 90 112 147 159 115 131 149 138 123 116 128 132 115 115 131 144 144 143 151 162 148 132 143 152 143 143 127 114 115
112 109 127 130 136 135 128 132 125 163 170 132 139 148 134 123 113 113 108 82 66 66 82 99 110 111 111 115 110 115 119 118 154 144 147 137 120 110 115 122 132 118 102 110 111 101 118 120 121 122 134 143 131 151 114 122 125 117 106 87 112 115 116 115 110 100 99 114 108 119 131 125 131 133 114 108 113 107 115 145 138 137 139 127 115 124 148 126 108 128 131 149 162 151 141 127
115 120 125 126 131 128 160 178 173 153 141 144 128 126 131 129 97 88 93 92 95 105 99 107 111 104 121 116 118 118 115 123 156 146 145 140 132 124 119 130 130 109 107 102 106 106 112 116 117 130 135 148 157 153 128 116 118 120 108 86 84 94 102 93 92 98 88 90 100 119 133 128 117 121 104 110 113 85 116 159 140 125 137 140 124 115 136 120 114 143 129 131 148 143 148 140
129 124 123 124 132 130 164 162 162 139 126 125 117 103 106 102 92 100 106 89 95 116 108 130 120 108 104 110 117 121 120 120 133 147 148 145 142 134 115 134 131 107 109 107 104 108 127 131 128 124 124 138 159 146 114 103 101 95 101 91 82 88 88 77 91 92 94 108 118 116 116 123 117 112 121 128 113 123 115 119 126 133 141 157 147 142 133 121 123 135 111 129 145 135 138 150
140 132 134 132 136 176 169 181 184 119 114 127 104 122 116 129 121 135 129 103 92 109 134 122 118 108 104 106 111 120 123 132 134 135 147 146 145 146 131 133 132 117 120 116 112 122 132 133 125 134 134 140 152 125 115 108 99 91 94 96 92 95 110 121 105 95 102 103 97 106 99 104 128 132 140 141 118 92 105 140 147 159 141 132 143 153 148 120 131 150 124 123 130 133 128 128
158 128 126 143 152 140 165 176 142 128 111 110 159 164 147 107 122 153 169 158 145 153 124 124 118 113 110 111 110 117 121 128 134 124 131 135 137 141 137 138 120 112 120 107 110 129 136 146 167 174 160 134 127 130 134 118 102 101 94 91 99 96 103 111 99 93 96 99 93 100 98 102 117 123 123 120 114 121 128 128 145 143 118 119 130 131 135 146 153 149 122 115 121 115 112 115
167 128 128 158 161 137 148 133 114 152 125 100 147 152 133 135 150 128 132 144 140 141 138 132 120 118 110 108 123 112 106 126 137 133 130 136 138 129 132 142 132 118 95 83 130 146 133 129 152 148 114 106 115 123 121 108 103 104 101 95 94 89 96 111 114 107 99 97 95 97 97 103 103 121 117 90 95 128 147 138 134 122 106 95 116 111 129 151 154 155 140 100 118 123 115 122
164 116 121 122 130 123 125 123 105 133 172 113 152 157 130 129 147 134 130 140 142 141 138 133 150 114 118 121 131 125 109 115 117 121 130 133 133 133 130 138 139 132 99 75 117 140 132 118 113 111 107 107 107 104 100 114 116 111 113 98 94 97 96 107 121 129 123 107 105 100 100 118 115 115 105 90 99 129 141 137 130 133 121 101 111 134 149 137 135 126 140 143 141 150 137 138
152 125 211 150 113 109 110 109 110 125 141 131 121 131 118 109 122 133 134 136 133 126 135 141 159 128 127 132 126 124 122 124 114 117 128 126 128 141 126 116 126 126 94 71 95 128 138 117 103 109 110 118 116 118 113 121 119 111 116 106 93 97 109 98 113 134 140 123 100 98 121 138 135 110 100 92 101 128 124 128 126 136 146 120 115 126 136 121 133 129 136 151 145 154 161 150
146 148 141 165 114 99 118 119 192 128 132 142 121 131 131 116 115 131 142 140 129 132 133 131 130 141 141 133 121 123 138 141 124 113 102 122 132 145 130 94 107 128 89 80 93 126 168 128 112 113 115 133 131 117 117 114 115 107 102 100 102 111 110 117 115 132 132 116 110 117 122 118 126 107 91 87 86 96 122 123 106 115 138 138 142 119 141 137 143 152 155 147 132 141 159 143
134 133 129 124 110 122 127 114 121 156 151 144 133 126 134 136 134 140 139 130 129 139 140 140 138 142 138 135 133 140 148 142 132 114 110 126 124 128 127 118 136 139 94 87 112 138 140 133 116 111 121 146 126 114 115 118 116 107 115 110 109 113 93 104 113 132 129 125 126 113 100 113 116 102 91 91 94 104 115 121 123 130 141 144 140 136 138 132 130 133 122 131 144 148 161 149
124 115 109 110 133 131 114 141 149 152 152 149 155 150 151 154 147 142 141 138 145 150 150 142 145 152 141 142 145 146 146 136 122 94 109 113 108 117 125 128 120 104 80 99 130 128 123 123 115 122 127 142 170 124 119 143 133 117 117 113 124 129 117 113 108 118 136 139 129 104 95 105 99 108 108 92 91 122 120 109 121 114 132 146 161 146 133 144 134 115 112 139 161 155 156 150
133 129 116 112 127 134 121 144 152 149 144 152 155 158 163 162 156 151 149 153 166 164 147 142 159 150 144 172 174 149 132 129 122 127 133 123 114 126 141 140 110 85 97 111 134 137 125 115 110 140 146 132 123 117 120 129 120 113 102 112 123 118 107 104 108 109 129 140 136 116 112 91 81 114 99 85 106 133 152 133 131 96 113 131 115 114 115 119 142 137 131 142 154 150 132 107
132 127 112 113 128 141 138 148 147 151 152 162 174 168 158 154 155 153 145 149 155 149 150 149 145 144 147 151 153 144 129 120 130 141 144 141 136 135 136 131 126 127 129 121 124 132 136 132 141 135 124 131 135 140 122 107 105 109 109 120 142 127 101 113 124 121 115 128 136 142 140 105 86 102 112 98 101 118 138 137 135 124 116 125 104 107 131 141 150 172 160 142 131 199 136 125
119 123 130 146 151 164 169 161 160 170 182 176 167 172 167 159 157 155 150 151 156 157 144 134 133 141 156 157 159 141 127 119 140 151 136 135 142 135 130 137 142 135 126 128 125 124 130 140 146 145 150 132 131 134 130 103 116 119 111 101 118 126 99 130 132 118 122 140 138 133 145 138 105 89 98 96 96 115 120 144 157 141 115 102 127 133 124 139 142 153 145 149 127 112 127 146
117 133 149 161 164 171 165 159 170 176 172 166 165 161 153 149 152 149 129 163 160 152 141 136 139 145 156 158 154 134 132 139 152 158 142 136 136 134 126 138 132 127 125 108 88 88 108 117 125 118 115 118 126 133 125 116 121 123 106 107 120 119 112 112 115 129 138 132 133 135 135 147 127 98 118 106 144 133 145 135 146 140 136 142 149 155 152 160 150 148 141 126 119 111 104 118
133 154 159 156 150 153 151 136 154 173 174 159 157 146 148 154 162 167 163 160 154 146 142 146 163 152 155 163 157 141 138 171 155 152 144 140 146 143 149 146 143 127 107 87 85 95 114 126 118 114 123 129 131 129 119 114 114 113 109 109 118 117 104 112 122 131 127 138 142 144 144 144 131 112 105 103 99 107 115 107 140 131 148 153 132 146 158 159 149 148 146 136 140 125 114 102
154 169 162 148 156 158 162 140 154 156 147 144 151 158 162 166 172 154 143 153 157 153 147 145 128 143 142 152 161 157 151 156 160 153 162 164 157 147 148 132 133 139 121 98 87 94 108 112 98 86 112 126 123 121 97 99 138 130 106 107 123 107 109 127 133 135 124 130 140 139 144 145 127 115 115 147 140 116 113 135 150 144 163 136 128 146 161 147 148 143 147 148 160 142 131 115
149 151 144 159 180 164 156 129 149 155 156 155 159 153 151 159 159 161 150 143 159 165 160 151 134 146 148 161 167 153 128 134 142 162 145 139 142 149 152 141 140 145 109 96 95 92 92 92 94 99 118 132 123 102 96 119 125 123 107 106 120 110 106 141 112 120 129 137 136 137 145 147 142 135 137 145 146 122 102 111 139 140 175 197 142 130 142 144 127 142 152 149 144 148 156 137
