examples/data/proba_v_italy_sicily/probav_s10_toc_x19y03_20150611_333m_ndvi_v001.txt
ncols         1127
nrows         589
xllcorner     12.348214285714
yllcorner     36.598214285714
cellsize      0.0029761904761905
NODATA_value  -9999
[rows 300 to 349 of 589, columns 768 to 863 of 1127]
67 64 66 71 69 62 75 75 73 79 80 80 79 78 73 73 68 68 77 74 73 74 72 68 64 64 66 68 70 67 69 77 74 70 70 95 100 76 80 81 85 80 74 74 73 65 66 66 68 66 77 86 92 96 91 80 72 71 94 119 123 128 141 127 116 114 118 119 129 136 144 142 141 141 141 139 123 130 147 143 149 152 133 140 132 111 148 138 132 148 142 132 115 120 130 126
64 61 60 64 66 66 73 74 78 77 78 82 84 80 82 81 74 67 64 70 70 66 72 74 73 68 68 73 74 72 73 80 85 74 80 106 119 86 88 94 84 65 69 81 79 72 74 73 71 72 76 82 75 79 89 92 91 77 104 136 145 136 134 138 128 118 118 119 115 111 142 136 115 129 142 142 120 135 153 153 149 152 139 131 124 104 133 141 113 127 142 155 156 147 141 164
60 63 62 57 60 65 66 58 62 65 63 73 79 73 72 78 75 68 61 60 67 64 66 75 73 65 65 70 73 76 95 110 104 79 77 71 67 68 80 85 82 77 89 95 80 70 70 72 70 80 90 89 93 93 103 121 128 110 123 139 147 146 136 131 131 134 128 100 89 94 130 134 110 115 131 149 140 143 136 133 124 120 120 120 132 132 146 133 119 131 132 167 162 153 134 125
60 63 61 58 59 60 64 61 61 62 61 63 68 72 72 70 68 63 59 65 72 72 64 63 69 78 78 78 77 72 94 111 96 81 83 81 69 63 67 66 69 102 127 108 98 90 76 78 81 96 116 107 118 116 91 103 112 113 134 147 145 145 127 128 136 134 129 96 81 111 125 117 96 82 89 124 145 144 118 103 95 88 89 87 94 104 110 114 115 127 123 134 141 140 143 131
61 61 60 59 61 62 68 64 61 65 61 61 65 63 62 60 61 64 67 66 68 64 65 67 63 65 73 77 76 73 76 99 106 89 86 81 70 67 78 83 81 101 124 99 113 109 87 90 102 109 99 94 123 132 118 96 101 123 144 149 129 134 147 129 114 111 98 89 98 111 124 118 94 77 68 79 101 119 108 95 104 102 102 94 81 82 87 101 109 138 138 95 110 113 111 123
60 60 63 58 60 65 73 68 64 67 63 64 64 58 61 61 60 67 80 69 61 63 62 65 65 65 68 70 76 78 73 84 103 96 82 75 82 86 89 80 79 95 122 117 133 143 131 112 89 87 80 74 98 140 145 113 101 107 107 128 128 123 119 95 79 83 94 94 101 84 83 109 108 97 95 91 97 112 108 85 84 87 97 88 82 80 79 79 82 104 118 103 108 118 97 74
56 57 62 62 60 64 70 72 72 70 63 61 64 59 62 65 60 67 76 75 63 64 66 63 62 67 76 78 83 88 91 78 89 94 80 74 80 86 87 93 110 122 123 133 150 153 135 140 137 125 135 109 81 104 137 138 109 98 106 125 139 125 96 93 95 109 113 83 87 85 70 78 99 104 107 116 116 114 109 104 113 131 135 96 81 85 95 116 129 117 97 88 92 97 91 79
57 58 63 64 58 59 63 65 62 59 58 58 65 63 62 68 67 68 67 66 60 58 62 61 62 71 76 75 76 80 96 93 99 106 93 86 90 90 104 110 106 113 105 133 141 146 141 138 136 126 125 104 85 83 91 110 125 138 138 121 117 110 96 90 96 120 103 70 81 92 80 75 80 118 131 142 140 139 120 118 126 110 108 113 115 130 130 112 87 80 97 97 98 86 72 73
63 58 59 61 58 57 58 61 65 65 66 61 65 63 63 73 67 62 66 75 78 80 76 70 65 90 97 86 85 81 83 96 114 130 139 141 133 105 115 118 95 115 125 132 123 131 139 125 126 118 92 82 82 82 77 76 107 145 161 130 108 104 84 79 92 111 99 85 103 114 110 97 87 107 102 108 106 136 132 105 102 92 100 133 119 102 94 93 100 94 94 87 85 86 75 86
93 64 62 58 57 56 57 61 72 72 71 68 64 67 64 65 65 63 66 85 98 100 101 86 78 115 124 102 101 116 100 94 106 97 95 95 99 100 116 116 94 111 118 118 115 100 100 111 115 116 96 96 101 88 79 73 99 121 120 133 119 108 81 76 110 123 106 96 92 87 85 105 111 107 94 97 88 111 128 119 107 100 93 95 93 83 86 87 92 90 83 92 92 79 83 93
100 80 81 62 69 69 63 62 67 76 66 67 67 72 77 71 70 72 64 79 88 87 93 91 83 116 130 123 145 128 97 92 113 87 76 79 84 80 101 108 86 85 105 107 116 103 93 98 96 113 112 101 99 96 97 98 94 99 83 94 123 133 140 97 114 136 125 109 102 102 95 94 111 109 105 93 81 92 106 117 129 114 80 78 97 101 90 73 70 71 70 79 99 88 83 80
103 108 120 76 65 64 66 65 75 79 72 73 67 70 95 109 89 96 87 95 100 91 95 100 104 114 139 136 133 124 133 124 101 92 93 84 77 80 90 94 90 81 82 76 84 99 84 80 86 88 94 85 77 78 87 97 101 95 79 78 98 120 141 126 134 156 146 124 122 142 147 119 100 84 91 98 97 86 91 111 103 106 111 108 98 100 99 89 76 79 81 84 98 105 102 92
87 117 139 117 93 96 100 99 118 112 98 105 84 71 82 122 126 125 121 108 99 87 105 129 135 124 142 162 162 157 150 144 105 94 117 117 105 110 105 106 102 86 73 71 74 82 80 75 82 91 91 101 110 100 85 83 104 96 85 91 91 88 77 93 133 148 150 146 146 156 155 138 129 142 150 142 129 92 75 105 117 110 116 107 85 102 108 108 100 99 103 101 114 102 99 118
89 108 141 145 138 142 164 167 154 115 96 82 79 76 73 93 117 105 123 123 103 106 133 121 120 128 155 152 138 148 138 131 113 108 142 150 139 133 111 106 107 85 74 70 71 72 71 73 75 85 88 108 136 118 99 101 124 105 90 85 106 99 61 68 96 114 124 128 109 139 160 155 148 148 136 135 132 109 98 124 127 97 80 87 81 95 105 102 120 101 94 93 97 111 104 109
78 85 132 140 135 133 144 133 112 111 126 129 127 129 115 96 112 115 127 143 145 143 141 111 108 116 148 130 118 130 132 141 135 137 151 131 130 147 138 142 132 99 89 82 87 99 88 75 79 86 91 99 127 142 132 136 147 140 124 105 128 133 90 79 81 97 116 110 85 119 150 149 146 142 130 101 107 140 129 121 117 99 87 99 91 88 112 118 133 128 90 81 83 115 119 112
76 79 99 123 126 112 116 106 86 76 77 83 87 109 120 116 127 136 129 132 144 137 133 133 147 140 137 146 151 129 111 139 160 161 161 152 151 138 122 141 143 135 128 109 106 107 89 99 120 117 88 99 133 153 144 126 142 158 145 127 135 128 95 77 88 110 117 110 82 93 120 135 135 128 122 97 101 135 144 143 147 151 148 139 123 112 120 123 132 139 126 119 134 146 112 86
78 81 78 78 85 95 107 103 87 83 75 71 87 117 119 111 96 94 118 126 135 127 116 133 153 142 144 147 151 138 135 133 130 148 157 155 161 151 142 140 133 137 122 114 121 110 114 141 152 145 103 116 144 141 160 167 143 111 96 98 114 108 79 68 85 109 113 99 118 134 132 141 131 120 129 128 127 114 117 134 143 156 159 150 146 152 159 163 151 141 137 121 99 80 63 56
77 73 90 82 73 70 78 84 75 73 75 74 76 103 112 107 106 99 121 138 138 108 90 110 112 104 115 130 140 137 134 133 104 97 96 101 129 145 156 164 156 123 82 99 133 143 147 146 145 142 124 128 140 122 122 122 96 82 90 110 128 133 114 92 118 141 119 78 111 134 129 116 120 124 120 111 112 106 107 107 116 125 134 133 122 121 123 104 84 83 84 83 68 51 50 52
73 75 89 84 70 70 67 70 70 78 90 93 84 87 90 89 93 98 106 114 130 108 100 96 99 98 100 127 117 92 85 104 100 86 90 100 93 87 125 159 164 156 123 122 146 132 137 135 140 142 111 96 124 138 108 89 90 110 127 129 140 126 98 86 105 118 104 93 127 149 126 89 88 116 132 118 108 96 96 81 87 111 111 102 89 76 85 90 83 85 85 92 95 79 77 74
76 84 91 94 83 73 71 67 75 97 99 101 92 87 81 79 85 104 103 105 134 115 105 105 111 108 110 129 126 95 83 97 99 90 84 107 117 91 108 138 142 136 156 165 148 145 137 137 139 156 129 103 126 150 148 137 126 114 110 99 125 133 105 83 94 119 109 132 155 156 142 111 87 94 103 112 107 100 101 74 66 80 99 94 85 76 82 84 82 78 82 92 94 79 76 76
74 79 85 87 92 93 89 84 83 85 79 97 91 80 83 81 88 95 100 94 104 106 101 109 107 104 105 109 112 106 103 102 85 79 83 95 94 83 88 111 130 122 142 166 158 146 148 144 138 141 157 130 113 122 127 129 128 131 122 88 87 101 112 102 92 122 130 120 132 138 132 144 124 101 102 116 106 99 97 70 63 68 85 97 82 76 80 82 86 80 81 99 101 84 78 70
68 72 75 82 89 100 90 81 77 85 96 100 95 83 77 75 82 92 102 98 97 115 106 100 103 100 99 96 102 103 90 82 78 81 85 86 102 109 88 81 90 105 124 145 150 144 150 113 102 117 123 99 94 120 139 148 146 145 129 100 112 125 150 168 142 132 123 87 97 121 91 94 118 119 120 118 92 84 92 74 69 75 86 102 97 93 116 119 128 126 115 115 122 113 98 90
71 72 72 71 76 95 87 90 99 105 109 104 99 86 75 82 89 95 98 92 87 105 103 97 101 102 99 96 99 112 100 80 81 89 98 89 96 111 106 85 91 110 121 139 162 154 141 111 130 137 126 109 107 133 169 178 174 167 146 110 124 146 176 179 153 110 89 85 83 92 90 96 96 93 97 126 118 101 99 98 108 128 138 117 88 68 88 112 114 108 111 125 103 96 111 127
70 70 72 76 80 82 79 90 103 104 105 110 120 122 104 95 95 99 86 80 75 87 88 95 108 117 107 97 93 92 101 95 111 124 119 117 113 91 113 134 124 134 162 145 134 150 152 150 160 157 135 138 130 158 176 168 183 182 164 144 133 141 155 173 151 117 83 97 89 75 82 84 79 74 97 123 90 94 121 121 98 102 122 101 80 84 96 133 139 125 107 115 104 87 88 106
63 64 62 77 78 72 73 93 95 101 116 117 121 118 109 96 90 90 85 75 64 61 86 106 116 118 109 96 90 91 98 99 95 102 121 141 145 134 140 172 164 135 155 146 143 154 158 174 175 164 143 152 141 142 168 167 171 163 148 153 150 131 118 134 107 83 76 117 112 76 76 74 67 73 89 95 77 85 93 85 103 127 125 112 109 103 92 115 145 132 116 119 118 102 92 98
64 62 68 70 70 66 68 85 90 103 114 110 112 114 112 102 85 84 86 76 66 66 86 95 94 93 96 89 85 91 89 89 105 124 135 142 154 162 154 157 139 113 102 117 127 137 138 161 152 136 126 125 148 140 126 140 148 150 151 145 126 119 124 133 106 80 80 125 117 78 76 72 65 72 80 83 82 82 89 92 96 109 96 82 77 73 77 108 137 135 133 127 118 114 122 142
72 71 79 75 81 82 85 92 91 95 100 104 95 97 98 100 104 101 98 104 101 91 87 92 92 96 96 95 92 98 93 91 126 148 136 132 138 152 150 145 130 127 131 140 131 140 141 132 101 121 143 116 125 143 125 122 116 124 148 151 121 114 123 133 120 112 99 108 107 83 84 93 93 82 80 81 86 90 85 86 85 90 86 78 74 73 76 90 115 114 104 103 112 98 93 116
70 72 74 86 104 103 95 91 96 97 97 94 88 83 83 100 112 102 91 107 110 107 95 93 95 86 83 91 92 98 102 110 142 148 133 123 115 139 156 164 156 157 151 148 145 170 147 128 114 115 116 110 111 118 146 159 154 165 180 146 113 124 131 150 165 161 133 90 93 86 102 144 153 137 120 97 92 100 96 81 77 78 79 83 81 80 87 84 83 83 86 90 102 101 81 95
86 87 87 83 90 85 75 76 84 88 83 86 87 84 98 98 102 101 87 88 98 104 93 83 91 89 85 86 89 90 105 127 156 158 151 145 137 143 141 149 167 159 151 137 157 155 150 155 140 102 89 97 105 93 130 140 115 141 154 122 127 150 151 176 188 174 130 95 89 84 102 125 139 136 126 124 113 125 146 124 86 73 79 84 75 78 82 84 84 86 91 84 83 94 80 91
85 102 82 71 84 88 80 80 84 86 80 82 83 86 92 91 81 98 103 91 93 97 92 83 75 80 85 87 94 101 125 148 151 154 162 165 156 174 165 159 174 159 162 170 174 175 171 172 151 111 101 116 122 103 104 118 120 141 169 167 148 156 160 171 161 129 123 113 97 95 119 126 120 108 106 117 138 144 148 150 114 94 88 81 76 85 91 91 88 83 79 77 85 84 78 87
94 90 79 76 74 78 80 83 85 87 85 81 84 79 75 78 81 87 99 81 79 90 97 87 79 76 81 97 107 110 125 160 168 165 161 165 159 161 150 151 142 134 146 175 189 189 182 174 161 140 125 124 138 130 133 147 161 157 165 184 159 137 155 167 163 121 100 89 88 96 118 107 95 93 98 118 159 173 165 176 167 153 125 93 90 93 96 94 86 78 84 91 91 87 89 89
134 114 101 97 87 78 79 79 80 86 92 83 80 87 83 72 80 91 90 83 88 86 88 87 83 86 88 92 92 121 163 172 167 156 160 152 139 141 142 155 180 164 158 178 174 169 167 154 156 158 148 146 149 158 171 169 173 174 164 184 188 158 126 134 133 104 79 77 81 95 103 92 88 92 110 141 161 164 157 170 169 145 132 130 132 109 91 106 92 81 86 87 82 76 77 82
90 94 117 129 116 82 77 81 84 99 89 76 93 97 86 75 76 85 82 76 78 86 83 85 107 116 111 119 142 175 195 195 186 172 167 133 107 107 121 126 168 181 171 152 137 127 128 116 116 130 133 137 148 160 162 167 181 176 160 153 153 139 105 104 100 111 96 81 79 87 101 117 135 128 125 141 130 133 117 98 111 137 127 114 121 130 119 119 104 93 91 88 91 88 81 78
74 81 108 110 111 114 106 110 92 89 98 90 102 98 83 80 79 75 76 84 90 88 81 78 95 113 120 151 162 188 191 186 185 182 167 142 111 94 98 108 133 144 141 121 108 104 95 83 80 88 103 122 147 154 154 149 142 150 156 154 158 130 100 95 92 101 90 75 74 78 101 133 146 150 154 142 136 138 123 107 114 127 122 117 128 139 138 147 140 102 87 87 93 89 81 79
73 87 121 113 87 80 80 90 85 88 109 117 106 95 108 96 80 82 83 103 125 107 84 83 117 139 158 164 176 192 184 171 183 189 170 141 116 93 91 104 109 105 105 102 103 98 91 84 81 85 88 94 110 131 137 127 120 157 173 168 162 125 90 83 89 99 86 80 78 94 124 142 136 148 144 131 133 142 139 125 105 105 100 100 134 163 173 137 101 85 87 84 81 116 118 96
81 78 83 75 69 74 83 86 94 95 98 105 96 96 109 120 115 102 85 102 140 141 109 93 127 147 178 198 199 200 188 168 157 153 152 143 137 110 121 154 146 120 106 114 134 136 117 110 94 83 81 82 85 110 142 156 127 140 170 166 148 128 108 86 87 110 117 103 102 103 139 156 130 130 132 141 130 112 115 106 93 112 124 123 155 155 122 95 97 98 96 82 84 129 168 124
66 64 72 73 66 77 92 95 93 89 93 101 97 90 88 102 129 135 98 126 176 166 136 123 127 144 164 195 206 196 181 143 149 150 146 145 155 137 139 161 133 99 115 146 167 181 172 147 114 86 86 90 88 124 130 126 134 144 152 157 163 143 138 120 118 121 150 165 174 178 170 162 151 147 151 154 151 130 122 129 117 110 100 104 109 96 101 126 145 124 98 95 103 139 156 125
64 70 75 76 64 65 75 86 82 89 107 97 82 85 96 100 112 138 144 153 177 175 178 175 158 149 151 174 186 191 199 150 123 113 111 124 131 145 123 133 158 132 137 163 146 151 172 171 132 94 92 103 98 139 162 138 146 154 145 149 158 161 149 149 165 161 165 171 160 173 179 165 168 165 143 137 166 151 136 119 97 90 80 83 93 105 127 149 170 146 102 100 123 138 144 148
81 71 65 61 60 61 67 77 81 97 106 88 77 99 113 113 97 94 109 134 146 144 160 165 174 166 159 169 161 161 192 173 123 115 123 117 118 140 148 125 135 134 139 150 143 126 154 174 151 126 139 153 145 163 169 140 147 142 136 162 162 177 171 155 190 200 193 172 161 170 181 161 152 156 157 128 136 128 113 105 99 92 90 90 93 96 92 113 149 167 168 164 148 126 138 163
75 63 60 64 66 70 90 96 99 95 89 80 84 105 110 118 110 81 79 120 138 117 152 173 166 161 151 162 157 151 177 199 200 180 124 106 110 121 161 175 155 157 171 150 162 166 157 166 159 152 157 185 200 191 175 169 173 154 148 167 163 149 164 177 197 189 190 162 164 149 126 132 135 135 135 121 107 97 94 94 95 90 89 91 91 105 104 120 166 189 199 157 140 153 158 179
70 62 65 76 79 88 101 93 84 74 83 87 85 100 105 106 103 78 75 105 152 155 156 165 176 171 149 158 136 117 124 163 193 203 149 94 96 111 153 192 186 156 170 125 121 154 159 165 180 177 178 176 163 168 157 149 161 171 185 175 174 178 162 166 159 149 153 117 121 127 118 116 150 159 143 140 119 93 109 139 142 136 129 149 163 161 153 154 171 178 165 147 147 173 183 196
60 61 74 87 98 100 96 94 89 82 82 84 92 105 111 98 85 84 89 124 151 134 107 100 114 143 150 150 108 101 102 100 152 194 158 97 80 84 104 150 164 156 156 150 140 161 171 184 185 169 184 162 116 130 147 153 160 162 156 145 152 175 162 159 156 142 123 120 158 170 164 144 153 164 146 131 114 94 109 157 179 177 181 174 177 190 194 180 177 176 161 143 172 182 176 180
75 74 77 99 108 97 81 77 86 90 84 91 91 86 90 97 92 119 145 141 119 91 98 108 109 123 127 121 96 90 102 96 124 149 117 99 82 59 82 115 131 153 142 140 143 151 195 189 175 144 158 161 163 175 153 157 183 166 145 157 154 162 161 162 169 143 103 112 165 160 142 158 152 125 121 147 130 109 120 151 159 128 109 104 107 124 162 179 181 172 179 144 144 154 164 175
78 74 76 85 87 80 75 79 89 93 88 87 89 90 95 93 84 124 163 122 85 89 98 115 137 136 112 121 118 106 99 94 127 169 163 114 84 71 63 102 111 126 128 125 126 157 178 190 184 139 117 108 122 149 135 153 187 159 148 172 149 142 130 138 136 118 149 136 122 109 103 113 120 123 136 157 161 159 155 134 127 135 108 102 93 85 115 130 137 131 159 179 167 147 147 134
75 79 79 82 83 79 74 76 85 87 88 81 85 101 124 109 82 120 145 114 101 95 101 143 162 117 105 109 109 109 122 111 112 156 182 157 95 70 77 110 120 129 125 135 126 131 138 179 198 159 118 103 103 123 144 142 148 128 141 154 152 138 115 95 113 128 163 161 134 131 124 113 109 122 129 141 142 141 145 141 133 142 106 100 110 121 126 128 138 141 163 176 145 104 118 143
75 84 84 82 82 81 76 76 83 83 81 82 82 92 101 95 100 117 115 104 109 119 129 134 139 113 103 98 88 104 139 132 118 147 170 179 135 76 62 110 131 129 144 146 143 132 135 149 153 134 109 96 98 116 147 106 98 103 119 141 163 166 135 124 145 148 144 170 162 132 117 106 104 112 113 125 130 124 136 146 135 144 106 102 111 117 126 134 128 112 104 121 116 102 94 88
83 90 94 80 69 70 72 72 82 89 87 88 91 91 100 120 122 106 100 110 131 138 150 131 133 130 113 96 85 89 110 124 145 154 153 175 165 109 112 131 127 96 97 107 110 109 111 112 112 104 98 98 102 129 155 107 98 110 113 94 112 130 123 103 96 107 115 159 153 110 101 101 105 98 95 100 103 122 140 127 127 137 115 118 130 122 117 122 115 118 118 128 119 104 96 86
88 94 95 82 70 73 89 86 82 96 99 93 101 98 94 126 135 128 148 127 122 126 129 123 116 99 113 107 80 83 107 130 133 130 133 155 165 126 131 150 131 106 107 111 109 105 105 122 112 106 128 135 136 138 142 108 108 121 121 108 117 116 125 122 112 126 127 133 152 136 112 108 113 102 86 88 103 121 139 117 128 147 141 139 137 119 107 106 121 148 139 131 134 114 110 125
93 90 96 90 79 78 93 114 114 119 108 106 122 116 123 126 146 165 164 127 105 111 125 125 117 95 100 109 106 113 133 140 127 112 122 151 165 144 140 178 184 127 114 107 104 105 118 125 116 102 138 159 144 129 123 100 101 112 116 128 136 144 136 135 140 150 145 117 124 129 112 114 122 116 102 100 109 109 128 139 125 148 147 146 148 128 123 138 171 186 163 143 138 146 134 120
87 83 87 93 94 97 95 100 119 128 111 135 143 131 127 129 153 165 168 145 118 128 145 151 148 129 112 121 136 134 136 137 129 120 122 146 161 159 165 167 192 139 121 111 103 107 119 117 115 110 118 123 105 108 120 119 104 98 95 107 121 125 129 131 147 152 143 145 146 130 111 115 137 131 102 116 133 115 118 146 146 155 149 143 153 129 143 164 172 173 169 169 159 150 146 119
