examples/data/proba_v_italy_sicily/probav_s10_toc_x19y03_20150611_333m_ndvi_v001.txt
ncols         1127
nrows         589
xllcorner     12.348214285714
yllcorner     36.598214285714
cellsize      0.0029761904761905
NODATA_value  -9999
[rows 500 to 549 of 589, columns 96 to 191 of 1127]
21 21 21 22 32 23 28 29 27 23 23 26 32 22 21 19 27 22 17 25 24 22 22 21 21 22 22 21 21 21 36 20 22 21 21 21 22 21 21 21 21 21 21 40 27 22 22 21 21 23 23 22 23 37 26 23 22 23 23 22 22 23 23 22 21 22 21 22 23 22 20 20 20 22 23 22 22 22 23 23 23 22 21 23 25 24 23 24 23 23 24 7 7 7 7 11
22 21 22 22 29 22 22 22 24 18 21 29 22 21 21 21 23 21 21 27 20 21 21 21 27 24 22 21 21 22 31 29 20 20 21 21 21 41 25 20 28 21 21 21 21 22 22 22 21 21 22 23 23 40 26 23 23 31 23 22 21 21 22 22 22 22 22 22 22 23 23 21 20 22 22 22 23 23 22 22 22 21 23 22 22 24 23 11 11 11 11 11 11 7 7 11
22 22 22 22 32 26 22 22 35 26 21 22 21 26 23 30 27 26 18 21 21 21 21 22 42 31 22 22 22 21 36 32 20 21 20 21 21 20 34 25 28 21 21 21 21 47 26 21 22 21 21 22 35 30 19 22 23 22 23 22 23 24 24 22 21 20 20 20 23 22 23 23 22 22 22 23 24 24 23 23 23 23 22 24 25 25 27 28 7 7 7 7 11 11 11 7
21 22 22 22 22 21 21 22 35 23 21 21 21 21 24 21 20 22 27 22 29 21 21 22 21 21 21 23 22 21 22 33 21 22 21 27 21 21 33 19 26 19 21 22 21 34 21 21 22 40 36 31 22 19 26 22 23 51 32 23 22 22 23 25 24 22 22 20 21 21 21 23 24 21 22 23 23 23 23 23 23 23 23 23 24 23 24 28 30 7 11 8 11 11 7 7
22 21 22 32 29 25 21 21 21 21 23 21 21 22 40 26 22 22 22 22 22 22 22 22 22 22 22 21 22 22 35 24 21 21 20 33 20 22 21 21 21 21 23 21 21 22 22 19 22 23 21 23 22 27 23 22 22 44 30 22 22 20 21 23 25 25 22 22 22 22 22 23 24 22 22 23 24 24 24 23 23 23 23 23 23 23 24 25 27 7 7 11 8 7 11 7
22 21 22 28 21 21 22 22 21 21 21 21 22 22 22 22 22 21 21 21 22 22 25 23 21 21 21 22 22 22 24 21 22 22 22 40 25 22 22 22 22 43 37 20 22 22 21 22 22 22 22 29 23 38 23 22 22 22 22 22 23 20 19 20 22 23 22 22 21 22 22 23 23 23 23 23 23 24 24 24 25 24 22 21 22 23 23 24 28 27 25 7 7 11 11 7
21 22 22 22 22 22 21 21 21 21 21 21 21 21 22 21 29 21 21 22 21 21 22 22 22 33 25 21 21 22 22 36 23 22 21 28 23 22 21 22 40 30 26 22 21 21 21 52 42 31 32 25 23 23 22 22 22 23 22 21 22 22 21 21 22 21 20 20 21 21 22 21 22 22 22 24 23 24 24 25 24 22 22 22 22 23 24 24 27 30 26 24 11 7 8 7
22 22 21 21 21 21 21 21 22 22 21 21 21 21 22 22 25 21 21 22 21 21 21 22 21 22 22 23 23 22 21 21 21 21 22 28 21 22 21 22 22 31 23 22 22 21 21 50 34 21 22 22 22 22 21 22 22 21 21 22 22 20 19 20 22 21 21 21 21 21 22 22 22 21 21 20 21 22 23 22 21 21 23 23 21 22 24 25 26 29 30 26 11 7 8 7
21 22 20 21 21 21 21 20 21 21 21 21 21 22 22 21 21 21 21 22 22 22 21 21 22 21 21 22 22 22 21 21 34 21 21 21 21 21 21 21 21 22 21 21 22 22 21 22 26 22 22 24 18 33 29 22 29 22 22 23 26 25 21 19 22 22 22 22 22 21 22 22 21 22 23 23 20 19 21 23 23 22 23 22 21 22 23 24 24 26 28 30 28 27 8 11
22 21 21 20 20 20 20 20 20 21 21 22 22 22 21 21 21 22 22 22 22 22 21 22 22 22 21 21 22 21 21 23 22 22 21 21 21 21 21 21 21 22 21 22 22 22 22 21 22 28 23 29 22 34 27 25 31 26 23 23 23 24 25 23 21 22 22 23 21 21 20 22 22 22 22 24 26 24 23 24 24 23 23 23 21 21 21 23 23 25 26 27 29 29 11 11
21 21 21 21 21 21 20 20 20 21 22 22 22 21 21 21 21 21 21 21 22 22 22 29 22 23 22 22 22 21 22 22 23 22 22 22 21 22 22 22 33 22 23 22 22 22 23 22 22 38 28 24 23 23 23 22 22 23 21 22 22 21 21 22 22 20 21 22 22 22 22 22 22 21 22 22 23 23 22 22 22 23 23 23 22 21 21 22 23 24 26 26 27 29 29 8
21 21 21 21 21 21 20 21 20 19 20 21 21 21 21 21 21 21 20 21 22 22 21 22 21 21 22 22 22 22 22 22 22 21 21 21 22 22 22 22 25 21 22 22 21 21 23 44 36 29 20 23 22 23 24 23 21 20 21 21 21 22 21 21 21 21 21 21 22 22 22 21 22 22 22 21 23 22 23 21 22 23 23 22 22 21 22 22 23 23 23 25 26 28 27 28
21 21 21 21 21 22 21 20 20 19 21 22 21 21 21 22 21 21 21 21 21 22 21 21 22 21 21 21 22 22 22 21 21 22 21 21 21 21 22 22 22 21 22 22 21 34 30 27 21 23 23 23 23 43 34 35 27 21 22 22 21 22 22 22 21 22 21 22 21 20 21 21 21 21 22 22 23 23 23 22 21 20 20 20 22 20 20 22 22 23 23 25 25 25 27 26
21 21 21 21 21 22 21 20 20 20 20 20 22 21 21 21 21 21 21 21 21 22 22 21 21 21 21 21 22 22 22 21 21 22 22 21 21 31 21 21 22 23 22 22 22 23 22 23 23 22 23 23 46 34 25 23 22 22 22 22 21 20 21 20 21 21 20 20 20 21 21 21 21 21 21 21 20 21 22 22 23 22 21 21 21 20 20 22 23 23 24 24 25 26 27 27
21 21 21 21 21 21 21 21 20 20 21 20 20 21 21 21 20 20 21 21 21 21 22 22 22 21 21 22 21 22 21 21 21 21 21 20 20 25 21 22 22 21 21 21 22 23 22 23 22 23 22 23 23 25 19 22 22 22 22 22 21 21 21 21 20 20 20 21 21 21 21 21 22 21 21 21 20 21 22 23 24 24 23 22 22 21 20 22 22 21 22 24 24 25 25 26
20 21 21 21 21 20 21 22 20 19 20 21 21 21 20 21 21 21 20 21 21 21 21 21 22 22 21 21 21 22 21 21 21 21 21 21 22 29 20 21 39 35 22 22 22 21 22 22 22 23 22 22 22 22 22 21 21 21 22 22 22 22 22 22 22 21 21 20 21 21 21 21 21 20 21 21 22 22 21 22 23 23 23 22 22 22 22 22 22 22 22 23 24 25 25 25
20 21 21 20 21 21 21 21 20 20 20 21 20 21 20 20 21 21 21 22 21 21 21 21 21 21 22 22 21 21 22 22 21 21 21 21 21 21 22 21 21 21 21 21 22 22 22 23 22 22 22 23 22 21 23 22 23 22 21 22 21 22 22 22 22 22 21 21 22 22 22 22 20 20 21 21 21 22 21 21 22 23 22 22 22 21 22 22 22 23 22 23 24 24 25 25
21 22 20 20 20 21 21 21 21 21 20 20 21 21 21 20 20 21 21 20 21 21 21 21 21 21 22 22 21 21 22 21 21 21 21 21 20 20 21 21 21 21 21 21 22 22 21 22 22 22 22 22 22 22 21 21 23 22 22 21 21 21 22 21 22 22 21 20 21 21 22 22 22 22 21 21 21 22 21 20 22 23 21 22 21 22 21 21 22 22 22 22 23 23 24 24
20 22 20 21 20 20 20 20 20 20 20 21 22 21 20 20 21 20 21 21 21 21 21 21 21 21 22 21 21 21 21 21 21 21 21 21 21 21 21 20 21 21 21 21 21 21 21 22 22 21 20 22 23 22 21 21 22 21 20 20 21 20 21 21 21 21 21 20 21 21 21 21 22 21 21 21 22 21 20 21 21 21 21 22 22 21 21 21 22 23 23 23 22 21 22 23
21 21 21 21 20 20 19 20 20 20 20 21 21 21 21 21 19 20 20 21 20 19 21 21 21 20 20 22 21 21 21 21 21 21 21 21 20 19 20 21 21 21 21 22 21 21 21 22 21 21 21 21 22 23 21 21 21 22 21 21 21 21 20 20 21 21 21 21 21 20 20 20 21 22 22 21 21 20 21 20 21 21 21 21 21 21 21 20 21 22 22 24 23 22 22 23
21 20 20 20 20 21 20 20 21 20 20 20 21 21 19 20 20 21 21 21 21 21 21 21 22 22 22 21 21 21 21 21 22 22 21 21 20 21 21 21 21 20 21 23 22 21 21 22 22 21 21 20 20 21 22 22 21 21 22 21 21 22 21 21 21 21 21 21 21 21 21 21 20 21 21 21 21 20 21 21 21 21 20 20 20 20 20 20 21 22 22 21 22 22 22 22
21 21 20 21 21 21 21 20 21 22 21 20 21 21 20 19 19 21 21 21 21 21 21 21 21 21 21 21 21 21 21 21 21 21 21 21 21 21 21 21 19 20 21 22 22 22 23 23 23 21 21 21 46 21 22 23 23 22 22 22 52 21 21 21 21 20 21 21 21 21 21 20 20 20 20 20 21 20 20 21 20 20 20 20 20 20 20 20 20 21 21 21 22 22 23 23
22 22 22 21 21 21 21 20 21 20 20 20 19 20 21 21 21 21 20 21 21 21 21 21 22 21 22 22 22 22 21 21 21 20 20 21 22 21 20 19 19 20 21 21 21 22 23 22 23 22 33 24 21 21 22 21 31 20 20 22 21 21 22 21 20 21 21 21 20 20 20 21 21 21 21 20 21 20 21 20 20 20 20 20 20 20 21 20 20 21 21 21 22 22 23 23
22 22 22 21 21 21 21 20 20 21 21 20 20 20 20 21 21 21 21 21 21 21 21 21 21 21 22 22 22 21 21 21 21 21 21 21 21 21 21 21 21 21 21 21 21 21 22 22 21 41 23 21 22 22 22 21 21 21 22 22 21 21 21 21 21 21 21 20 20 20 20 20 21 21 21 21 21 20 20 20 21 21 20 20 21 20 21 20 20 21 22 22 23 24 24 23
23 22 23 23 22 22 21 21 21 22 21 21 20 20 20 20 21 21 21 21 20 21 21 21 21 21 21 21 21 21 21 21 21 21 21 22 22 21 21 21 20 21 21 21 22 21 21 52 21 21 22 22 21 21 21 21 32 25 21 21 21 21 21 21 21 21 21 20 20 20 20 20 20 20 20 20 20 20 20 21 21 21 20 20 20 19 19 20 19 21 22 22 22 24 23 24
23 23 23 22 22 21 22 22 22 21 21 21 20 20 20 21 21 20 21 21 20 20 21 20 20 21 22 21 21 21 21 22 21 20 20 21 21 20 21 20 20 21 20 21 23 21 21 21 21 22 21 21 41 29 21 21 21 21 20 20 20 21 20 21 20 21 21 20 20 20 20 20 20 20 20 20 20 20 20 21 20 20 20 20 21 20 20 20 20 21 21 21 21 21 22 22
22 22 22 22 21 22 22 21 21 21 21 20 20 20 20 22 21 21 21 21 20 20 19 20 21 21 21 20 21 21 21 22 21 21 21 21 21 21 21 21 20 21 39 21 21 21 21 21 21 22 23 22 37 21 21 21 21 20 21 21 20 21 21 21 20 20 21 20 21 21 20 21 21 20 20 20 20 20 20 21 20 21 20 20 20 20 21 22 21 21 22 21 22 22 22 22
22 22 21 21 21 21 21 21 21 21 21 20 20 21 21 22 21 20 20 21 21 21 21 21 21 22 22 21 21 21 21 22 22 21 21 21 20 21 21 21 20 29 20 21 32 31 36 22 22 41 21 41 30 22 21 20 21 21 20 20 21 20 21 20 20 20 21 21 20 20 21 20 21 21 21 21 20 20 20 20 20 20 20 20 19 20 20 20 21 21 21 20 21 21 21 22
21 21 21 21 21 21 21 20 21 21 21 20 21 21 22 21 21 21 21 20 19 21 21 20 21 21 20 21 21 21 21 21 21 21 21 21 21 21 21 21 21 21 21 40 34 20 21 21 21 36 25 22 22 21 21 22 22 20 20 20 20 20 20 20 21 20 20 20 20 20 21 21 20 20 20 21 20 20 20 20 20 20 20 20 19 21 21 20 21 21 21 20 20 20 21 22
21 22 21 21 22 21 21 22 21 21 21 20 20 22 21 21 21 21 20 20 21 21 21 21 21 21 21 21 20 21 22 22 21 21 22 21 21 21 21 21 21 19 61 35 20 21 21 21 22 22 22 21 22 23 23 23 22 21 19 20 20 20 20 21 21 21 21 21 20 20 20 20 20 20 20 21 20 20 20 20 21 21 20 20 19 20 20 20 20 21 20 20 21 21 22 21
22 22 22 21 21 21 21 21 20 22 21 21 21 21 20 21 21 21 20 21 22 22 21 21 22 21 22 21 22 21 21 21 21 21 21 21 21 21 21 20 21 21 45 21 20 21 22 21 21 23 23 22 22 22 22 21 21 21 20 20 21 21 20 20 20 20 21 20 21 20 20 20 20 20 20 20 20 20 20 20 20 20 20 19 19 20 20 20 20 20 20 20 20 21 21 21
21 21 21 21 22 21 20 20 21 21 21 22 22 19 20 19 21 20 21 21 21 21 21 21 21 21 20 21 21 22 21 21 21 21 20 21 21 20 20 21 21 21 20 20 20 21 21 54 32 21 22 22 22 22 22 21 21 21 21 21 21 21 20 20 20 20 21 21 21 21 20 20 20 20 20 20 20 20 20 20 20 20 20 20 19 19 19 19 19 19 20 20 20 19 19 20
22 22 22 22 22 22 21 22 22 21 20 20 21 20 20 20 20 21 21 20 21 21 21 21 20 20 21 21 21 21 21 22 21 22 21 21 20 21 21 21 21 21 21 21 20 20 58 21 21 21 22 22 21 21 20 23 22 21 21 20 21 21 20 21 21 20 20 20 20 20 20 20 20 20 20 20 20 21 20 20 19 20 20 20 20 20 20 19 19 20 20 19 21 21 21 22
22 22 21 21 21 21 21 21 22 21 21 21 21 21 21 21 21 21 21 21 21 21 21 21 21 21 21 21 21 21 21 22 21 21 22 21 21 20 21 21 22 21 21 21 21 21 21 21 22 21 21 22 21 21 21 22 22 21 21 20 20 20 20 20 21 21 20 20 21 20 20 20 20 20 20 20 20 20 20 20 19 19 20 20 20 19 19 19 19 19 21 21 20 20 20 20
21 21 21 22 21 22 21 21 22 22 22 21 21 21 22 21 21 22 22 21 21 21 21 21 21 21 21 21 21 21 21 22 21 21 22 21 22 21 21 21 21 21 21 21 21 21 21 21 21 21 22 23 23 22 22 23 22 22 21 22 20 20 20 20 20 20 20 20 21 21 20 19 20 20 20 20 20 20 20 19 19 19 21 21 20 20 20 20 19 19 19 19 19 19 18 19
21 22 22 22 22 20 21 21 22 22 21 22 21 21 21 21 22 22 21 21 21 21 21 21 21 21 21 21 21 21 21 22 22 22 22 21 21 21 21 21 21 21 21 21 22 21 21 21 46 22 22 22 23 35 32 33 22 51 27 21 20 20 20 20 20 20 20 19 20 20 20 20 21 21 20 20 20 19 20 21 20 20 21 20 20 20 21 21 20 20 19 19 19 21 21 19
21 21 21 22 22 21 21 22 22 21 21 21 21 21 21 21 21 21 21 21 21 21 21 21 22 21 21 21 21 21 22 22 22 22 22 21 21 21 22 21 21 21 21 21 21 21 21 21 21 22 41 45 37 21 23 22 27 22 22 20 20 20 20 20 20 20 20 20 20 20 20 20 21 21 19 20 19 20 20 21 21 20 19 35 19 19 20 19 19 19 20 20 19 22 23 24
21 21 21 21 22 22 22 22 22 21 21 22 22 21 21 21 21 21 20 20 20 20 21 21 21 21 21 21 21 21 21 21 21 21 21 21 21 21 21 21 21 21 21 21 21 21 48 21 21 69 21 24 22 21 22 22 22 22 21 22 20 20 20 20 19 20 20 20 20 19 20 20 21 21 20 21 20 21 21 21 19 20 19 19 19 20 21 19 19 20 21 21 19 20 22 21
21 22 22 22 22 22 21 21 21 21 21 21 22 21 21 21 20 21 21 21 21 21 21 21 21 21 21 22 21 20 21 21 21 21 21 22 21 21 21 21 21 21 21 21 62 50 31 21 21 53 22 22 23 21 21 22 22 22 21 21 20 20 21 21 20 21 20 20 19 20 19 20 20 20 21 20 21 21 21 20 19 20 19 20 19 20 20 21 21 20 21 21 20 21 20 21
21 21 21 21 20 20 22 22 22 22 22 22 22 21 21 21 21 21 21 21 21 22 21 21 21 21 21 21 21 21 21 21 21 21 22 22 21 21 21 21 21 21 21 21 37 34 21 21 43 22 22 22 23 38 27 21 21 22 21 22 21 20 20 21 21 33 33 31 19 20 20 20 21 20 20 19 20 21 21 20 20 19 19 21 19 21 19 20 21 20 20 19 20 19 20 19
22 21 21 21 21 21 21 21 22 21 21 22 22 21 21 21 21 21 21 45 27 21 21 21 21 21 21 21 21 21 21 21 21 21 21 21 21 21 21 21 21 21 21 21 21 21 21 21 21 21 21 22 22 22 20 21 21 20 20 20 20 21 20 21 22 20 20 20 20 20 20 20 20 20 20 21 20 20 20 21 19 20 21 21 19 20 20 21 20 21 19 19 20 19 20 19
21 21 21 21 20 21 21 21 21 21 22 22 22 22 21 21 21 21 21 21 21 21 21 21 21 21 21 21 22 21 21 21 22 22 21 19 21 21 21 21 20 21 21 20 21 21 21 21 21 21 21 22 22 22 22 21 22 22 22 22 22 21 20 21 22 21 20 20 20 20 21 21 21 20 19 21 21 21 21 19 19 19 21 21 20 20 20 20 20 20 20 20 20 20 20 21
20 21 21 21 21 21 21 21 21 21 21 22 22 22 22 21 22 21 21 21 21 21 20 21 20 20 21 21 22 21 21 21 21 22 21 21 21 21 21 21 21 21 21 21 21 21 21 21 22 21 22 22 22 21 20 20 21 22 21 21 20 19 20 20 21 21 21 20 20 20 21 21 21 20 21 19 21 21 21 21 21 21 20 21 21 21 20 20 20 20 21 20 20 20 20 20
21 21 22 21 21 20 21 21 21 21 21 21 21 20 21 21 21 22 22 21 21 21 20 21 21 21 21 21 21 21 21 21 21 21 21 21 21 21 21 21 21 21 21 21 21 20 21 21 20 21 22 22 22 23 21 20 21 22 21 22 21 20 19 20 20 21 21 21 21 20 21 22 21 20 21 21 20 22 21 20 21 21 21 21 21 20 20 20 20 21 19 19 21 20 20 21
22 22 21 21 21 21 20 21 21 21 21 21 21 21 21 21 22 22 38 22 22 21 21 21 21 21 21 21 21 21 21 21 21 21 20 21 21 21 21 21 21 21 21 21 21 21 20 20 21 21 21 22 22 22 22 22 22 23 22 21 21 20 19 20 21 21 21 21 21 21 20 21 21 21 21 21 21 21 21 21 21 21 21 19 21 21 21 21 21 22 21 19 20 19 21 21
22 22 22 21 21 21 21 21 21 20 21 21 21 21 21 21 20 22 21 22 21 21 21 21 21 21 21 21 20 21 21 21 21 21 21 21 21 21 22 22 21 22 21 20 20 21 21 21 21 21 21 21 22 21 21 21 22 21 22 21 22 21 20 20 20 20 21 21 20 21 21 21 21 21 21 21 21 19 21 21 21 21 21 20 19 21 21 20 21 21 21 21 19 20 20 19
21 21 22 22 21 21 21 21 22 21 21 21 21 21 21 21 21 21 22 21 21 21 21 21 21 21 21 21 21 20 20 21 22 19 21 21 21 22 21 21 21 21 21 20 20 21 19 20 21 21 21 21 22 22 21 21 20 21 22 22 21 21 20 20 21 20 21 21 20 21 21 21 21 21 20 21 20 20 21 21 21 21 21 20 20 21 20 20 21 21 21 21 20 21 21 21
21 22 22 21 21 21 21 21 21 22 21 21 21 20 21 22 21 20 21 21 21 21 21 21 22 21 21 21 21 21 21 21 21 20 21 21 21 21 21 19 21 21 21 21 21 21 21 21 21 21 21 21 21 21 22 21 22 21 22 21 21 21 21 20 20 20 20 21 21 20 21 21 21 21 21 21 21 20 21 21 21 21 21 21 21 21 19 19 20 21 21 21 21 19 21 21
21 22 21 21 21 21 21 21 21 22 21 21 21 22 22 22 21 21 21 21 21 21 22 22 21 21 20 20 21 21 21 21 21 21 21 21 21 21 21 20 21 21 21 21 61 21 21 21 21 21 21 21 22 22 22 21 21 21 21 21 22 21 21 20 20 20 19 19 20 20 21 21 21 21 21 21 21 21 21 21 21 21 21 21 21 19 20 21 21 21 21 21 20 21 19 21
21 21 21 21 21 21 21 21 21 21 21 21 21 22 22 21 21 39 22 22 21 21 21 21 21 20 21 21 20 21 21 20 20 21 21 21 21 20 21 64 43 26 22 47 19 21 21 21 21 21 21 21 21 21 21 22 21 21 21 22 21 21 21 20 20 20 20 21 19 19 20 20 21 21 21 21 21 20 19 20 21 21 21 19 20 19 21 21 20 20 21 21 21 20 21 21
