examples/data/proba_v_italy_sicily/probav_s10_toc_x19y03_20150321_333m_ndvi_v001.txt
ncols         1127
nrows         589
xllcorner     12.348214285714
yllcorner     36.598214285714
cellsize      0.0029761904761905
NODATA_value  -9999
[rows 392 to 440 of 589, columns 768 to 863 of 1127]
170 180 170 185 203 171 175 197 181 193 209 182 160 156 163 187 209 223 227 194 162 173 176 169 166 178 193 191 181 182 197 178 179 194 194 197 201 210 198 178 189 193 207 206 201 206 210 200 185 185 209 217 214 210 207 205 208 215 213 209 210 213 218 221 217 219 213 206 200 195 201 204 201 204 195 190 197 199 203 221 230 226 227 233 222 216 219 223 228 225 220 219 220 214 208 214
190 201 198 213 218 201 211 215 204 196 194 161 174 198 196 204 192 183 194 181 167 178 158 142 144 157 196 191 185 194 199 176 152 175 176 175 191 201 203 182 178 183 197 226 222 201 200 201 193 191 208 208 217 215 207 210 215 219 216 213 212 211 214 211 208 209 211 201 187 187 195 195 183 182 192 201 207 207 218 221 222 226 230 241 228 215 210 219 224 222 218 217 223 223 212 212
229 222 229 230 226 215 222 211 206 197 175 153 160 189 173 205 213 164 162 158 168 180 160 153 160 171 186 182 184 195 171 172 177 165 178 182 188 195 191 178 174 183 194 219 226 216 209 195 194 194 190 187 189 187 188 196 208 208 202 209 213 210 212 213 212 208 209 205 188 186 187 188 185 184 194 217 216 208 203 199 211 219 230 224 216 221 220 216 213 211 212 216 212 211 210 208
205 206 216 231 229 225 207 218 220 203 181 182 173 195 194 217 225 192 179 170 186 184 147 144 183 195 168 173 173 180 184 180 187 182 177 183 179 176 189 170 173 187 192 214 232 217 197 195 195 191 190 189 188 185 185 188 193 199 194 199 205 206 216 209 206 204 210 209 195 190 193 200 201 204 219 219 207 201 199 200 206 220 220 208 216 229 222 207 205 206 213 220 215 216 210 203
194 213 226 240 236 237 203 177 190 195 200 192 186 216 208 202 205 189 183 193 180 159 156 167 199 171 126 161 182 178 181 186 184 175 177 186 186 177 183 180 189 186 188 199 201 193 188 194 196 188 187 184 186 192 192 196 201 203 197 195 210 217 210 207 207 206 207 208 202 194 194 196 195 218 222 204 191 198 207 214 219 221 213 210 203 195 205 206 204 196 195 203 198 200 199 197
209 210 232 230 215 215 206 165 185 200 189 195 187 193 194 173 170 182 190 181 161 150 158 194 183 145 142 178 195 185 166 168 174 175 180 197 197 192 197 194 191 191 186 190 183 169 172 194 196 191 189 186 190 191 190 197 197 195 202 218 227 208 202 199 209 210 203 196 200 195 192 213 211 207 205 199 199 209 210 210 222 214 203 197 182 184 200 199 197 187 183 193 184 183 194 200
224 192 176 215 207 204 213 207 198 204 190 206 205 193 205 195 157 167 199 168 172 170 161 187 181 159 173 172 176 169 162 152 158 170 191 202 194 200 197 179 180 194 187 174 164 168 167 168 179 180 180 187 195 200 191 189 194 200 214 219 224 216 207 213 212 210 221 216 212 204 218 226 207 198 207 210 208 209 206 206 210 204 190 185 173 191 207 205 201 202 204 204 196 192 201 203
202 204 194 206 198 199 222 205 188 193 198 201 207 192 174 166 190 208 189 149 136 176 201 193 185 173 175 168 169 182 163 141 148 161 175 182 196 197 192 175 158 155 132 116 136 162 183 186 184 186 183 185 180 193 189 190 198 206 220 224 219 200 188 196 211 208 216 224 215 206 216 200 196 201 210 209 206 205 203 204 200 192 181 185 186 193 206 204 196 194 203 213 211 207 215 210
211 206 217 203 203 219 204 172 154 145 155 167 200 200 170 170 210 208 169 147 133 182 205 198 176 144 135 147 144 162 155 135 151 166 173 180 198 160 114 91 94 129 131 103 140 179 182 198 191 176 178 170 166 186 197 200 200 207 215 206 200 198 194 186 206 218 219 228 218 190 192 183 181 191 200 203 205 208 212 210 202 195 190 192 197 197 197 192 194 203 206 208 213 216 218 208
207 193 183 203 182 184 190 176 175 183 180 180 203 219 199 177 198 193 169 173 178 214 195 155 120 110 118 154 140 142 151 157 173 177 173 177 183 179 145 124 161 184 151 151 179 201 186 190 171 164 181 178 181 189 195 209 221 226 233 226 208 203 191 172 181 209 230 229 214 185 175 177 187 189 192 187 190 199 206 209 206 198 187 184 192 195 193 201 205 201 208 214 213 206 203 210
201 174 153 185 177 156 161 184 202 187 185 198 190 183 181 175 174 187 174 182 220 213 145 115 128 136 163 174 153 142 150 156 158 161 160 168 176 184 183 173 174 187 174 174 200 203 197 198 162 154 182 208 207 193 181 180 209 223 222 216 194 198 195 177 180 190 196 206 209 195 176 179 197 185 182 196 194 196 199 199 202 201 188 178 189 197 194 198 200 199 211 216 202 207 210 215
170 169 156 173 177 176 185 178 183 184 182 193 192 195 205 223 229 185 154 172 194 183 181 180 183 170 182 194 161 135 124 127 140 157 161 171 181 194 196 180 169 181 193 183 199 206 209 200 196 200 189 193 174 184 204 194 197 221 225 219 202 192 205 197 192 188 172 176 192 195 182 175 186 190 191 196 190 192 195 193 203 218 197 180 187 185 185 202 204 211 217 210 203 206 212 210
171 185 178 189 173 186 192 180 181 177 182 206 206 185 181 185 187 163 165 186 181 194 214 178 157 178 177 165 150 150 145 134 140 162 164 161 174 192 193 174 179 190 195 190 179 164 182 201 203 215 196 187 176 185 196 190 197 193 197 223 227 213 208 204 203 198 187 174 181 186 184 179 182 192 197 191 183 185 194 192 201 225 224 198 193 192 195 178 173 193 231 236 229 214 211 216
207 191 191 195 193 193 178 182 174 190 197 188 193 174 164 185 174 153 145 147 174 179 178 182 171 186 181 133 119 134 151 130 138 158 165 161 166 178 177 171 172 177 182 189 174 161 179 204 194 197 198 172 167 182 195 190 187 170 163 203 221 214 204 201 205 196 185 173 188 204 205 201 190 190 191 189 187 185 189 190 189 188 197 198 197 191 192 187 196 208 212 230 228 226 231 226
167 137 150 184 181 184 186 191 173 182 203 175 159 164 152 172 153 154 152 151 180 182 177 174 178 194 182 134 131 152 145 131 140 173 165 157 180 180 166 184 191 192 192 219 203 190 193 186 197 184 189 191 202 204 214 215 190 177 204 215 205 199 199 204 213 200 182 174 191 210 220 218 206 191 182 186 187 186 192 187 193 193 184 194 202 206 215 218 221 223 218 224 222 225 236 230
174 182 186 205 202 180 160 174 194 186 183 174 149 151 166 151 151 151 153 171 190 192 186 159 148 173 145 120 107 133 147 147 143 150 167 172 184 171 163 174 167 192 208 219 208 177 192 194 212 181 169 175 196 209 214 217 213 207 209 210 221 213 208 210 222 212 199 196 209 218 213 209 196 182 184 184 185 185 185 181 188 183 176 190 197 206 211 204 206 220 227 234 229 217 215 213
133 160 183 180 195 207 172 165 191 193 183 198 185 140 140 154 154 148 170 171 179 176 160 149 146 162 148 142 122 116 134 143 132 145 192 180 175 162 170 189 173 166 159 184 206 189 192 192 192 201 212 217 196 199 210 209 192 185 181 181 214 218 221 218 216 211 205 198 205 212 206 194 188 184 187 183 175 181 185 176 175 179 180 189 202 207 212 205 190 210 226 240 234 208 196 196
151 160 173 171 220 222 174 128 138 176 185 179 164 149 151 156 138 114 149 171 165 143 146 169 183 169 169 172 148 125 145 184 187 172 181 171 170 170 179 196 192 176 169 196 199 202 188 172 175 199 214 215 211 194 193 204 201 188 177 183 206 200 189 210 210 210 214 209 207 201 194 185 195 188 181 183 178 177 181 185 186 178 180 190 194 189 193 195 185 212 220 223 222 210 200 195
169 184 192 161 167 187 144 141 140 168 180 190 179 175 176 174 128 118 140 168 161 154 168 196 180 175 189 152 143 146 143 172 183 176 191 198 194 195 207 218 212 202 197 214 212 202 194 169 193 209 207 191 211 216 201 207 210 210 222 234 237 217 211 217 200 195 209 206 191 189 194 188 196 194 188 188 188 185 192 198 188 171 182 185 191 190 200 195 197 210 213 216 215 213 207 203
162 158 167 177 167 159 161 161 172 187 176 173 161 166 187 190 143 124 151 177 156 36 57 91 109 143 178 152 145 157 169 165 164 175 197 207 206 204 209 201 198 205 214 224 222 214 214 205 227 227 216 196 198 227 228 227 232 232 234 226 208 214 215 206 194 191 199 205 201 195 196 191 167 173 190 187 189 197 201 194 190 192 197 205 219 207 190 189 195 202 210 209 206 209 208 203
153 161 184 196 180 170 186 189 189 155 163 164 146 138 167 183 184 126 138 182 185 191 199 208 207 185 167 172 175 183 184 135 140 189 200 210 200 194 203 209 209 210 224 219 222 212 210 220 219 203 179 177 184 211 223 220 224 237 233 226 220 209 203 204 198 202 202 197 198 181 169 154 119 97 136 177 168 187 197 198 200 202 206 219 228 217 193 193 204 203 200 198 189 187 189 191
132 156 184 185 189 193 176 174 189 144 138 174 146 146 172 196 198 202 207 217 209 209 206 205 207 202 195 196 187 185 186 183 181 200 205 207 202 196 204 214 220 217 230 231 217 197 201 213 217 210 201 199 196 189 210 223 224 234 233 226 227 210 198 195 205 211 208 196 190 196 201 201 197 187 163 151 176 205 200 195 203 202 203 226 227 216 200 196 198 194 186 189 185 189 198 194
175 168 176 183 173 168 151 148 159 150 147 177 194 207 185 184 192 187 187 194 196 196 190 192 199 177 170 182 201 200 189 180 187 202 210 212 194 182 197 205 192 189 207 212 215 211 209 216 225 219 215 202 181 178 199 205 205 196 212 220 213 208 197 200 210 217 213 200 195 205 213 196 178 196 194 178 184 195 198 195 195 195 194 213 220 211 203 196 200 194 199 208 198 191 191 189
166 177 173 172 166 172 178 160 157 197 187 161 185 189 171 182 179 177 181 180 178 191 192 180 173 157 171 192 208 209 204 199 206 205 199 197 184 174 175 171 188 193 201 204 207 214 217 212 203 204 188 190 181 189 202 215 235 223 202 207 206 203 189 196 212 207 208 204 204 207 205 194 181 207 213 205 208 213 207 208 207 201 199 209 217 212 215 213 208 199 205 217 211 207 202 190
153 182 181 201 213 206 208 218 190 202 203 169 172 168 171 190 185 191 187 187 192 185 187 182 174 160 176 193 200 202 200 203 210 190 180 184 187 171 175 204 210 202 202 193 191 190 195 198 193 192 178 178 189 203 192 198 219 225 210 216 212 206 194 190 205 218 209 207 215 210 200 212 211 207 197 202 222 225 209 213 215 204 202 194 189 196 215 216 205 200 207 205 203 205 196 167
152 184 183 201 220 222 216 216 195 183 173 161 179 162 126 161 199 206 202 202 198 187 182 183 179 177 182 185 195 208 207 202 197 185 183 181 181 169 177 203 207 210 216 189 185 195 191 196 190 200 206 191 175 180 180 187 195 209 208 213 212 212 211 204 197 200 214 222 222 215 213 215 209 204 204 214 223 225 219 215 212 206 206 208 208 201 195 198 197 202 208 200 195 198 195 184
155 175 180 174 210 221 202 191 177 183 170 158 189 205 157 157 210 199 181 189 202 199 199 199 211 204 202 193 190 203 206 195 200 194 188 183 183 188 198 208 202 201 197 183 178 193 204 207 192 190 192 191 173 169 177 175 192 216 215 209 204 205 220 222 220 205 200 217 227 211 206 204 206 206 200 192 196 217 225 217 209 209 208 205 205 201 196 201 207 211 208 202 204 198 191 197
160 164 149 154 196 209 208 186 179 192 177 170 186 183 192 179 180 183 196 199 186 190 194 191 208 205 187 199 197 203 210 207 207 203 196 194 194 191 199 200 194 187 187 186 187 190 192 199 191 164 174 186 183 185 189 196 219 223 215 211 205 198 213 230 243 249 232 214 229 218 204 207 212 199 182 191 205 213 222 216 197 194 213 219 220 215 210 212 214 209 198 189 181 175 191 204
196 195 167 171 202 203 188 200 171 155 167 174 194 212 198 183 175 182 188 187 173 179 187 187 194 207 188 181 196 202 207 203 211 207 199 190 192 193 186 157 144 150 174 178 177 178 181 187 194 177 178 186 196 204 188 197 215 211 214 226 213 196 199 210 220 240 233 200 217 222 222 228 222 202 195 195 193 189 197 202 184 181 196 202 194 191 189 198 213 207 172 151 158 178 187 179
236 230 208 199 176 182 196 196 154 147 168 185 205 205 192 197 191 188 177 175 180 178 163 158 186 209 206 191 202 216 213 205 205 203 202 205 217 228 205 168 151 151 157 164 164 169 180 180 179 176 180 193 192 204 203 190 197 211 215 225 212 203 204 202 199 211 215 204 213 217 221 234 224 193 188 196 189 174 180 198 194 178 172 175 170 164 164 172 190 206 188 164 166 181 183 154
229 232 182 144 134 153 183 194 183 184 163 164 194 202 180 186 193 192 180 174 173 175 169 171 187 202 202 203 205 218 220 212 200 208 226 210 227 221 202 200 200 183 179 174 174 178 179 174 171 166 173 182 172 202 212 191 201 211 213 222 212 211 206 200 190 197 206 219 229 224 224 228 220 202 201 197 192 185 190 193 199 200 183 184 189 192 190 185 177 171 172 174 177 181 192 184
157 128 105 116 159 200 198 193 178 165 152 123 107 124 160 176 176 176 191 197 195 201 203 186 178 195 188 192 203 214 220 222 219 222 239 250 224 200 191 201 217 202 185 162 180 182 183 177 181 184 180 183 181 200 219 204 200 206 208 215 212 212 213 215 218 221 223 229 234 227 230 223 210 216 211 209 212 211 203 186 201 196 196 203 191 183 191 194 191 181 180 185 188 190 191 191
84 82 103 117 170 192 167 173 175 173 191 153 129 136 163 170 172 170 173 194 186 184 181 166 174 183 184 199 205 206 220 214 206 211 228 235 214 207 209 202 206 194 184 109 89 117 166 186 186 189 179 173 185 194 204 204 198 197 214 218 214 219 216 213 208 204 209 218 226 230 229 231 218 206 212 223 238 233 231 201 192 195 191 189 186 181 188 196 196 191 187 190 187 180 174 173
109 163 189 129 142 151 135 142 181 204 207 182 135 171 176 161 150 176 186 183 186 192 199 192 200 201 207 214 213 208 213 211 214 205 211 229 205 205 217 214 199 184 170 138 106 139 166 169 191 192 195 178 174 178 196 215 209 200 210 209 201 199 214 210 202 206 207 205 208 217 229 232 224 211 213 218 218 228 234 219 202 201 196 170 134 134 181 193 197 197 192 183 181 183 185 190
158 186 202 164 162 176 162 149 147 172 177 182 153 178 186 180 173 182 196 194 204 211 218 215 179 188 210 212 212 220 213 206 223 209 207 225 203 193 201 201 183 175 175 178 179 190 184 167 161 191 195 190 193 191 193 201 195 197 189 171 165 186 210 209 205 212 218 211 205 206 212 218 226 224 223 212 212 212 214 214 208 202 200 189 176 188 199 205 196 195 188 197 205 190 172 195
178 168 185 161 146 157 138 148 135 146 161 176 173 182 189 175 183 213 217 198 186 207 212 219 191 170 205 214 218 234 226 200 209 196 199 211 201 196 195 203 209 178 167 177 179 179 198 202 178 197 198 191 203 204 207 205 203 217 195 172 174 198 212 205 206 210 210 213 212 206 205 204 205 210 215 213 212 217 213 198 204 214 216 224 212 195 209 207 195 191 189 203 212 205 199 208
142 137 153 155 156 159 167 193 182 171 184 179 172 183 193 194 209 210 213 205 200 212 202 190 186 176 211 216 221 213 206 207 199 187 190 191 191 200 206 203 208 171 155 176 175 150 192 222 198 190 195 184 202 212 211 209 217 220 207 179 180 181 191 199 203 205 205 210 210 203 197 215 221 211 204 199 204 223 223 213 209 211 217 225 213 189 187 189 190 186 180 179 177 182 186 186
125 104 138 190 170 132 157 192 177 163 173 179 191 212 226 225 222 223 222 221 223 222 197 181 195 195 207 219 217 209 210 203 189 200 193 197 199 199 198 189 193 176 168 182 179 153 182 226 219 196 197 202 210 222 214 197 208 220 215 198 201 179 175 188 195 201 199 202 213 210 201 211 220 214 213 207 195 208 213 215 227 224 215 227 222 211 200 200 208 212 208 199 186 182 195 204
94 89 119 149 140 134 131 167 164 160 182 188 190 192 196 201 220 246 236 208 207 202 187 184 190 188 200 204 208 214 214 204 189 197 197 203 208 199 202 212 214 201 186 185 194 188 182 204 213 199 199 219 210 207 204 196 199 211 211 206 196 197 200 198 196 200 213 221 217 191 176 195 221 233 233 214 205 211 203 192 208 227 229 229 224 224 218 215 207 203 203 191 196 171 167 183
95 87 76 104 137 163 145 176 196 165 171 177 171 172 173 152 153 192 213 209 204 192 177 180 184 187 189 184 193 212 217 201 173 181 191 197 211 216 218 214 213 207 189 193 197 195 172 188 206 224 227 212 213 204 174 177 199 193 191 189 185 195 214 220 220 216 204 206 203 189 186 196 212 208 200 215 215 218 216 210 205 209 207 219 227 216 201 197 203 201 194 163 129 125 134 181
122 118 96 140 181 180 169 153 169 173 169 178 168 185 183 157 144 172 213 214 202 205 177 152 170 184 174 184 220 221 218 217 204 200 189 186 202 214 221 216 211 205 202 206 198 193 199 205 213 215 226 218 227 238 198 180 199 189 177 177 183 189 211 222 200 191 190 186 199 207 211 192 185 198 202 218 219 223 224 213 200 206 209 207 196 188 193 194 207 208 159 116 128 146 172 197
123 138 147 155 203 201 178 177 190 202 191 188 178 187 204 203 189 183 185 173 184 198 180 165 167 176 183 196 206 205 209 216 221 216 199 189 203 226 219 217 202 190 202 203 200 199 197 207 208 221 217 219 231 244 229 192 194 185 171 184 192 201 212 218 206 206 219 213 213 207 214 211 188 199 192 194 210 214 216 212 216 216 216 197 193 197 199 190 192 159 90 74 104 157 189 204
128 151 192 184 183 187 182 187 210 214 200 180 182 181 198 202 179 200 209 156 169 208 185 165 160 169 172 182 191 199 208 218 224 209 207 208 212 218 193 188 193 187 192 191 190 198 191 189 196 202 185 189 205 211 204 205 203 178 162 183 207 213 213 214 207 214 226 233 237 234 227 216 197 201 217 211 217 202 205 223 230 209 193 201 210 214 196 192 160 109 105 109 105 95 133 175
142 171 162 184 183 173 170 166 172 192 240 231 195 187 196 204 188 165 166 162 172 181 151 145 160 156 167 190 209 207 210 218 224 210 207 217 219 211 193 189 192 188 194 195 185 180 178 195 196 195 193 201 200 204 210 222 212 196 192 195 210 208 200 203 199 202 217 216 221 228 220 207 197 195 216 222 221 206 194 214 222 217 211 189 201 209 185 181 178 152 168 175 182 162 155 177
145 140 143 165 186 185 168 155 171 185 217 226 217 214 228 182 171 155 149 160 167 168 182 180 175 169 176 195 196 208 213 219 221 207 199 208 218 219 215 214 202 197 208 205 193 198 197 208 203 196 198 198 190 186 199 206 194 195 200 198 188 204 199 197 206 226 239 232 216 225 228 216 208 201 203 223 227 223 202 197 212 211 215 198 216 215 194 177 184 193 190 182 185 199 196 181
123 135 156 152 109 108 169 196 185 198 227 229 218 225 233 185 171 156 156 185 186 178 195 190 192 195 197 190 190 206 213 216 204 190 195 199 206 234 226 224 207 192 195 195 190 200 206 202 197 189 191 199 197 173 161 162 185 190 175 188 183 194 200 195 197 214 230 235 226 218 226 227 221 213 209 212 195 190 179 183 200 213 213 204 230 221 195 194 188 190 183 179 184 206 219 213
161 170 170 165 109 109 171 208 204 199 202 203 214 218 223 204 189 209 203 190 184 172 155 151 175 205 210 207 213 218 214 200 205 197 197 195 191 218 227 220 199 191 192 186 185 192 204 195 188 189 192 197 183 119 71 108 178 198 189 204 187 194 209 209 207 216 236 245 240 227 224 225 228 223 215 224 199 196 205 209 193 208 222 214 221 211 198 211 194 186 184 182 197 219 231 223
179 187 159 152 172 184 178 174 187 193 194 183 187 197 199 206 201 203 210 189 162 147 150 165 180 183 207 204 202 214 213 216 237 226 204 193 206 229 216 218 229 220 201 189 198 212 209 200 189 193 202 194 193 171 123 142 175 199 198 196 176 187 205 223 227 235 244 248 249 239 233 230 227 218 205 222 218 211 215 230 225 202 210 226 211 207 205 217 211 195 192 186 200 214 218 196
159 176 182 170 177 177 172 164 184 184 177 201 195 181 172 178 205 208 189 198 189 172 176 161 169 193 209 202 208 213 205 223 231 234 209 198 216 222 209 209 208 200 194 193 198 209 212 205 186 185 196 194 203 191 144 170 204 218 204 184 181 184 191 212 221 214 225 238 232 229 220 219 220 208 210 204 209 224 221 230 246 233 212 196 194 205 212 214 212 226 225 201 192 210 211 204
