examples/data/proba_v_italy_sicily/probav_s10_toc_x19y03_20140811_333m_ndvi_v001.txt
ncols         1127
nrows         589
xllcorner     12.348214285714
yllcorner     36.598214285714
cellsize      0.0029761904761905
NODATA_value  -9999
[rows 104 to 155 of 589, columns 480 to 575 of 1127]
29 28 28 30 31 29 29 30 30 29 29 30 29 30 30 29 28 29 29 28 28 30 30 29 28 29 29 31 29 28 30 30 29 30 29 29 31 30 30 30 31 31 29 29 30 31 31 30 30 31 30 31 33 30 29 31 32 29 31 32 32 32 34 34 36 35 36 39 36 39 35 35 38 37 33 34 38 37 41 37 32 57 47 74 109 57 34 31 28 28 25 25 27 25 25 28
27 29 29 29 30 29 29 30 29 30 31 28 28 29 28 29 29 29 29 28 27 28 29 30 30 30 30 30 31 29 29 29 29 29 30 30 30 29 29 28 31 29 30 29 29 31 31 30 31 30 32 31 31 31 30 31 34 33 31 32 33 31 32 37 37 36 38 39 38 45 43 46 48 51 51 44 52 47 47 43 30 47 62 89 114 89 46 17 15 25 30 30 30 27 22 22
31 30 29 30 29 30 31 30 30 29 29 29 29 29 29 29 29 29 29 29 30 29 29 30 29 27 28 29 30 30 32 31 29 31 32 31 31 31 31 29 31 29 29 31 30 31 32 31 30 31 31 30 29 29 31 33 33 32 31 32 33 34 35 40 38 34 38 39 47 53 35 36 35 52 107 68 49 40 32 47 47 55 75 94 98 105 98 102 95 52 27 32 30 30 32 27
29 27 29 29 29 29 29 30 29 29 28 30 30 29 29 29 29 28 28 29 31 29 29 29 29 30 31 29 29 32 31 30 31 31 30 31 31 30 30 28 29 30 30 31 30 30 31 30 32 32 32 31 30 32 33 33 32 31 32 35 32 34 31 82 95 104 112 95 62 51 52 50 102 131 126 98 90 113 117 106 85 79 78 89 97 116 128 107 91 50 24 38 39 44 35 30
29 29 28 28 28 28 29 30 28 29 30 28 28 30 29 30 31 29 28 30 30 31 29 28 30 29 30 31 29 29 28 29 30 31 30 32 30 30 28 28 30 29 30 32 30 30 30 30 32 32 32 32 33 34 33 34 85 110 113 117 122 125 122 119 110 118 115 108 115 113 112 129 142 129 116 111 117 135 140 129 108 106 118 125 127 141 148 154 134 127 119 52 29 33 45 45
30 31 29 28 28 30 29 29 29 30 29 28 29 28 28 29 30 29 28 30 29 30 29 29 29 29 29 30 29 29 28 29 29 28 29 30 30 29 29 29 29 30 30 31 28 29 29 31 32 34 33 33 33 32 28 73 97 112 121 126 130 133 133 133 129 123 117 107 116 115 118 139 156 157 155 151 152 144 145 136 125 125 133 142 141 153 141 141 168 152 148 146 111 86 45 33
29 28 29 30 28 29 28 30 30 29 30 30 29 30 29 28 29 30 30 29 30 29 29 29 28 29 28 30 28 29 30 31 30 30 31 29 29 28 28 29 28 30 29 30 29 29 31 31 32 32 34 34 30 49 79 120 147 132 121 126 137 147 157 151 149 145 148 147 135 143 159 165 167 177 177 152 163 157 141 149 151 141 128 124 144 161 157 147 166 186 168 150 142 138 114 58
29 28 29 30 29 28 29 29 29 28 28 30 29 28 29 27 28 29 30 28 30 30 31 30 31 30 30 29 30 29 29 31 31 30 28 29 28 29 29 30 31 30 29 31 30 32 34 34 33 31 28 49 73 100 137 157 143 127 119 132 142 138 155 158 147 157 158 152 156 147 160 175 191 198 170 159 176 186 168 160 176 175 164 141 151 168 181 188 178 184 194 170 154 148 150 123
30 29 29 28 29 28 29 27 27 27 27 29 28 29 27 26 29 29 28 28 29 31 30 30 30 29 31 30 29 30 29 31 29 28 28 30 30 31 30 31 30 31 32 32 32 32 33 32 27 86 115 122 117 126 141 138 134 120 112 122 131 134 135 137 138 165 159 140 146 147 159 181 196 194 174 169 182 180 167 172 190 196 168 148 157 177 191 202 203 174 184 171 139 160 177 169
29 30 29 29 29 28 28 28 28 28 28 28 28 29 28 30 28 27 28 29 29 30 30 28 28 28 28 28 29 30 30 28 30 28 31 30 29 30 30 31 32 33 33 34 33 32 28 75 97 109 128 142 133 128 125 106 113 123 127 141 142 152 145 130 135 137 136 138 129 136 154 169 179 178 157 152 162 155 162 183 181 178 152 146 166 168 184 208 182 180 177 168 162 155 175 179
29 29 28 30 29 28 27 28 28 29 29 28 29 29 29 29 28 28 28 28 28 28 28 29 29 28 30 29 30 31 29 30 30 31 31 31 30 30 31 32 33 34 34 32 28 75 86 88 105 117 105 119 132 128 126 109 119 140 145 136 122 124 125 120 134 149 148 147 136 130 129 130 147 162 148 139 141 154 167 144 140 148 137 156 175 182 191 191 188 177 173 170 172 169 168 175
30 30 29 28 28 27 27 27 29 28 27 27 27 27 28 29 29 28 30 28 28 28 29 29 29 30 30 29 29 31 30 30 31 30 31 33 34 32 32 34 33 29 28 80 91 92 102 99 110 128 125 140 151 147 140 134 117 115 124 125 113 109 118 140 153 164 173 150 135 144 148 142 132 141 147 143 145 164 171 156 152 148 137 151 171 181 183 167 159 161 144 159 177 176 169 176
28 28 29 30 28 30 29 29 28 28 27 27 27 29 28 29 29 29 27 28 30 28 29 31 30 30 31 31 30 29 30 29 32 31 32 32 35 34 30 28 53 80 90 98 99 98 111 127 126 135 148 143 134 138 137 130 125 115 109 123 121 128 149 162 158 151 149 149 157 142 140 146 152 144 140 147 159 166 171 175 176 150 139 140 157 165 166 174 173 198 168 162 176 178 178 161
27 28 29 29 29 29 27 27 29 27 27 27 29 30 28 28 29 28 29 29 29 28 30 29 29 29 30 31 31 31 31 31 33 32 31 31 27 63 81 89 98 102 97 100 114 127 130 133 143 145 137 131 127 115 120 131 125 117 114 131 136 145 161 155 161 146 134 154 184 175 168 177 176 151 109 106 155 151 146 155 161 163 169 172 174 168 161 165 174 179 164 148 174 174 167 172
28 29 29 29 29 29 28 28 27 29 29 29 29 28 28 28 29 29 31 31 29 29 29 30 29 29 30 31 31 31 33 33 33 31 27 48 87 113 110 100 98 103 117 123 133 146 148 141 132 132 139 126 135 143 125 96 106 139 147 151 144 134 143 142 149 175 187 156 164 182 178 160 118 117 105 93 139 161 163 167 193 203 206 204 204 210 186 178 161 168 159 160 150 153 164 174
29 28 27 29 29 30 29 29 27 29 27 28 30 31 28 28 28 29 29 29 29 30 28 30 30 31 31 33 32 31 30 27 24 57 75 91 97 107 114 117 126 134 144 143 143 151 142 134 139 139 129 122 137 138 135 137 131 140 146 137 138 142 151 167 168 174 166 158 178 194 179 177 132 96 92 108 130 153 174 187 208 202 190 202 209 212 172 169 164 163 158 165 167 165 161 172
28 27 28 28 27 28 29 29 28 27 28 28 28 29 28 28 28 29 29 28 28 28 29 32 32 32 32 32 28 22 54 74 87 90 92 102 97 111 145 132 138 147 139 132 147 149 141 147 156 155 137 133 133 131 126 128 128 134 164 163 156 155 146 151 167 153 145 159 180 174 162 171 142 93 101 122 125 124 147 184 204 191 192 202 192 185 167 155 151 153 163 168 173 184 178 173
28 27 28 30 28 28 26 28 28 28 28 28 29 30 29 29 29 29 28 29 30 30 32 31 31 29 24 27 65 81 88 103 106 114 127 124 83 82 142 139 135 141 139 137 136 132 129 136 145 136 123 139 139 125 119 116 125 146 183 188 179 172 164 156 165 167 156 165 187 180 155 164 159 116 112 127 130 120 147 202 201 202 206 194 174 163 156 156 172 165 156 157 162 181 162 158
28 28 26 28 27 27 27 29 28 28 29 28 28 29 29 29 30 30 30 30 31 29 27 25 29 65 66 70 86 95 91 109 123 136 145 109 76 89 132 142 138 135 137 144 142 144 142 133 136 125 116 129 138 140 143 130 114 133 185 212 199 175 170 173 169 155 151 159 181 159 141 147 152 133 142 143 149 150 175 205 203 190 198 181 167 158 176 171 169 175 163 166 176 161 142 146
30 28 27 28 28 28 29 29 28 28 28 29 31 30 29 26 25 24 24 24 29 59 56 78 87 83 81 90 109 127 136 133 143 152 142 113 108 108 115 139 138 132 134 140 140 135 137 129 128 125 117 112 112 127 140 120 97 103 160 206 207 203 184 174 176 168 151 154 180 164 158 159 151 142 160 152 126 130 187 213 206 200 200 196 174 166 175 185 177 168 129 150 160 145 150 165
29 29 28 30 29 27 29 30 30 30 28 27 26 25 81 93 71 76 78 85 109 114 93 86 90 93 108 124 136 132 129 135 137 131 139 151 142 132 117 113 132 135 130 128 117 109 111 115 120 123 119 113 117 126 120 102 110 103 107 138 183 188 175 161 165 183 179 161 149 155 144 137 141 131 142 177 177 168 207 230 220 200 169 156 150 152 163 177 179 143 139 174 169 173 177 148
30 32 31 29 29 28 27 28 28 24 24 54 74 83 105 115 104 108 107 96 108 116 103 109 126 138 135 135 152 156 134 111 108 123 135 131 138 137 143 139 148 161 142 125 110 103 101 99 112 116 105 103 119 122 121 106 117 119 101 105 133 164 187 183 169 149 150 148 106 114 114 111 117 126 128 158 190 178 184 199 211 213 203 170 154 154 172 184 185 180 165 159 154 179 187 147
30 28 25 28 34 35 31 30 48 71 79 87 90 97 98 99 103 109 94 88 114 133 130 133 134 126 115 114 126 139 126 110 111 107 113 128 132 119 125 132 138 137 151 131 110 119 121 99 83 100 99 90 123 143 129 111 132 145 117 110 119 126 157 158 157 157 128 113 103 95 97 106 128 127 125 132 123 157 166 177 181 191 221 224 209 194 192 180 175 173 151 156 164 161 180 189
55 67 62 59 61 55 59 59 65 80 83 83 86 105 113 115 120 123 113 96 91 100 109 134 156 133 104 108 111 110 117 128 132 122 111 129 135 115 103 104 120 126 134 137 137 133 124 106 101 109 102 89 102 150 165 160 154 146 150 128 126 134 151 142 141 135 135 116 104 88 62 56 102 121 116 130 110 139 180 181 176 177 187 210 221 218 193 180 157 146 146 153 151 164 176 171
52 92 93 72 82 74 82 95 81 75 81 93 112 121 95 67 113 138 111 106 97 103 104 106 117 130 123 103 98 98 112 129 127 122 113 119 137 129 107 100 108 119 129 123 135 135 114 102 117 115 107 99 100 117 128 129 172 184 151 136 159 174 164 159 158 134 124 99 82 88 92 89 94 118 124 117 103 95 126 150 149 156 171 179 187 187 170 166 148 143 148 159 167 165 162 160
98 111 105 89 81 74 69 89 98 98 112 120 108 92 80 77 105 159 144 114 118 102 94 88 76 91 107 103 76 84 121 141 131 124 129 123 146 134 115 108 114 114 124 135 124 112 130 124 116 105 101 95 86 86 98 122 169 186 146 138 148 171 185 166 157 116 84 92 92 94 102 112 108 125 142 150 115 102 104 119 114 121 128 117 113 131 145 149 162 161 151 171 181 179 168 153
119 113 100 101 112 121 123 113 102 108 118 121 108 105 94 88 103 119 129 101 96 79 80 88 69 85 117 117 88 76 93 112 122 123 129 112 131 141 126 115 116 109 120 127 115 106 142 159 146 129 107 92 87 90 101 125 156 173 169 182 164 154 163 166 144 121 101 120 121 129 124 111 134 130 115 110 100 100 109 146 140 121 111 108 96 115 140 127 145 167 180 167 159 144 128 122
145 128 112 91 104 133 126 107 88 85 93 98 118 121 105 102 114 118 122 99 85 70 66 79 76 85 106 103 96 83 88 97 111 130 127 109 119 127 107 94 102 124 126 119 106 116 122 132 136 134 120 93 97 105 98 114 139 147 160 189 207 192 177 170 166 140 121 117 108 117 115 100 99 85 77 83 90 104 111 128 156 138 124 129 121 127 128 118 125 141 160 161 144 129 123 117
141 119 95 95 97 116 125 99 83 73 73 91 127 133 112 91 77 102 136 116 99 94 72 79 100 105 116 115 100 88 73 85 103 119 128 128 128 135 122 106 101 109 110 109 117 118 118 112 103 120 141 126 140 140 125 132 158 194 170 174 199 209 190 169 161 139 106 93 85 79 82 77 78 79 80 79 87 117 120 109 137 155 132 138 132 109 119 117 115 103 116 162 154 134 125 130
112 121 111 113 122 129 147 132 88 74 77 90 116 115 98 77 67 81 130 135 110 91 69 74 96 97 106 125 116 100 85 86 106 125 132 132 137 143 134 129 110 96 97 95 115 112 106 112 100 120 129 117 126 124 131 155 178 195 189 191 200 210 200 178 166 124 91 98 96 85 81 79 78 76 79 83 89 109 121 118 129 138 131 130 119 128 117 116 117 107 106 119 138 137 147 145
131 138 133 113 113 112 116 105 81 74 73 74 84 81 84 80 76 91 115 120 98 91 76 77 80 81 82 91 98 109 111 122 123 116 115 119 119 121 130 135 130 115 92 92 99 95 97 105 114 137 152 138 127 118 128 162 192 195 182 184 186 201 214 176 167 121 90 106 104 88 77 77 82 84 81 94 96 99 104 114 141 159 139 145 135 128 120 112 116 102 107 114 127 149 152 136
110 107 123 107 96 93 83 72 70 67 64 65 67 74 81 82 87 88 83 90 83 85 93 92 95 104 92 84 92 99 114 120 111 86 88 101 110 112 119 131 125 97 85 91 92 95 94 103 118 141 144 134 128 112 120 170 201 206 202 192 191 203 221 198 185 113 80 80 85 81 76 82 92 98 88 91 94 104 122 144 156 146 138 157 166 158 129 111 108 105 120 146 143 142 130 118
106 115 127 110 105 97 85 76 72 64 61 62 63 67 72 70 73 78 80 80 78 76 91 90 99 127 104 79 87 86 85 90 85 74 76 77 85 103 117 115 95 89 86 85 95 98 97 93 89 104 120 120 123 129 136 162 182 191 200 196 200 216 226 224 200 124 80 76 79 78 76 83 95 104 108 106 107 117 132 154 148 136 147 139 152 139 127 124 118 112 107 133 150 141 159 149
109 109 135 121 105 95 82 71 66 65 60 59 63 74 84 81 67 69 78 88 90 79 69 83 94 89 83 78 79 81 81 82 75 75 85 86 78 94 113 100 83 84 88 84 84 91 92 83 95 118 111 118 127 139 144 153 172 178 182 195 205 217 214 215 197 140 88 74 77 81 91 94 95 105 136 142 137 97 114 152 138 140 139 128 132 123 115 119 105 99 97 104 119 119 138 146
107 114 114 112 93 83 89 89 93 85 75 72 70 75 82 93 80 75 71 81 91 98 101 79 84 83 73 74 73 69 93 111 81 69 77 88 102 113 110 96 87 94 105 98 83 86 83 90 108 115 117 131 127 138 149 158 174 180 185 186 178 166 169 185 172 148 124 92 82 80 93 101 101 102 124 137 139 136 132 138 124 116 114 124 129 139 132 122 115 116 123 121 136 147 146 142
104 109 98 98 110 106 106 96 96 92 76 72 79 82 72 73 77 79 81 85 89 85 102 97 80 84 77 80 81 75 88 104 92 94 92 90 103 96 98 101 96 99 96 93 93 101 85 94 103 94 109 124 126 138 163 177 178 166 180 200 179 149 139 144 173 179 149 102 81 93 99 111 123 123 136 122 127 139 140 146 127 107 112 134 149 156 160 176 182 166 142 138 143 153 132 127
95 117 109 85 91 99 105 92 84 84 71 60 86 81 74 91 85 91 87 70 70 73 80 95 82 76 86 91 87 83 78 72 76 94 88 103 106 100 112 120 104 101 101 106 107 97 95 97 98 91 114 134 135 147 162 186 196 186 188 206 191 148 144 154 158 171 158 132 105 118 126 128 131 138 130 124 120 113 100 105 117 106 118 141 155 177 184 185 186 162 120 98 104 99 97 109
85 104 94 75 81 94 97 84 71 64 62 68 84 83 87 103 97 89 87 74 82 91 102 116 102 85 111 128 115 115 113 107 91 82 79 99 118 115 116 112 106 106 104 95 91 84 83 96 99 112 128 146 143 128 143 165 190 183 196 202 185 139 140 152 152 153 130 120 117 126 147 146 132 134 139 134 123 108 93 97 120 121 120 128 147 162 170 180 172 136 94 82 83 78 85 93
79 93 92 78 85 91 93 84 80 75 74 87 91 84 88 95 99 98 89 86 113 118 118 115 111 96 117 141 146 151 142 133 114 82 77 94 119 126 122 118 101 86 96 93 86 92 96 102 109 127 128 122 136 146 157 168 174 169 169 178 162 165 176 155 129 131 115 115 119 130 128 133 150 144 132 128 143 130 106 96 104 113 126 136 140 138 135 130 105 84 81 81 82 83 84 89
102 97 85 74 81 81 83 92 97 93 89 96 99 91 92 104 112 106 102 116 122 117 111 123 134 115 95 112 119 115 117 125 128 109 82 95 112 102 97 95 91 82 81 77 75 91 109 115 113 117 122 118 135 131 122 136 142 147 145 158 175 191 185 170 135 126 122 132 160 155 130 127 133 126 129 126 131 123 96 99 123 128 133 143 151 172 170 156 124 87 78 78 80 85 82 81
117 91 75 64 66 67 74 91 95 82 74 80 100 108 96 97 111 114 115 124 130 112 115 126 117 122 101 93 122 139 118 120 135 126 92 94 110 103 88 81 80 85 78 78 92 110 116 124 115 120 113 103 124 111 82 108 130 149 134 113 156 194 198 187 172 152 143 169 195 200 176 132 127 118 136 160 156 112 98 127 156 141 128 148 189 145 120 120 114 96 85 75 73 77 94 101
116 101 74 68 70 77 82 85 78 68 70 74 90 115 109 103 115 125 125 120 122 119 119 110 116 117 108 98 132 136 129 122 108 101 83 79 94 94 81 80 99 97 84 86 100 121 114 100 96 104 98 97 116 107 92 117 145 148 118 108 148 192 200 167 174 156 149 152 186 202 200 170 162 156 148 149 147 141 143 157 173 173 173 159 148 118 85 78 80 89 96 79 74 85 131 148
92 108 91 87 91 105 105 95 88 85 88 96 88 103 113 106 104 115 122 114 118 120 116 110 110 105 106 91 109 131 127 111 85 77 80 80 82 84 90 92 93 84 79 83 82 99 112 106 105 99 103 112 113 94 106 127 116 111 114 133 187 216 213 209 201 192 184 192 209 214 210 215 224 210 169 159 159 152 172 195 185 177 153 113 101 109 90 81 80 79 77 75 77 92 173 218
92 81 72 83 87 89 89 87 86 88 83 90 101 106 110 112 106 102 102 114 119 123 120 116 114 123 127 102 118 143 119 98 93 76 75 72 79 87 92 91 85 85 95 98 92 88 94 100 94 99 104 115 127 139 137 143 139 129 113 126 171 206 221 226 224 216 217 227 222 209 213 225 233 226 174 164 158 163 192 187 162 137 108 103 97 106 133 138 100 81 81 77 84 108 193 225
91 75 67 76 88 91 84 86 90 92 87 79 86 90 96 107 100 87 86 99 104 101 105 118 136 130 119 122 126 108 90 82 93 81 75 80 97 110 111 106 112 105 95 104 109 104 111 106 94 108 119 131 134 128 122 142 169 170 143 121 119 146 197 222 221 216 217 207 202 206 190 184 205 230 215 210 213 195 148 105 88 93 130 174 177 141 148 185 134 96 99 93 91 111 195 233
81 78 76 74 75 73 80 89 93 104 105 94 74 81 100 99 81 70 92 95 97 111 126 133 125 115 107 116 114 90 71 76 87 84 87 102 120 127 129 112 98 95 102 105 98 100 107 102 96 106 103 107 128 141 170 161 148 139 139 143 124 114 161 202 208 196 214 214 200 210 197 200 218 224 226 230 231 203 134 98 97 165 232 210 166 198 217 183 173 172 111 92 86 92 135 202
72 72 68 66 84 84 71 71 90 98 102 115 90 68 92 97 87 85 102 106 105 117 122 112 96 107 114 105 100 78 75 72 69 82 87 90 112 124 134 114 110 112 111 103 87 90 101 100 108 123 117 115 135 148 186 224 205 186 162 164 168 118 134 200 223 215 225 231 208 197 221 231 235 229 221 220 217 207 153 121 129 173 187 157 173 212 221 226 207 181 130 101 82 81 89 124
68 71 66 62 91 92 71 67 85 95 97 102 93 74 84 90 83 76 84 103 104 101 105 111 111 118 115 110 112 88 79 82 87 90 77 74 107 136 127 110 101 94 100 113 100 94 110 119 125 131 109 115 126 126 134 160 185 206 215 220 225 206 187 216 236 238 238 233 233 227 237 236 224 193 160 176 208 210 171 133 114 122 153 178 206 227 207 190 132 132 151 103 83 93 121 118
83 85 73 69 83 81 77 80 88 92 90 94 107 114 109 95 81 79 93 98 97 91 94 102 96 92 86 102 109 89 83 85 78 81 84 89 100 131 129 121 125 115 92 95 107 109 115 110 112 122 118 115 121 122 107 99 99 119 135 160 191 205 210 219 193 192 223 229 231 234 239 238 219 164 121 132 184 199 155 144 146 188 193 162 174 183 161 163 177 168 146 112 91 122 182 165
96 97 76 73 85 74 82 86 81 77 85 95 106 111 99 93 96 90 85 78 73 75 79 82 89 79 72 89 101 102 106 101 80 88 98 88 78 98 114 121 133 134 112 98 104 99 89 92 96 92 95 105 118 123 118 111 103 96 89 95 116 123 137 145 120 152 188 216 233 239 236 233 221 213 181 153 141 153 124 105 98 116 148 181 190 172 212 236 197 135 111 96 89 99 139 175
77 89 78 70 72 72 78 81 80 83 90 103 111 105 96 104 108 102 91 89 87 68 80 90 94 86 77 76 84 99 122 123 105 103 97 84 84 102 97 86 99 124 140 129 95 77 75 78 78 77 83 90 99 114 120 121 123 105 88 85 88 118 139 131 149 152 176 208 206 205 206 209 206 176 177 206 187 169 117 88 91 120 135 127 156 170 189 181 133 115 168 139 109 93 130 189
71 75 76 67 64 73 89 87 90 90 92 96 102 110 108 106 99 93 87 86 86 76 85 96 100 89 79 72 85 102 114 106 104 101 97 108 112 120 107 82 95 127 128 124 107 91 87 88 87 85 85 94 98 106 110 109 101 101 107 96 89 101 110 117 140 142 131 115 129 150 177 179 165 142 145 199 223 202 134 111 114 149 166 143 115 111 158 165 173 147 159 159 145 123 137 195
