examples/data/proba_v_italy_sicily/probav_s10_toc_x19y03_20140711_333m_ndvi_v001.txt
ncols         1127
nrows         589
xllcorner     12.348214285714
yllcorner     36.598214285714
cellsize      0.0029761904761905
NODATA_value  -9999
[rows 260 to 311 of 589, columns 96 to 191 of 1127]
35 39 38 36 33 87 109 119 113 102 92 87 87 93 103 98 86 98 101 96 114 130 139 131 125 121 125 137 127 109 86 77 85 92 82 79 91 86 87 79 68 60 53 42 35 33 36 8 28 31 33 33 35 40 39 40 40 41 37 40 41 42 40 32 47 49 47 42 41 42 39 37 36 39 44 45 46 43 45 43 36 30 33 80 98 105 105 94 88 93 97 104 95 69 72 78
35 40 41 41 38 49 69 90 101 119 127 92 76 86 109 113 107 118 113 110 132 156 153 137 123 125 133 127 122 119 88 80 84 71 68 67 64 55 46 39 25 9 18 34 38 35 45 46 44 46 47 44 40 43 42 32 31 46 42 42 45 40 39 36 37 41 38 40 46 45 42 43 39 43 44 42 47 38 36 39 37 41 45 44 39 32 33 33 34 91 94 73 50 22 20 27
35 37 41 39 41 40 36 31 86 112 121 106 107 106 109 112 110 112 114 121 119 131 123 115 121 118 121 98 93 92 74 58 59 51 44 36 23 7 45 40 40 41 32 31 35 32 46 40 40 41 42 42 41 31 38 34 32 31 42 41 45 42 40 41 42 40 25 42 42 42 43 27 44 41 40 44 31 35 41 36 36 24 26 43 41 41 42 41 44 42 39 41 38 36 39 41
35 36 36 37 42 43 43 40 32 107 126 138 136 127 113 116 116 121 131 120 117 131 116 100 107 86 75 69 59 53 50 43 25 42 40 38 44 46 42 40 38 38 38 30 32 34 33 44 39 36 33 39 39 27 32 31 29 39 41 39 39 38 38 41 41 23 22 26 25 22 19 28 31 43 44 25 49 40 33 21 21 23 22 25 28 24 47 43 40 42 41 45 49 46 47 45
34 34 38 38 37 40 42 44 42 68 95 105 103 97 100 116 120 123 122 121 120 109 96 88 63 50 42 44 29 20 38 38 33 39 40 39 41 30 41 39 38 41 39 25 40 34 26 30 27 28 38 25 40 38 25 38 25 27 38 40 40 40 40 38 25 20 19 22 23 21 29 23 47 26 25 23 23 43 42 18 19 22 24 22 22 22 45 44 45 43 41 40 41 41 22 45
36 35 36 41 38 38 38 38 40 39 31 19 65 92 118 133 118 118 111 90 72 55 44 39 17 1 30 44 38 39 40 39 40 39 42 42 40 38 41 38 39 36 26 22 25 23 25 26 25 26 26 38 38 24 25 24 24 24 41 42 40 39 27 27 28 20 19 21 19 21 35 36 31 43 26 24 20 20 20 21 20 21 38 33 30 31 21 22 20 45 48 46 43 44 48 48
36 35 38 36 39 37 40 38 24 39 24 34 33 60 76 87 86 73 41 4 5 32 39 36 39 39 39 37 38 39 35 39 38 38 38 38 31 38 38 36 28 22 35 25 28 37 24 23 28 26 28 28 27 31 23 23 22 22 22 23 26 34 27 30 30 21 19 22 22 21 28 21 43 42 38 23 21 20 20 21 20 18 20 22 23 21 22 22 20 41 41 45 45 23 38 42
40 39 37 37 38 33 41 39 23 24 40 23 41 35 19 13 11 35 36 23 38 30 34 39 39 25 31 34 32 29 29 30 34 39 38 25 28 39 39 34 33 24 26 26 24 34 38 24 23 22 22 22 22 22 26 28 28 31 33 24 24 25 27 24 25 24 20 20 23 24 23 24 23 29 24 40 46 42 32 23 21 20 20 20 19 20 19 22 22 46 31 28 26 42 20 17
37 37 36 36 30 37 36 37 39 37 25 24 40 41 42 39 36 37 37 29 27 30 24 25 25 27 28 30 33 31 28 23 36 30 29 28 25 23 22 26 34 26 24 24 24 23 25 22 20 23 22 21 21 22 23 23 22 22 24 27 26 24 23 23 22 21 22 23 20 21 21 21 22 40 34 21 20 27 19 18 26 21 20 19 19 20 21 23 23 21 30 30 28 45 43 44
34 38 37 38 30 33 40 36 41 39 38 36 24 39 29 27 30 33 31 29 26 24 24 24 25 27 26 25 25 26 25 27 28 32 24 24 21 22 26 27 32 36 32 30 26 24 26 25 28 24 24 22 21 22 23 22 23 23 23 24 24 22 20 20 21 20 20 21 20 20 20 20 20 21 20 20 33 34 31 32 29 20 20 20 19 20 20 20 21 19 25 27 24 21 22 38
24 24 36 29 34 38 38 40 35 24 23 24 24 38 36 39 37 23 24 24 24 25 25 26 24 25 25 24 24 23 23 26 31 24 25 29 25 23 24 29 26 23 29 21 33 30 23 24 24 26 22 19 21 22 23 23 23 22 21 21 21 20 20 18 18 19 20 20 21 20 20 20 20 21 22 20 20 33 35 31 20 19 19 20 20 19 19 20 23 18 21 21 27 25 25 22
23 24 24 24 31 35 36 38 24 24 24 22 24 24 36 36 25 24 24 24 26 24 24 23 24 36 24 24 24 24 21 17 23 23 24 27 26 25 23 22 22 22 22 23 33 22 22 24 24 30 21 21 20 20 21 22 22 22 22 21 21 21 20 20 20 20 19 20 20 20 20 20 20 20 21 21 19 19 19 20 20 20 19 20 19 19 20 21 21 18 22 22 34 32 25 27
22 24 23 23 34 36 35 40 24 24 24 23 24 24 24 24 24 24 23 23 23 23 24 25 34 38 31 28 18 20 22 21 20 23 23 26 22 22 23 23 22 23 21 20 26 31 25 22 27 21 20 21 20 20 21 20 27 26 22 21 21 21 20 20 20 20 20 20 20 19 20 21 20 19 18 19 20 20 19 20 20 20 20 20 19 19 19 20 20 17 22 22 36 22 23 25
23 24 24 23 23 32 34 37 40 38 24 24 24 24 24 38 37 24 24 24 23 23 23 24 24 24 35 19 19 19 21 20 23 23 25 26 23 23 23 24 22 22 21 21 20 24 30 22 22 21 20 20 21 32 27 21 25 26 21 21 20 19 20 20 20 19 20 20 20 20 20 20 19 19 19 19 20 20 20 21 20 19 20 20 19 20 20 21 21 19 20 25 31 23 22 25
24 24 23 24 24 23 30 34 38 40 41 38 39 26 24 25 38 24 25 24 23 24 24 24 24 24 21 21 20 19 40 42 18 18 21 23 22 22 27 24 24 22 22 23 21 20 22 21 18 18 19 20 22 30 21 20 29 24 20 20 20 20 20 20 20 20 19 20 20 20 37 38 38 36 18 19 19 20 20 20 20 20 20 20 20 20 19 20 21 20 19 19 27 22 25 25
22 23 22 23 23 23 21 23 31 32 35 36 35 24 24 21 22 24 25 24 24 24 24 24 22 23 21 21 21 19 20 20 21 19 19 20 20 20 23 24 23 22 22 22 22 22 24 22 19 19 19 19 35 32 21 20 20 22 20 20 20 19 20 20 18 19 19 20 20 19 19 37 37 37 19 19 19 19 20 20 20 21 19 20 21 20 19 17 20 20 20 19 27 20 22 25
22 22 23 23 23 24 23 22 23 22 22 22 23 24 23 24 23 22 24 24 23 24 21 22 26 24 20 20 20 19 18 19 19 20 19 20 21 21 20 19 22 21 19 22 24 25 23 20 19 20 19 18 19 36 20 19 20 24 20 20 20 20 19 20 20 40 41 20 20 20 20 37 38 37 39 39 35 37 38 20 20 20 19 19 19 19 19 19 20 21 20 18 23 31 31 29
22 23 22 22 23 23 27 24 24 24 24 22 24 24 23 23 22 23 21 20 20 21 19 18 22 24 22 22 20 19 19 19 20 19 19 19 19 28 24 18 26 41 41 41 39 43 39 40 20 20 36 42 29 32 36 38 40 24 41 36 20 20 20 20 20 20 37 37 38 40 42 41 37 37 37 37 38 37 36 38 37 19 19 19 19 19 18 19 21 21 20 20 18 18 26 21
24 24 20 26 23 22 22 24 23 23 25 25 24 27 27 27 25 23 22 21 21 21 21 20 19 20 20 20 20 19 20 19 19 19 19 18 17 27 22 39 39 38 37 38 39 39 38 38 39 38 40 42 29 38 36 33 28 34 38 35 26 20 37 40 20 20 40 43 40 37 36 38 39 38 38 36 35 36 37 37 38 21 19 39 39 18 19 19 19 20 18 21 20 19 23 21
28 23 24 22 22 20 21 21 22 21 22 22 21 21 20 20 21 20 20 21 20 20 20 19 19 19 19 20 20 19 19 19 19 19 19 18 18 19 19 36 35 35 36 37 35 36 35 34 36 37 38 37 42 41 38 36 38 34 30 34 37 20 38 37 38 39 40 36 37 37 37 34 33 33 34 36 37 36 37 34 35 40 37 35 19 20 21 20 17 18 40 38 19 20 20 24
22 23 22 22 21 22 22 20 20 20 21 22 22 22 21 21 20 21 21 21 20 20 20 19 19 19 19 19 19 19 19 19 19 19 19 20 40 41 41 36 32 32 31 30 31 33 32 32 35 35 34 33 32 34 35 34 35 36 35 33 36 39 38 36 36 38 38 35 33 31 33 34 34 36 33 32 32 33 35 37 34 35 34 41 43 40 37 40 40 19 36 39 39 22 20 37
22 21 22 21 21 20 20 20 20 20 20 21 22 22 22 22 21 22 22 22 22 22 22 22 21 21 21 21 20 21 20 21 20 20 20 37 36 37 34 33 32 32 31 31 30 29 29 30 30 30 30 30 33 34 32 31 33 35 35 33 34 33 33 37 39 38 38 35 32 34 34 33 34 32 32 31 29 32 35 36 39 42 40 38 39 38 34 37 39 37 38 36 35 37 41 38
21 21 21 20 21 21 20 20 21 20 20 21 21 21 21 21 22 22 22 22 22 22 23 23 23 22 22 23 22 22 23 22 22 21 21 35 32 31 29 30 29 28 30 29 29 30 30 29 29 30 30 31 31 32 33 34 32 34 33 32 31 33 35 35 33 33 34 34 30 29 31 32 30 29 31 32 35 38 34 32 33 35 37 36 34 36 37 35 39 38 38 38 38 24 24 37
19 21 21 21 21 21 21 20 20 20 21 21 21 21 21 21 22 22 21 21 22 21 22 23 23 22 21 22 22 22 22 22 21 21 38 32 29 28 29 28 28 28 27 29 29 27 28 29 29 28 29 29 29 28 29 30 31 30 31 33 35 36 33 33 32 33 32 32 35 32 30 31 31 30 31 32 31 31 33 33 32 31 33 35 34 33 33 35 35 33 34 36 36 39 40 39
20 21 21 21 21 20 21 20 20 21 21 21 21 22 22 22 22 21 21 22 21 21 22 22 22 22 22 21 22 22 22 22 21 21 37 31 29 29 30 30 28 28 28 30 29 28 28 28 28 29 29 28 28 28 28 28 29 28 28 32 33 32 32 32 31 31 31 31 31 33 31 30 30 30 31 30 29 29 29 30 31 29 29 29 32 33 34 31 29 29 30 31 33 32 32 34
21 20 21 20 20 20 20 20 20 20 21 21 21 22 22 21 22 21 21 22 21 21 21 22 22 22 22 22 22 22 22 22 22 37 38 34 31 29 28 28 28 27 27 27 29 29 28 27 28 29 28 27 27 27 27 27 28 28 30 33 29 30 32 30 31 31 31 31 30 30 30 31 31 28 28 30 29 28 28 30 30 30 30 31 29 28 29 31 31 31 30 29 28 29 30 30
22 21 21 21 20 20 21 21 20 20 21 22 22 21 22 21 21 22 21 21 22 22 22 22 22 22 22 22 22 22 22 22 21 21 32 34 29 30 28 28 29 27 28 27 27 28 28 28 28 28 27 27 28 27 27 26 27 27 28 29 28 29 30 29 30 30 30 29 29 29 30 28 29 28 28 28 28 29 29 28 28 29 29 31 31 29 29 30 31 30 29 27 27 31 33 33
22 22 21 21 21 20 21 21 21 20 21 21 22 21 22 22 21 22 21 21 22 23 23 21 22 22 23 22 22 23 22 21 22 22 22 29 29 29 28 28 28 27 28 27 27 28 29 28 28 28 28 28 28 27 27 27 26 27 28 27 28 28 27 29 29 28 30 30 30 29 30 29 29 28 28 29 28 28 29 29 29 29 29 29 29 29 29 30 30 31 31 33 32 32 33 31
21 20 20 21 21 20 21 21 21 21 21 20 21 21 21 22 21 21 21 21 21 21 20 21 21 22 22 22 23 22 22 22 22 22 41 35 33 30 28 29 29 28 28 27 27 28 28 28 28 28 28 28 26 28 28 26 26 28 29 28 28 28 27 28 29 28 28 29 30 28 27 28 29 28 29 29 28 28 27 27 28 30 29 28 27 28 29 29 29 30 31 31 31 29 29 32
20 20 20 21 21 21 21 20 21 21 20 20 21 21 21 21 21 21 21 21 22 21 21 20 20 21 21 22 22 21 22 22 21 41 35 30 30 30 28 28 29 29 29 28 28 28 28 27 28 27 27 27 27 28 28 29 28 27 26 26 27 27 27 26 27 27 29 28 27 29 29 29 29 30 30 28 28 27 28 28 27 27 28 29 27 27 30 31 30 30 30 32 32 31 30 31
32 23 21 21 21 21 20 21 21 21 21 21 21 21 21 21 21 21 21 21 21 21 21 21 21 22 22 21 22 22 21 21 22 33 29 28 30 32 30 28 28 28 28 27 27 27 27 28 27 27 27 28 28 27 27 28 26 26 27 28 27 27 27 27 27 28 28 28 27 27 28 29 29 29 28 27 28 29 28 27 28 28 27 28 29 31 30 28 28 28 28 28 30 31 29 28
36 24 21 19 20 21 21 21 21 21 21 21 21 21 21 20 21 21 35 37 21 20 21 22 20 20 21 21 22 23 38 22 43 43 33 29 28 28 28 28 27 27 27 29 29 27 27 28 28 27 27 27 27 27 27 27 28 28 28 26 27 26 26 27 27 28 27 27 28 28 29 30 28 26 27 28 28 28 28 27 28 28 27 27 28 28 30 31 27 27 31 32 31 30 31 31
32 21 37 35 19 21 21 20 20 21 21 21 21 21 21 21 20 37 31 30 21 21 21 21 21 22 22 22 21 22 22 37 38 35 35 31 29 29 30 28 28 29 29 28 28 28 27 27 28 27 28 28 27 26 26 27 27 27 26 26 26 27 26 26 27 28 30 31 29 30 29 27 27 27 27 28 28 28 28 29 28 27 28 28 27 28 28 29 34 30 27 31 31 30 30 29
23 36 20 20 37 22 20 20 21 21 21 21 21 21 21 21 34 34 31 35 37 37 21 21 21 21 21 21 22 22 40 37 39 35 34 32 30 29 28 29 28 28 28 28 28 27 28 28 28 28 27 28 28 28 26 26 27 27 27 27 26 27 27 27 27 30 29 28 27 28 28 27 27 27 28 28 27 28 28 27 28 27 26 27 28 28 27 28 30 31 33 28 26 27 29 29
38 30 36 33 19 36 22 20 20 20 21 21 21 20 21 21 20 34 36 34 21 21 21 21 20 21 22 22 22 22 35 37 39 36 30 31 31 30 30 29 28 29 29 29 29 29 30 28 28 28 28 28 28 27 27 27 27 27 26 27 28 27 27 27 27 26 27 27 28 28 28 26 27 26 27 28 28 29 28 27 28 29 29 28 27 26 27 27 26 26 29 31 29 28 29 29
34 30 31 39 38 23 24 20 36 35 20 21 21 21 21 21 21 21 21 20 20 21 20 21 21 21 21 21 21 40 38 32 36 40 32 30 31 30 29 29 29 26 28 27 28 28 28 28 28 27 28 27 27 27 28 27 27 27 26 27 28 26 26 28 27 27 27 27 27 27 28 27 26 26 27 27 28 28 28 28 27 27 29 29 27 29 30 30 31 29 29 29 31 30 28 28
35 36 37 39 39 36 35 35 20 34 20 20 21 21 21 21 21 20 21 20 21 21 22 22 21 37 37 21 39 38 38 40 38 39 37 32 32 30 28 28 29 30 28 28 29 29 28 28 27 27 28 27 27 27 27 27 27 27 27 26 26 26 26 26 27 28 28 26 26 26 26 27 27 26 27 28 28 28 28 28 28 28 27 29 29 30 29 29 28 27 26 27 29 29 29 29
33 36 38 36 36 36 36 37 38 39 37 38 20 20 21 20 20 20 21 21 21 20 22 22 21 37 38 40 40 38 36 37 37 35 37 32 33 32 29 29 28 29 30 29 27 26 28 28 27 27 28 28 27 26 26 27 27 27 27 27 27 27 27 27 28 27 28 28 28 28 28 28 28 28 27 26 26 28 29 29 29 28 28 30 30 30 29 27 27 28 28 28 27 28 28 29
34 33 35 33 33 34 35 37 40 41 37 37 20 20 21 21 21 20 20 21 20 20 21 21 21 35 37 39 40 34 31 31 31 31 32 32 30 30 28 29 28 27 28 29 28 27 27 27 27 27 27 27 26 27 27 27 27 26 27 28 27 27 27 26 27 27 26 27 27 28 28 28 28 28 28 27 26 26 26 27 28 28 28 29 28 27 27 28 27 27 27 27 27 28 28 28
29 34 34 34 34 36 38 37 34 37 36 34 36 21 20 20 20 20 21 20 20 20 21 20 21 21 36 35 41 42 36 34 34 32 31 30 30 30 29 29 29 28 28 28 28 29 28 27 27 27 27 27 27 27 27 27 27 26 27 27 27 27 28 29 28 27 27 27 27 26 27 27 28 28 27 27 28 28 27 27 28 28 26 27 28 27 26 27 28 28 27 27 27 27 28 28
28 29 34 32 33 34 35 36 35 33 35 20 21 35 21 21 21 21 21 21 21 21 20 21 21 21 40 38 36 38 35 35 33 32 32 32 33 31 29 28 28 28 28 27 28 28 27 27 28 28 27 27 27 27 27 27 27 27 27 27 27 27 27 27 27 27 26 26 27 27 26 27 27 28 26 27 27 28 27 27 26 27 27 26 28 27 28 27 27 29 28 27 27 27 28 29
34 30 32 29 32 32 32 35 34 35 33 36 21 21 21 21 21 21 21 20 21 21 21 21 21 21 21 38 35 35 35 29 31 30 29 29 31 29 28 29 28 28 28 26 26 28 28 28 28 29 29 29 28 26 26 27 27 26 27 27 27 27 27 27 27 27 27 26 27 27 27 27 27 26 26 27 27 27 27 27 26 26 27 26 27 28 28 28 27 27 28 29 28 28 28 27
34 33 31 34 35 34 34 35 35 36 35 34 33 21 36 21 21 21 21 21 21 21 21 20 20 20 21 20 40 36 39 39 35 31 29 30 29 28 28 29 30 29 28 28 29 29 29 28 28 28 29 28 30 29 29 27 28 28 29 27 28 27 26 27 27 26 27 26 26 27 27 27 26 27 27 27 27 26 27 26 27 26 26 27 26 27 29 27 27 28 28 28 30 30 28 28
32 32 36 34 35 35 35 35 34 33 35 33 33 33 21 21 21 22 21 21 21 21 20 20 21 21 20 21 41 40 36 36 35 32 32 32 31 29 29 29 30 30 30 28 28 28 28 29 27 27 26 28 29 28 28 28 28 28 27 28 28 27 27 27 27 26 27 27 26 27 27 26 27 26 27 27 27 26 27 26 27 27 27 27 26 26 28 28 28 28 29 28 29 29 29 29
26 33 34 35 34 34 33 33 33 34 36 34 33 22 20 36 20 35 20 20 21 21 21 21 21 21 20 21 21 38 36 35 35 32 30 30 29 30 31 29 28 29 29 28 29 28 28 29 30 29 27 27 28 28 27 27 27 27 28 28 27 28 28 27 27 27 27 27 27 27 27 27 26 27 26 26 27 27 26 27 27 27 27 28 28 27 27 28 28 28 28 28 28 28 27 29
32 33 32 33 34 35 34 33 32 33 33 34 35 32 21 36 36 21 20 21 21 21 21 21 22 21 20 21 21 22 34 32 31 30 30 30 30 31 29 29 28 28 28 28 28 27 27 27 28 28 28 28 28 28 28 28 28 28 28 28 28 27 28 28 28 28 27 27 27 27 26 27 26 26 27 27 27 27 27 27 26 27 27 27 28 28 27 27 27 28 28 28 28 27 28 28
32 33 33 33 34 34 34 35 33 32 32 33 33 34 37 35 34 35 21 21 35 20 21 21 20 20 20 38 39 21 42 35 29 28 30 30 29 29 29 28 29 28 28 28 28 28 28 28 28 28 28 28 28 28 28 28 28 27 27 27 27 26 27 27 27 28 28 28 26 27 26 26 27 28 29 28 28 27 26 27 27 26 26 26 27 28 27 27 27 27 28 29 29 28 28 28
30 30 32 32 32 34 35 35 29 32 31 33 33 32 34 34 34 35 35 35 37 34 20 20 21 21 20 35 36 39 41 41 32 30 30 30 30 29 28 28 29 29 27 28 28 28 28 28 28 28 28 28 28 28 28 28 28 28 28 27 27 27 27 26 27 27 27 28 28 27 27 27 28 27 28 28 28 27 26 27 27 27 26 27 27 28 28 27 27 27 27 27 27 28 28 28
31 28 32 32 31 33 31 30 30 31 32 32 30 31 31 34 36 37 36 34 37 36 36 21 22 21 20 37 35 36 36 36 32 34 34 30 29 28 29 29 28 28 28 29 29 28 28 28 27 27 28 28 28 28 28 26 27 28 27 28 28 28 26 27 27 26 27 27 28 28 28 27 28 27 27 28 27 27 27 27 27 27 27 26 27 27 28 27 27 27 27 27 27 28 27 27
30 33 35 33 33 33 28 29 28 29 30 32 32 32 34 33 30 29 30 35 37 37 37 36 36 37 40 38 38 37 34 35 34 31 31 31 32 32 29 29 29 28 28 28 27 27 28 28 28 27 27 28 28 28 27 28 28 27 27 28 28 27 27 26 26 27 27 27 27 29 30 27 27 26 27 28 28 28 29 28 27 27 28 28 27 27 27 27 27 27 28 28 27 27 27 28
31 32 36 34 31 30 32 34 35 35 31 32 33 33 32 34 36 32 33 34 34 35 33 32 34 37 38 36 34 39 37 34 32 32 32 32 30 31 32 30 30 28 29 29 28 28 29 28 28 27 27 27 27 27 28 27 27 27 28 28 27 27 26 27 27 26 27 27 27 27 28 28 27 28 27 28 28 27 27 28 27 27 28 27 26 27 28 27 26 26 26 27 27 26 27 28
31 32 34 35 33 33 31 31 32 34 33 33 31 32 32 33 35 35 35 34 37 37 38 21 20 21 35 35 21 22 40 36 33 34 32 31 32 32 28 30 30 29 28 27 27 28 29 29 30 29 29 28 28 28 28 28 29 28 27 27 27 26 27 27 27 27 27 26 27 28 29 28 28 27 26 28 29 28 27 27 26 28 27 29 28 27 28 27 29 28 27 28 28 28 28 27
