examples/data/proba_v_italy_sicily/probav_s10_toc_x19y03_20141201_333m_ndvi_v001.txt
ncols         1127
nrows         589
xllcorner     12.348214285714
yllcorner     36.598214285714
cellsize      0.0029761904761905
NODATA_value  -9999
[rows 51 to 101 of 589, columns 96 to 191 of 1127]
32 16 42 37 16 16 16 16 9 8 9 9 9 33 10 10 26 25 28 28 27 28 27 30 39 33 37 25 35 34 39 24 18 21 22 37 37 14 12 14 12 8 6 5 4 6 10 12 12 17 37 44 37 45 39 24 22 26 18 8 12 15 11 44 41 37 11 39 11 11 10 10 10 10 66 9 10 10 49 26 10 34 58 36 11 9 38 16 37 8 10 9 9 9 22 20
9 9 13 12 19 16 17 16 9 9 9 10 10 31 33 33 32 26 24 26 28 31 31 32 40 39 45 34 28 30 32 31 20 20 23 37 37 16 14 37 0 12 10 9 8 9 37 37 12 14 13 47 37 37 14 46 41 60 26 37 11 18 11 27 40 47 11 11 10 11 28 26 58 9 65 42 10 10 9 36 11 28 31 10 9 10 52 10 10 9 10 10 10 9 9 9
8 16 17 17 16 17 16 17 19 9 9 10 10 11 30 31 36 37 33 35 35 35 40 37 36 34 40 45 35 30 36 31 41 45 48 43 35 38 43 37 37 19 32 19 15 8 37 37 37 22 37 28 37 37 37 13 13 15 75 37 37 37 11 37 37 44 40 42 34 20 46 48 40 10 10 71 51 27 5 9 10 8 9 10 9 9 9 69 49 35 9 9 10 9 9 9
17 19 16 13 12 16 14 20 16 9 9 10 10 29 30 29 33 37 39 35 29 29 30 35 38 41 35 48 35 40 46 50 56 62 48 37 24 33 32 37 37 37 17 13 8 37 37 37 37 31 21 31 37 37 37 37 37 7 12 18 37 37 63 33 37 37 37 37 10 9 10 10 9 40 10 8 10 64 38 34 20 20 9 10 9 10 10 21 23 31 2 10 10 10 11 3
30 22 17 19 17 19 20 17 16 8 8 9 32 33 35 20 21 32 33 38 38 33 31 24 38 43 40 39 52 42 74 82 111 112 73 37 37 37 37 37 37 37 12 6 14 13 12 54 17 37 32 31 30 27 37 37 37 8 11 15 18 12 37 37 37 37 37 37 10 58 11 23 10 11 10 10 10 10 10 55 36 17 22 20 12 9 9 10 58 60 10 9 10 10 10 9
17 16 19 17 16 19 20 16 16 9 9 9 19 30 21 25 23 30 32 34 40 42 40 29 36 40 46 43 42 86 114 136 118 98 48 37 37 37 37 37 37 37 37 37 17 16 46 26 1 8 0 0 24 29 25 37 7 9 11 25 28 24 32 28 41 37 37 37 10 49 45 27 10 69 46 34 10 10 11 10 10 10 10 10 10 9 10 33 26 73 10 11 5 10 5 9
15 17 17 20 20 17 19 17 16 9 9 9 19 34 23 22 19 28 28 29 28 35 43 32 31 46 40 39 95 120 130 127 126 46 26 35 35 39 37 37 37 37 31 43 47 36 56 29 37 13 13 37 51 32 28 14 6 8 10 37 11 14 19 23 14 37 14 37 11 11 11 56 53 37 9 9 10 11 10 9 9 9 10 10 32 10 10 9 78 72 9 31 14 13 10 7
16 10 16 19 19 17 19 19 9 9 9 9 30 31 24 17 30 30 32 33 35 30 27 42 46 32 33 94 122 146 168 154 127 69 31 31 24 36 98 121 114 103 102 121 133 126 50 37 37 37 37 37 37 39 42 25 37 10 30 21 25 13 45 38 37 37 37 37 37 37 62 50 37 10 10 10 10 9 9 10 10 10 42 33 32 9 10 59 36 10 10 10 11 19 44 39
19 16 9 17 17 19 19 10 10 10 34 33 32 17 16 30 26 26 28 30 32 27 36 37 38 44 25 99 129 154 167 157 155 87 48 51 66 99 141 174 175 167 166 169 172 146 108 37 37 37 37 37 37 30 37 28 21 21 27 30 35 40 23 55 14 37 37 22 37 37 18 29 11 10 42 43 10 10 10 10 32 30 21 24 9 9 61 63 46 10 9 29 28 13 10 34
19 19 17 19 20 16 15 46 26 10 32 10 10 17 35 38 35 28 26 31 32 31 30 25 42 28 38 88 126 159 172 163 159 94 65 83 112 137 161 173 173 142 179 171 161 106 71 37 37 37 37 47 47 42 36 24 23 26 29 19 8 8 11 37 59 45 19 37 37 37 19 37 37 10 10 10 10 11 11 11 10 9 9 52 9 65 65 9 36 39 40 37 28 11 11 12
12 17 21 17 18 22 44 29 16 17 30 10 11 22 36 35 39 37 33 31 29 29 30 34 36 38 44 42 117 158 189 184 176 111 83 102 130 147 162 157 122 105 168 148 155 150 122 100 21 37 37 37 18 37 37 13 15 17 8 44 12 37 0 19 23 37 12 11 34 29 37 37 64 9 18 20 10 10 9 9 10 8 9 37 55 46 11 12 12 11 12 17 11 11 11 12
26 17 20 12 19 23 42 27 18 17 32 31 23 30 34 31 30 31 31 32 35 34 35 35 36 39 37 38 55 129 166 174 176 141 112 134 168 179 185 180 170 133 91 152 163 152 119 47 44 43 55 37 22 41 48 14 14 14 13 37 13 37 37 37 17 18 48 44 37 28 11 11 63 10 36 45 10 9 11 35 38 31 18 27 48 39 33 44 13 13 35 13 11 9 10 10
17 17 20 21 21 41 19 22 20 19 17 30 29 29 29 30 31 34 35 36 38 40 39 38 39 40 40 38 35 109 144 169 188 194 147 130 183 182 189 196 153 106 122 147 160 149 70 54 50 74 53 37 25 37 37 33 12 7 16 17 59 28 12 37 37 11 27 37 71 62 55 10 69 49 10 11 11 10 69 51 57 32 16 12 11 11 11 12 14 46 28 12 10 9 9 10
17 20 12 51 42 20 21 20 19 8 9 32 21 26 20 32 21 29 36 36 26 32 38 40 40 42 46 47 43 64 121 158 187 194 178 161 184 188 180 158 124 95 115 153 165 147 14 11 7 57 37 37 37 37 13 14 19 6 13 41 37 36 26 25 37 37 37 48 37 12 10 80 22 76 46 12 10 11 12 66 40 53 20 13 12 10 10 11 32 10 36 10 10 10 9 9
19 19 48 36 22 21 18 15 18 10 34 32 37 33 25 37 22 14 39 30 19 26 44 36 42 46 49 50 50 53 100 150 181 180 176 166 183 199 192 143 104 115 95 113 150 145 14 12 8 4 37 41 41 28 14 37 16 18 9 17 37 37 37 27 23 21 10 47 40 12 10 21 37 11 10 64 29 9 11 12 22 61 32 13 24 22 11 41 25 24 39 37 37 37 24 10
20 28 49 19 20 20 17 19 17 11 11 37 37 37 37 37 21 30 39 30 26 27 38 31 37 37 26 51 53 50 46 106 158 173 164 174 187 182 143 98 99 121 105 104 141 155 17 13 8 5 37 37 43 37 16 16 20 5 8 17 42 37 16 37 37 37 16 25 11 31 14 21 31 23 22 35 27 51 37 10 14 73 31 11 22 9 74 21 18 20 38 37 21 20 20 10
21 26 19 20 19 20 17 20 19 15 37 35 37 23 29 21 28 28 24 30 29 27 23 48 53 50 39 36 37 46 50 69 111 151 165 169 163 132 106 98 100 109 100 95 139 168 153 13 67 37 16 21 17 17 16 7 8 7 10 20 20 37 16 13 10 11 11 12 23 41 11 31 11 10 16 11 10 37 37 36 91 61 37 21 11 10 10 37 19 20 22 20 19 19 20 10
17 28 24 24 24 28 33 25 26 37 20 25 34 29 37 34 32 31 32 33 19 20 27 18 7 12 11 30 40 33 33 40 56 148 171 162 159 125 105 102 132 127 106 99 128 164 163 157 175 156 42 32 19 5 7 12 17 15 10 19 25 42 38 35 51 37 27 10 32 18 22 23 12 12 75 46 21 37 37 37 81 59 37 23 37 31 11 37 37 49 38 31 17 37 38 11
24 21 14 18 19 25 30 37 26 31 16 37 31 31 36 31 37 36 36 35 37 35 34 37 37 37 37 81 37 46 36 37 76 140 153 155 156 133 118 122 134 138 134 130 159 163 174 176 171 166 156 4 6 6 9 14 16 14 37 37 28 20 37 37 18 46 39 51 37 11 11 12 37 20 71 25 30 37 21 22 34 68 37 30 29 37 56 11 9 28 22 50 39 37 32 9
13 26 10 12 12 16 35 44 17 12 27 28 32 33 33 29 33 14 13 23 14 38 30 34 50 49 33 38 44 38 21 32 49 49 111 130 153 149 138 136 139 146 156 160 168 166 172 175 170 173 161 129 37 37 37 37 20 13 37 37 34 37 37 27 37 37 39 45 13 13 13 12 37 68 20 24 24 22 15 23 76 49 20 32 28 37 49 53 32 29 34 50 33 38 36 1
17 17 19 10 24 34 40 14 15 37 37 28 33 34 32 35 35 39 40 36 36 38 34 56 47 45 42 57 39 55 61 42 38 43 75 122 148 151 144 153 157 151 155 165 175 175 175 167 158 163 160 211 37 45 32 37 37 22 35 37 26 23 24 24 20 15 34 39 13 12 11 38 19 78 18 20 20 18 10 37 39 42 27 37 28 37 37 47 60 40 40 52 30 0 0 0
19 16 19 19 20 20 27 29 16 37 89 37 37 31 35 32 34 37 40 43 16 16 18 21 20 64 61 53 53 43 61 55 51 51 126 153 169 154 145 151 162 149 155 167 180 158 148 154 169 173 174 152 149 47 45 37 37 37 37 39 24 14 38 14 13 14 34 12 12 12 21 19 18 16 18 39 36 37 11 37 58 50 34 37 34 37 37 37 45 47 40 49 43 0 35 0
26 26 27 30 31 31 29 31 34 14 37 37 21 37 37 28 29 29 30 32 36 40 37 21 77 66 59 55 59 73 65 72 85 119 137 153 140 120 143 145 141 140 136 151 168 129 140 154 173 182 184 164 125 108 55 44 37 31 24 30 17 16 49 13 13 35 13 12 12 13 18 36 20 27 11 43 36 10 22 31 59 41 36 32 36 37 37 9 36 111 60 41 52 42 31 28
25 20 39 25 46 44 37 39 46 41 20 20 22 26 12 13 32 23 14 21 33 39 32 32 35 55 69 69 61 65 69 73 97 128 134 122 109 115 135 137 136 136 139 135 180 80 138 117 135 112 114 148 140 125 47 47 53 35 31 25 37 37 46 15 14 39 12 13 12 13 13 30 23 25 34 40 10 20 10 10 13 53 57 31 29 23 23 23 11 4 4 54 43 32 30 22
23 28 20 22 20 27 29 24 53 47 35 22 22 20 28 14 15 14 17 28 27 23 22 20 34 28 32 76 74 72 70 75 107 118 114 92 88 110 111 122 157 154 137 133 130 126 107 92 125 115 134 151 134 111 75 34 22 27 23 24 37 37 36 14 13 13 12 13 12 13 13 12 29 38 30 11 11 11 10 9 11 51 60 42 39 37 37 37 11 28 6 12 128 65 50 4
34 37 37 37 37 24 27 23 21 53 17 17 20 24 35 19 18 19 37 15 21 21 20 21 31 42 25 102 95 91 92 84 91 115 120 113 120 116 108 121 115 184 150 137 133 126 123 128 131 125 139 146 120 57 37 33 23 17 27 37 37 37 37 39 14 13 12 37 13 12 11 44 13 37 50 35 50 11 33 10 61 64 11 11 37 37 37 37 37 13 37 37 37 37 110 53
37 37 37 40 37 19 20 24 27 48 40 21 23 25 40 29 20 33 37 37 14 56 24 31 31 40 25 30 40 50 84 99 131 144 135 138 136 127 128 136 149 174 170 139 136 149 142 134 131 129 131 132 125 61 37 26 23 37 6 17 37 37 32 14 23 21 37 37 30 37 37 55 48 40 36 38 26 30 30 56 28 45 10 11 37 26 31 24 16 37 37 26 37 35 18 12
37 37 37 37 34 38 37 37 33 44 38 24 21 23 48 47 37 29 42 49 38 37 26 44 46 26 30 39 43 101 114 133 147 162 172 154 138 140 146 152 146 141 133 128 126 127 152 171 156 144 143 146 144 68 50 51 24 21 37 37 37 37 43 15 37 17 37 37 37 46 37 37 12 60 51 48 25 10 11 36 48 54 5 11 10 9 28 37 21 12 42 32 23 29 31 30
25 37 37 37 37 37 37 37 10 36 50 24 21 20 19 32 37 63 68 59 35 37 44 52 53 30 51 41 86 111 144 156 149 167 183 169 152 146 152 160 154 145 137 133 140 137 158 171 155 142 137 135 141 134 41 36 59 37 37 37 37 37 37 37 37 37 37 37 37 37 37 34 12 13 12 54 32 32 34 52 42 14 9 16 17 10 28 23 20 37 49 16 37 37 34 35
25 32 37 37 37 37 37 27 16 41 52 29 28 70 88 47 51 49 48 40 43 37 36 23 30 37 60 103 132 143 134 141 156 185 193 192 178 157 154 152 147 144 151 151 148 147 145 154 146 137 140 150 152 138 40 39 32 37 37 37 37 37 37 37 37 37 48 23 17 14 27 43 29 25 22 21 24 42 41 42 31 32 29 34 27 11 6 11 20 43 37 11 10 28 34 40
25 29 32 35 37 37 37 80 42 53 33 47 68 81 98 106 84 50 43 23 22 34 24 47 45 52 108 132 149 152 144 155 175 184 185 195 171 149 150 148 153 154 142 141 147 149 148 144 132 129 148 177 183 159 51 44 18 70 76 37 37 37 37 37 37 37 32 37 37 37 35 28 12 15 17 18 15 30 42 54 31 50 54 37 51 11 15 20 37 49 39 37 34 27 37 25
22 26 31 34 32 39 37 49 67 85 83 79 51 89 77 110 102 42 76 46 48 57 57 57 93 108 126 141 142 153 161 171 180 179 180 195 187 171 158 149 161 154 124 134 150 146 154 160 152 147 156 151 158 166 53 41 76 69 66 123 37 37 37 37 18 47 34 37 37 32 34 37 13 13 14 15 13 26 25 65 43 35 47 45 33 30 28 37 37 58 45 42 37 35 37 37
28 26 29 31 33 38 46 57 80 90 86 84 94 98 97 134 138 131 159 141 132 87 106 116 143 146 151 150 154 156 157 172 177 158 141 158 190 195 179 164 165 154 146 163 166 157 153 154 160 154 157 163 159 164 145 78 63 54 113 37 37 37 37 37 25 55 43 33 37 44 35 36 37 36 35 13 12 12 11 26 27 66 67 22 25 22 16 21 36 49 36 32 32 35 36 42
24 25 20 2 0 4 5 59 105 110 101 89 87 83 89 101 141 121 140 150 140 146 157 91 178 133 119 150 109 179 181 178 175 174 153 171 208 207 200 188 164 155 163 167 156 144 139 135 136 142 146 154 156 150 151 144 60 50 47 40 37 37 33 30 33 52 39 37 37 37 30 35 33 33 13 13 13 11 12 32 30 28 75 27 33 25 12 43 37 37 37 63 39 38 39 12
4 24 28 31 29 38 39 77 122 139 134 128 111 78 72 90 110 107 136 119 124 137 74 95 99 91 137 121 120 74 171 184 196 202 188 161 185 210 211 186 164 156 156 164 165 147 141 146 147 143 151 159 158 145 163 181 57 42 37 40 33 25 35 43 109 58 41 88 88 88 43 37 14 13 13 14 13 13 32 31 29 66 75 62 53 46 37 36 37 37 37 37 46 41 31 47
18 27 31 32 29 35 36 32 26 92 114 125 114 71 76 117 112 105 123 56 34 29 75 28 65 71 142 125 63 28 33 160 167 119 113 116 119 146 165 189 188 160 155 159 156 154 147 147 155 158 160 152 149 134 138 170 186 250 37 36 35 33 29 38 37 43 39 37 89 72 70 37 42 38 37 35 38 38 36 33 15 50 66 69 57 26 37 37 37 33 47 20 40 36 37 14
21 26 47 49 36 36 33 28 36 62 96 116 129 94 78 114 118 114 100 76 76 72 72 91 27 50 28 28 35 28 79 120 135 102 147 114 124 119 148 160 162 158 165 124 125 126 128 149 158 132 128 130 153 137 138 156 175 194 72 46 30 250 85 58 68 44 33 40 42 42 37 41 43 46 48 46 46 43 37 37 66 31 29 27 67 37 42 37 37 43 23 32 31 37 37 37
43 39 22 33 32 25 33 67 80 95 106 130 141 128 113 84 84 110 130 98 66 29 37 74 94 104 55 27 121 110 77 85 85 95 105 109 117 125 126 157 131 101 90 143 123 130 146 168 146 150 140 136 133 132 152 158 144 188 92 46 35 250 149 122 75 50 48 27 65 50 42 50 49 40 32 33 43 82 37 37 68 32 31 55 43 37 37 37 37 37 20 23 27 39 19 38
48 39 48 62 26 65 75 84 95 102 115 140 138 135 122 80 68 130 158 76 40 28 50 74 27 27 27 27 118 128 115 95 76 91 110 113 111 116 121 120 113 97 109 126 129 139 141 147 151 156 152 146 143 154 140 148 184 218 240 250 250 221 135 91 91 31 33 70 73 66 24 15 24 52 44 45 45 65 79 30 67 56 35 37 37 34 40 20 34 37 37 26 41 31 20 27
43 51 54 57 71 77 93 107 133 145 139 149 141 123 88 82 83 112 118 65 59 28 31 77 27 27 27 27 136 27 156 134 120 111 119 120 116 118 122 126 143 152 149 149 137 140 139 144 155 165 158 150 141 138 151 128 198 208 151 240 250 40 121 88 94 102 23 67 71 72 63 25 42 57 59 58 50 72 72 40 66 55 58 47 35 37 23 24 27 28 24 37 37 37 44 17
45 41 53 49 65 92 72 77 86 115 103 115 129 119 87 91 91 101 102 34 28 28 28 28 27 119 27 27 26 79 124 27 97 105 152 117 120 119 141 136 158 165 171 167 142 142 150 151 156 164 171 157 179 185 168 164 177 204 170 149 87 108 152 34 13 85 86 74 68 57 54 50 50 40 40 62 61 32 60 72 65 47 48 55 52 20 37 37 37 27 12 14 18 19 30 47
46 93 60 45 70 112 104 100 125 154 143 130 133 115 89 99 106 104 108 94 72 62 73 118 64 72 86 81 98 95 87 94 110 85 138 132 111 112 115 137 98 36 53 35 175 171 170 171 173 178 163 197 203 189 179 175 130 158 169 167 85 96 128 137 91 61 48 47 51 60 68 57 53 5 0 24 17 16 52 36 45 52 38 70 50 38 37 35 27 37 12 12 46 54 46 36
52 53 65 90 109 114 101 99 160 154 154 151 145 137 121 95 97 77 93 88 71 91 49 105 117 80 95 84 71 99 103 118 140 141 118 87 97 109 121 138 25 31 75 76 67 209 218 226 230 219 194 187 196 202 179 177 138 147 189 187 169 157 146 112 72 55 50 58 5 8 2 0 0 51 74 53 15 54 60 34 24 21 34 88 47 41 42 35 36 37 13 46 46 24 18 19
103 122 121 106 90 108 99 157 174 138 140 140 138 149 150 111 75 75 76 103 75 105 73 71 82 47 54 91 125 109 90 125 43 59 172 103 111 109 123 74 72 72 68 66 50 250 250 250 250 250 250 218 197 189 186 151 176 173 198 201 196 186 154 87 33 31 28 21 22 3 35 46 49 45 17 16 16 61 46 36 32 41 37 34 35 41 38 35 34 27 36 34 10 29 19 11
96 105 95 66 81 129 80 92 169 172 169 113 117 122 120 113 86 86 84 111 24 101 69 24 69 95 75 66 59 101 89 126 124 109 114 99 83 80 111 105 67 78 67 61 65 250 250 250 250 250 250 232 180 170 166 160 180 191 196 192 191 165 166 159 100 29 31 17 48 34 38 42 37 34 18 31 22 61 54 30 48 36 50 41 20 27 27 35 36 12 13 22 14 18 29 36
111 74 65 79 156 27 31 138 89 96 158 164 140 94 102 114 103 121 93 101 80 102 81 68 85 79 56 67 28 80 101 120 119 70 28 29 63 90 68 142 83 61 102 250 212 86 75 145 147 144 132 214 181 163 143 142 170 160 201 199 174 165 173 177 180 119 72 67 68 66 63 29 34 27 32 29 19 45 45 48 50 30 39 52 31 16 23 65 36 36 12 39 35 37 37 37
133 76 53 85 168 163 147 152 142 88 86 80 79 61 69 87 79 77 104 102 89 89 85 92 103 24 86 80 80 25 91 128 107 80 53 51 53 53 100 72 71 50 31 60 59 61 77 76 73 26 84 134 26 33 142 171 180 230 191 187 172 162 183 188 183 196 196 176 147 119 98 77 61 23 30 42 19 46 42 37 35 55 18 43 36 35 13 59 46 34 14 13 37 37 37 37
162 159 162 170 177 183 171 174 170 103 31 136 64 73 85 103 115 89 124 84 63 50 60 79 84 78 90 96 110 110 136 130 89 78 83 30 74 47 89 62 47 37 30 57 55 55 71 29 171 23 30 25 24 136 154 177 205 222 188 160 159 149 183 205 198 152 187 209 184 158 62 25 88 78 71 68 63 48 0 55 40 19 36 38 14 15 15 15 13 60 38 26 19 37 37 37
123 176 166 121 95 175 161 67 144 125 143 128 131 106 113 121 132 136 126 107 79 55 54 73 86 90 94 92 83 93 120 127 110 80 24 57 33 123 56 95 55 37 66 53 49 30 31 29 23 145 75 165 150 21 156 167 172 143 145 148 177 173 176 170 191 182 186 192 185 148 69 63 159 139 25 42 35 82 69 59 54 55 52 50 15 14 40 48 42 39 28 26 38 37 37 37
173 171 126 123 156 157 81 99 137 119 123 115 94 106 113 78 87 110 127 123 112 87 66 62 62 57 61 31 56 65 97 94 100 85 77 95 111 91 91 54 92 79 78 54 132 32 30 29 19 33 124 150 88 146 162 177 143 136 143 144 170 173 185 187 196 194 196 201 206 194 177 165 167 151 60 66 45 37 52 80 49 79 16 15 17 15 35 36 37 35 38 14 29 37 32 45
193 179 165 154 129 150 96 86 89 85 106 103 82 88 113 131 140 94 113 105 127 112 108 96 85 69 57 42 59 57 80 83 73 74 96 101 106 60 93 91 73 35 91 119 133 145 30 27 28 133 113 106 89 139 109 129 167 157 158 154 168 181 182 200 184 178 191 192 181 186 186 188 177 178 143 68 118 112 136 122 25 21 17 17 37 37 37 39 23 29 44 46 40 37 37 24
