examples/data/proba_v_italy_sicily/probav_s10_toc_x19y03_20141101_333m_ndvi_v001.txt
ncols         1127
nrows         589
xllcorner     12.348214285714
yllcorner     36.598214285714
cellsize      0.0029761904761905
NODATA_value  -9999
[rows 364 to 415 of 589, columns 672 to 767 of 1127]
194 190 187 171 151 146 147 149 162 175 185 195 210 196 135 112 161 199 196 200 201 173 115 127 169 189 198 203 181 172 170 139 119 115 137 141 136 133 116 88 77 72 87 91 75 74 98 95 78 87 98 88 89 95 88 88 94 85 78 76 80 76 79 89 96 91 69 70 72 83 81 88 93 84 74 91 90 75 85 100 95 79 69 71 75 114 133 123 172 188 189 214 219 236 245 215
201 208 204 194 161 143 145 148 144 142 164 192 194 202 167 124 166 180 179 204 198 189 179 187 206 206 195 197 208 212 209 175 150 147 152 170 166 130 79 62 59 65 73 77 80 77 74 69 59 77 91 89 81 98 102 92 94 101 92 89 90 88 81 82 83 80 80 76 71 69 81 87 92 83 74 90 76 64 70 88 91 85 76 76 103 156 182 183 195 204 221 237 231 233 232 221
206 204 200 197 148 115 135 169 164 155 164 158 181 211 187 154 146 162 180 175 203 206 209 209 209 215 217 208 207 210 205 204 197 192 185 173 136 83 62 63 65 86 77 69 83 79 65 70 73 71 69 70 69 92 106 85 82 89 85 82 83 81 90 97 100 89 81 76 79 78 83 95 99 92 71 75 77 74 73 79 91 101 82 78 124 182 209 213 194 203 219 239 235 224 197 223
168 158 183 186 135 106 127 153 167 199 183 132 163 165 152 145 155 167 186 150 210 212 216 202 214 221 224 212 204 208 200 197 193 179 176 141 79 68 82 76 90 106 98 74 83 81 66 63 80 89 90 81 78 79 95 96 86 82 77 82 85 87 87 99 97 87 80 73 82 72 69 80 71 69 66 72 82 71 75 103 116 108 88 83 156 220 220 195 174 192 223 237 235 231 233 229
172 178 180 181 137 112 134 137 140 158 142 100 117 120 130 156 164 157 150 103 193 196 214 213 221 223 219 210 214 212 202 189 182 176 161 121 68 65 100 100 98 102 109 89 80 79 82 86 97 103 85 89 98 77 70 90 109 96 82 90 106 110 59 64 72 85 88 78 65 61 54 56 66 76 79 77 78 74 71 86 90 84 82 120 192 227 213 191 169 178 218 209 214 210 207 200
179 176 173 160 130 86 89 90 75 90 97 78 130 136 123 179 131 103 118 192 195 198 207 202 203 213 224 227 217 202 181 147 143 165 167 154 127 78 81 61 63 91 101 82 68 70 83 88 86 89 87 75 71 70 74 76 91 109 89 92 130 130 87 69 68 74 82 74 65 65 69 68 75 76 75 80 77 62 76 87 87 104 124 195 208 198 208 195 169 160 203 173 187 215 217 192
206 192 188 172 105 79 83 84 68 81 103 75 115 134 105 146 113 135 115 193 83 153 210 201 192 191 198 209 202 173 114 98 117 142 157 161 132 72 67 65 82 101 91 82 79 77 64 60 72 76 75 77 90 92 87 83 84 105 98 105 106 93 99 78 76 116 150 150 120 98 85 80 91 106 90 81 93 91 78 88 96 123 157 166 184 217 204 179 183 212 200 183 189 184 171 196
164 171 182 149 92 74 81 98 89 84 100 97 69 71 91 138 155 140 130 84 106 162 196 188 181 178 178 187 176 139 97 84 80 80 91 118 103 65 68 87 102 99 71 70 76 77 58 59 64 71 71 82 110 118 100 90 83 70 80 102 108 90 91 108 135 150 142 193 196 179 137 140 128 127 112 84 118 141 126 155 181 191 204 182 172 198 226 221 202 196 204 199 215 204 193 190
167 161 148 117 87 85 90 85 80 86 106 101 95 94 85 144 87 135 131 106 103 153 151 170 186 174 167 159 116 100 86 86 80 72 68 75 68 74 84 83 73 73 63 54 66 61 49 57 63 70 77 90 117 104 91 99 99 85 82 86 111 106 109 106 119 145 128 130 142 149 138 113 142 183 169 137 171 193 197 213 210 197 202 212 202 196 218 230 206 191 204 197 215 196 175 183
173 154 111 81 82 87 83 73 72 87 107 98 80 71 71 75 76 78 76 69 71 88 92 103 129 112 93 80 67 69 74 68 69 67 69 65 61 74 70 62 67 62 60 67 82 57 51 57 68 73 77 89 109 107 98 85 74 88 109 107 102 88 91 108 116 97 97 101 89 103 94 69 104 150 162 158 180 206 210 160 129 144 209 232 213 193 211 219 213 212 202 203 207 186 172 152
132 146 90 77 74 74 75 78 81 89 97 84 69 81 80 79 71 60 67 74 73 78 76 102 95 98 110 65 65 65 65 61 65 66 69 70 72 64 68 61 62 60 59 74 81 65 65 71 81 82 79 81 106 104 70 57 63 109 133 128 116 86 79 99 115 100 91 105 91 78 71 74 108 135 126 145 189 165 136 109 87 117 168 214 218 216 194 200 204 201 182 177 180 170 154 152
100 124 138 144 112 100 98 98 95 92 102 114 88 78 99 105 70 64 68 70 63 73 86 81 67 90 80 94 86 67 63 69 64 62 72 81 75 65 64 73 76 76 69 76 94 94 83 82 91 106 77 74 93 98 86 67 59 98 136 128 115 122 112 108 102 105 113 110 88 89 98 87 67 76 90 153 198 166 166 161 124 128 122 128 160 198 197 189 184 187 170 148 164 172 170 158
120 146 160 130 117 125 125 95 86 101 98 103 96 97 81 106 79 64 94 82 80 93 99 90 81 66 74 83 87 72 63 64 63 62 66 68 64 56 65 76 105 122 92 97 110 101 106 100 96 83 64 76 106 108 102 87 96 110 121 112 86 97 112 101 103 109 112 106 101 114 119 96 77 67 77 109 134 166 208 210 153 113 124 127 154 195 216 201 189 197 164 164 154 169 174 162
131 142 174 154 96 139 162 75 89 114 130 105 71 73 63 70 74 72 84 87 79 91 82 101 84 76 77 80 78 80 79 81 82 74 63 61 76 110 123 83 100 100 82 90 78 68 98 102 96 79 76 97 91 90 89 89 110 126 89 73 89 106 101 108 116 114 119 104 96 106 103 95 87 86 97 124 140 141 165 189 142 116 143 177 170 168 209 214 181 196 189 173 165 161 169 165
120 146 169 150 114 117 118 114 116 123 101 74 65 70 73 73 78 67 110 120 76 84 90 96 80 78 97 87 83 78 72 83 90 78 67 72 100 111 100 68 72 74 77 72 61 68 78 91 102 96 94 103 94 93 99 106 132 133 83 73 115 129 86 100 119 113 111 115 115 129 125 113 109 133 142 158 172 148 118 165 141 114 127 179 177 157 186 170 144 166 197 180 132 118 120 130
105 138 139 158 158 145 163 174 139 139 111 82 81 89 87 92 84 70 76 88 75 78 89 104 97 89 102 98 86 71 62 67 76 74 71 81 96 80 67 74 88 96 97 90 75 89 99 80 74 100 107 96 95 104 137 125 96 98 82 64 86 137 118 115 114 106 113 116 124 135 128 121 116 149 164 187 176 149 151 166 136 118 127 169 155 144 149 124 133 158 138 120 137 127 124 111
122 135 168 163 143 158 179 155 130 130 100 102 106 94 110 131 97 95 68 62 58 91 103 104 104 98 101 95 85 88 74 65 70 76 78 76 75 75 82 86 97 103 96 105 102 106 113 98 82 92 110 104 110 135 134 117 112 114 98 69 65 130 152 118 128 125 132 117 123 138 139 133 126 155 156 151 167 132 113 164 154 126 129 148 132 114 122 121 119 121 115 105 127 126 106 98
115 120 119 133 149 154 165 172 155 131 93 115 125 113 152 160 134 107 85 66 80 98 94 88 91 95 88 81 84 82 77 79 91 106 102 92 92 97 103 100 99 105 105 104 96 81 105 113 98 89 99 111 120 120 114 98 102 93 87 85 81 134 160 119 121 125 123 121 129 144 154 134 99 123 131 109 102 92 83 103 121 113 103 109 127 115 126 117 93 96 107 106 113 123 116 96
139 139 137 133 139 149 154 168 178 132 99 123 141 118 127 134 186 116 94 79 73 100 106 102 97 80 87 86 83 87 92 90 91 85 86 105 114 109 111 107 96 101 100 101 91 84 84 102 108 114 109 123 124 112 111 113 91 88 92 94 93 109 143 144 128 131 145 126 115 119 120 134 109 97 93 96 86 95 92 93 118 119 107 105 103 93 100 95 95 102 114 116 119 131 124 93
120 124 132 137 134 153 155 154 145 129 127 127 127 116 100 96 111 96 74 79 106 109 117 110 107 112 93 79 81 90 109 90 70 80 88 102 107 110 112 115 110 104 107 107 87 75 79 93 108 112 112 114 120 112 99 95 88 93 97 106 107 112 120 134 138 140 135 105 97 97 105 121 109 105 112 111 99 111 111 103 138 142 101 89 101 98 99 106 111 108 108 106 109 129 117 96
114 115 132 129 130 151 165 163 144 108 108 123 126 123 106 93 83 81 79 71 104 108 105 99 98 101 85 77 89 95 87 78 65 72 89 99 109 110 117 125 123 118 121 124 103 83 94 105 117 112 108 101 105 94 82 81 105 126 119 124 128 126 121 133 156 142 123 113 111 113 110 98 95 90 95 106 117 119 111 98 93 90 100 108 105 114 133 123 115 118 128 119 114 131 93 83
145 95 101 108 121 136 160 164 140 99 101 97 93 114 110 92 94 95 89 80 94 104 113 109 105 92 83 78 90 74 63 80 84 92 101 102 114 120 117 119 119 123 118 116 101 84 78 94 100 99 103 96 113 107 102 110 121 126 129 141 133 121 124 136 155 121 101 114 124 114 108 108 106 89 90 100 111 108 99 105 106 97 103 127 137 107 91 101 115 119 115 117 124 135 104 86
147 80 86 86 103 126 138 140 130 105 94 88 79 94 118 118 112 102 107 121 131 137 124 111 101 99 107 108 99 58 54 76 89 92 101 106 110 115 116 113 111 116 116 118 115 90 76 88 95 103 117 108 113 123 123 128 123 113 126 140 119 122 129 133 128 119 105 124 148 127 126 123 101 92 92 98 104 107 84 88 99 78 67 99 122 94 86 106 110 102 95 95 119 114 99 107
134 103 86 97 88 91 87 90 99 99 87 87 68 69 85 119 137 102 105 135 133 135 119 101 96 101 105 94 98 90 76 75 87 84 92 104 115 100 91 87 102 105 106 107 112 96 91 103 89 97 115 119 118 129 130 131 126 124 133 144 126 116 134 138 108 98 92 106 135 116 111 116 96 87 86 91 105 103 82 91 93 71 76 97 89 84 90 103 97 91 87 90 111 111 91 98
94 59 52 89 87 69 79 94 103 94 84 77 56 74 98 126 108 95 99 134 123 111 94 82 79 97 108 95 100 131 118 88 80 77 81 89 88 81 86 100 103 99 92 110 88 94 106 107 93 106 118 129 129 132 122 123 131 129 135 194 155 127 122 129 99 93 112 112 113 115 112 127 110 104 107 102 82 77 77 81 82 98 108 92 85 80 88 94 83 81 88 86 97 102 95 90
83 17 15 85 89 74 79 89 84 75 76 63 77 86 121 125 95 92 122 110 99 118 117 96 81 96 108 98 109 95 87 80 82 75 74 87 90 84 88 101 95 96 112 105 91 96 119 112 103 113 128 127 131 137 117 105 126 127 137 150 144 119 115 114 92 125 116 109 112 132 132 115 111 112 116 108 84 68 79 81 87 126 118 96 75 80 89 96 84 76 99 115 107 103 102 102
67 0 74 78 72 78 85 86 78 73 75 68 79 111 126 117 91 91 127 122 103 124 160 133 109 110 116 129 118 89 85 74 81 86 83 78 83 85 97 101 93 111 118 120 112 102 115 106 101 115 130 132 135 130 115 90 57 151 132 144 145 126 123 119 129 129 118 125 132 142 141 122 116 125 124 112 106 94 94 123 105 95 97 79 92 101 77 69 72 72 106 136 138 120 94 77
102 73 79 71 74 83 85 78 57 74 75 81 88 97 111 103 80 77 104 124 99 83 115 140 134 127 134 118 109 83 80 76 98 96 89 89 100 101 96 100 116 104 102 118 117 112 121 117 120 116 132 133 135 130 116 87 137 140 125 130 137 133 164 154 136 141 142 135 106 101 118 120 108 115 122 107 99 108 98 100 93 68 64 83 104 91 71 66 69 87 107 101 116 103 96 86
120 100 67 56 65 77 78 74 77 81 81 82 79 81 77 80 81 101 94 96 89 81 77 122 143 150 135 119 122 122 103 92 84 80 72 80 93 94 103 106 111 113 105 112 106 104 120 122 107 114 137 138 135 125 99 115 114 124 113 116 108 158 144 126 132 163 142 117 108 96 116 127 109 107 114 108 103 112 101 90 89 88 97 105 103 84 88 77 75 90 98 105 98 75 76 86
93 80 73 73 67 68 75 76 76 79 80 82 78 68 92 82 79 98 75 72 104 131 87 76 122 128 128 123 108 92 91 87 77 82 84 104 100 95 87 90 105 116 119 115 115 110 119 124 116 103 114 137 134 134 116 128 121 144 151 139 129 133 112 105 112 132 114 103 108 102 102 117 131 108 95 113 111 104 94 83 93 127 127 108 107 117 108 86 76 86 115 113 93 86 71 60
70 65 70 72 69 61 66 75 69 77 81 84 72 76 92 83 89 97 83 83 95 138 129 88 119 129 94 66 70 84 88 109 109 89 84 93 103 95 88 90 123 133 135 132 126 133 141 140 125 107 117 129 127 124 121 117 106 110 124 142 139 109 99 111 103 120 118 106 101 98 95 111 120 102 100 120 99 87 84 76 95 122 94 73 78 91 107 113 110 101 102 102 90 86 89 77
110 102 84 78 64 71 84 82 67 74 70 73 71 89 104 111 109 99 93 98 101 104 121 136 135 114 90 80 75 87 86 91 103 107 87 108 108 94 104 111 122 108 117 137 130 127 149 125 124 119 110 115 116 118 119 131 127 135 131 140 140 123 120 96 95 111 115 123 131 111 93 107 119 101 103 104 97 112 123 123 131 111 80 82 80 77 99 120 111 87 83 94 80 76 119 117
110 104 72 61 76 99 101 83 61 66 73 86 94 105 129 139 129 93 70 65 62 71 100 114 83 93 95 98 79 80 84 93 104 96 105 131 112 100 110 123 116 124 112 173 177 143 121 128 118 118 119 119 112 137 142 120 127 137 138 130 130 134 120 100 117 118 115 128 136 126 119 101 100 135 137 128 139 140 106 93 99 99 94 98 100 86 79 90 88 79 86 84 75 90 122 114
122 111 117 74 90 113 83 64 67 74 91 98 94 96 92 97 98 82 67 76 81 73 85 82 87 87 79 94 103 113 113 116 109 100 120 137 150 116 97 103 96 109 145 126 157 146 147 156 121 136 142 122 100 128 140 111 104 144 142 110 108 130 117 120 136 149 131 134 139 105 113 111 110 152 131 89 140 164 114 104 92 91 113 111 89 69 51 71 82 93 97 75 77 76 84 89
134 116 120 106 96 100 79 89 84 101 116 120 109 79 67 71 74 66 66 80 90 91 96 106 105 120 117 127 128 113 113 118 111 119 117 118 108 79 78 100 116 141 141 133 126 143 118 127 135 148 130 103 101 116 132 116 116 105 117 133 131 111 115 140 147 135 125 128 129 102 84 100 128 135 86 73 99 167 145 94 92 96 102 112 70 107 63 109 66 79 86 71 56 64 71 77
130 133 126 121 121 123 127 95 113 139 121 83 92 87 82 75 82 82 92 79 99 105 100 103 103 124 114 109 115 109 113 117 116 124 117 119 119 109 111 115 122 126 116 134 129 122 115 121 132 148 136 110 123 132 124 127 130 117 113 120 118 128 118 116 130 136 144 114 123 124 94 108 158 134 107 94 82 133 166 127 117 120 107 99 77 132 119 108 74 78 87 80 66 68 70 74
120 110 111 117 145 140 141 121 101 88 77 79 102 108 98 87 95 92 90 83 114 114 113 111 109 104 93 110 125 122 122 121 121 126 128 140 135 119 117 115 114 133 139 159 159 162 137 134 139 150 158 142 140 132 112 135 149 150 134 138 127 126 107 121 142 138 142 144 145 143 158 146 123 106 104 95 90 98 149 144 126 132 122 110 106 104 112 103 80 73 97 118 111 105 92 74
111 132 148 149 137 115 106 108 105 80 83 96 108 126 135 125 112 104 106 112 98 114 86 109 109 88 97 114 125 118 118 127 126 122 127 133 138 124 105 112 110 113 99 110 151 165 179 154 154 146 134 132 146 139 143 127 117 118 115 122 115 106 108 141 138 125 140 153 105 98 136 126 110 107 113 125 101 110 128 131 117 126 117 123 131 105 98 90 85 95 96 109 125 107 82 63
116 142 138 133 137 121 97 108 115 89 85 108 95 82 97 124 131 122 115 105 98 102 97 103 104 91 103 123 125 119 131 134 130 126 125 124 136 138 110 91 95 119 123 126 179 169 174 167 164 144 132 153 138 134 123 113 118 112 101 106 109 113 120 121 127 144 134 155 115 122 128 94 82 102 104 120 118 111 128 132 114 114 102 104 120 113 114 103 90 92 90 84 87 79 69 62
111 113 119 123 137 131 114 109 131 115 90 110 96 60 55 87 117 134 129 101 89 100 114 125 115 109 119 125 133 138 140 139 137 129 127 121 121 140 132 87 95 127 129 158 173 178 166 138 140 135 150 176 131 126 107 104 111 114 114 109 107 133 155 132 137 150 156 148 142 136 109 94 106 120 129 138 121 122 128 126 105 99 107 115 118 109 111 107 84 73 76 91 97 83 68 70
144 167 166 163 150 127 116 97 118 132 134 140 74 53 52 68 79 96 101 98 115 111 118 131 123 130 143 133 135 145 149 136 134 135 128 117 106 127 125 123 139 132 128 126 158 143 125 126 123 131 149 158 130 108 110 123 133 107 103 100 111 123 137 135 148 155 155 153 137 114 91 125 87 137 150 120 116 114 114 116 98 105 130 124 111 104 104 106 100 91 99 106 125 98 77 85
120 154 160 102 111 111 109 87 70 125 127 108 69 49 69 73 77 89 82 108 118 127 112 153 153 128 136 125 120 127 139 127 125 126 145 126 97 103 125 131 128 110 107 135 164 138 123 132 129 132 120 152 122 112 110 118 125 116 111 115 129 132 125 154 112 125 119 110 128 116 82 80 112 137 155 147 146 156 128 124 115 116 128 112 109 116 129 138 149 138 144 127 118 113 103 82
101 146 151 72 97 111 119 91 63 72 83 102 94 69 62 67 71 93 134 155 134 134 138 143 147 136 141 131 118 121 130 122 128 131 138 129 101 106 123 127 132 135 111 119 129 123 128 116 121 156 173 197 176 142 132 139 128 128 134 135 130 123 127 111 92 78 71 73 102 80 85 66 86 108 147 178 177 166 141 134 129 123 146 131 123 125 133 142 153 146 133 119 112 109 100 78
97 116 94 103 125 121 76 67 70 77 75 94 112 131 134 122 122 102 141 151 132 151 156 135 135 150 135 161 155 128 125 116 119 133 136 131 131 130 121 133 150 164 142 117 107 110 101 96 122 147 163 195 196 165 139 112 96 112 140 132 120 121 122 110 90 84 91 91 65 146 140 77 113 125 139 165 148 159 153 122 121 136 186 173 128 117 121 124 131 146 125 108 99 99 98 87
107 137 164 153 123 92 75 57 59 70 66 82 108 119 147 147 127 109 123 134 118 142 111 105 139 160 162 126 147 117 109 118 116 117 141 151 132 135 151 135 129 137 142 140 115 118 106 112 139 138 144 144 148 133 111 109 123 123 119 86 103 183 117 107 101 97 112 128 81 160 121 121 110 122 135 176 159 144 135 111 112 122 141 198 161 114 100 96 90 113 106 100 97 93 83 86
98 86 100 96 109 92 76 60 75 84 95 73 83 98 104 136 138 137 135 122 141 111 104 103 122 161 142 126 137 118 110 110 109 112 139 145 122 125 135 123 117 112 126 140 135 146 111 86 90 108 150 163 147 152 172 166 168 189 167 120 118 150 171 148 100 92 104 151 194 134 96 119 116 110 133 152 144 131 125 124 97 84 119 172 157 138 117 81 73 73 105 112 116 102 94 90
113 87 82 78 98 88 93 122 117 139 136 99 84 81 99 109 115 125 150 143 120 109 101 110 126 143 113 157 137 142 100 113 112 127 150 144 124 123 137 124 125 123 119 113 106 101 90 83 87 89 116 148 160 177 202 195 189 180 162 82 115 115 104 70 99 117 171 168 93 93 83 107 125 129 120 134 128 126 124 134 111 92 129 134 117 121 123 93 82 95 110 114 105 116 122 94
112 111 105 83 112 128 112 99 121 123 111 112 113 87 103 118 101 120 128 147 113 116 103 108 122 107 104 134 130 136 91 109 112 121 114 128 142 132 140 134 136 139 126 117 116 127 136 127 120 111 120 145 176 198 144 139 136 136 159 130 124 108 116 113 100 161 180 146 116 126 138 106 109 111 118 129 119 110 121 141 141 123 123 115 109 113 109 103 96 100 108 95 93 105 118 106
148 139 122 114 95 111 105 81 106 142 135 112 106 109 118 110 115 99 112 146 110 117 112 105 109 110 115 106 98 94 95 98 117 115 102 125 146 142 150 154 144 125 108 117 121 132 146 151 166 167 163 134 128 136 149 149 150 166 158 125 126 120 97 111 133 146 163 160 162 157 129 92 78 73 104 127 116 91 114 139 138 110 100 123 115 105 100 100 72 83 78 89 90 83 90 113
124 85 100 104 102 108 97 100 104 92 94 97 94 102 104 108 123 115 103 142 117 108 96 103 108 105 124 117 112 107 85 81 95 99 122 126 121 118 118 129 140 110 105 124 125 146 157 176 131 121 137 136 150 116 124 89 137 150 127 95 97 101 122 166 165 145 150 146 151 146 180 149 99 84 107 122 128 118 95 105 128 129 122 141 128 112 91 96 84 88 89 95 94 86 104 106
68 74 95 103 106 108 111 102 87 86 85 79 94 97 91 104 116 117 113 138 116 126 126 114 105 120 161 143 145 130 95 83 85 102 131 110 110 112 91 97 127 117 108 117 109 136 176 163 131 132 121 126 139 106 102 101 112 95 88 80 99 155 140 133 154 148 141 95 93 82 73 128 150 142 149 119 96 104 111 125 122 133 144 133 121 101 101 95 105 96 98 94 94 106 90 72
98 129 112 108 92 76 91 90 84 90 90 105 106 108 108 120 117 123 144 144 125 109 120 152 155 142 175 137 135 134 95 78 75 73 122 137 124 115 78 87 140 165 146 143 160 156 145 133 129 133 146 148 91 88 88 96 109 104 89 84 126 164 157 120 135 134 142 117 110 57 76 96 117 134 127 95 93 122 114 110 127 141 139 144 150 144 129 118 116 103 111 118 92 107 118 110
