examples/data/proba_v_italy_sicily/probav_s10_toc_x19y03_20141201_333m_ndvi_v001.txt
ncols         1127
nrows         589
xllcorner     12.348214285714
yllcorner     36.598214285714
cellsize      0.0029761904761905
NODATA_value  -9999
[rows 204 to 254 of 589, columns 288 to 383 of 1127]
118 121 122 162 124 130 131 119 113 100 81 94 103 111 107 97 101 86 86 93 102 109 115 118 127 127 150 170 169 143 130 101 90 120 141 148 142 149 167 177 177 158 123 134 43 47 64 54 137 159 159 146 136 106 124 123 126 114 128 133 120 110 110 104 91 91 92 83 71 85 89 87 88 96 90 79 93 92 91 94 87 88 73 74 76 75 82 87 150 145 139 120 114 113 100 99
128 149 88 92 123 135 131 121 122 128 107 103 109 105 92 94 92 69 75 83 95 124 118 111 113 113 176 200 186 173 158 160 155 119 101 112 134 131 142 149 145 168 136 89 79 59 65 99 123 125 135 136 152 157 152 147 140 128 127 130 115 106 109 100 87 88 79 65 67 66 66 68 69 78 80 79 79 89 94 83 81 78 83 100 88 51 125 68 136 136 136 116 134 148 141 136
149 166 150 91 103 135 132 99 80 104 117 113 111 109 88 74 72 80 93 107 129 139 141 111 147 175 182 185 179 178 166 156 154 125 95 79 102 128 143 142 157 188 159 48 41 71 52 132 129 131 138 147 153 154 151 158 155 146 144 130 101 92 92 89 90 83 75 70 73 76 76 68 61 60 71 80 83 86 87 73 65 66 75 75 62 129 122 64 134 138 133 125 140 102 98 104
147 85 112 109 94 114 113 87 92 105 92 95 104 103 96 74 63 77 107 118 123 131 177 153 134 149 152 168 199 199 174 177 183 157 107 78 90 101 137 162 188 205 200 144 103 90 113 106 132 145 143 151 154 146 123 99 102 113 124 131 112 92 82 90 90 78 72 77 70 67 74 63 67 73 81 81 97 115 114 100 84 79 75 61 111 128 149 78 130 137 134 136 112 89 151 151
87 114 134 118 105 81 156 134 137 95 108 116 129 120 103 88 89 154 128 129 126 132 176 201 164 134 147 176 213 234 219 221 206 179 141 92 114 121 133 187 205 196 213 194 138 102 156 122 146 147 141 132 135 139 131 100 92 103 100 90 74 68 74 95 108 102 93 88 70 66 71 61 61 79 90 96 101 110 115 105 97 94 95 84 84 98 105 81 72 89 110 113 110 99 87 149
139 81 110 109 97 137 132 126 65 83 112 125 125 103 101 92 87 147 164 131 135 143 178 239 229 174 181 232 250 250 227 223 213 198 179 139 143 172 182 174 159 140 155 210 202 145 128 142 138 123 116 86 70 96 117 99 82 90 85 80 80 85 85 89 102 97 72 46 40 65 76 74 68 73 88 101 110 116 107 101 106 106 79 131 89 96 74 73 95 101 105 113 114 108 113 155
114 73 100 90 78 135 131 83 88 100 133 138 118 116 106 98 107 131 155 161 190 190 193 220 224 222 200 214 217 225 198 161 176 204 197 175 167 186 167 126 134 131 134 146 148 155 124 123 102 78 110 77 92 103 103 89 71 73 89 84 70 73 81 80 71 66 51 23 43 72 68 68 70 65 68 86 111 113 103 100 98 81 146 143 142 148 141 126 97 104 117 135 150 149 134 159
162 88 83 128 132 117 78 108 122 116 108 98 106 130 129 132 142 144 128 165 181 186 175 179 200 234 180 149 152 165 166 133 127 151 159 152 150 159 148 126 131 121 116 121 101 124 123 125 112 85 73 93 112 114 101 77 87 93 110 82 73 71 73 66 60 73 80 57 61 130 131 133 150 59 120 49 65 92 102 102 91 60 135 131 130 138 138 132 124 126 136 144 136 125 123 147
90 148 143 130 123 71 84 117 131 120 101 104 132 159 166 163 159 160 140 155 154 172 134 191 237 195 156 144 149 156 191 198 171 146 144 143 149 162 195 187 168 141 146 124 104 67 82 79 92 93 84 87 92 95 102 87 81 62 66 85 78 63 66 67 66 64 112 121 133 143 147 154 148 130 120 63 60 63 68 85 102 108 107 96 82 77 86 80 70 87 131 128 126 137 140 174
74 144 138 129 97 79 99 128 131 123 122 122 140 153 155 145 167 158 144 142 198 121 83 135 246 194 155 163 188 185 196 198 197 181 162 157 155 164 189 177 173 250 158 105 97 93 71 77 89 89 88 89 87 98 108 97 90 92 92 79 81 76 75 73 66 65 67 138 168 162 157 154 147 131 88 98 92 84 85 92 104 118 120 121 121 106 80 114 117 131 127 125 116 86 75 116
83 83 77 78 76 101 90 122 153 160 159 151 158 161 135 139 150 148 143 136 149 151 103 154 199 239 237 214 230 223 209 200 192 185 168 156 151 164 148 132 142 152 142 205 169 114 107 110 116 115 119 115 87 95 112 110 95 95 99 83 73 76 74 68 64 65 70 72 156 150 142 150 136 77 92 103 97 89 97 98 128 136 136 118 111 114 109 101 88 99 118 42 134 156 159 169
125 119 101 108 112 103 93 98 129 157 158 163 160 141 134 151 143 153 151 153 119 189 164 195 190 157 139 151 165 184 201 211 218 206 168 154 161 184 173 149 74 117 60 250 111 99 111 121 114 116 124 138 129 121 119 108 92 90 95 85 74 77 79 72 71 75 79 79 73 130 71 72 77 82 91 93 81 82 96 116 104 126 115 73 111 128 109 134 118 81 130 128 120 138 145 172
99 105 99 117 106 94 95 101 121 144 154 159 161 160 166 157 152 147 129 152 153 101 134 158 148 137 116 127 135 138 162 176 184 183 174 170 187 221 217 211 151 142 250 68 150 123 112 150 146 128 132 158 157 139 129 120 104 100 99 102 109 101 94 89 86 92 90 90 80 65 61 65 77 83 95 92 92 88 100 102 126 124 138 136 96 136 115 71 93 117 107 79 74 145 94 154
85 95 91 117 122 95 94 103 124 160 177 175 162 150 146 163 168 126 83 118 136 132 136 135 116 126 118 130 136 123 125 134 148 154 156 157 157 179 203 207 151 250 250 249 169 170 155 156 155 149 144 160 164 149 136 132 126 127 133 127 129 128 133 136 110 98 93 94 93 80 76 79 77 82 98 102 103 106 129 136 69 135 147 153 97 133 119 132 139 116 75 130 124 112 130 150
172 121 117 108 94 84 93 112 141 152 152 158 143 146 147 139 156 161 105 108 162 123 137 136 100 128 110 141 153 134 136 131 137 149 153 157 126 138 163 173 214 209 207 209 174 168 157 161 165 166 169 168 166 157 149 143 129 117 124 115 112 125 138 152 143 117 96 90 86 87 87 85 93 104 108 104 108 126 128 131 128 146 132 137 132 115 115 115 101 112 32 107 92 122 128 114
171 103 134 107 88 131 133 117 130 132 148 143 115 118 120 119 152 189 158 135 146 143 96 145 98 136 123 134 146 139 128 130 137 134 127 135 120 131 138 114 145 143 67 161 162 153 141 146 158 175 182 173 159 159 150 142 144 133 118 115 131 149 158 166 156 137 109 91 86 93 98 99 113 126 123 114 129 107 118 99 167 150 130 94 112 124 125 104 125 116 56 116 132 121 92 92
143 105 109 92 157 133 139 111 131 124 116 118 105 114 123 144 173 185 188 183 177 175 179 147 112 125 139 145 155 150 144 128 122 122 125 121 130 153 148 123 112 125 136 152 153 147 149 158 148 131 136 136 136 137 145 136 145 148 143 147 194 175 160 161 155 145 142 155 154 96 99 111 121 137 142 138 160 90 174 173 161 152 139 146 139 111 115 137 137 126 149 128 125 103 101 115
135 157 94 127 80 89 99 111 128 130 126 123 106 114 145 171 181 178 187 181 185 177 165 136 99 122 167 180 188 177 173 162 148 140 148 149 122 133 135 80 81 88 144 128 117 116 125 136 130 109 104 100 125 122 130 138 157 167 173 236 207 184 175 162 149 130 142 150 145 137 152 144 129 136 141 100 163 107 70 183 165 122 120 142 125 121 139 144 131 118 141 134 113 102 109 109
123 122 72 91 98 97 116 133 132 120 102 102 134 151 171 190 192 192 195 190 194 200 198 179 159 174 173 170 166 169 172 180 173 149 145 162 144 121 108 114 99 113 104 121 126 128 123 118 120 109 121 126 126 122 144 170 177 180 145 250 199 187 172 160 163 120 111 128 145 147 144 160 171 154 117 121 157 196 231 135 99 98 111 143 142 146 147 138 125 110 104 106 98 93 77 71
139 87 153 69 79 81 96 120 121 120 106 86 120 203 221 229 220 199 181 180 194 208 204 195 175 188 189 158 146 143 144 145 149 138 120 130 147 145 104 111 122 122 120 121 123 120 116 105 122 116 138 239 176 137 146 171 170 189 196 198 177 163 169 150 152 141 136 147 148 144 140 139 155 162 148 142 138 141 140 141 159 147 148 131 149 169 102 146 141 77 97 92 110 67 71 113
98 109 90 74 161 115 159 155 159 99 122 120 131 177 203 208 214 215 202 183 195 205 203 195 186 161 164 157 152 163 157 140 129 122 136 137 142 125 94 109 115 111 98 102 118 118 110 117 250 160 176 102 186 181 158 83 86 155 179 175 173 163 172 156 139 144 161 164 152 147 154 138 131 138 139 133 132 104 143 146 169 154 187 165 76 138 135 147 130 88 109 91 133 120 87 83
152 145 75 168 154 140 122 174 183 110 131 138 138 156 180 200 207 216 215 199 195 199 185 189 188 154 137 142 138 142 143 131 154 166 150 136 136 126 114 128 156 155 118 122 123 124 168 187 182 179 182 189 183 160 169 98 86 167 104 111 145 143 153 149 143 155 157 147 149 163 176 155 143 129 146 163 164 164 137 87 146 205 216 204 159 101 112 134 134 113 98 95 83 121 121 130
146 140 154 170 174 155 71 89 128 125 129 123 124 142 172 200 199 197 206 201 188 158 108 138 196 199 147 130 156 168 166 156 167 157 112 114 116 130 117 123 131 133 109 120 125 136 158 172 177 88 56 86 78 123 125 115 188 123 96 146 149 151 169 144 133 170 170 167 166 164 84 80 56 80 150 161 169 119 154 143 184 181 200 210 118 105 130 135 145 100 77 82 93 82 75 73
121 149 163 76 97 69 68 74 194 164 157 189 119 146 163 181 181 173 187 191 177 145 107 142 188 186 147 135 170 169 171 163 160 138 100 109 105 114 93 94 100 117 116 125 91 135 163 174 159 134 141 125 85 92 117 154 147 158 156 125 123 124 158 130 108 120 133 159 146 100 74 168 159 70 166 159 131 113 60 106 171 182 195 196 140 141 152 145 149 103 110 75 74 78 68 61
153 135 217 135 64 61 168 72 192 187 98 39 99 131 155 162 178 171 177 186 211 208 186 140 160 168 177 174 171 143 132 145 150 141 146 158 134 118 108 92 126 137 92 89 93 121 115 171 134 100 158 115 96 76 98 110 82 39 140 140 184 68 92 159 33 35 104 67 61 62 54 38 144 161 183 210 156 145 155 164 167 170 212 149 160 159 141 114 99 85 59 106 62 65 59 97
146 152 247 198 68 113 145 166 225 128 131 130 207 211 215 218 162 162 180 228 250 250 230 176 175 190 182 166 162 166 149 162 165 146 149 163 137 110 139 142 149 71 112 105 100 171 83 75 43 92 150 84 82 98 70 105 136 160 112 156 197 182 70 82 62 59 77 97 77 140 145 59 122 174 188 190 172 154 152 157 203 176 135 135 137 135 127 104 79 57 45 89 68 63 59 112
162 147 147 150 165 154 184 200 189 168 163 208 200 178 212 223 232 156 178 250 250 250 250 235 221 201 178 158 149 160 163 159 143 131 151 149 158 150 131 133 137 64 115 82 87 126 96 198 192 174 96 81 85 103 89 94 149 146 168 168 176 189 193 137 98 94 88 76 58 66 96 101 122 137 164 141 131 128 103 67 32 133 174 121 92 136 100 97 90 71 65 66 67 62 58 109
144 143 179 178 187 183 183 170 166 174 164 169 171 175 195 194 204 209 193 147 199 250 250 250 242 197 173 133 142 63 63 161 147 134 111 95 140 128 117 115 130 160 127 67 88 86 96 182 62 155 100 49 71 73 89 122 33 41 84 205 232 245 199 193 173 131 97 70 61 67 123 74 94 158 169 147 94 80 30 71 101 108 102 99 92 99 127 147 85 69 61 70 70 93 58 111
168 145 164 73 68 64 69 157 174 182 180 180 179 187 180 195 185 169 182 154 157 162 140 158 159 153 171 161 128 169 50 137 114 110 172 112 104 125 130 152 196 193 147 70 96 83 92 120 156 126 80 72 86 43 99 37 98 170 224 198 174 175 140 132 109 67 81 113 87 75 83 137 165 169 161 167 101 125 119 115 100 78 114 143 146 89 104 121 67 61 61 96 64 97 107 56
137 147 160 83 167 154 71 177 179 179 179 177 162 184 182 178 148 145 143 141 139 126 163 180 163 171 146 161 169 36 178 152 118 112 159 149 101 120 183 177 173 164 180 250 250 250 228 143 83 70 89 87 99 73 62 83 97 120 172 200 194 126 94 69 71 30 33 111 86 211 15 64 104 92 114 132 124 60 129 145 69 150 130 165 142 97 129 114 70 65 95 89 52 95 59 56
142 156 163 78 164 164 161 166 176 183 184 181 186 191 198 152 154 162 166 139 125 104 181 165 141 195 184 164 158 159 163 151 134 112 164 157 162 196 176 195 185 128 56 122 104 69 178 206 180 135 76 112 100 68 130 87 79 99 93 134 196 100 86 68 123 73 65 152 109 28 52 42 65 102 167 188 111 121 91 73 54 99 109 107 142 81 86 122 69 125 111 104 48 104 64 117
89 77 73 71 73 78 156 153 174 195 196 194 199 209 149 154 154 160 169 180 90 90 250 245 221 188 166 159 156 158 165 161 150 121 172 150 174 159 137 144 149 145 123 141 70 66 61 121 67 60 55 81 98 71 73 51 55 78 74 92 149 78 58 99 140 150 92 128 152 123 81 60 44 41 128 204 249 79 99 112 155 203 116 84 163 77 81 63 62 196 180 133 52 54 57 110
158 145 129 123 139 105 100 90 80 79 85 101 192 132 162 179 136 99 113 207 250 250 250 250 222 195 169 159 162 157 154 157 155 160 130 133 124 130 170 143 174 184 199 157 135 115 74 59 82 92 45 42 58 46 42 50 49 76 106 121 89 53 101 121 115 111 45 50 104 171 151 105 46 91 67 77 61 48 40 111 113 138 115 102 184 122 62 156 59 59 195 165 129 126 51 54
99 105 117 122 108 147 161 88 88 194 189 94 112 126 128 157 158 129 145 217 191 199 216 234 230 192 172 165 179 161 131 130 164 160 142 136 130 167 226 190 185 190 195 192 175 158 160 130 84 56 48 52 51 86 30 27 56 170 66 130 66 124 236 191 151 101 101 139 194 95 237 203 151 167 176 46 42 145 101 99 114 126 89 97 95 152 194 174 169 182 218 208 147 129 135 60
87 108 129 114 118 141 157 129 160 170 194 93 110 113 107 131 149 151 151 184 175 170 186 237 230 199 171 166 176 165 155 150 155 191 173 116 153 99 192 192 188 183 180 167 183 159 143 100 97 57 136 101 86 30 35 42 42 123 208 84 56 189 250 245 209 178 182 181 86 151 71 218 180 170 177 179 160 143 125 138 151 124 110 144 117 95 74 158 180 195 203 160 141 118 115 136
79 108 133 126 112 128 157 131 78 91 96 113 117 115 116 135 141 151 157 164 174 172 169 183 170 157 154 191 176 164 157 154 149 182 175 158 100 99 90 83 97 192 196 198 199 169 170 58 48 47 84 58 103 26 39 40 42 46 113 221 243 202 250 250 250 237 204 135 91 81 219 174 159 153 192 151 138 140 153 171 187 166 164 74 108 107 88 177 191 189 197 185 177 182 177 68
91 105 123 124 122 137 164 174 164 180 206 102 94 181 111 178 191 186 188 189 218 171 187 185 185 176 187 182 150 146 134 132 128 201 188 183 119 173 75 183 193 200 202 198 190 74 57 48 91 128 122 95 29 67 77 128 133 108 127 207 241 165 127 134 183 241 238 196 189 205 193 161 153 139 134 133 127 138 140 134 160 66 84 85 90 88 80 79 70 71 71 196 188 91 85 136
107 121 127 123 108 152 143 130 160 177 204 198 179 178 92 116 127 142 171 194 173 161 161 174 187 185 201 147 133 146 140 208 187 203 195 150 191 167 179 179 200 202 197 89 70 66 123 114 114 119 132 136 122 90 30 42 76 162 209 57 174 170 161 132 136 147 195 219 182 85 73 144 151 129 122 141 135 134 139 152 158 168 188 82 88 90 88 87 76 78 169 157 78 168 188 219
151 155 141 122 96 113 141 133 128 155 179 191 203 203 179 175 189 201 115 138 189 181 176 171 188 181 130 157 165 161 156 198 167 214 192 159 190 179 172 185 198 199 91 80 172 173 176 168 156 136 127 138 146 134 101 107 88 116 126 177 160 155 168 190 167 151 157 156 171 155 133 113 142 145 51 145 155 153 152 158 170 185 196 193 76 78 77 76 75 80 170 151 170 183 155 85
162 171 183 131 102 75 146 158 149 148 175 207 199 193 197 190 196 211 200 113 112 101 109 123 161 97 106 126 148 160 198 194 186 217 164 169 210 181 177 192 109 66 63 197 168 139 168 165 161 162 143 138 147 139 128 98 85 110 134 161 161 156 149 153 126 105 141 77 72 174 146 60 153 162 159 150 172 196 185 190 195 202 199 199 68 63 175 177 66 74 78 68 160 68 87 71
83 155 186 216 157 163 78 72 185 187 186 194 195 185 178 161 162 180 201 103 95 183 173 97 91 90 91 97 99 126 227 217 215 202 127 152 189 181 189 197 104 192 185 165 163 141 129 164 147 141 142 136 143 134 124 120 119 176 160 158 169 169 142 137 140 139 147 73 74 190 80 68 160 168 162 162 166 192 200 205 198 201 209 217 208 189 185 174 185 188 68 66 66 74 146 167
99 93 158 157 172 186 186 77 192 192 190 195 197 191 183 180 196 202 204 204 191 165 147 161 177 177 174 199 90 136 195 190 188 184 183 177 174 219 185 189 121 196 184 161 132 142 171 188 127 98 131 132 135 139 127 117 158 164 169 171 179 171 150 144 141 73 67 178 191 98 88 185 158 167 168 170 167 165 159 178 187 196 208 218 208 189 196 76 82 84 84 80 77 81 86 77
72 91 112 109 107 94 74 171 178 180 177 183 192 189 194 204 204 207 208 83 86 80 191 187 194 86 97 96 108 176 177 183 180 170 169 212 179 201 216 177 99 185 185 174 138 160 208 209 164 186 152 144 129 127 116 107 114 147 68 169 164 157 152 136 143 148 156 89 102 88 75 171 148 141 159 159 159 142 106 107 171 199 214 200 195 78 84 84 90 74 168 70 77 65 156 157
162 167 157 157 170 171 165 79 166 176 177 180 196 192 200 111 128 114 109 107 105 100 96 99 95 103 119 127 144 177 167 168 181 176 171 173 159 155 161 177 94 164 170 184 177 171 183 213 187 181 144 129 128 128 107 61 64 67 79 71 68 80 88 76 159 71 84 86 187 209 202 191 178 170 162 166 164 120 81 78 82 86 208 186 197 209 202 190 72 77 71 79 72 171 164 158
185 188 166 170 167 173 104 102 84 179 180 184 192 190 194 120 162 146 201 195 124 123 117 117 137 147 160 165 177 177 181 181 176 159 155 107 165 164 171 186 170 166 75 81 78 168 190 211 176 166 154 130 126 102 148 173 151 82 84 63 65 78 92 76 138 144 139 132 173 199 189 189 179 187 194 174 85 91 105 119 109 103 93 105 105 94 86 86 99 99 81 70 137 153 77 93
204 175 173 167 174 174 78 180 177 175 175 181 190 99 108 112 211 195 191 204 135 150 133 101 128 150 167 183 182 168 162 166 189 186 185 127 178 169 163 168 183 202 78 76 192 185 176 202 184 158 167 159 144 145 125 156 144 148 141 135 169 182 186 138 109 130 110 134 190 203 190 197 191 87 96 97 99 116 134 145 124 102 110 142 156 147 122 96 97 88 83 72 70 76 81 84
185 185 179 184 179 175 174 178 182 96 120 144 160 158 129 102 215 214 208 197 101 117 165 161 137 154 168 174 193 203 205 162 168 103 98 134 190 181 175 187 197 196 81 177 189 191 172 169 168 161 154 153 147 143 118 172 175 177 174 158 169 179 199 83 79 75 71 68 70 201 205 196 87 88 66 71 76 99 128 123 121 111 94 112 133 121 94 71 69 73 82 72 60 132 143 61
210 103 109 138 139 141 138 140 145 144 148 164 160 151 151 155 211 195 197 203 205 194 203 203 153 164 169 156 152 158 183 180 175 161 153 156 187 184 194 206 192 178 82 163 160 180 177 169 173 173 152 158 142 137 145 163 184 179 181 169 180 68 88 104 91 91 95 93 93 103 128 120 90 77 60 67 97 136 157 118 114 128 96 137 149 131 95 73 71 73 69 62 59 61 59 58
90 85 181 115 106 183 152 155 159 157 148 158 159 217 209 216 202 111 165 163 143 103 95 93 99 176 156 132 110 118 171 179 171 170 166 146 182 175 177 186 174 91 84 161 157 179 191 186 172 154 143 148 141 155 167 154 150 162 174 185 151 67 75 67 83 103 102 87 79 82 101 94 77 94 122 117 141 155 147 116 118 156 154 163 144 133 119 84 74 69 63 62 63 62 54 51
172 169 188 165 169 167 127 160 159 163 170 184 189 189 196 187 192 185 163 115 169 162 192 94 98 152 127 146 103 104 170 176 174 197 196 194 175 174 176 177 110 91 161 170 179 178 182 195 191 150 115 90 113 150 173 147 144 157 178 58 64 71 79 79 86 87 75 67 65 72 77 81 85 88 101 87 77 102 132 116 114 124 132 142 147 139 107 73 69 71 67 59 55 56 54 129
159 166 173 177 184 180 176 127 133 147 172 191 203 208 180 206 218 216 205 101 212 181 188 197 201 215 186 168 146 165 181 145 172 184 196 195 161 158 163 158 82 165 150 166 177 180 172 171 172 161 118 94 123 154 164 164 162 151 171 60 66 61 57 61 68 79 69 64 66 206 198 70 175 168 169 181 192 182 182 80 99 110 98 93 95 99 109 95 82 72 74 68 58 55 56 53
