examples/data/proba_v_italy_sicily/probav_s10_toc_x19y03_20150521_333m_ndvi_v001.txt
ncols         1127
nrows         589
xllcorner     12.348214285714
yllcorner     36.598214285714
cellsize      0.0029761904761905
NODATA_value  -9999
[rows 288 to 335 of 589, columns 480 to 575 of 1127]
119 132 132 129 117 128 121 110 110 119 125 118 114 96 103 110 113 119 136 136 128 146 149 150 148 121 120 122 89 101 114 117 116 120 129 142 153 145 130 130 120 116 121 133 141 133 141 133 109 115 152 161 144 138 144 144 137 126 104 119 123 126 123 108 111 114 110 117 108 121 130 104 121 109 143 165 151 147 148 134 139 154 171 172 159 150 143 134 131 111 95 80 76 67 72 72
111 131 134 117 106 116 119 120 120 117 117 118 114 111 115 116 114 111 120 152 139 132 133 144 145 100 97 101 104 100 123 118 118 137 120 119 127 128 135 136 129 129 119 124 138 134 120 120 141 144 121 126 133 131 127 133 146 144 124 114 111 104 112 112 123 138 138 144 124 109 105 113 97 75 93 129 127 127 141 137 121 135 155 150 127 116 121 111 92 90 83 76 76 81 74 68
117 124 145 124 113 113 111 111 109 97 102 110 106 117 113 114 107 104 100 131 134 135 106 108 134 133 114 114 124 114 127 140 106 104 114 117 139 156 147 133 123 131 138 140 142 135 119 113 123 126 134 134 143 141 119 115 119 117 138 137 137 145 146 125 130 133 131 114 109 100 88 84 81 87 86 92 101 113 128 149 148 146 138 128 133 121 119 117 122 108 83 81 91 87 87 74
115 114 123 139 146 126 98 109 115 107 111 112 101 102 105 104 100 102 104 109 116 114 107 110 123 134 115 120 117 120 139 115 86 80 112 132 151 167 148 125 123 137 133 117 120 136 124 128 130 130 143 148 142 124 120 133 128 127 128 130 159 167 172 145 142 132 123 129 131 109 76 59 77 119 131 121 114 114 122 138 135 136 144 151 137 120 121 129 133 105 83 106 112 97 98 91
113 102 103 111 109 118 139 126 109 125 131 128 113 102 103 103 110 118 116 107 125 117 99 106 132 132 123 121 121 150 146 125 115 132 143 129 143 152 147 131 134 129 126 127 134 140 136 133 132 136 111 130 137 109 140 145 117 124 132 130 160 183 195 172 159 144 126 128 140 116 77 80 106 139 147 130 128 134 128 128 127 126 139 146 136 126 128 131 130 111 94 115 119 114 98 108
103 103 110 99 87 97 135 151 136 140 130 128 120 104 131 148 139 122 117 116 120 123 137 144 147 146 128 119 120 154 139 122 111 103 128 126 143 166 157 143 155 148 147 153 141 155 163 143 126 118 110 106 113 118 141 143 136 135 147 148 122 126 155 164 152 147 132 133 120 99 109 118 125 128 140 137 129 126 120 120 118 115 111 107 127 128 128 140 123 112 99 107 126 100 88 107
96 97 100 93 98 113 123 136 142 161 163 143 132 139 149 148 147 138 123 111 106 114 120 121 122 116 107 102 110 120 112 99 114 127 169 171 152 143 135 132 152 150 148 141 132 125 136 154 153 132 118 101 102 110 109 120 135 160 153 130 111 102 115 121 122 131 126 110 128 131 130 122 124 110 136 163 138 118 113 98 82 107 116 118 130 129 125 145 136 133 124 119 100 94 115 108
111 96 97 91 113 130 124 124 128 136 145 157 145 146 148 144 130 130 124 129 133 118 117 108 111 119 146 104 100 119 119 107 127 159 164 184 157 137 128 131 152 148 160 153 118 118 147 139 129 109 110 116 108 111 103 118 129 147 135 117 115 112 113 115 114 132 137 117 127 154 162 147 133 106 84 133 140 109 106 88 91 116 120 112 117 127 128 128 131 137 142 141 130 129 134 110
96 91 100 107 115 117 114 122 128 129 151 128 116 137 143 157 152 133 119 122 145 142 136 116 166 100 110 112 107 113 126 140 145 158 154 148 154 148 144 136 161 139 150 169 132 119 108 104 107 120 112 103 108 108 116 122 123 113 99 105 107 103 116 121 126 115 122 146 130 105 117 130 136 120 106 114 130 128 115 112 119 130 132 132 126 127 117 115 106 121 136 138 136 106 88 94
103 98 105 109 107 106 112 127 126 116 129 123 122 149 150 156 147 119 127 129 132 139 137 121 120 120 120 121 126 131 121 118 116 138 143 144 155 163 153 146 142 143 143 145 109 102 109 101 109 117 112 109 118 102 101 106 106 122 119 114 107 110 111 112 119 131 134 154 126 106 109 116 107 90 95 105 124 123 107 118 133 135 137 137 126 125 131 150 131 114 121 122 106 69 68 82
140 140 138 134 123 120 135 131 112 103 107 125 125 123 133 133 132 136 135 113 103 105 115 111 133 141 124 124 122 119 117 126 126 119 118 108 125 131 134 125 114 121 110 132 125 127 121 118 98 99 103 97 101 108 116 116 108 120 124 116 105 97 96 103 120 139 120 114 121 111 120 127 98 76 78 97 117 116 126 126 128 132 144 134 122 132 142 144 127 118 127 122 87 59 70 108
148 143 113 117 132 119 136 115 113 125 120 133 141 125 117 103 103 126 140 135 133 121 162 135 111 115 113 123 106 117 130 122 114 123 148 131 131 125 139 151 142 128 122 143 157 131 136 132 113 110 111 94 103 113 134 132 133 112 108 117 124 100 98 102 99 116 127 138 121 104 123 125 126 107 96 109 128 147 141 133 135 145 141 127 115 122 129 130 126 116 130 140 89 73 98 144
152 148 126 124 114 129 153 124 99 112 133 133 132 107 106 108 118 128 126 144 161 149 135 112 106 110 119 124 103 103 116 119 121 131 131 104 92 110 125 147 126 110 123 167 188 173 140 129 114 118 113 106 120 141 160 142 133 122 105 97 124 111 102 105 102 117 145 133 111 113 112 108 118 120 116 123 126 141 133 130 142 151 142 128 115 117 132 132 109 113 148 138 120 101 111 132
154 171 147 130 122 123 132 120 118 120 137 126 108 84 96 114 120 130 126 138 151 143 117 100 115 111 120 144 119 93 100 113 108 99 91 80 80 108 123 128 114 121 120 140 151 157 172 159 140 117 108 98 100 106 136 133 128 122 113 97 119 123 107 109 121 130 159 136 120 127 120 107 95 108 122 118 109 109 126 126 124 138 135 122 119 133 142 131 119 127 136 133 125 121 111 127
138 143 142 139 139 130 136 122 111 120 124 119 106 88 83 98 124 134 145 125 121 122 108 111 131 130 113 129 124 102 100 109 136 119 90 95 114 119 114 121 125 148 132 122 140 158 178 173 168 117 120 117 101 100 124 126 124 115 122 119 118 124 109 112 112 132 130 115 105 113 115 120 121 126 128 123 111 108 138 150 124 105 130 152 139 127 137 125 127 135 132 135 140 139 134 130
135 139 143 135 130 133 129 125 118 112 111 105 110 122 119 99 118 141 174 141 136 137 150 139 120 110 131 139 140 135 133 127 135 135 113 99 110 124 134 137 133 128 146 138 126 113 146 167 169 127 117 142 139 116 114 119 122 121 120 120 109 113 102 98 109 115 140 153 128 123 128 128 121 135 140 144 142 135 146 151 120 112 138 147 128 115 123 125 123 109 121 130 132 138 123 111
160 154 142 133 136 147 143 129 123 110 101 108 130 132 110 108 109 133 156 144 121 129 146 149 133 145 151 139 123 119 136 134 143 148 149 130 119 129 145 161 157 121 121 144 153 149 127 133 131 117 125 148 163 135 108 116 110 114 116 106 106 112 109 105 128 152 159 154 125 117 128 127 150 168 165 160 155 153 151 144 124 111 142 136 118 124 131 129 133 128 119 120 146 150 132 139
162 161 135 151 167 148 137 137 129 119 126 129 134 121 96 102 112 132 156 164 146 145 132 143 132 156 132 120 127 131 140 138 130 145 137 151 161 142 124 131 162 160 150 168 189 175 134 133 153 148 153 152 169 152 123 149 140 115 112 96 113 119 107 91 128 174 144 121 138 137 129 146 167 179 173 155 153 150 137 134 128 123 130 133 149 135 130 145 152 147 129 138 156 148 127 113
154 136 129 154 158 138 135 142 124 112 127 141 140 121 100 101 122 142 153 193 178 161 149 126 128 162 147 123 124 143 153 133 140 136 130 134 153 170 160 148 177 177 168 164 169 174 151 135 145 140 138 152 148 99 102 131 146 107 111 123 126 135 114 106 111 164 130 116 140 146 158 159 159 154 177 173 136 101 109 150 156 137 124 130 153 146 131 135 140 167 143 122 131 135 106 95
133 127 127 133 131 141 141 146 145 150 150 136 127 119 107 120 139 145 146 180 169 167 167 151 150 160 165 141 108 127 154 153 131 131 135 137 153 154 170 176 164 147 156 158 150 150 138 123 139 145 153 172 164 116 105 113 140 148 124 136 140 142 155 175 161 177 193 170 168 155 170 190 182 136 130 134 127 124 129 160 154 132 125 126 159 162 129 112 127 156 154 125 132 118 112 136
126 115 107 124 133 147 141 144 153 154 146 155 142 123 120 136 153 151 169 199 196 185 177 154 153 150 163 167 144 151 170 158 128 121 119 121 143 138 158 158 131 154 184 200 184 157 152 143 153 172 185 192 170 127 116 159 159 124 106 113 121 134 155 177 178 166 182 146 146 135 141 159 162 153 153 160 147 131 133 162 158 146 134 124 147 163 143 119 119 130 146 129 117 130 136 153
119 113 117 137 119 133 130 135 136 127 130 143 139 126 133 144 162 176 163 167 173 186 184 135 155 138 138 149 142 137 137 134 135 126 135 130 151 142 165 171 165 157 179 170 144 134 145 178 170 160 171 172 154 114 124 153 143 128 121 141 149 160 172 178 173 174 189 175 133 122 132 160 170 150 139 154 169 135 128 144 144 140 140 127 125 133 156 154 148 138 131 133 114 124 130 149
136 135 137 155 136 127 145 143 134 114 108 113 125 132 141 147 154 154 151 159 138 162 184 146 147 136 136 150 142 121 136 154 156 147 133 137 125 152 167 185 185 176 177 143 146 133 136 142 146 178 179 156 148 152 151 142 133 137 137 144 159 188 195 189 179 174 183 158 117 124 159 177 174 138 140 144 137 135 112 114 126 147 154 136 135 125 126 142 158 159 141 131 108 108 135 156
152 167 180 165 154 141 146 138 121 126 126 133 127 130 150 156 136 145 154 154 151 167 184 146 140 138 120 133 151 131 121 137 144 127 120 134 142 156 137 130 168 154 162 150 127 128 136 130 114 125 137 138 161 161 163 164 153 165 180 173 164 187 187 178 171 176 176 150 107 104 152 156 166 153 142 151 146 165 165 142 131 154 156 147 160 154 138 136 173 162 151 145 123 117 117 130
161 175 184 164 145 139 139 130 123 136 142 133 133 147 166 165 136 124 132 148 174 176 174 175 154 112 106 136 155 129 126 134 124 139 135 136 156 154 134 134 161 139 138 139 119 121 108 114 141 157 154 143 154 160 163 152 152 174 154 157 165 170 162 154 162 155 130 113 106 113 127 128 146 141 145 149 144 174 178 146 140 142 135 132 150 148 146 154 161 190 169 135 117 119 126 132
185 195 186 162 146 159 165 148 120 118 130 137 146 150 153 159 147 127 127 150 143 148 146 149 163 115 116 148 152 129 121 97 107 126 127 134 149 157 154 144 140 123 117 114 104 117 122 158 173 180 146 138 142 151 158 125 136 156 130 159 179 174 166 154 150 127 116 104 93 118 137 128 148 148 139 136 110 113 129 134 145 140 119 126 143 142 152 146 138 163 157 157 136 115 111 131
178 179 177 167 175 171 170 165 147 145 143 146 144 139 153 169 157 150 139 119 134 150 163 173 193 197 176 145 153 145 128 124 121 128 125 123 145 141 111 133 143 142 103 78 94 163 142 142 186 177 147 123 133 122 107 102 119 109 131 173 181 184 176 139 149 155 140 103 84 95 144 109 113 140 132 116 95 107 123 132 137 139 134 130 123 136 158 155 134 132 135 150 137 122 113 137
165 157 153 149 169 176 172 170 161 163 156 146 149 156 173 169 158 139 146 150 127 135 179 197 199 184 170 136 153 158 141 145 133 131 124 127 123 125 111 116 136 109 132 122 134 190 172 155 141 167 174 182 171 133 119 134 134 129 125 140 150 130 139 135 137 121 113 123 111 115 157 155 135 117 108 116 108 116 133 140 147 148 144 149 153 148 154 164 163 158 142 109 102 111 122 129
145 134 141 145 140 134 143 143 143 160 152 147 154 164 175 166 152 154 160 171 140 159 186 184 175 160 180 178 141 142 137 123 111 106 106 121 116 117 125 96 118 126 125 128 158 203 166 135 149 149 176 168 173 155 164 164 192 166 135 138 149 129 136 141 141 154 137 153 152 125 161 188 164 129 131 130 121 126 129 141 167 155 146 160 147 135 135 166 171 134 117 127 147 129 129 135
141 127 132 138 142 142 136 132 128 153 155 134 122 135 163 164 158 149 162 176 197 198 168 132 131 135 139 134 138 129 141 131 118 117 102 92 106 113 117 100 130 153 119 118 178 192 206 148 142 134 150 160 147 129 120 134 151 165 156 159 172 152 134 152 150 142 139 142 133 113 122 154 156 155 141 126 133 135 139 169 178 146 140 151 141 119 118 146 153 155 157 178 182 149 142 145
139 117 125 135 130 145 136 132 144 141 135 129 135 155 182 168 167 149 145 147 158 155 124 119 133 173 158 129 129 123 128 116 118 119 110 103 119 121 128 132 148 135 104 103 128 198 195 146 142 146 145 124 110 112 132 121 107 117 111 107 118 132 123 128 154 152 142 143 112 112 129 140 137 138 134 145 159 165 149 161 133 123 146 130 126 133 134 133 148 161 141 149 129 125 139 146
126 132 144 142 136 139 136 136 138 147 157 152 152 169 180 166 163 169 172 152 133 141 126 123 127 158 136 98 112 118 116 125 141 141 141 124 131 122 119 123 155 184 163 106 110 162 170 137 140 143 124 112 109 151 135 145 114 101 97 115 125 130 139 127 127 136 117 119 131 133 138 142 158 143 142 132 138 146 151 158 154 132 144 135 121 130 132 140 153 147 113 129 141 120 117 133
127 135 144 148 143 141 151 147 138 130 150 184 181 157 161 152 131 161 185 186 143 146 157 122 124 121 108 94 101 123 144 162 156 137 124 123 134 129 108 130 166 190 188 147 143 140 125 124 124 109 139 146 123 122 135 132 118 117 116 117 119 127 114 113 125 129 130 143 160 158 145 144 175 167 143 118 146 139 139 150 157 138 140 118 111 125 154 160 153 140 109 110 143 118 82 119
125 124 125 139 144 147 165 164 155 148 150 184 174 149 152 156 148 153 161 174 172 154 136 133 131 112 107 127 140 140 146 162 158 159 131 118 128 144 152 180 183 143 128 185 161 147 142 129 129 135 148 132 128 139 133 117 110 116 123 115 84 88 115 136 139 129 132 143 150 135 124 147 160 164 166 150 140 139 137 132 137 138 129 128 123 142 164 164 155 151 137 123 127 126 120 127
121 106 109 125 121 129 150 158 161 163 172 174 167 162 165 167 153 136 141 160 156 142 130 143 153 129 122 163 174 155 138 132 138 152 134 146 165 171 178 182 184 155 169 192 152 150 157 134 126 164 157 138 131 137 139 120 99 106 112 124 126 112 129 134 138 142 141 143 143 156 131 121 134 181 196 175 164 159 144 132 140 143 115 121 136 165 185 182 164 155 149 141 139 153 137 109
116 126 142 136 131 145 140 145 163 184 177 158 154 153 163 157 136 136 133 131 123 127 137 151 156 148 148 172 167 151 158 153 152 136 136 139 158 133 120 128 156 165 166 166 124 138 152 120 102 147 163 160 148 151 130 116 114 132 124 115 115 118 136 147 163 159 156 128 147 171 180 169 167 183 186 180 181 159 152 150 159 164 154 169 183 173 187 179 158 172 151 127 133 139 127 111
135 135 147 154 139 153 153 136 148 174 158 176 168 137 141 153 137 155 146 145 148 149 150 150 128 133 153 154 148 135 163 159 159 160 168 173 165 152 129 124 146 168 171 169 162 144 137 124 122 146 159 147 139 149 128 100 97 123 137 118 134 118 116 132 146 158 161 158 146 150 148 169 173 167 173 173 163 167 180 185 162 168 168 175 195 188 162 151 150 151 160 160 164 170 132 120
120 124 122 124 125 139 157 136 132 142 153 139 126 134 140 139 133 135 158 157 148 150 145 146 139 140 126 133 150 126 137 146 154 178 189 175 166 176 179 161 163 176 173 149 138 134 121 121 138 156 144 127 118 104 108 107 100 107 136 144 140 123 125 140 136 134 138 147 153 144 132 162 151 165 157 152 163 169 149 139 151 155 135 151 174 160 125 132 126 123 148 151 151 156 137 126
137 134 125 129 139 149 156 149 123 125 125 115 136 131 137 135 123 121 149 168 154 144 129 138 121 138 150 156 155 124 135 144 135 162 160 135 138 150 171 160 158 175 156 113 136 122 114 140 164 165 144 116 96 116 131 115 116 118 128 138 140 118 133 136 122 119 131 160 154 138 138 156 155 155 164 155 141 120 97 107 122 126 135 137 139 156 125 115 113 113 116 122 108 113 122 114
136 159 134 129 122 128 136 151 159 165 150 131 136 125 108 117 120 115 132 157 121 141 136 126 127 123 146 149 145 123 120 131 117 119 129 129 127 137 162 158 147 156 147 125 119 124 126 141 142 120 126 143 126 164 176 136 138 160 144 142 145 140 130 132 125 140 128 134 146 145 143 131 131 147 162 165 155 147 133 113 110 111 126 125 113 106 85 117 128 119 113 117 129 125 122 98
143 169 166 151 164 166 169 165 182 185 162 129 120 129 125 128 123 121 130 147 128 119 130 120 117 135 125 138 127 139 136 140 128 117 141 146 143 152 162 151 160 169 157 136 110 129 120 128 149 135 134 154 146 154 154 129 130 147 145 132 123 135 144 142 133 148 173 149 133 144 149 138 141 148 159 157 130 129 127 105 106 124 126 124 131 132 121 126 133 136 142 140 140 133 134 135
162 170 157 140 137 138 142 170 165 159 151 153 133 122 117 102 94 117 126 137 138 126 123 131 125 100 114 124 107 125 131 133 131 129 131 127 133 155 156 145 141 141 132 139 120 114 119 112 117 118 115 123 117 106 115 113 106 111 117 143 134 138 150 148 127 125 165 148 139 141 130 123 142 148 136 125 116 115 114 121 119 115 132 139 154 161 140 138 135 138 141 147 146 127 130 146
154 131 150 144 133 123 129 140 146 137 124 129 138 114 117 106 108 127 136 136 129 119 126 129 110 85 90 101 108 111 109 117 129 140 129 128 118 129 140 147 130 142 150 138 128 115 121 132 142 147 141 159 170 140 126 118 101 97 101 128 137 135 141 146 129 129 126 135 145 141 104 100 127 130 120 118 120 111 110 108 107 124 131 122 130 134 138 150 147 136 132 153 149 138 133 112
132 125 149 152 141 123 128 120 144 138 136 155 126 126 124 119 119 124 124 128 119 124 127 125 107 92 78 86 102 116 124 131 127 137 132 133 141 145 140 145 141 141 136 132 136 134 129 139 138 133 124 111 128 114 111 122 106 107 130 130 138 146 139 140 134 113 133 129 100 95 101 101 109 119 110 104 114 109 101 106 117 131 126 126 133 113 117 129 131 151 151 165 148 140 123 118
130 114 130 136 149 144 112 106 123 129 133 148 132 130 126 132 128 127 121 130 124 124 118 98 75 69 68 71 79 95 119 130 131 127 127 127 131 132 146 142 134 126 121 113 127 156 144 123 116 109 116 111 121 111 110 125 138 124 118 102 108 139 115 109 114 134 157 145 107 97 94 106 118 123 113 128 156 128 114 111 123 130 147 139 143 135 144 128 143 171 181 172 111 114 127 121
152 152 159 140 127 151 147 123 135 133 129 123 127 125 130 122 115 113 118 122 115 121 119 90 66 67 68 80 93 103 128 122 131 127 119 130 144 139 134 131 125 129 147 133 136 151 139 127 124 119 115 92 85 93 97 103 120 134 127 95 94 116 104 94 118 182 173 140 116 117 117 119 118 113 103 109 125 110 92 114 142 135 132 104 114 110 126 147 163 157 127 126 134 149 152 121
169 170 176 177 154 157 154 129 135 137 138 145 135 120 125 113 112 111 114 108 104 101 100 84 63 71 73 85 100 102 130 150 141 138 130 129 148 141 149 135 117 122 137 129 140 136 128 117 106 110 88 80 79 98 93 106 118 131 146 131 103 104 119 102 104 173 172 140 119 119 119 106 131 115 97 102 113 129 134 135 135 143 130 135 137 112 103 112 136 134 130 125 148 154 142 111
160 152 149 148 139 138 128 133 138 122 126 135 126 136 138 124 131 104 88 85 86 82 66 68 72 67 77 91 104 116 115 116 123 124 119 124 148 146 144 147 131 119 143 143 165 144 130 121 104 113 90 88 94 105 114 94 104 100 115 117 106 112 123 112 128 161 153 112 93 84 119 121 162 133 92 99 113 118 135 122 119 115 140 176 118 86 114 122 128 125 117 129 156 154 124 86
