examples/data/proba_v_italy_sicily/probav_s10_toc_x19y03_20141111_333m_ndvi_v001.txt
ncols         1127
nrows         589
xllcorner     12.348214285714
yllcorner     36.598214285714
cellsize      0.0029761904761905
NODATA_value  -9999
[rows 255 to 305 of 589, columns 768 to 863 of 1127]
101 96 69 77 82 68 72 81 86 71 78 93 65 88 131 113 92 104 107 103 111 107 104 105 92 95 102 100 119 112 77 82 76 63 73 110 144 150 155 97 108 114 114 126 123 123 136 133 107 94 95 95 89 121 178 169 127 171 205 210 215 229 234 229 199 191 210 214 223 206 195 195 210 208 212 202 196 219 217 210 183 167 189 206 209 204 198 201 211 203 195 195 197 192 179 196
131 110 93 73 66 63 68 75 74 58 62 70 63 76 112 109 91 93 93 63 73 87 98 112 114 111 125 130 140 145 128 132 95 62 85 123 163 149 133 111 96 119 123 135 142 139 150 148 122 124 131 142 133 130 146 135 121 136 172 196 185 207 222 231 226 205 183 188 210 205 179 178 207 225 224 211 203 214 219 221 214 198 193 200 217 218 190 191 206 211 206 172 134 177 182 180
104 87 88 84 66 62 66 61 53 56 55 62 81 81 98 134 109 78 81 92 104 119 117 122 136 121 137 153 165 147 113 122 99 66 109 152 145 119 109 95 88 104 124 135 145 151 136 149 147 133 131 151 146 104 95 97 116 146 145 131 136 158 206 212 221 228 217 194 183 168 160 190 203 211 213 210 207 216 226 223 218 218 215 204 190 213 214 199 208 199 178 160 139 182 195 202
74 64 66 75 71 57 58 59 66 65 73 77 83 81 91 120 109 86 87 108 137 139 125 117 130 140 148 149 110 85 86 96 100 83 98 132 117 97 124 108 87 86 106 124 136 127 105 136 149 111 120 141 114 106 116 107 103 110 120 100 93 127 137 124 140 188 200 206 207 206 204 200 210 221 221 204 205 208 208 218 217 223 225 217 189 178 172 158 189 191 162 176 191 190 199 211
60 60 58 59 61 59 63 64 59 64 69 79 71 66 76 104 102 96 94 108 120 112 126 143 141 121 107 99 78 76 93 94 91 90 97 99 87 100 125 112 72 86 106 110 123 133 124 136 150 148 174 178 168 152 124 91 79 81 92 119 128 113 119 136 143 146 158 178 195 200 206 196 186 171 194 213 204 222 217 211 218 216 212 219 228 209 166 177 190 171 136 126 150 188 215 213
61 62 76 61 55 57 60 59 60 64 61 62 80 81 98 107 82 104 118 99 110 92 109 137 106 92 77 72 83 88 91 97 101 101 92 87 95 104 132 135 90 99 99 94 97 111 133 132 118 146 201 195 178 132 119 121 110 105 93 110 124 143 144 160 176 174 167 179 183 177 173 167 151 149 179 188 165 191 221 225 222 224 222 212 207 202 196 159 138 142 121 112 149 169 197 211
62 98 127 82 58 65 62 60 68 83 70 63 90 142 162 111 79 107 102 76 86 106 133 138 113 106 80 69 80 94 94 90 104 91 85 90 117 161 167 160 118 77 80 117 150 144 138 135 119 160 189 143 114 122 140 164 140 114 105 105 118 128 142 147 168 196 198 200 185 168 135 126 120 131 148 147 147 180 225 225 224 224 225 209 189 171 137 128 134 138 138 96 95 129 170 196
93 74 82 92 113 116 94 86 87 91 84 76 86 121 119 103 82 113 136 97 100 135 137 104 92 79 76 83 83 82 71 68 71 69 82 105 118 128 131 130 131 114 122 135 150 160 155 156 145 163 182 156 139 157 169 201 170 105 101 103 139 135 116 152 152 159 179 191 167 142 125 111 109 116 142 151 172 209 208 200 203 201 218 204 182 178 153 127 123 95 89 61 72 136 147 172
102 105 77 80 112 128 122 104 105 134 127 111 124 119 94 92 93 123 137 115 145 160 140 121 102 82 87 121 110 79 70 66 63 71 76 89 94 92 109 112 121 137 146 140 148 143 118 121 146 182 186 175 188 188 191 193 164 114 96 105 146 159 141 150 152 146 157 169 158 124 110 107 135 164 174 168 184 209 208 196 207 221 227 211 197 173 188 138 97 93 93 64 71 83 87 146
79 113 110 105 124 136 105 82 81 103 93 105 150 173 152 128 126 144 131 135 170 173 162 139 113 97 103 88 78 67 63 68 67 64 72 79 82 77 87 101 121 134 140 140 144 141 128 121 137 159 178 176 198 210 194 159 156 113 106 119 144 166 178 152 149 162 163 138 152 159 139 134 186 205 205 181 196 228 230 222 231 221 218 227 219 207 198 133 103 94 93 63 59 57 80 140
95 120 114 96 132 139 86 88 86 109 128 142 175 176 153 151 152 141 137 135 137 151 152 143 128 137 138 100 72 68 80 76 72 64 86 103 84 96 133 143 161 156 142 137 131 138 145 138 134 138 154 153 150 196 214 170 153 122 137 133 120 136 162 167 133 126 132 126 127 132 135 157 212 233 240 234 233 238 234 227 229 229 230 231 222 210 210 175 161 119 94 70 66 88 133 166
86 106 104 107 113 98 67 74 87 125 135 114 91 87 157 181 139 125 139 136 143 134 134 124 118 141 152 123 111 115 144 133 87 75 101 130 106 125 146 164 155 171 167 139 132 131 127 136 130 138 134 103 133 193 209 147 98 108 135 134 101 122 170 157 101 128 125 102 96 114 171 185 213 225 237 247 246 240 237 227 231 240 238 227 221 221 221 223 189 171 174 110 79 107 149 149
79 99 101 85 65 68 57 71 92 118 132 140 130 156 169 155 139 139 161 175 190 155 175 196 171 135 169 168 167 149 144 147 152 153 144 144 145 118 112 165 190 197 175 126 125 143 130 106 109 140 147 81 106 142 157 145 100 89 118 142 129 111 122 143 152 171 150 100 84 140 183 174 202 248 238 230 223 231 243 233 227 230 232 229 227 217 199 196 162 179 179 142 128 132 168 179
81 79 77 79 75 87 102 102 96 100 114 150 152 147 121 111 144 155 148 166 201 151 157 198 193 127 168 162 191 174 152 164 194 175 145 136 141 110 107 158 181 182 192 154 112 132 108 82 112 138 99 67 80 86 80 87 89 76 87 100 95 105 106 131 156 165 127 92 105 140 160 145 152 226 250 241 233 206 222 229 226 226 232 231 225 216 201 153 144 187 200 186 158 159 201 217
69 90 96 88 98 115 138 129 118 95 100 115 105 87 85 91 102 108 94 102 142 142 157 184 173 162 179 188 185 177 195 197 165 134 141 139 138 121 117 155 148 129 137 130 110 115 106 120 114 120 110 86 103 116 84 66 78 72 69 67 74 84 94 105 102 129 142 130 137 169 164 135 120 154 221 230 230 201 216 229 235 234 235 217 191 183 190 157 154 210 203 191 181 168 191 188
134 148 158 142 127 118 122 112 96 93 102 101 86 79 81 83 74 81 78 90 110 116 134 139 131 161 190 201 190 174 183 209 173 138 146 131 124 116 105 105 103 97 99 114 120 116 117 106 105 108 97 71 90 111 113 83 102 95 73 58 68 75 111 160 149 143 134 125 137 148 143 118 124 135 177 225 220 204 240 229 228 234 232 202 185 193 218 203 149 157 203 202 195 194 191 164
118 128 118 96 82 82 102 100 84 82 92 85 79 71 71 77 71 72 94 101 103 110 104 134 181 181 181 207 190 177 168 185 190 194 188 133 100 96 107 107 94 143 171 136 105 100 116 104 95 115 105 79 96 103 97 97 136 110 111 121 82 82 121 129 98 108 129 137 118 119 132 139 160 150 139 197 209 154 201 219 226 234 223 183 191 213 226 212 168 128 165 209 216 193 174 148
64 66 66 59 58 64 77 90 88 74 79 72 75 90 91 86 84 77 104 116 120 129 127 128 131 134 176 200 168 163 184 190 190 210 223 194 128 101 93 107 126 180 207 135 91 95 90 80 76 114 98 95 133 130 104 126 156 108 135 189 164 112 85 90 81 89 110 108 115 118 135 151 152 164 138 153 192 124 125 166 206 236 239 217 206 219 219 199 179 168 192 213 221 214 205 182
57 67 66 63 67 74 80 86 80 67 66 64 63 75 87 75 69 80 123 122 93 97 107 109 112 131 148 158 89 113 169 219 196 189 200 204 190 142 81 95 137 155 160 144 136 114 80 77 71 63 62 82 107 124 121 130 129 99 141 176 152 109 73 71 72 75 96 76 71 98 160 174 167 162 139 135 180 131 73 148 195 235 243 239 210 167 172 193 204 186 197 207 212 208 191 186
58 66 65 67 80 80 80 82 73 76 77 68 70 68 66 60 69 81 93 98 76 82 92 104 101 98 77 64 60 83 164 181 165 188 198 195 216 215 158 128 140 136 148 154 118 99 116 133 117 80 61 73 90 94 93 112 119 105 155 175 164 151 119 71 70 76 85 73 71 132 195 213 210 188 144 89 142 154 105 75 155 205 206 190 188 177 187 189 199 170 186 202 203 214 212 216
59 60 59 69 80 79 84 85 85 99 105 94 78 65 53 56 59 71 78 75 63 72 84 83 76 68 62 61 63 78 167 192 189 212 214 199 190 207 191 131 107 99 83 74 94 122 141 175 145 86 70 75 77 84 78 98 115 96 120 116 146 177 148 91 60 73 90 136 131 119 193 215 202 188 174 159 134 168 188 192 170 192 210 197 217 232 228 212 194 181 204 192 188 217 220 213
59 61 58 63 94 77 72 75 99 115 118 104 88 66 58 54 56 69 71 53 65 82 80 69 63 67 73 70 62 87 188 223 204 195 200 209 208 192 201 161 101 83 74 76 101 134 146 164 139 136 139 115 114 120 95 123 142 108 110 100 96 127 135 96 64 71 104 180 187 132 165 165 164 175 174 193 203 211 206 204 210 207 226 219 231 235 230 226 220 202 215 193 185 213 212 211
63 67 73 78 94 86 91 84 79 92 99 88 68 59 82 85 60 56 58 62 70 77 69 78 72 59 65 73 76 80 133 199 202 188 200 197 194 195 199 198 162 111 110 99 78 90 160 193 180 187 185 185 185 128 75 92 98 109 120 120 132 135 140 153 144 109 154 200 176 113 112 96 127 164 170 188 207 222 224 210 193 198 234 218 214 230 235 223 215 212 217 222 223 211 213 224
73 74 75 88 97 107 123 115 97 94 82 75 81 71 77 81 71 78 87 91 81 73 68 83 94 86 95 120 116 84 101 167 200 200 217 209 153 162 200 204 177 157 149 132 114 144 184 201 176 168 156 172 174 122 67 56 67 90 130 149 143 149 134 166 180 145 138 166 137 86 102 101 132 129 120 160 184 179 185 194 174 154 185 185 176 210 228 218 218 228 228 215 201 196 210 223
77 84 86 119 102 95 110 109 90 84 86 85 86 93 92 116 122 105 89 95 91 88 93 97 112 111 98 94 69 63 65 89 143 172 156 117 98 168 217 217 203 195 202 150 136 195 189 181 163 174 189 163 133 141 122 88 128 151 152 133 99 90 85 119 124 117 143 112 65 77 88 120 165 161 106 177 222 196 184 196 194 191 200 182 174 167 217 224 220 223 228 223 213 218 233 216
69 84 96 143 120 101 94 98 89 81 90 78 71 78 99 135 107 69 61 77 84 108 135 126 128 128 103 82 63 70 73 112 135 119 100 94 124 190 212 212 209 194 159 150 198 205 192 183 179 185 176 159 171 186 172 154 184 196 179 152 75 79 87 114 152 147 123 121 89 69 89 122 174 201 196 213 222 215 218 208 198 197 205 191 190 166 222 233 223 223 225 224 211 193 216 201
68 74 90 99 88 89 99 105 87 72 64 60 72 91 103 133 111 76 77 86 133 146 106 101 93 97 125 110 92 96 86 80 75 69 81 96 111 140 189 210 220 181 165 187 184 183 185 186 191 191 168 169 192 179 172 187 195 190 192 185 126 78 107 132 163 187 169 121 98 77 78 125 202 220 203 182 205 224 219 192 199 207 219 203 185 186 204 233 223 217 214 187 196 206 216 205
93 68 64 69 78 77 91 99 91 83 77 87 116 138 103 78 71 81 104 112 125 131 86 104 110 90 124 120 97 100 96 79 70 74 74 66 65 74 104 139 199 187 204 204 143 152 186 174 165 171 157 181 171 144 202 197 137 145 184 201 158 83 68 82 127 146 155 171 162 96 88 163 199 206 193 186 225 221 183 179 209 216 205 179 197 227 217 235 217 212 223 188 206 214 200 202
91 81 106 96 95 125 129 138 144 126 123 133 133 122 116 92 70 74 93 114 121 123 134 114 93 100 135 126 81 82 89 77 61 67 60 57 84 102 93 106 163 172 185 197 174 191 201 192 207 198 148 117 101 163 212 184 133 148 167 201 163 98 89 89 114 129 155 164 171 97 105 152 146 163 212 220 229 217 172 158 166 189 182 178 223 239 230 223 225 228 220 169 154 173 182 207
140 143 149 121 120 118 159 170 189 176 134 117 120 132 117 93 85 90 105 93 103 102 122 100 71 101 149 130 99 88 85 83 70 63 56 59 96 152 174 146 120 178 211 194 201 229 226 201 200 187 149 107 163 190 194 175 168 149 175 206 188 178 189 183 167 166 139 156 198 135 91 163 190 184 205 220 232 212 173 174 169 193 202 186 222 240 228 212 212 214 213 200 179 165 153 185
135 114 96 109 117 119 160 147 131 126 119 114 115 118 107 88 85 93 96 68 78 84 78 65 83 128 137 118 97 84 80 91 75 58 55 59 97 166 196 186 117 130 186 192 170 175 150 128 167 184 139 125 160 146 144 144 172 137 174 173 114 148 200 182 185 188 152 172 217 195 165 181 173 181 208 206 200 178 151 194 214 188 186 199 234 239 226 214 220 223 211 209 204 171 132 175
116 114 130 136 136 148 154 135 120 124 125 113 96 81 82 85 107 125 106 78 87 97 75 68 78 89 94 82 77 72 67 69 69 65 55 58 87 128 149 156 104 76 139 190 187 168 130 105 127 141 82 104 165 194 166 178 194 146 130 155 120 158 206 221 220 202 173 180 211 213 187 168 174 193 184 188 210 214 208 216 224 193 177 207 238 238 230 203 192 210 207 209 203 191 190 202
104 101 120 122 135 134 136 123 97 103 104 85 81 77 93 111 129 106 75 85 95 92 80 73 91 84 67 72 86 84 66 55 55 58 56 61 62 79 109 114 91 64 78 145 186 165 136 131 145 172 158 184 191 189 188 195 183 172 179 166 155 207 226 225 223 211 187 185 201 220 204 200 222 220 218 225 221 223 220 220 216 206 215 233 227 222 235 211 184 215 221 202 190 187 174 183
129 119 114 130 139 125 109 113 117 99 90 71 94 92 90 100 112 113 86 70 70 69 65 64 65 59 61 78 89 69 68 70 54 60 60 60 60 60 65 63 67 72 85 115 155 155 100 78 145 185 169 156 134 163 206 198 210 213 186 174 173 174 203 198 217 214 159 153 182 214 215 195 187 198 195 208 213 222 224 236 229 190 208 226 221 211 209 218 199 205 221 213 200 197 191 197
146 113 98 137 156 152 135 112 101 91 80 65 90 118 108 98 86 94 93 81 69 69 68 63 75 75 71 75 71 62 62 66 62 57 59 67 73 70 58 54 57 68 76 82 98 90 125 163 189 180 165 159 135 171 201 184 202 196 168 172 186 187 194 150 162 196 202 185 195 231 221 174 161 205 212 202 203 215 221 235 230 208 185 208 216 204 208 205 180 161 174 168 176 200 223 213
139 101 88 124 128 96 101 108 99 96 105 83 95 95 87 94 80 87 78 67 62 73 89 81 83 87 80 73 80 72 63 63 66 54 61 65 59 57 59 57 56 56 80 103 139 131 181 209 188 185 175 179 183 165 151 133 146 190 193 188 198 169 168 181 158 187 213 202 198 223 194 150 195 202 206 206 201 213 224 234 240 218 195 221 211 204 216 203 178 181 152 117 124 169 207 218
107 122 109 110 98 77 79 100 101 75 74 86 88 70 61 73 77 86 75 69 62 60 70 70 74 77 75 70 67 61 66 65 57 56 63 69 69 70 62 60 65 73 72 70 94 116 145 178 172 152 181 203 206 162 134 169 201 228 215 204 217 169 117 141 139 196 216 224 222 201 196 206 195 192 202 227 227 227 224 221 234 210 180 206 200 153 180 224 221 206 194 210 215 206 209 202
102 140 92 85 105 95 79 93 105 92 83 79 70 60 58 65 74 80 67 65 64 54 55 69 76 76 67 59 56 65 72 74 78 71 70 64 62 102 104 79 77 75 85 102 134 153 132 110 100 104 174 211 182 128 138 205 231 222 179 152 157 171 154 142 153 216 228 219 206 203 169 146 124 182 225 227 212 197 207 216 233 218 189 219 231 234 191 179 198 203 199 209 221 224 207 210
95 143 111 75 87 107 100 107 103 89 93 74 63 61 57 59 58 62 60 54 64 62 66 76 75 67 65 66 75 71 69 85 90 78 71 69 59 163 170 86 69 69 90 137 173 145 80 90 115 165 193 167 136 166 174 175 156 157 163 143 130 123 134 162 187 225 220 219 196 181 183 172 163 190 195 203 216 214 207 214 229 220 192 188 199 213 178 159 222 240 235 223 213 229 224 213
104 98 153 145 111 108 93 97 99 83 85 90 78 65 67 61 62 59 59 51 64 63 65 78 75 57 61 69 80 87 76 67 64 66 69 74 72 106 114 70 66 67 72 100 117 78 90 142 184 195 140 108 170 197 205 175 124 159 180 151 163 174 163 151 148 184 220 239 224 190 167 172 193 205 205 215 227 218 195 179 199 216 222 228 223 196 157 152 201 231 236 230 224 226 229 231
83 84 123 121 85 74 71 87 90 89 83 85 89 86 88 79 66 59 61 53 74 96 86 72 73 67 64 69 71 72 64 58 56 56 68 72 67 67 63 64 123 165 133 74 71 69 81 129 152 135 116 181 209 200 189 163 160 159 155 159 174 201 213 200 139 125 200 233 238 230 220 190 193 201 196 210 221 174 154 195 207 210 219 207 184 188 195 189 201 224 237 229 217 193 175 197
72 75 101 98 87 88 88 91 85 73 73 71 79 98 107 100 94 82 76 73 80 91 86 71 72 76 71 57 53 56 58 59 54 62 67 74 79 73 66 79 159 168 89 64 72 78 79 63 62 78 147 191 192 193 163 139 106 112 151 191 161 131 143 187 165 158 195 193 184 208 223 215 195 169 169 194 212 184 177 208 215 208 223 228 219 205 195 208 211 225 226 226 224 210 185 195
86 69 73 87 87 80 78 84 80 63 68 74 77 76 61 56 65 66 71 74 68 69 72 65 60 62 74 64 58 57 54 53 56 61 73 78 78 74 65 65 88 83 67 67 67 75 71 63 58 81 103 125 159 162 140 126 87 79 119 120 94 122 187 214 155 116 146 171 157 173 219 211 192 161 197 218 208 187 179 155 160 185 214 229 224 212 193 194 194 210 224 219 209 191 168 187
74 66 77 94 76 73 101 128 104 66 59 61 57 58 60 60 62 59 58 72 74 58 74 71 58 56 56 59 56 55 56 56 70 59 69 63 66 69 67 63 60 62 64 66 70 59 60 63 81 86 88 96 122 118 88 84 78 87 73 92 150 146 135 187 213 207 216 206 197 188 187 182 194 188 200 200 211 206 179 156 127 175 217 228 213 211 204 202 186 209 240 240 220 198 216 225
75 84 102 96 81 95 121 106 94 88 80 72 71 68 63 67 78 77 73 76 74 66 65 60 60 69 62 58 56 56 75 76 77 73 68 65 71 79 81 80 66 58 60 62 63 57 55 60 68 80 93 91 108 114 109 113 75 73 107 151 191 175 193 210 211 215 199 160 175 181 172 210 224 213 211 185 186 211 183 165 170 203 215 217 206 215 218 215 200 209 214 189 201 213 224 215
79 96 123 105 84 71 95 104 121 115 104 108 89 79 72 71 73 74 84 87 72 72 65 58 56 60 59 56 56 59 57 61 60 55 78 139 127 77 67 73 80 70 65 64 64 62 57 81 109 83 99 125 116 114 142 112 57 88 170 197 180 180 198 206 194 176 144 131 158 186 191 184 203 199 211 202 203 216 209 224 226 212 206 204 152 156 217 182 159 177 176 184 197 192 191 184
78 83 63 69 83 82 75 100 125 99 75 78 77 67 70 69 63 67 69 75 67 58 65 73 66 55 56 63 55 59 95 117 98 61 95 159 125 60 63 74 78 66 64 66 63 60 55 101 150 100 103 92 64 78 107 130 96 102 188 231 211 186 197 219 215 171 120 117 97 175 187 138 174 188 208 208 193 206 212 237 229 209 209 206 130 135 212 200 172 188 198 183 187 197 210 219
83 80 62 64 70 77 62 61 89 82 76 79 75 69 80 98 71 57 57 59 62 56 62 69 58 55 57 56 54 75 165 164 113 61 70 72 68 65 68 69 73 88 111 98 76 60 58 67 92 97 119 118 111 122 141 178 179 166 207 204 194 205 199 207 212 212 178 84 71 108 138 121 126 168 204 213 209 209 194 194 169 140 155 175 150 191 203 174 188 216 209 195 222 227 207 214
76 74 53 58 60 74 74 75 108 82 69 66 61 68 68 73 69 54 56 66 68 58 58 60 58 54 57 56 99 120 151 162 121 70 78 71 64 65 62 57 74 138 164 129 145 87 65 82 115 153 181 197 198 176 144 172 181 182 209 197 206 213 195 213 218 212 191 99 129 168 125 115 97 133 178 197 188 165 116 109 68 70 168 174 104 116 164 175 154 157 180 210 214 205 224 224
67 96 63 60 71 117 121 64 73 79 62 64 63 57 56 57 65 62 60 66 69 58 62 59 55 56 66 62 127 179 140 175 136 76 82 73 68 93 107 81 80 138 188 163 163 110 98 109 140 137 130 172 208 215 185 165 204 198 191 188 176 205 206 177 171 146 118 118 150 167 165 123 110 68 92 125 115 143 101 96 98 69 136 139 85 99 124 141 133 180 190 186 180 170 159 173
61 93 72 61 74 107 110 72 72 75 70 64 63 57 54 58 59 57 62 63 64 62 65 62 62 60 58 80 112 143 126 132 135 97 87 82 90 102 103 77 117 145 161 190 203 189 171 140 117 110 81 93 171 222 203 154 177 156 132 174 178 166 129 109 108 120 136 107 84 75 107 140 191 202 168 125 160 175 112 62 73 111 110 130 132 104 120 135 115 129 136 140 132 170 128 88
