examples/data/proba_v_italy_sicily/probav_s10_toc_x19y03_20150501_333m_ndvi_v001.txt
ncols         1127
nrows         589
xllcorner     12.348214285714
yllcorner     36.598214285714
cellsize      0.0029761904761905
NODATA_value  -9999
[rows 188 to 234 of 589, columns 576 to 671 of 1127]
202 199 204 185 208 203 207 213 217 204 213 212 211 213 201 175 178 186 196 205 203 203 213 210 197 209 223 209 213 212 227 239 234 228 228 232 232 231 231 227 225 228 211 190 205 209 204 198 168 152 173 201 192 205 215 215 222 227 223 211 205 197 213 213 219 221 212 219 219 213 223 230 228 219 211 224 221 218 217 224 227 218 213 201 208 216 226 220 227 233 231 230 217 205 205 202
214 201 208 205 193 205 217 220 206 218 216 203 192 205 186 144 130 172 202 218 212 201 205 202 199 212 199 198 198 221 213 235 235 229 220 216 223 229 214 209 227 223 216 193 192 218 209 193 193 184 189 186 188 222 230 220 222 231 231 229 214 199 202 220 225 229 223 233 227 226 225 232 230 217 211 222 225 230 223 232 230 217 211 211 217 223 223 220 220 220 223 228 237 225 222 218
216 216 225 213 200 198 208 216 202 226 212 206 191 174 176 191 202 191 205 206 212 203 189 175 192 222 194 198 229 228 231 235 235 228 215 206 205 209 209 213 213 219 223 213 210 196 207 185 212 216 214 211 210 200 216 221 212 204 202 214 211 213 221 232 232 234 227 226 227 222 226 227 229 219 202 215 212 215 225 229 221 217 203 206 220 231 228 225 230 223 221 211 230 220 222 214
218 212 206 222 224 223 215 202 206 207 206 174 172 173 191 200 202 212 210 210 211 220 203 184 194 216 231 199 217 223 223 228 227 229 217 205 205 210 199 196 209 217 213 212 216 203 201 201 208 219 203 220 224 224 200 206 213 205 203 203 205 221 224 224 226 232 226 223 227 228 230 233 231 225 210 222 222 201 219 222 223 214 201 195 213 227 226 226 235 232 230 227 218 223 220 219
213 210 200 186 208 213 198 197 205 222 208 195 174 190 182 204 210 218 220 215 220 224 213 196 194 214 222 223 205 206 214 217 218 212 211 196 187 205 207 215 223 223 211 204 205 209 194 196 196 209 199 212 226 224 209 200 199 191 206 208 207 211 214 222 219 217 229 224 225 233 234 234 232 219 212 219 216 224 219 213 207 205 205 213 225 217 218 220 225 223 232 227 219 212 212 214
194 212 208 190 200 194 215 212 191 216 213 214 176 179 195 204 216 216 215 210 204 216 218 205 208 206 217 220 221 212 213 215 218 217 211 206 205 206 217 220 230 237 234 233 226 224 223 205 216 215 212 213 212 213 205 201 207 199 204 212 212 218 220 227 227 218 223 228 223 224 227 229 225 227 224 218 223 225 218 209 196 204 212 222 235 233 231 224 226 225 223 224 226 222 221 211
208 203 209 209 210 210 217 223 200 212 182 176 165 183 203 217 223 218 204 198 205 217 215 214 197 206 212 223 222 211 216 207 217 222 221 220 217 219 227 239 240 240 231 227 227 224 210 222 229 226 213 208 207 210 214 212 210 210 217 228 231 222 217 224 224 216 214 218 215 223 229 229 228 231 225 215 213 210 216 221 219 216 212 198 215 225 224 228 228 215 207 213 211 209 202 203
201 197 196 174 190 219 208 212 210 216 211 200 180 168 192 218 225 231 226 214 208 208 198 200 189 211 209 213 217 203 203 207 210 216 225 224 233 225 226 225 237 239 231 221 225 216 226 219 228 224 221 223 229 234 212 216 219 221 222 218 232 233 208 212 220 214 212 213 214 212 222 224 220 217 215 212 216 214 210 216 221 215 199 206 210 208 208 210 215 210 197 202 218 201 206 203
208 209 196 194 209 222 210 190 196 199 221 216 206 196 194 200 218 229 231 229 225 214 197 201 186 203 215 223 220 206 211 214 210 213 226 224 217 218 216 220 232 238 236 231 228 221 222 204 218 220 225 212 219 222 223 221 229 238 234 215 206 223 223 216 219 214 208 208 217 217 227 235 229 223 223 214 215 217 211 210 225 240 241 230 224 219 205 201 205 211 213 217 218 212 200 193
206 214 192 196 203 209 206 196 202 212 217 217 217 221 193 177 203 218 223 232 229 221 199 188 190 202 211 216 212 197 188 199 204 210 217 217 188 202 217 211 217 206 223 232 231 228 225 206 218 228 227 231 218 230 226 214 220 232 227 219 216 215 204 198 209 215 209 215 216 216 225 232 229 224 223 217 212 214 213 212 214 233 243 229 216 219 223 224 225 233 229 226 225 214 206 210
199 212 192 185 185 178 178 178 195 215 212 220 225 223 201 185 205 222 222 214 222 212 200 201 205 197 198 178 186 191 193 195 195 200 209 207 190 195 210 220 228 209 199 218 227 228 230 224 209 215 226 234 226 227 229 223 222 223 220 212 207 209 203 206 201 201 205 204 215 222 229 228 223 224 219 217 219 216 207 208 209 216 209 195 194 215 228 224 226 219 228 218 224 230 215 211
187 194 187 188 194 187 189 193 216 229 225 225 227 221 213 218 228 227 216 214 212 213 208 193 184 200 215 194 203 239 232 211 211 212 224 227 226 226 212 206 223 225 200 202 225 220 225 210 226 224 197 210 221 217 214 216 220 221 222 217 210 213 213 211 213 210 210 213 200 194 204 204 206 212 218 224 222 217 215 203 191 197 205 202 204 214 220 213 207 218 223 217 226 234 223 207
203 198 194 207 203 176 188 209 206 219 216 223 219 209 195 200 222 234 227 228 229 230 217 198 195 209 211 210 210 213 218 220 219 221 219 221 221 216 217 210 214 227 215 198 221 218 224 210 214 229 218 208 209 222 221 216 208 213 218 212 216 215 206 210 224 223 218 212 213 205 201 205 212 211 208 214 223 217 215 212 210 212 213 213 211 208 207 215 223 227 217 216 215 215 225 214
212 212 197 187 154 155 202 216 214 224 224 219 216 205 191 207 213 225 229 237 222 218 216 208 208 217 221 215 215 204 203 219 222 222 218 211 201 200 204 203 204 221 223 211 215 225 226 221 209 219 235 225 219 217 217 207 221 221 214 213 216 220 223 219 220 220 217 216 215 208 204 207 218 227 225 224 220 213 212 211 224 225 212 209 208 215 224 227 224 222 215 222 214 208 201 213
204 210 195 193 168 165 189 202 210 210 221 212 198 191 206 232 230 224 226 227 224 208 219 219 207 218 224 221 216 212 205 213 216 220 218 221 202 199 204 205 210 221 217 209 209 217 212 212 221 229 233 228 217 220 225 216 212 208 211 202 215 223 222 222 224 230 227 224 221 213 198 196 210 218 218 218 219 218 218 213 225 229 218 214 214 210 219 220 209 216 222 215 206 213 206 211
206 197 204 194 190 192 195 193 194 186 190 190 172 157 217 226 238 226 217 211 208 216 228 219 201 220 223 215 210 216 207 216 214 215 214 210 208 207 205 207 217 226 219 204 207 214 220 214 209 220 234 229 227 227 226 227 226 219 199 203 207 217 224 222 221 213 214 223 216 210 210 210 220 221 219 217 220 224 222 219 208 214 211 208 212 208 210 205 200 207 215 217 213 211 205 208
203 189 195 202 198 189 174 198 192 166 185 175 156 183 204 232 234 223 226 232 219 217 231 219 204 220 214 213 228 227 217 217 234 222 212 200 205 210 203 214 228 228 229 227 221 212 220 209 216 217 229 224 205 222 213 210 212 214 207 217 215 207 216 209 206 204 205 220 217 210 206 205 215 221 222 221 218 222 220 216 210 216 220 213 209 207 204 203 205 207 215 216 215 208 207 214
208 203 207 216 206 198 194 202 185 155 192 211 192 203 211 225 232 231 223 221 215 218 222 217 204 220 219 217 211 230 205 211 224 225 217 221 224 232 229 226 223 196 219 226 222 224 221 223 235 233 232 231 213 208 217 211 212 212 210 215 217 206 205 205 200 211 219 223 221 214 208 208 211 213 212 220 224 230 224 217 211 211 206 211 209 207 206 207 203 206 207 209 207 203 209 205
217 213 210 215 217 223 226 222 220 200 197 206 220 224 225 225 228 231 228 226 231 229 223 211 205 230 216 214 218 231 221 217 240 238 213 227 227 231 232 239 221 203 208 212 207 218 228 222 221 214 213 230 226 228 228 222 219 211 204 207 209 209 208 200 197 204 217 229 226 214 217 216 216 218 218 222 226 225 221 219 218 215 211 211 219 212 211 209 209 210 212 209 201 203 202 197
213 219 223 222 225 220 213 218 217 218 221 222 222 221 210 210 231 235 236 236 234 226 215 202 225 208 223 216 221 214 227 215 245 233 222 224 217 221 229 234 210 194 199 215 223 226 223 207 218 218 219 226 220 223 232 226 225 225 222 215 217 212 215 217 216 218 225 228 220 206 204 209 211 218 219 220 221 223 224 222 220 219 218 216 218 205 206 212 211 215 221 213 202 209 213 205
226 229 224 217 218 223 221 226 222 219 217 225 222 205 218 224 234 233 236 229 220 222 221 222 228 238 230 217 231 226 222 226 226 234 216 217 214 220 232 234 226 225 226 230 229 211 203 200 207 209 209 216 219 224 213 217 223 234 228 222 221 217 213 215 221 226 226 224 220 215 210 215 215 217 222 225 223 220 226 222 217 213 212 203 210 211 209 215 219 218 215 213 213 214 203 195
230 227 228 221 200 200 217 220 212 198 221 217 221 204 223 213 225 209 192 205 216 212 207 199 217 213 222 219 227 238 235 233 231 219 205 204 214 234 240 237 236 227 224 215 213 203 191 191 199 203 203 217 210 217 214 222 235 230 214 205 206 209 204 214 224 225 218 211 216 224 223 221 219 218 215 221 226 227 223 228 225 222 210 184 192 209 217 223 221 219 206 200 208 204 202 185
232 231 221 219 214 192 207 215 206 191 210 205 234 232 232 231 229 208 142 144 202 224 222 207 212 199 213 226 233 237 227 225 224 228 225 234 231 240 231 217 209 206 203 201 203 203 194 187 188 189 197 206 205 210 210 221 242 233 220 213 215 218 218 218 217 220 217 215 214 219 224 222 221 216 217 217 214 216 222 226 223 221 220 214 222 223 233 230 218 216 212 205 209 210 208 184
224 216 197 200 210 193 209 216 206 203 197 220 224 224 210 232 231 214 200 173 202 222 224 214 204 205 216 220 235 222 214 230 232 232 226 242 237 232 216 200 199 220 222 220 211 207 207 195 191 187 196 205 212 222 223 217 229 237 230 223 215 213 213 215 222 222 209 205 204 209 214 217 217 221 213 204 200 204 204 206 211 213 212 218 220 206 212 219 197 212 216 217 220 205 204 203
237 220 194 193 188 202 225 229 206 199 210 221 227 222 215 221 230 228 228 227 226 222 223 239 226 212 223 211 231 219 208 222 235 232 226 246 236 230 230 220 203 206 220 212 208 213 217 203 202 207 211 212 217 219 227 223 212 206 210 203 210 220 218 225 226 215 213 211 209 209 211 210 209 210 201 198 201 206 210 215 215 217 207 211 212 192 218 226 221 208 211 205 206 197 200 211
238 223 199 207 213 207 202 205 202 210 219 221 215 218 234 239 237 240 233 229 229 229 228 219 222 231 233 217 206 217 214 224 236 237 221 224 236 232 238 226 208 205 209 208 221 219 202 200 207 220 224 223 219 217 223 221 209 214 221 221 228 236 220 216 212 210 211 210 212 213 207 211 211 212 215 218 214 213 206 225 235 232 226 219 207 202 214 220 198 210 218 208 195 213 219 224
217 214 200 202 221 223 208 195 199 216 226 218 202 202 215 217 216 216 233 232 230 233 226 222 226 234 239 232 214 210 213 209 224 225 211 218 231 228 221 218 205 199 199 196 199 209 209 209 215 210 224 229 227 227 231 235 227 227 233 225 226 230 228 218 201 197 197 199 210 215 211 223 222 212 215 222 220 218 221 219 212 228 226 226 215 214 202 205 204 196 207 205 209 208 217 207
209 205 192 182 194 203 201 196 209 222 218 221 212 197 208 204 211 218 203 209 210 221 231 229 231 216 234 230 214 213 215 205 201 213 193 206 215 213 211 219 210 200 196 189 184 207 204 216 216 220 218 218 223 228 231 237 237 239 238 232 229 229 239 229 208 196 192 194 205 215 209 204 221 215 221 227 217 214 215 216 213 230 228 227 214 213 225 214 195 185 186 205 203 185 201 195
210 206 205 194 181 186 204 210 208 217 216 222 226 214 225 222 211 203 205 202 191 199 229 231 224 211 217 214 209 215 214 205 192 197 195 209 219 201 215 208 199 192 195 201 195 219 201 198 193 193 203 205 213 218 223 232 238 238 235 233 230 228 238 233 213 209 202 195 202 213 216 210 209 217 224 227 222 216 219 210 193 200 221 229 224 206 212 218 217 219 215 210 181 167 202 190
214 202 206 210 197 198 202 216 212 209 224 229 225 220 211 217 223 205 208 203 188 196 214 226 228 199 212 231 231 235 228 210 210 220 212 216 206 225 222 212 200 189 181 191 202 203 208 205 212 197 186 190 206 215 226 223 233 230 231 232 232 232 223 226 226 222 226 214 205 205 200 195 202 212 225 229 227 219 225 212 213 217 223 231 233 214 204 213 190 197 209 214 219 198 207 199
230 220 210 210 216 217 207 205 206 185 206 229 232 222 214 216 220 213 206 191 199 218 228 225 240 231 230 226 219 232 224 213 202 204 198 219 219 219 221 215 203 197 191 190 195 203 207 214 215 214 205 196 209 217 230 230 243 244 240 237 234 229 219 218 205 213 227 223 204 184 161 160 187 196 203 222 228 220 233 224 229 229 227 222 236 228 210 217 192 189 200 212 207 205 206 190
215 224 227 225 215 211 212 201 195 181 199 227 228 235 231 226 212 225 189 187 211 223 206 211 212 205 220 222 223 222 215 209 204 197 208 215 218 215 218 209 194 191 193 189 219 212 193 217 219 217 220 202 192 211 226 233 233 236 239 237 237 239 235 216 193 203 220 230 221 216 211 207 201 173 184 214 222 221 238 231 229 234 224 223 230 232 226 232 207 191 204 215 209 213 213 202
163 215 230 223 217 219 220 216 224 226 218 208 215 209 200 202 190 150 156 208 198 207 206 211 202 200 203 197 198 202 202 206 208 204 204 191 199 214 217 213 191 188 201 195 208 207 221 231 229 209 210 212 208 200 196 194 221 227 227 231 235 232 231 230 203 206 216 222 225 222 209 207 217 218 224 222 215 203 208 230 235 225 221 233 224 224 225 220 223 210 204 211 210 217 210 211
212 217 216 222 218 218 228 232 210 202 203 191 187 194 196 205 183 131 141 181 211 208 197 211 212 200 198 197 195 200 207 217 220 203 185 173 178 186 204 203 200 210 208 214 222 215 213 223 223 217 221 231 223 193 199 206 223 235 235 231 226 226 232 233 220 217 204 176 187 218 223 232 232 230 215 233 235 225 222 230 232 229 226 243 239 225 213 220 229 216 203 222 219 214 215 223
222 226 200 230 235 210 229 225 194 177 182 203 200 199 195 191 197 174 179 215 213 209 204 203 226 225 216 216 218 216 208 200 206 201 194 193 190 188 202 204 197 197 216 230 221 216 214 215 194 185 210 219 224 215 222 215 214 227 231 227 221 230 235 229 215 216 201 175 186 200 232 229 224 234 220 228 213 229 233 233 221 223 225 231 227 224 227 224 220 216 230 221 218 208 203 202
207 199 185 196 221 210 214 224 212 195 190 195 212 209 211 203 195 187 177 204 207 198 194 216 219 219 225 225 221 216 209 198 200 207 206 191 188 191 208 208 205 211 217 214 207 209 213 216 203 189 205 229 218 227 231 229 225 226 232 229 223 212 230 225 226 216 210 210 212 214 224 227 225 235 236 232 223 228 233 232 224 228 223 225 221 225 230 230 219 214 218 214 215 212 213 218
217 216 217 225 219 208 224 225 204 202 190 199 197 210 224 217 207 209 214 217 230 213 198 212 226 209 208 216 213 211 215 223 224 216 198 172 169 183 217 226 210 195 200 216 220 218 216 212 222 217 207 224 218 222 226 230 232 219 220 227 221 214 225 232 231 227 222 220 224 219 223 216 217 215 213 215 225 229 234 229 234 232 213 217 213 215 212 213 215 205 208 200 198 199 202 210
202 201 196 208 220 233 220 224 218 219 208 213 212 219 227 217 211 210 217 223 213 203 210 219 224 211 207 210 203 199 211 214 219 216 209 192 188 182 193 205 193 201 210 217 215 210 225 227 230 212 208 213 209 212 233 232 226 195 205 213 225 222 234 235 233 209 211 231 219 224 219 218 222 229 222 220 219 221 222 218 219 222 204 204 214 213 211 205 205 205 201 186 194 195 194 198
214 224 227 229 233 216 221 215 226 211 218 226 227 228 238 233 215 195 189 200 209 219 230 233 224 218 209 204 200 199 210 210 211 211 201 190 201 211 203 193 183 190 214 217 225 223 226 227 228 228 221 214 209 220 228 224 217 213 215 225 231 233 234 220 237 230 220 229 221 213 215 217 216 216 219 229 218 224 231 235 234 234 210 226 221 211 221 212 202 213 204 188 196 201 203 208
225 228 213 202 208 228 222 217 219 217 219 219 222 218 217 224 223 211 207 221 217 213 214 225 217 216 209 199 203 190 178 204 216 214 194 175 182 209 201 175 191 201 221 222 220 213 201 231 233 232 228 222 193 197 220 222 214 206 205 224 216 222 225 234 235 233 227 216 209 219 220 215 221 215 216 218 219 218 222 224 227 225 209 204 210 218 216 214 208 218 211 198 191 215 218 222
234 228 206 176 205 218 213 204 216 227 223 223 215 204 209 215 207 198 202 209 200 171 171 196 211 214 219 217 209 194 174 191 189 195 191 177 194 213 200 216 201 191 200 219 229 222 211 215 222 222 217 211 194 190 207 215 220 216 216 222 217 223 222 234 220 204 228 203 207 226 226 227 225 220 207 206 204 204 211 212 214 217 217 219 219 223 217 216 211 211 203 197 200 213 212 213
208 199 181 198 213 218 212 197 219 230 227 217 208 206 216 215 184 172 163 186 197 180 167 189 200 205 204 199 197 194 182 177 176 186 204 189 196 173 164 178 197 196 212 221 203 226 226 218 210 216 223 206 197 188 197 200 212 222 211 224 228 228 227 220 222 204 207 211 222 222 222 218 214 214 197 197 202 212 205 209 209 216 207 212 219 197 205 208 215 213 199 201 203 201 205 217
189 185 190 206 212 221 220 202 209 215 208 201 191 199 219 223 213 207 206 208 210 207 192 202 220 225 212 197 202 216 223 209 193 205 221 202 181 174 160 182 189 189 202 216 206 212 202 206 224 223 226 228 218 200 195 192 204 218 225 226 217 223 217 211 223 206 204 215 221 220 217 210 206 216 218 212 210 208 212 205 214 223 217 212 215 188 189 208 209 205 209 217 212 207 213 213
199 186 200 213 204 204 208 203 192 189 189 196 195 196 207 212 205 220 229 225 223 222 230 222 203 199 216 220 214 209 222 219 212 210 216 223 209 203 209 224 221 212 208 219 212 184 178 199 205 226 235 229 217 217 207 197 196 197 207 198 195 215 217 219 221 217 209 213 220 220 221 201 206 220 222 211 211 211 211 214 210 215 215 208 228 222 211 203 205 202 207 221 209 204 206 207
205 205 207 213 197 173 180 205 197 187 178 182 183 175 194 205 198 205 218 219 216 197 201 210 190 171 199 224 209 186 188 191 201 204 189 193 209 200 208 211 199 212 210 217 215 200 201 205 208 219 224 235 230 225 206 196 201 206 208 205 216 196 204 220 222 223 217 211 218 208 207 212 212 223 221 208 206 201 208 207 214 211 211 212 213 211 221 216 205 203 210 213 208 209 212 222
211 221 228 227 222 214 218 229 229 220 224 225 227 214 200 194 186 202 210 219 217 203 195 200 195 189 187 180 192 186 191 192 191 190 177 191 208 210 212 207 193 191 187 193 220 228 229 219 213 225 230 228 227 199 193 195 177 198 213 216 199 186 203 205 211 206 210 206 194 184 209 222 211 191 208 214 200 202 207 207 199 199 207 200 218 216 215 216 211 212 220 223 220 209 207 211
232 239 226 206 206 214 220 221 228 219 205 200 223 227 212 196 171 165 195 197 223 227 226 223 222 223 213 196 198 188 186 186 187 196 192 193 201 209 216 217 214 197 167 151 167 193 206 209 209 211 235 232 227 202 181 190 193 185 193 197 197 210 203 209 205 203 206 209 202 218 221 221 223 214 208 207 202 202 210 212 212 212 211 219 218 206 202 212 212 213 206 199 206 211 205 212
