examples/data/proba_v_italy_sicily/probav_s10_toc_x19y03_20150201_333m_ndvi_v001.txt
ncols         1127
nrows         589
xllcorner     12.348214285714
yllcorner     36.598214285714
cellsize      0.0029761904761905
NODATA_value  -9999
[rows 480 to 527 of 589, columns 96 to 191 of 1127]
28 24 20 29 16 17 34 15 32 30 19 17 16 25 19 22 18 21 21 19 22 22 20 18 18 19 20 20 26 25 26 26 21 21 89 45 22 23 22 22 22 22 20 25 17 17 16 17 18 22 19 18 17 19 18 17 66 22 19 15 17 13 19 41 21 23 22 21 20 45 17 23 22 20 53 21 6 68 45 23 50 34 33 21 23 21 16 17 22 33 21 23 22 24 24 22
19 37 35 30 21 21 21 29 47 19 50 27 32 29 22 25 30 25 21 20 25 27 23 21 22 22 22 21 24 25 22 25 25 28 36 59 49 24 23 22 21 22 24 32 24 43 18 15 15 33 20 18 17 16 16 17 32 29 43 103 68 42 22 23 20 23 25 8 21 20 41 29 14 18 49 18 19 21 42 22 21 33 33 47 22 22 20 20 19 6 34 24 22 56 23 24
16 14 21 23 26 33 22 30 31 7 52 61 19 42 28 24 24 25 21 21 22 23 22 22 20 21 23 23 23 22 21 25 28 20 21 20 50 35 19 20 54 32 20 22 22 22 55 35 20 16 16 15 20 20 20 20 35 28 25 18 14 49 21 23 19 19 24 23 22 21 19 24 20 21 43 27 23 21 50 21 22 21 21 21 21 21 17 42 14 6 29 24 27 25 54 23
27 15 11 25 31 37 31 26 30 16 20 25 20 20 23 22 19 18 25 24 22 22 24 23 22 19 19 19 22 24 23 24 24 35 21 20 21 28 21 21 24 19 19 19 19 22 23 24 23 25 23 19 22 18 16 16 18 30 25 23 14 39 17 19 18 21 22 23 23 20 17 6 9 20 20 37 23 22 21 20 52 44 41 39 40 18 18 52 41 34 22 24 25 22 21 41
32 30 26 25 5 51 35 23 41 24 17 13 15 22 25 24 23 20 21 25 25 24 21 19 21 22 20 19 19 21 19 21 23 54 36 39 44 20 18 18 19 18 0 6 22 20 21 23 21 20 26 21 22 20 16 15 15 18 19 43 18 57 38 18 68 49 19 21 24 23 31 17 1 19 21 21 21 20 21 27 20 19 21 22 20 19 20 19 22 21 21 18 21 23 22 46
28 25 27 31 26 34 16 17 31 20 20 20 16 14 23 22 23 23 23 22 21 20 45 25 26 25 22 21 22 22 21 21 22 21 20 21 61 50 45 39 4 28 32 40 21 18 18 20 19 27 18 19 26 35 16 15 18 19 19 18 16 17 17 17 19 20 19 18 24 22 56 17 12 19 18 18 18 19 21 23 21 21 19 20 21 21 18 19 21 21 21 21 23 28 25 24
22 17 38 5 3 24 42 33 0 17 17 20 21 27 24 22 22 23 24 23 22 19 23 25 28 27 23 19 17 19 21 23 30 23 24 21 19 21 14 37 30 36 20 20 19 15 17 18 19 41 36 28 18 28 24 20 32 37 48 30 12 16 16 17 17 21 21 18 19 20 18 42 27 30 14 15 20 21 19 19 19 17 17 19 21 23 18 18 18 19 21 22 10 17 46 23
37 34 25 26 35 32 33 43 19 30 29 30 30 25 23 21 19 20 20 23 21 23 21 15 25 32 30 59 18 16 14 44 46 44 21 22 19 20 15 22 61 18 17 16 15 47 32 28 20 18 24 23 20 14 20 37 37 10 7 53 32 18 17 15 16 20 17 21 18 19 17 20 46 43 21 18 40 30 19 18 30 19 19 19 21 22 20 18 18 17 20 21 17 21 24 32
37 39 45 20 23 21 22 28 18 25 24 22 29 25 19 25 23 21 14 15 18 19 19 16 15 43 15 16 15 21 18 63 17 18 22 55 32 31 17 17 56 16 16 17 37 45 42 13 47 19 24 41 17 34 31 17 19 30 15 34 32 15 15 16 17 11 10 18 18 50 48 47 18 21 22 21 44 18 16 17 24 19 21 21 20 18 17 16 19 26 19 21 16 15 20 21
28 16 69 46 26 29 23 11 11 13 18 26 23 33 23 18 20 22 20 15 13 20 21 16 32 18 17 19 20 19 41 30 19 17 35 27 37 38 18 17 16 70 41 19 16 46 16 17 16 17 18 17 15 16 17 17 16 15 14 17 20 23 20 13 13 20 16 19 21 19 18 19 18 21 22 21 28 26 66 41 34 38 28 19 17 18 17 19 19 37 23 14 37 36 25 20
25 31 18 22 63 25 30 20 22 22 21 26 23 20 16 11 18 24 25 21 13 14 35 17 34 17 18 19 22 23 22 22 22 19 16 13 14 27 41 35 19 21 56 20 5 49 47 15 16 14 15 17 16 17 17 15 16 15 26 23 17 20 18 20 18 18 15 15 18 19 17 17 17 21 22 10 20 17 19 17 17 16 40 17 18 17 15 19 19 18 36 29 31 38 19 20
25 22 19 19 20 21 23 27 21 13 15 20 19 25 21 14 10 45 40 46 28 26 16 17 18 42 16 18 20 31 21 19 17 29 17 5 13 27 52 60 17 19 66 17 12 37 41 50 15 13 14 15 19 13 14 16 13 15 15 16 17 16 19 20 19 17 16 15 14 56 40 15 18 19 23 23 13 19 26 12 20 16 26 25 16 16 16 20 17 17 20 34 23 37 18 18
24 28 23 20 18 19 15 39 29 23 12 12 18 22 23 21 13 23 29 18 42 15 28 28 67 44 37 33 27 41 22 27 32 18 37 37 0 4 19 15 15 17 53 54 18 13 23 18 12 17 15 7 48 15 18 32 23 15 18 17 16 15 16 19 20 19 17 17 16 18 39 37 23 18 15 13 12 17 16 22 14 16 15 11 16 17 17 17 17 17 16 23 30 32 29 60
18 21 32 29 27 23 20 15 13 25 22 16 15 24 23 26 31 23 29 18 36 38 24 27 20 44 44 45 21 23 23 41 33 35 37 37 37 37 17 12 15 14 15 71 44 14 45 28 77 50 27 25 62 16 16 17 53 32 17 18 18 17 16 16 16 19 18 18 46 16 17 18 18 17 19 16 12 13 19 19 14 20 20 20 29 15 16 16 10 24 38 42 41 41 53 45
18 19 18 20 25 21 20 24 23 19 18 18 28 14 17 22 48 40 20 23 17 47 30 33 33 25 39 41 43 28 28 37 24 30 53 47 35 45 31 18 21 18 16 20 14 39 6 3 22 49 28 39 45 60 36 6 17 15 26 20 19 16 18 18 17 16 17 16 17 17 16 17 17 16 16 16 15 17 17 15 15 25 31 32 26 26 30 33 25 12 23 34 27 29 70 28
18 23 33 14 19 23 23 31 30 23 27 23 32 19 15 20 23 15 20 16 21 28 42 43 23 28 25 45 22 24 16 47 30 27 24 17 17 16 44 19 20 19 17 22 20 19 44 37 33 34 36 0 11 20 44 18 18 36 33 10 6 16 24 16 16 18 17 18 20 19 19 17 15 15 15 14 16 16 15 12 15 14 26 38 40 32 26 34 44 34 29 35 24 20 67 46
17 29 41 17 16 16 25 22 19 17 22 26 19 25 20 16 17 7 17 27 22 2 23 25 28 19 21 20 21 20 18 32 33 14 21 21 19 19 19 22 23 22 31 22 21 20 20 20 18 18 31 45 4 20 32 6 26 44 26 23 20 27 40 34 20 30 24 16 16 18 18 17 15 14 16 17 16 14 20 30 32 33 40 23 7 25 25 20 26 39 12 23 20 15 14 133
22 23 19 18 26 24 21 20 18 20 20 20 44 34 23 26 28 28 24 20 32 15 31 30 18 18 19 19 25 19 35 25 35 15 21 22 35 30 24 23 22 30 43 30 23 23 18 19 18 18 56 29 17 53 38 17 17 16 16 10 20 31 47 37 23 70 36 40 52 10 21 11 14 14 30 15 14 20 35 43 43 46 51 24 10 7 37 37 4 32 28 20 31 30 35 46
29 18 24 22 20 17 15 19 20 19 22 25 21 19 20 22 21 38 31 16 17 28 20 18 18 19 18 38 26 21 28 17 26 13 22 24 23 21 20 19 20 20 19 19 19 19 19 19 20 18 18 19 18 18 17 16 16 16 16 15 16 27 30 37 42 61 33 22 20 45 5 5 13 14 15 16 19 17 24 53 57 73 51 30 19 45 45 0 19 10 32 20 24 46 27 7
32 23 21 11 18 16 19 16 21 19 23 24 19 19 18 22 26 24 14 9 18 34 19 18 20 19 22 34 21 23 40 34 20 15 24 24 9 28 15 39 32 23 17 23 30 23 17 27 31 36 30 19 18 18 18 27 18 17 44 0 24 30 20 16 24 41 60 49 39 31 31 16 5 27 15 15 14 14 31 39 15 15 18 62 13 39 45 45 14 14 20 14 9 22 51 19
41 24 17 24 38 21 22 14 21 17 20 23 22 22 19 18 22 27 29 32 24 18 19 20 35 32 16 3 0 12 25 9 16 20 26 38 44 19 29 59 7 20 12 20 23 23 24 24 16 23 18 26 34 16 19 50 42 19 18 18 18 18 18 17 16 12 30 57 55 36 23 29 32 33 0 11 5 25 31 40 44 36 16 14 35 12 14 31 15 15 15 13 20 20 56 33
20 23 25 19 36 17 18 26 17 19 20 23 22 21 23 19 20 20 27 30 17 25 21 25 17 48 47 41 23 20 42 34 16 23 29 53 44 11 41 29 23 30 7 10 14 20 39 33 24 29 25 27 24 24 24 44 86 57 23 0 40 26 0 19 19 19 18 39 35 22 36 45 40 40 51 51 26 41 11 20 62 34 37 39 39 45 45 17 15 16 41 34 14 35 23 15
23 23 24 23 32 40 38 35 33 18 16 23 23 21 20 17 15 20 18 39 19 20 28 52 36 53 43 21 31 41 47 21 32 29 13 49 42 26 26 23 20 44 29 14 16 20 24 28 24 35 20 20 35 28 20 20 0 42 42 18 5 33 19 20 43 32 19 18 18 24 33 67 52 45 45 33 59 48 33 35 29 31 36 36 39 40 45 17 16 17 15 45 14 7 60 37
22 23 22 24 28 18 11 24 36 31 19 43 46 33 23 19 20 24 41 69 57 38 32 48 43 45 23 38 22 50 43 25 25 25 17 16 27 29 20 20 20 26 34 20 16 16 12 20 20 16 20 40 36 20 16 20 24 20 39 43 22 20 37 30 30 30 20 20 19 18 19 19 18 45 45 40 19 40 18 21 33 24 27 38 37 37 39 17 18 23 14 15 14 10 13 97
21 21 23 21 37 20 17 20 0 20 31 9 50 30 27 23 20 23 27 10 37 48 28 28 26 30 23 61 35 8 18 19 27 31 26 23 26 35 22 8 22 10 11 24 24 24 24 24 24 16 16 20 42 38 46 20 20 24 9 24 33 19 10 32 33 32 27 20 23 0 23 33 18 18 20 24 32 18 21 42 23 31 28 40 37 40 16 41 29 28 15 14 15 49 28 14
20 20 18 49 28 55 18 27 32 33 37 13 21 11 27 22 13 23 34 30 20 19 39 28 26 0 9 24 23 21 17 17 45 31 27 20 24 32 24 14 40 30 31 17 20 20 24 36 32 24 16 20 32 34 35 32 43 44 43 16 33 34 16 32 28 31 30 35 22 5 9 20 24 20 19 18 33 30 43 59 81 68 60 72 43 32 16 16 16 16 26 25 15 15 60 43
32 25 31 34 39 31 34 37 32 17 46 18 27 20 20 22 18 18 20 19 19 21 38 37 33 16 17 31 20 24 25 16 11 24 27 27 39 32 28 23 36 41 33 24 24 24 24 20 29 24 20 37 30 21 35 27 24 29 23 24 23 35 32 34 31 29 30 29 44 22 29 25 29 32 19 18 19 18 19 20 19 20 18 18 18 17 16 17 44 16 16 15 24 15 14 13
35 28 23 37 41 35 32 19 28 17 56 36 15 12 17 18 20 37 29 28 22 24 28 44 25 25 22 23 32 22 45 34 29 22 40 36 35 39 29 20 20 28 24 20 20 38 29 20 31 28 34 31 28 39 31 31 29 31 28 23 20 20 40 48 34 32 31 31 27 30 27 17 33 31 26 20 24 24 16 20 20 24 25 36 21 5 19 18 28 17 16 16 16 22 16 15
44 30 20 20 38 44 36 14 20 27 58 36 22 9 23 18 20 32 34 30 23 30 22 23 23 23 21 25 49 25 26 26 17 11 13 35 24 16 8 16 28 24 20 16 24 34 29 29 31 40 35 31 34 28 27 30 28 27 31 34 24 19 12 37 43 23 34 29 28 33 30 26 40 30 36 19 20 16 20 24 28 24 31 48 32 17 28 18 18 17 17 16 16 24 14 15
24 10 13 26 18 24 21 15 15 20 22 23 23 21 48 43 36 28 29 54 47 34 25 24 23 23 24 17 33 37 29 37 38 20 18 26 34 25 20 16 28 32 24 12 16 29 24 24 34 59 37 32 24 28 27 29 23 26 28 28 25 27 28 33 27 23 26 25 45 28 30 29 20 24 34 26 24 24 29 27 8 23 31 29 43 29 32 26 18 17 16 15 16 17 23 15
32 34 13 20 24 18 19 20 19 20 26 35 16 29 15 20 27 33 27 22 23 23 23 24 23 22 35 35 18 20 16 50 43 27 22 28 31 38 30 34 43 28 22 27 24 24 20 20 40 42 37 31 36 26 12 18 22 20 28 28 26 28 31 26 31 28 19 18 18 47 29 16 20 20 27 32 24 28 28 39 21 13 23 33 31 27 28 17 17 18 17 16 17 18 16 16
39 38 10 4 11 17 24 25 22 14 13 15 13 16 20 19 20 26 24 21 39 23 22 23 23 19 23 38 21 8 11 16 43 33 27 27 24 14 24 29 38 29 28 26 36 34 24 39 37 46 41 37 37 32 51 47 30 32 29 24 17 13 35 27 23 31 29 37 19 20 37 45 28 24 19 29 27 20 24 44 42 31 24 33 27 20 20 18 17 18 17 17 17 18 18 18
32 29 18 10 17 26 26 27 32 30 16 18 14 38 22 25 32 20 25 15 30 17 31 11 26 42 40 36 37 20 24 31 26 28 24 31 31 25 20 35 28 29 27 20 30 39 18 17 39 25 16 39 5 45 51 13 26 42 28 19 31 29 25 31 25 31 34 30 27 22 0 0 27 26 19 24 35 24 23 24 29 40 36 36 16 24 17 18 18 19 18 18 19 18 18 17
32 19 20 22 21 21 23 21 29 26 26 26 26 25 24 25 27 26 21 15 18 22 26 20 35 17 33 22 23 21 27 36 42 25 23 28 22 24 14 10 20 12 24 26 25 39 30 20 39 45 51 31 36 31 33 33 30 25 48 29 33 34 28 31 28 29 29 30 29 23 0 11 33 10 3 32 32 31 32 28 17 18 28 28 20 24 16 16 19 19 18 18 24 24 20 28
33 17 18 20 20 15 16 19 17 41 36 29 15 20 31 28 25 21 62 33 28 28 29 31 54 29 32 34 25 22 40 46 43 21 22 16 31 31 19 12 20 35 23 17 32 16 31 29 24 37 49 27 30 32 26 20 29 28 34 30 26 34 28 28 35 34 30 27 52 38 30 25 36 32 20 20 17 24 28 29 24 18 17 18 33 18 18 28 24 24 24 24 24 20 28 26
26 21 17 18 16 36 27 24 44 18 14 22 17 35 26 21 9 8 23 17 29 28 24 45 40 32 20 43 29 40 5 0 46 29 21 26 28 25 21 29 16 20 33 20 10 12 24 20 35 32 30 28 30 28 37 37 25 20 34 27 22 28 20 24 28 32 35 28 16 91 24 8 15 35 30 25 26 24 29 25 24 28 32 24 31 31 18 17 29 34 25 12 20 23 16 19
17 26 24 31 27 21 20 37 47 34 30 33 10 30 31 8 15 25 16 30 23 27 25 32 29 60 48 21 39 32 49 51 3 43 29 34 26 23 14 25 23 24 37 26 23 20 42 22 11 34 28 27 27 26 36 37 12 32 30 31 27 27 23 24 28 44 24 24 32 32 0 0 11 20 31 32 28 24 29 29 24 34 39 24 24 19 33 19 17 25 26 20 24 24 25 29
17 31 23 31 36 36 18 30 31 19 18 16 20 34 27 42 34 44 24 10 17 41 38 25 35 23 24 24 32 40 34 25 17 37 28 24 20 31 29 31 33 25 36 29 14 14 43 38 18 8 27 29 52 35 44 57 33 34 29 31 32 27 23 34 29 24 33 27 35 33 31 31 30 25 20 20 20 20 24 35 25 39 15 15 20 34 30 30 14 1 33 24 24 24 20 29
6 14 23 17 34 20 31 32 38 47 42 10 17 24 35 30 32 22 32 12 18 23 20 47 36 13 15 37 43 20 36 52 34 20 20 24 20 24 20 31 30 26 26 26 23 10 10 37 21 11 24 27 29 63 39 33 30 31 30 29 30 29 24 29 29 20 20 20 27 38 30 22 20 24 24 16 16 20 15 26 37 36 37 34 26 24 25 62 27 20 25 30 24 20 24 24
11 6 22 26 25 20 16 32 43 18 28 15 20 9 32 27 29 25 36 24 46 22 16 29 39 26 19 43 28 4 15 30 35 23 14 16 24 29 42 28 33 27 27 17 26 22 23 31 29 29 34 24 30 37 37 31 29 24 24 27 27 20 24 24 29 29 24 29 32 29 35 27 24 24 29 24 34 35 38 37 37 20 24 25 20 19 19 19 37 19 35 30 20 25 24 19
27 28 34 20 33 16 50 41 20 25 34 34 20 20 20 34 29 25 29 34 23 24 14 34 26 47 33 16 37 30 17 20 31 24 22 17 28 39 42 31 49 39 37 26 25 29 32 30 31 29 24 28 34 25 32 37 29 23 45 24 20 16 16 20 25 29 29 28 28 28 24 24 29 24 29 35 40 31 37 37 37 37 26 37 46 33 44 27 34 20 20 19 19 19 20 21
36 24 28 20 20 24 37 44 22 13 36 24 29 29 16 19 15 23 24 31 25 21 25 47 36 24 19 19 38 32 20 8 37 32 31 24 24 24 29 30 33 33 33 30 24 29 26 30 27 24 28 28 37 38 24 26 28 17 58 45 20 20 20 20 26 28 31 42 33 28 34 34 24 20 29 39 38 37 33 37 37 37 37 33 1 34 17 28 37 24 27 53 37 29 24 29
28 16 32 27 20 20 27 45 9 16 29 34 24 26 20 25 22 21 28 19 19 17 21 21 31 36 16 34 36 28 14 24 13 15 24 16 9 12 30 35 36 30 26 35 31 30 29 29 28 24 21 28 19 48 42 37 17 25 32 24 20 16 20 27 25 27 29 43 34 24 34 34 20 29 29 28 39 67 95 96 79 37 17 37 46 15 32 27 47 40 31 20 32 28 24 24
24 16 39 37 24 49 41 48 16 16 14 27 16 33 16 21 24 23 21 21 22 23 6 26 34 20 32 24 48 33 26 34 19 8 28 12 24 20 25 33 37 33 31 29 32 31 27 28 30 30 25 31 40 26 7 50 20 28 20 29 30 24 29 30 26 23 16 34 34 20 20 34 24 20 27 40 33 73 111 103 47 0 24 40 45 46 2 28 18 45 5 19 5 13 34 20
27 20 16 39 29 45 49 20 26 24 18 25 26 14 41 19 65 46 30 28 26 25 7 30 52 58 46 20 20 52 36 22 35 30 20 32 29 24 20 36 31 31 28 26 31 29 22 21 25 35 32 25 56 44 19 20 11 14 20 20 39 44 29 24 20 34 34 29 35 29 24 24 24 36 38 48 60 32 33 68 24 45 14 15 44 35 9 40 37 41 14 37 25 20 9 17
26 33 28 15 29 46 50 29 29 24 24 20 16 28 28 31 57 17 31 26 55 29 12 31 24 10 20 20 28 28 26 16 29 24 28 32 36 46 58 30 30 20 5 37 29 14 4 21 58 25 8 16 26 22 46 30 26 28 18 16 26 33 20 20 30 30 31 30 43 30 20 24 58 38 21 73 32 22 24 31 45 45 44 16 17 16 27 51 35 51 20 23 28 26 19 27
20 20 23 33 27 46 45 29 29 20 28 41 26 16 35 41 27 34 12 26 64 38 18 21 32 17 20 29 20 20 27 17 33 24 24 39 61 74 36 29 29 23 43 46 39 28 28 22 23 27 17 20 28 26 32 39 41 26 23 29 25 32 25 20 30 35 25 20 40 39 29 29 38 46 29 34 34 35 39 26 31 45 44 44 47 11 26 17 32 24 18 34 31 25 26 18
25 35 24 24 46 23 24 20 20 25 20 28 31 20 9 67 32 15 9 25 26 14 24 34 21 18 20 16 16 25 26 15 33 42 23 43 66 65 37 34 47 29 31 50 46 27 25 21 21 10 16 24 22 37 26 11 32 29 17 12 20 15 20 30 29 30 20 34 39 29 32 30 21 46 60 41 52 68 47 43 40 46 45 44 39 0 17 26 34 13 22 38 36 22 16 17
