examples/data/proba_v_italy_sicily/probav_s10_toc_x19y03_20150311_333m_ndvi_v001.txt
ncols         1127
nrows         589
xllcorner     12.348214285714
yllcorner     36.598214285714
cellsize      0.0029761904761905
NODATA_value  -9999
[rows 400 to 449 of 589, columns 96 to 191 of 1127]
20 15 19 17 14 20 18 18 17 17 20 17 20 20 17 17 15 17 20 17 17 14 13 17 17 17 15 20 17 20 15 23 18 15 17 17 17 17 33 32 27 24 28 24 11 15 17 15 15 17 15 17 20 20 20 20 17 17 17 17 17 17 17 11 17 15 30 37 17 17 20 15 20 15 15 14 17 20 46 38 25 20 17 20 15 15 17 15 15 20 17 17 17 17 20 17
17 17 17 14 20 17 15 18 17 14 9 17 20 20 20 17 20 21 20 17 20 24 21 17 20 15 17 22 32 33 17 17 17 22 17 17 23 17 17 17 20 17 0 0 14 15 15 17 17 15 17 17 17 17 17 15 17 17 17 15 20 17 17 17 15 20 18 15 15 20 20 36 37 47 32 11 15 17 15 15 20 20 17 15 20 20 20 17 20 17 17 17 17 17 17 17
17 17 27 20 14 20 17 17 17 19 14 17 14 17 20 17 20 23 20 14 17 17 17 18 17 16 17 15 17 17 17 17 19 21 38 32 18 7 15 17 15 14 13 20 14 15 15 15 15 17 11 17 17 17 17 15 15 17 17 17 15 15 40 15 17 31 15 17 17 17 17 15 17 15 15 17 15 17 17 20 20 23 17 17 20 17 17 17 17 17 17 17 20 17 15 12
17 24 20 20 17 14 14 14 20 20 17 17 14 17 17 32 24 20 20 20 20 20 20 27 26 19 19 19 20 28 19 20 25 14 15 7 17 21 17 20 20 0 13 23 20 17 17 17 15 17 15 17 17 17 17 15 17 20 15 17 17 17 15 33 21 12 17 17 15 15 15 15 17 15 32 15 17 17 20 17 17 17 17 20 20 17 20 17 17 17 20 17 17 17 17 15
20 15 16 20 20 20 20 20 20 20 20 20 14 24 15 20 20 20 20 20 17 15 17 17 15 14 27 19 16 14 17 17 17 17 17 17 20 21 15 17 17 6 27 17 17 16 12 15 17 18 17 14 15 17 26 15 15 15 15 15 17 17 15 37 26 25 12 20 17 14 20 15 17 15 17 42 34 17 17 17 15 17 15 20 17 17 20 20 17 20 15 15 17 20 20 17
26 16 20 22 19 17 20 17 17 25 29 24 20 15 17 17 20 20 20 17 20 20 17 20 18 17 16 17 17 17 17 17 27 15 20 20 22 17 17 17 20 13 2 14 26 24 18 13 20 17 17 20 17 17 15 17 17 17 17 17 17 15 12 15 15 17 15 25 20 14 14 14 14 24 17 15 17 17 15 15 15 17 17 15 15 17 17 17 15 12 15 17 15 15 20 20
14 17 19 17 17 20 17 20 17 14 20 20 20 20 20 23 13 20 20 20 20 20 19 20 20 20 27 20 20 25 24 21 19 14 20 20 20 17 15 15 7 0 12 16 12 28 23 29 38 17 17 24 17 17 20 17 17 17 17 17 17 19 15 15 15 20 21 17 15 17 17 35 29 14 20 17 20 17 15 15 15 17 15 14 15 17 17 17 15 15 20 17 12 15 17 15
22 17 17 20 20 20 14 18 14 14 17 17 13 17 21 18 23 23 20 17 19 18 20 17 17 20 20 15 25 24 26 24 17 21 17 20 20 17 15 15 5 14 17 24 23 22 20 15 17 23 15 15 17 18 16 15 15 17 17 20 15 30 15 17 17 17 21 17 17 23 24 17 20 17 20 20 17 20 15 15 15 15 31 28 15 20 16 17 17 20 17 17 15 15 17 15
17 20 16 16 20 14 24 13 17 20 18 15 20 18 18 12 13 20 20 17 20 17 20 17 17 17 15 26 26 26 29 25 17 17 21 20 17 16 17 15 0 2 23 20 35 29 19 17 17 20 20 20 17 24 21 13 20 20 17 17 20 20 17 15 17 21 33 17 16 19 17 15 17 17 17 15 12 17 15 17 17 15 20 9 12 15 18 15 17 12 12 15 15 17 15 17
18 20 20 20 22 16 17 20 17 17 17 17 17 17 20 20 23 20 20 20 17 17 17 17 20 16 17 31 29 26 25 20 17 17 24 20 14 17 17 0 7 17 17 17 15 18 15 20 12 15 15 15 17 15 23 22 23 15 20 22 17 17 20 25 33 17 17 17 14 20 20 16 17 17 17 17 15 15 15 17 15 15 12 17 17 16 17 11 15 15 15 12 12 15 20 17
17 20 21 18 20 17 20 17 17 17 19 22 22 22 22 21 20 17 19 22 20 20 16 11 17 17 17 17 29 26 26 27 17 17 20 23 18 17 17 3 0 14 17 15 15 17 15 18 18 20 15 15 15 23 22 15 17 15 22 21 29 11 28 20 15 23 17 15 16 12 18 15 17 17 17 15 20 17 17 15 15 36 32 15 17 18 17 17 18 17 15 15 15 17 17 15
17 20 18 17 20 17 17 17 16 19 19 18 17 21 22 22 18 15 18 16 17 13 18 23 26 20 20 17 28 26 17 27 20 23 17 18 24 17 2 12 18 16 13 17 15 15 17 17 15 15 15 15 15 15 15 15 15 20 15 15 15 20 17 23 15 15 15 15 28 17 19 20 20 20 17 17 27 31 17 26 12 17 17 25 17 15 17 17 28 14 25 15 17 17 17 15
20 17 17 20 20 20 19 18 16 23 23 20 20 20 20 24 22 18 22 22 16 23 22 20 22 17 17 15 27 27 27 26 26 15 15 17 25 18 16 15 21 20 14 14 17 16 17 17 12 12 15 15 15 15 12 15 20 15 17 17 17 17 17 18 18 30 26 19 15 23 23 17 15 15 17 16 17 17 19 17 15 17 16 27 21 17 18 18 18 22 20 17 15 15 15 15
17 20 20 17 17 17 20 20 14 14 20 15 17 17 19 20 21 18 17 20 17 17 17 16 21 16 20 20 19 30 26 26 26 26 25 24 24 20 15 14 20 13 11 20 14 14 15 17 17 15 17 15 15 15 15 17 20 20 17 17 17 17 17 14 18 20 17 8 17 20 22 25 29 31 25 15 17 25 17 20 15 28 21 17 15 17 17 22 23 20 19 15 15 15 15 17
14 20 17 20 20 14 17 20 17 17 14 20 18 18 17 17 20 20 19 17 21 21 21 19 19 20 16 16 20 26 24 25 24 25 25 24 25 12 17 22 18 18 18 13 14 12 17 17 17 17 15 15 12 12 15 17 19 17 15 15 29 15 12 17 21 21 20 20 12 20 15 15 15 17 21 15 17 24 15 20 17 15 15 17 15 15 15 17 25 23 17 17 20 15 17 17
23 20 14 14 17 17 14 20 19 21 22 17 14 18 22 21 21 17 16 16 17 17 17 19 19 21 18 17 17 24 25 23 21 27 26 23 22 19 20 23 17 18 21 27 23 20 15 11 15 18 14 15 20 15 17 20 19 15 17 15 20 24 17 14 25 28 17 20 16 15 20 11 12 13 18 17 28 20 19 17 17 15 17 15 15 15 20 15 22 23 18 17 15 15 17 14
20 23 17 14 17 20 18 20 20 21 21 20 20 23 17 17 20 23 19 16 17 20 15 18 18 18 16 26 15 16 18 25 24 22 24 24 21 21 20 17 18 16 18 17 32 25 24 22 25 24 23 20 20 15 17 20 22 17 17 16 17 17 15 17 29 31 29 21 20 12 17 20 14 12 22 22 17 17 20 17 37 22 17 17 17 20 12 15 9 20 20 15 17 17 17 14
17 17 20 17 18 20 18 19 21 19 17 20 21 20 19 18 17 20 17 20 18 17 15 18 20 15 17 23 20 22 14 27 26 24 24 23 22 19 0 17 26 25 22 17 20 20 20 20 18 22 18 15 15 17 20 17 25 15 17 17 12 17 17 20 17 21 20 15 15 15 20 17 20 15 17 21 17 17 15 17 15 26 15 15 15 20 17 17 17 17 20 17 17 17 17 11
17 24 14 23 16 23 19 17 17 17 23 16 18 19 22 20 18 22 17 17 17 21 20 20 20 18 27 17 20 25 17 22 20 23 15 15 25 7 14 17 25 31 17 20 15 18 15 22 18 19 18 15 17 17 15 17 17 27 23 15 15 17 19 18 17 15 17 20 20 32 33 20 20 24 20 20 20 15 15 26 15 15 17 19 15 15 15 17 20 17 17 22 21 19 22 17
20 22 17 18 14 14 17 17 16 17 23 24 21 17 19 20 16 22 22 23 20 20 20 20 22 20 28 26 17 24 23 25 17 17 17 15 10 6 13 17 17 19 19 17 17 15 16 22 22 19 18 15 15 15 17 18 17 22 22 23 20 17 15 19 22 21 24 17 20 17 20 20 15 17 20 20 20 15 15 35 15 15 15 15 15 12 17 17 20 17 17 17 27 22 20 17
23 19 18 16 14 17 20 21 17 26 22 21 17 19 18 20 22 21 20 21 24 18 20 22 19 20 20 19 24 26 26 23 18 17 20 9 6 0 18 19 18 15 21 17 20 18 23 26 26 20 15 15 11 11 18 16 19 22 20 17 17 15 17 17 17 17 17 25 17 17 15 20 25 17 20 17 20 15 12 23 15 15 27 32 20 17 20 20 17 17 20 20 21 16 20 17
22 19 18 22 23 21 15 22 22 23 27 17 17 17 21 20 20 15 20 20 22 17 23 26 18 18 18 24 24 22 24 25 21 15 17 18 12 15 18 19 20 20 18 17 17 17 15 17 18 17 17 17 15 15 16 17 23 25 15 17 20 18 14 18 20 17 15 17 17 17 20 17 17 21 25 17 17 20 15 21 20 15 17 21 27 17 17 20 15 15 15 20 17 17 17 15
20 24 24 17 23 20 23 15 24 17 20 20 17 20 17 15 20 17 24 20 20 20 18 20 18 15 15 17 26 15 24 26 24 21 21 22 24 19 15 22 22 18 17 17 17 15 19 18 15 15 20 15 22 13 13 17 29 15 15 17 20 13 15 17 17 23 17 15 15 15 15 17 15 17 17 24 15 17 17 15 15 21 19 18 23 20 20 20 17 19 17 17 20 20 17 20
17 20 20 20 20 24 15 17 17 20 17 17 17 20 17 17 17 17 22 27 27 30 25 17 17 17 20 17 22 27 26 22 28 20 12 18 20 22 22 21 20 19 17 16 21 20 20 15 15 20 27 15 15 24 30 18 15 15 18 17 16 15 15 15 18 25 21 20 15 15 15 15 17 21 15 17 20 18 15 12 17 20 17 20 20 26 20 24 21 17 17 17 17 13 13 14
20 20 20 20 20 17 20 19 17 17 17 14 17 20 20 17 17 17 15 15 20 17 20 20 15 17 20 17 20 25 24 23 22 24 23 23 21 20 20 21 13 15 18 17 12 10 20 17 26 26 39 28 15 18 25 18 15 13 17 17 15 15 15 17 28 20 17 15 17 17 15 18 22 21 22 17 17 15 15 15 17 20 15 17 17 17 15 17 17 17 17 17 14 17 17 17
20 20 17 14 24 12 15 20 17 17 12 14 20 6 15 17 17 20 22 18 17 15 15 17 17 19 21 20 17 30 26 20 24 27 23 22 23 25 24 17 21 15 15 14 14 12 25 24 15 15 15 22 22 26 18 15 17 22 19 17 53 28 15 15 15 17 15 15 32 15 20 21 15 17 24 22 23 17 17 17 15 17 17 20 17 17 20 28 20 20 20 18 20 22 17 17
20 20 20 17 26 25 24 17 17 17 20 20 17 18 18 29 16 20 20 20 17 26 26 20 24 22 19 20 34 26 27 28 20 27 20 23 24 26 23 21 23 23 29 18 17 15 22 25 24 15 15 24 15 15 15 15 15 15 16 17 33 25 30 17 15 17 17 17 17 23 17 17 17 17 20 14 17 25 24 20 17 17 17 20 17 14 15 24 20 17 20 23 25 22 17 18
29 20 20 17 20 24 17 15 17 18 18 18 20 17 17 29 17 19 20 21 18 24 25 15 25 26 14 17 28 24 22 24 28 19 21 20 24 24 25 23 21 22 26 22 20 22 22 24 24 22 12 20 23 15 15 15 24 18 17 20 19 16 35 17 15 17 17 17 15 15 17 17 17 12 14 24 15 18 25 17 15 15 15 24 17 17 17 15 15 20 19 23 17 20 17 25
38 17 17 20 17 15 17 15 15 15 15 15 18 21 17 18 14 23 31 21 21 23 11 30 25 24 26 14 14 30 26 24 22 28 29 28 24 26 24 26 25 28 22 21 20 24 23 27 25 24 24 15 15 12 15 15 15 15 17 18 18 17 24 18 18 15 11 14 17 15 35 18 21 22 19 22 24 19 22 15 15 15 18 29 17 17 17 15 15 24 15 17 15 20 25 25
32 12 11 12 17 17 15 17 17 15 15 17 17 23 23 20 26 24 34 15 17 18 27 20 27 24 24 23 6 14 29 17 9 12 21 23 23 27 24 25 22 21 28 27 23 30 23 29 26 25 22 23 19 27 15 20 12 12 15 18 15 18 15 27 23 12 11 11 15 15 17 21 19 19 17 17 26 25 18 18 15 17 17 15 15 17 15 18 24 20 20 17 17 20 17 17
17 17 9 6 14 17 17 17 15 17 17 17 15 25 21 27 17 17 15 24 26 25 22 25 36 33 27 23 25 21 25 15 0 0 27 24 24 35 22 19 26 28 24 21 27 25 23 29 33 27 24 25 13 15 22 24 19 15 13 18 13 15 23 22 18 18 18 18 17 17 25 28 19 20 20 22 15 22 17 18 17 15 15 17 20 15 15 17 17 17 14 17 17 20 17 17
20 14 20 17 17 20 17 17 17 15 17 17 17 19 20 17 17 19 20 15 28 25 22 19 21 16 17 22 17 27 25 21 28 32 28 26 21 17 23 22 14 6 29 24 23 23 27 17 13 21 23 24 13 13 15 21 22 23 15 11 15 15 23 17 19 18 15 15 17 17 27 22 21 15 20 25 21 21 25 20 15 17 15 17 19 17 17 17 17 20 20 20 20 17 17 17
17 17 18 18 20 16 12 23 22 17 17 17 24 24 17 20 15 17 24 23 26 17 17 20 22 28 25 26 27 25 25 27 24 24 21 24 28 22 19 30 28 24 30 26 25 23 18 28 23 19 26 7 15 13 17 15 15 15 15 22 15 15 25 24 22 12 17 15 20 23 21 16 18 27 18 28 28 20 9 14 18 21 15 15 17 16 21 15 17 17 19 20 23 17 15 17
23 22 20 18 22 25 20 18 22 15 17 17 17 20 23 19 20 20 18 19 21 18 18 18 18 22 30 29 24 21 25 30 0 19 24 24 23 26 26 20 31 18 21 25 24 33 24 30 29 29 29 21 20 21 21 12 15 12 15 17 14 16 15 24 19 18 20 13 22 26 22 15 17 20 21 21 21 18 17 17 20 15 15 15 17 20 20 17 18 19 17 17 17 17 17 20
25 26 22 24 26 29 25 16 15 18 17 17 17 17 23 24 15 20 22 19 17 18 16 18 18 18 20 22 19 25 25 3 29 22 27 31 24 21 16 22 22 29 25 27 27 29 28 33 29 24 33 27 6 15 13 23 23 25 15 18 18 18 15 22 21 19 24 15 15 15 15 23 11 21 19 17 13 18 18 17 17 23 21 24 25 26 14 17 17 26 15 17 17 12 14 17
17 11 23 24 28 29 28 36 34 20 15 15 15 17 15 15 15 15 17 20 15 20 23 18 18 18 33 31 35 22 21 19 22 18 20 24 30 20 18 25 28 22 25 21 23 26 26 21 26 28 18 15 12 13 13 29 22 25 24 21 17 18 20 25 15 19 15 17 17 21 21 17 17 19 19 15 18 18 15 18 18 16 24 23 26 30 27 17 30 17 13 17 17 17 17 17
17 20 27 32 32 25 20 14 17 24 29 31 15 17 17 20 17 22 19 17 15 17 21 20 18 17 13 16 19 47 35 31 15 21 20 23 18 26 37 22 26 22 32 33 25 27 32 28 19 21 20 11 32 15 15 26 27 26 30 27 22 19 19 15 18 18 17 17 22 18 18 17 17 17 15 17 12 15 17 18 26 23 22 18 18 24 17 20 14 32 14 17 15 15 15 17
27 17 22 18 15 24 24 24 17 20 25 28 24 15 17 22 19 20 17 17 34 17 15 17 15 17 15 15 18 0 0 0 32 18 27 29 19 26 26 25 32 28 20 26 33 34 33 30 34 20 8 14 25 28 32 30 13 22 21 12 12 23 24 22 21 19 15 11 18 16 15 15 24 22 19 21 15 15 15 18 20 24 21 21 18 19 23 20 17 20 22 17 16 15 17 15
23 23 25 15 17 18 13 14 17 15 36 28 23 29 15 20 18 17 23 23 15 20 29 33 17 15 15 15 23 0 5 10 27 21 22 28 13 26 25 23 5 24 29 26 27 22 21 27 29 23 23 19 21 26 27 30 15 17 15 15 17 14 23 25 23 21 20 18 15 13 12 14 25 21 21 21 25 18 17 22 15 15 26 19 19 22 22 28 26 20 20 33 19 20 16 17
23 17 19 20 19 15 19 19 19 18 37 33 26 23 30 21 15 23 24 15 15 23 18 17 17 15 15 22 32 23 15 10 26 29 20 14 30 29 22 29 29 20 16 20 23 24 17 17 27 28 25 24 24 18 21 37 37 15 10 8 15 13 22 24 22 21 19 19 20 15 8 17 15 11 20 15 17 22 23 20 28 17 15 20 24 20 45 13 23 18 22 24 87 23 22 17
29 23 24 25 21 15 23 20 20 25 21 31 27 23 16 20 18 22 21 20 18 17 18 14 17 15 15 10 25 30 18 14 21 15 22 17 19 23 21 25 18 23 22 6 28 28 18 21 27 31 27 32 37 34 29 15 16 32 32 24 25 25 21 28 26 23 23 23 18 20 17 16 20 15 15 14 18 20 24 20 28 27 18 23 35 23 55 11 28 23 20 22 22 16 13 35
26 25 24 23 21 18 15 18 18 22 20 17 15 15 26 17 20 20 20 18 15 17 5 5 7 11 15 13 5 29 13 12 11 7 8 5 17 27 33 27 23 24 31 25 22 28 24 27 23 25 36 24 27 22 20 22 28 31 31 30 29 32 29 26 25 23 26 25 19 22 25 20 15 13 12 17 6 5 14 22 22 12 15 18 18 17 17 15 33 17 17 17 17 18 18 17
15 25 25 24 24 21 22 19 19 17 27 21 16 35 15 6 33 17 15 13 15 9 13 10 6 12 12 37 37 24 13 10 9 8 5 5 18 22 22 20 24 34 30 24 24 30 27 22 22 25 29 23 18 13 13 27 23 23 23 16 20 16 25 24 24 21 22 25 22 16 22 25 24 20 13 22 21 18 18 15 15 15 25 15 15 30 15 20 35 23 27 15 17 18 18 20
8 9 31 26 26 23 25 23 21 25 24 20 19 35 28 22 11 17 15 12 18 18 15 17 11 11 11 37 37 23 15 20 22 28 30 25 22 16 15 18 15 27 31 45 30 31 30 28 28 11 25 22 22 21 29 15 13 10 18 24 23 20 24 25 25 25 23 24 23 18 24 26 29 29 26 22 25 18 18 16 15 17 19 17 13 17 14 26 21 17 17 20 17 17 31 15
23 17 13 22 21 16 23 24 24 27 27 13 18 19 18 15 12 22 23 16 19 22 18 16 20 18 10 37 37 23 18 28 28 16 14 17 19 14 7 25 25 21 33 40 34 25 36 33 24 26 21 12 31 30 27 29 13 13 10 12 18 27 27 24 25 24 25 25 26 23 20 28 27 23 19 10 13 27 24 19 18 17 10 11 17 15 9 20 13 3 21 13 22 32 40 15
30 24 16 22 21 21 20 23 29 32 39 18 18 27 19 9 17 21 28 19 11 20 15 18 25 28 37 37 37 8 15 20 20 17 21 27 27 18 23 24 25 24 22 16 26 32 27 12 21 35 34 29 24 20 10 10 10 29 30 15 13 13 13 14 25 22 21 25 22 18 16 16 24 22 23 21 18 28 29 0 28 22 23 20 17 15 15 15 12 37 14 15 24 34 18 20
26 22 21 17 17 13 15 25 24 24 20 17 29 22 29 19 26 28 33 37 19 6 13 25 37 31 27 28 22 8 8 8 9 12 25 33 34 37 37 21 29 33 30 23 17 25 26 23 18 22 30 29 15 21 18 15 10 11 13 15 18 20 16 14 25 23 22 21 20 18 18 15 15 20 22 20 24 26 31 33 25 15 22 25 18 20 22 19 22 20 28 18 19 26 17 18
15 20 18 15 18 17 13 14 11 16 24 26 27 18 18 18 22 21 31 33 20 12 5 8 33 31 21 21 24 8 13 6 8 8 17 11 39 39 26 0 3 37 25 25 28 23 22 25 22 22 19 31 23 22 21 15 13 19 13 13 18 16 22 13 25 22 11 20 20 16 13 24 22 18 25 22 16 24 23 15 15 13 18 20 22 22 25 25 22 22 15 21 14 17 26 24
18 13 13 29 14 10 27 26 18 11 15 15 18 45 54 26 14 20 22 11 9 20 16 4 37 37 37 37 13 13 10 11 11 24 20 10 8 13 23 21 23 19 19 27 42 31 18 12 8 12 7 5 3 3 7 14 23 23 23 24 22 20 16 11 18 40 37 37 13 23 19 11 15 18 20 18 13 24 25 20 20 22 18 24 27 21 15 20 13 20 26 25 11 13 19 15
12 10 11 22 25 29 28 37 29 15 9 17 29 40 32 32 31 29 28 37 15 12 10 13 0 37 37 13 30 8 7 14 15 23 18 14 23 24 30 23 26 25 20 16 14 29 13 14 12 14 4 4 2 5 4 4 8 12 13 13 12 14 26 27 27 27 39 31 22 24 18 13 11 19 15 22 18 32 31 31 19 9 15 18 24 30 24 23 34 10 45 33 33 29 17 12
