examples/data/proba_v_italy_sicily/probav_s10_toc_x19y03_20150401_333m_ndvi_v001.txt
ncols         1127
nrows         589
xllcorner     12.348214285714
yllcorner     36.598214285714
cellsize      0.0029761904761905
NODATA_value  -9999
[rows 94 to 140 of 589, columns 96 to 191 of 1127]
113 134 129 138 156 159 141 169 200 202 204 186 202 210 211 207 163 121 96 138 204 176 143 157 194 236 240 248 241 220 213 219 226 221 205 205 212 212 214 219 213 228 230 197 196 211 215 224 228 227 226 182 176 179 154 167 189 188 209 196 188 176 164 132 44 37 36 36 36 37 36 35 34 35 35 34 35 12 13 26 28 19 23 24 32 22 18 17 24 29 27 27 32 29 29 27
148 177 134 114 135 174 181 199 205 219 217 216 213 208 194 183 190 168 123 189 212 197 195 196 190 201 202 215 208 209 215 220 213 200 187 180 184 179 152 175 212 210 213 201 203 210 196 203 218 213 202 187 141 165 135 157 187 191 208 202 190 178 155 169 169 46 37 39 38 37 37 36 37 36 35 35 35 26 19 23 26 20 23 26 32 32 27 21 22 24 27 29 27 33 29 26
151 100 91 124 179 213 211 208 210 204 202 202 210 200 189 199 196 171 144 188 205 196 191 188 159 161 156 142 131 146 168 166 177 181 175 190 192 188 122 159 212 208 204 207 203 210 208 195 194 178 200 173 152 158 135 162 173 214 211 213 208 204 175 168 196 182 52 72 55 39 38 37 37 37 35 23 32 31 20 18 32 21 24 25 26 32 27 26 27 28 27 29 26 27 33 27
160 82 76 136 183 189 197 214 224 198 192 195 182 175 153 179 168 130 159 189 160 138 186 197 162 158 161 124 120 148 172 185 185 180 196 195 210 206 197 190 197 205 188 188 174 186 203 193 200 183 176 165 166 149 144 172 217 216 199 205 202 194 188 175 199 212 185 163 117 47 42 39 38 38 37 23 26 39 35 22 20 24 24 21 23 24 33 27 29 29 27 27 27 32 33 26
196 145 129 165 193 168 158 209 230 212 188 191 143 128 131 167 201 184 182 137 72 62 99 159 169 149 157 150 145 165 182 191 178 165 187 182 196 192 198 192 187 179 173 174 174 189 198 172 183 182 152 129 153 154 165 186 216 217 190 190 194 186 193 200 212 186 178 186 172 135 49 41 40 39 38 22 23 26 39 33 28 24 23 21 23 26 36 35 27 29 29 29 32 32 29 27
197 203 199 174 151 191 176 192 188 157 174 200 197 190 202 204 210 214 200 152 91 58 67 98 125 168 181 178 174 177 186 176 164 161 179 195 195 203 201 200 194 187 167 166 166 174 194 171 174 172 164 144 158 172 172 180 201 189 171 176 193 186 180 188 186 166 171 182 181 120 56 89 128 45 40 24 20 19 23 28 23 30 23 23 24 27 32 30 31 27 27 27 32 26 27 27
197 195 175 168 158 204 212 210 205 177 188 219 212 215 197 191 193 206 205 178 180 156 148 97 81 98 110 132 141 118 141 154 137 132 150 179 196 192 185 181 172 177 183 169 174 170 178 165 167 174 171 149 146 160 165 184 188 179 168 177 194 196 193 192 192 185 180 176 197 184 142 143 173 145 46 41 34 34 34 18 25 32 27 23 24 33 33 27 32 32 26 27 27 33 32 28
199 203 202 202 185 204 223 214 204 177 172 193 209 208 177 166 183 189 207 217 207 198 192 164 128 96 66 65 113 122 130 117 95 101 139 127 172 163 156 177 184 189 185 166 158 164 165 159 159 180 202 162 168 158 176 201 190 180 178 171 174 194 200 200 196 184 189 186 187 179 186 190 191 174 120 49 119 118 115 98 35 29 24 23 36 34 22 16 27 34 26 26 26 34 28 25
148 190 209 185 176 187 204 192 163 179 209 210 194 181 181 185 195 193 191 192 187 189 198 217 185 157 120 88 109 160 178 118 91 104 117 114 135 172 180 171 177 191 173 162 163 168 176 176 144 143 166 153 135 148 183 196 190 186 182 177 174 190 196 192 187 194 199 182 174 184 174 177 173 170 168 148 162 194 184 143 52 23 29 29 36 34 32 25 22 33 35 21 23 34 24 23
136 187 225 200 176 175 180 206 191 170 171 199 190 169 188 193 194 192 166 159 174 185 186 182 188 196 164 135 143 140 160 185 195 198 176 103 70 110 156 162 185 188 173 168 177 183 183 184 146 137 143 147 156 164 202 199 188 188 201 200 189 188 175 187 192 199 187 191 194 191 198 188 182 177 170 166 159 157 172 153 89 25 38 37 36 27 37 38 31 28 34 34 29 21 36 20
173 181 175 180 183 206 212 211 198 166 131 185 197 167 157 161 191 167 161 213 162 149 157 164 159 180 196 199 168 181 173 184 201 194 167 128 97 77 82 130 176 193 190 172 166 179 160 160 169 155 142 140 157 181 221 214 186 186 198 193 188 201 202 205 193 173 199 198 185 179 186 177 178 188 185 184 182 181 177 169 127 0 40 34 36 32 32 36 31 34 31 34 36 16 37 19
164 191 194 192 172 152 157 174 173 171 185 199 198 174 170 172 200 195 183 199 152 167 168 163 141 158 178 178 180 182 197 163 173 170 170 200 202 168 129 152 203 216 191 203 200 192 118 95 158 165 166 175 187 246 186 182 181 186 197 200 199 191 184 191 197 179 173 176 169 164 170 172 169 142 142 150 157 162 161 155 133 0 40 3 13 33 45 39 33 28 24 25 35 36 37 34
192 223 222 206 166 155 143 142 174 198 209 201 201 182 183 204 208 193 177 209 190 201 182 165 199 178 164 148 154 184 186 178 185 182 165 206 191 215 199 175 194 220 209 208 220 212 181 129 185 211 192 186 191 176 163 180 199 184 185 198 197 185 172 187 186 195 168 172 190 181 180 180 171 158 167 173 193 205 204 172 140 24 29 40 29 22 36 27 27 25 23 20 25 32 35 35
191 181 151 168 186 186 203 174 167 173 188 188 203 197 188 194 195 170 174 156 140 142 192 192 189 180 192 156 142 166 175 192 203 209 178 169 206 206 196 180 193 223 233 217 214 197 221 202 205 206 189 199 201 177 188 207 190 181 191 212 173 159 168 185 183 188 185 184 177 174 197 185 184 190 188 183 188 198 199 181 156 131 50 41 36 27 28 27 23 20 16 16 17 24 24 26
182 166 152 167 180 183 201 173 156 155 158 164 184 178 166 176 184 157 169 203 201 166 227 220 204 194 189 152 154 171 156 168 191 202 227 215 203 188 192 192 183 224 245 218 218 197 204 182 200 202 179 193 209 195 167 152 158 179 187 170 185 186 168 177 198 203 202 196 183 184 182 162 171 193 200 188 194 184 179 179 171 169 121 45 53 52 20 15 14 28 20 16 20 24 20 0
172 150 150 167 182 197 204 173 165 166 173 175 174 167 168 173 181 156 159 170 147 171 237 214 201 207 214 177 124 171 173 171 186 204 195 203 205 167 167 208 191 156 179 195 196 178 166 175 196 192 179 178 175 185 200 179 171 183 172 154 162 185 185 185 201 206 203 190 178 178 171 174 201 209 220 219 206 198 181 181 173 162 129 63 75 91 65 4 0 1 3 21 32 26 18 26
185 182 151 166 191 174 161 175 188 180 170 154 161 177 189 174 179 165 147 160 190 202 194 193 194 208 198 166 128 122 203 153 166 167 163 175 189 174 194 213 192 173 149 135 148 147 167 158 176 170 170 170 136 149 168 152 162 165 169 166 168 172 184 192 199 155 135 189 214 206 175 193 210 220 244 227 200 188 184 181 184 163 90 51 63 81 95 105 64 55 64 90 94 101 89 86
184 191 154 165 214 212 171 173 188 176 162 151 147 192 203 182 181 191 138 157 171 163 161 177 187 174 172 174 165 190 192 183 177 157 154 185 207 179 205 206 206 170 169 183 164 161 177 190 181 165 146 158 159 166 169 146 168 158 154 175 191 199 173 177 199 186 185 191 192 169 173 206 214 220 208 196 195 197 198 193 187 169 118 68 55 76 120 165 147 130 127 134 129 135 124 117
194 168 156 143 169 192 186 159 148 149 155 157 157 168 191 194 180 158 169 178 166 144 147 161 174 180 180 177 153 158 146 156 163 148 169 210 220 200 193 207 191 184 183 170 160 154 168 201 216 175 157 164 154 157 170 153 148 159 164 171 205 196 182 183 204 229 197 165 192 196 206 219 208 189 198 212 211 211 215 206 198 194 177 151 89 79 100 130 137 154 161 148 139 165 149 134
155 159 175 183 197 210 201 172 158 178 184 189 172 183 207 199 214 162 162 179 175 174 178 167 179 199 197 180 149 136 116 122 147 169 185 180 197 203 210 206 197 207 214 181 143 154 180 170 181 160 172 187 155 160 166 166 174 181 222 229 210 211 198 212 195 202 193 188 202 206 198 204 196 182 231 199 221 199 212 203 204 210 201 193 147 96 91 112 151 164 156 148 143 154 178 169
180 186 197 193 218 225 223 214 196 204 205 193 187 202 221 221 213 188 146 149 160 165 197 187 183 178 161 165 145 147 146 149 159 150 152 150 167 200 196 205 201 189 174 160 148 153 185 148 149 172 176 176 151 161 170 183 183 188 215 228 208 185 197 213 193 190 195 195 192 186 186 195 208 221 210 224 222 217 210 190 179 187 198 196 159 119 121 141 178 174 166 151 152 158 183 167
199 180 186 194 198 192 204 203 208 190 162 182 199 196 200 224 209 162 166 157 160 160 198 200 198 178 179 169 151 171 195 179 193 213 170 188 178 167 152 195 195 196 188 178 150 149 181 164 146 156 161 177 168 162 174 193 198 221 199 197 228 185 184 181 202 211 203 190 203 186 173 184 202 226 237 210 230 220 214 208 191 186 192 194 181 160 145 142 148 156 167 172 180 174 176 166
211 208 196 200 213 203 184 189 222 221 207 193 181 196 190 157 189 181 173 155 163 179 186 196 195 194 181 156 172 195 210 198 197 230 207 192 158 116 168 208 198 209 236 177 162 188 194 181 182 155 153 207 190 178 184 167 194 222 231 195 189 191 204 176 187 223 221 217 213 196 176 187 189 193 184 167 199 217 193 191 187 187 194 196 181 168 163 134 134 149 168 170 175 170 142 148
220 214 192 201 206 198 173 164 188 196 199 194 179 191 213 181 174 182 207 179 181 193 189 196 188 173 168 157 160 176 189 181 196 232 229 184 173 192 225 224 227 197 191 223 208 219 223 151 136 149 150 193 193 169 172 190 171 213 219 223 211 172 228 225 212 211 215 214 229 215 175 166 158 182 184 167 168 183 176 196 206 207 201 203 182 179 188 177 159 163 198 190 163 159 155 143
193 195 200 211 210 217 213 184 168 174 147 162 188 191 177 172 186 188 161 161 185 179 165 163 166 167 187 196 158 167 152 160 183 227 245 214 200 235 166 168 180 188 190 192 196 194 186 171 141 165 153 162 166 149 150 173 158 177 207 212 214 199 211 211 206 201 167 166 184 189 190 170 168 190 166 148 160 180 197 195 212 220 217 188 199 204 200 187 158 149 179 188 191 189 168 175
191 175 177 184 181 186 198 214 203 190 177 184 202 210 181 190 174 177 148 118 174 172 142 146 171 174 189 175 161 141 163 195 211 218 228 199 164 176 169 151 172 189 199 207 196 188 177 190 192 212 153 154 176 181 202 184 191 180 177 191 198 183 196 189 166 157 123 135 172 181 179 181 172 182 160 151 161 161 168 177 182 187 187 185 179 188 182 177 175 184 163 172 181 185 173 175
187 178 197 210 203 198 219 228 229 217 204 190 178 162 200 210 200 182 182 185 164 169 156 165 177 156 165 176 179 172 172 171 191 207 235 213 161 162 162 149 158 185 196 210 188 132 110 148 179 172 194 198 194 202 227 222 215 213 198 197 166 144 190 197 147 143 183 191 169 165 173 182 181 184 173 162 167 164 164 168 160 148 159 169 171 199 220 191 174 154 151 183 185 171 161 178
138 188 216 222 210 211 223 209 199 195 182 176 178 172 176 173 170 166 182 205 195 194 171 161 174 161 157 164 177 176 179 168 189 194 212 200 168 153 175 192 174 176 132 136 162 135 126 136 163 164 164 195 204 213 224 221 207 178 207 208 202 171 198 203 177 176 195 188 155 186 200 157 146 178 175 171 165 169 175 171 162 146 151 166 169 173 194 183 160 182 180 162 165 185 168 159
123 170 198 201 190 197 213 210 200 207 211 186 184 181 196 170 158 150 149 157 169 181 188 189 185 177 152 171 178 179 170 193 182 177 190 201 193 187 192 194 192 165 155 176 183 203 194 196 197 187 183 183 208 210 193 195 194 178 149 163 161 126 174 214 198 194 204 198 149 153 158 146 157 159 176 186 182 178 181 151 119 142 163 176 192 193 175 164 160 183 196 190 173 190 174 150
194 157 161 152 146 175 197 182 197 206 222 177 172 175 190 205 159 150 178 177 180 181 184 185 198 192 189 190 188 179 190 193 166 164 212 224 191 173 198 222 221 195 200 188 206 190 236 215 212 208 187 175 188 219 195 187 154 175 167 140 117 91 102 120 123 186 214 174 143 168 159 146 176 164 175 184 183 182 174 159 163 153 155 140 233 196 171 187 173 180 180 184 189 174 158 134
216 202 202 167 131 169 194 166 151 193 220 212 171 178 180 208 195 182 186 178 161 159 190 191 170 175 164 133 162 169 179 184 181 189 219 208 198 194 210 229 207 186 201 198 196 200 208 214 212 199 201 190 199 209 207 202 187 208 211 193 157 124 139 180 187 179 159 151 199 205 195 170 164 188 187 185 169 174 173 150 153 161 137 133 172 178 189 212 197 191 189 174 176 177 160 145
192 181 189 190 163 193 206 195 188 188 199 208 157 136 156 168 176 176 158 148 151 155 161 163 159 180 174 141 159 181 201 187 200 192 198 194 198 223 209 249 230 222 216 215 201 196 193 235 220 209 215 181 194 192 190 205 194 211 224 216 214 195 179 205 215 202 176 203 205 191 191 192 179 150 144 172 168 159 151 155 177 147 116 137 209 237 204 214 182 186 200 195 180 163 147 121
189 195 194 204 155 166 196 205 193 195 175 193 181 158 181 183 142 163 182 172 132 143 166 188 183 183 176 176 173 173 172 178 174 184 221 214 209 166 169 223 220 224 224 203 233 233 206 205 212 202 190 159 181 209 200 202 225 217 211 195 180 169 167 190 193 186 180 181 184 187 179 177 167 145 147 176 176 155 144 174 187 162 122 132 216 187 219 207 185 179 205 205 189 167 189 161
178 198 186 154 166 173 176 194 202 203 154 141 124 115 185 204 166 164 172 153 132 155 178 180 180 175 160 164 170 176 154 152 192 206 225 223 218 182 217 220 215 217 226 217 216 221 213 210 228 206 189 200 188 186 191 203 217 189 176 172 162 170 186 175 172 186 170 169 112 150 184 193 196 186 168 161 162 154 159 174 186 207 190 157 196 195 183 171 181 175 188 188 194 192 202 177
159 129 129 160 174 171 170 197 199 176 147 124 116 108 167 216 188 170 168 143 154 157 151 171 197 176 159 176 167 166 155 162 209 218 193 206 214 213 188 232 203 195 189 212 213 216 214 223 221 209 194 209 215 185 187 188 176 191 174 160 174 195 196 184 187 195 208 203 153 155 188 191 198 194 168 165 163 164 170 179 191 207 208 213 196 163 171 194 203 159 162 170 174 200 192 174
166 153 116 141 170 181 166 156 181 159 181 144 163 156 174 178 168 185 193 178 168 173 175 175 162 174 191 170 151 176 159 147 171 207 203 182 190 201 203 209 214 200 192 211 208 219 213 219 208 191 174 190 191 181 175 177 162 162 182 169 186 201 203 191 179 198 199 191 188 170 194 198 190 200 172 176 172 171 163 169 184 179 166 147 156 159 156 165 182 178 138 152 147 143 130 127
154 189 185 174 184 178 138 148 169 170 179 162 184 192 201 174 163 165 165 166 188 180 172 184 182 195 200 197 197 190 180 175 157 173 208 204 182 205 211 215 185 188 196 177 197 223 208 222 205 182 188 185 177 184 169 194 196 199 205 177 198 199 193 197 178 156 183 179 186 173 186 189 170 185 172 178 192 166 168 172 173 164 148 160 168 181 162 174 189 204 188 164 164 140 115 132
203 172 168 184 182 194 151 149 174 216 195 155 143 156 160 159 178 148 150 170 192 191 181 180 180 199 207 206 191 182 183 185 210 216 228 221 192 196 203 200 182 196 197 185 190 190 176 193 197 187 198 199 197 205 194 202 212 211 196 166 192 216 213 202 199 194 219 209 194 209 194 200 182 176 192 182 184 173 167 177 172 169 161 157 164 174 175 197 201 182 194 184 162 140 116 130
200 182 163 194 192 181 179 167 196 192 211 182 149 134 118 144 166 167 160 176 188 198 195 166 196 191 178 178 180 175 189 233 238 216 214 209 202 187 193 200 184 191 185 181 167 175 176 161 192 201 196 199 190 181 179 180 210 222 222 190 192 239 232 192 183 195 202 206 161 177 182 201 193 193 206 202 193 175 176 205 212 196 187 163 177 188 188 183 193 186 155 170 155 139 128 114
213 224 205 208 196 171 167 176 180 177 195 183 142 128 125 136 148 155 149 149 165 250 157 159 172 163 159 183 184 180 207 223 212 191 197 191 201 213 211 221 205 177 187 184 189 202 206 187 175 174 187 207 202 187 188 187 214 215 211 206 179 205 218 202 191 192 172 189 183 180 198 211 190 183 205 201 177 179 187 196 208 206 224 227 211 201 171 181 190 176 133 137 150 156 165 148
192 207 213 216 203 204 201 132 142 170 141 183 166 170 167 153 143 142 140 169 178 169 171 160 156 179 178 162 185 178 167 160 178 194 218 212 224 236 229 209 189 186 208 191 199 205 191 189 175 167 188 189 195 205 166 237 217 191 200 215 203 202 219 225 220 209 194 211 202 194 184 177 140 173 177 144 130 180 201 195 190 184 192 220 166 175 186 193 212 190 167 160 153 169 166 163
193 199 220 209 174 189 211 161 138 159 153 149 178 171 183 183 146 143 146 136 131 176 212 221 203 200 226 199 196 189 192 182 193 167 197 228 238 211 192 187 180 173 184 188 197 202 176 182 180 149 157 160 156 180 217 239 226 192 191 200 166 195 192 195 189 180 183 220 185 152 187 193 179 181 167 153 150 183 193 194 204 206 210 217 215 207 190 194 196 185 155 123 152 150 145 178
204 207 213 187 157 195 177 164 176 174 187 199 168 143 142 139 149 159 164 159 128 141 170 189 177 186 241 250 199 191 175 205 211 180 192 206 220 178 132 167 188 185 149 177 210 202 190 173 179 162 172 189 171 157 177 217 199 192 221 207 165 181 197 213 187 170 173 208 204 157 190 206 181 177 185 196 185 187 203 222 201 204 203 205 209 207 201 185 164 153 157 148 122 123 136 148
228 206 172 155 179 167 164 193 181 144 172 166 141 130 114 132 141 158 189 198 165 130 135 173 160 175 211 234 209 171 138 184 204 187 185 192 214 186 177 170 189 203 155 183 216 206 181 153 169 184 177 164 175 179 173 183 171 195 210 198 185 183 220 213 221 202 208 215 215 199 187 194 188 173 184 194 193 194 204 195 199 175 151 187 208 207 192 203 187 161 159 129 122 144 157 152
220 221 184 194 194 205 174 165 178 136 103 121 140 159 161 175 176 203 206 200 175 187 185 156 173 169 196 226 218 187 176 199 203 187 167 157 191 179 194 216 221 196 176 207 237 204 180 177 191 179 164 147 147 170 180 178 186 211 184 158 162 196 240 228 219 200 194 201 207 226 204 193 209 191 166 161 172 192 196 180 192 194 184 207 211 213 197 190 180 181 179 155 143 144 171 163
230 179 174 163 184 180 179 173 187 151 142 164 162 165 177 165 159 191 196 185 147 151 171 165 168 168 169 184 170 153 178 196 190 177 169 175 182 215 219 204 224 216 200 213 205 199 195 188 214 193 173 174 161 172 184 169 186 205 190 120 116 198 246 215 200 201 196 219 210 213 196 183 174 184 179 180 198 202 216 206 197 195 200 204 210 198 173 190 163 159 203 169 161 162 167 162
190 175 184 194 183 192 178 166 186 188 179 185 171 158 142 162 161 184 181 163 154 176 175 186 191 209 206 182 162 153 178 165 159 186 185 157 167 203 208 173 197 210 189 141 133 167 165 156 186 197 176 190 184 169 144 203 204 203 195 164 170 205 226 226 210 200 206 226 217 203 192 191 178 183 196 198 197 207 209 185 184 204 205 210 208 175 149 190 206 202 160 149 132 154 178 156
