examples/data/proba_v_italy_sicily/probav_s10_toc_x19y03_20150601_333m_ndvi_v001.txt
ncols         1127
nrows         589
xllcorner     12.348214285714
yllcorner     36.598214285714
cellsize      0.0029761904761905
NODATA_value  -9999
[rows 245 to 293 of 589, columns 288 to 383 of 1127]
116 118 127 136 186 220 198 162 135 130 128 136 143 146 139 133 151 159 179 153 141 131 125 123 139 119 129 153 169 176 174 176 183 193 202 186 180 203 200 198 215 200 197 176 158 163 181 204 201 181 178 163 182 181 168 161 158 152 164 158 165 161 161 169 172 168 154 146 152 170 165 165 155 150 148 152 151 136 122 135 138 140 152 150 152 150 134 127 160 171 161 155 162 171 180 188
127 126 127 134 161 171 175 140 129 130 122 132 148 130 134 134 164 165 146 149 132 127 139 126 130 143 143 147 163 147 158 152 162 160 162 171 187 214 205 197 198 194 198 199 188 190 201 203 209 191 162 173 171 149 129 135 147 152 155 143 154 156 155 155 178 167 154 146 143 162 171 159 151 148 154 159 161 151 112 84 122 138 142 153 146 146 142 154 173 174 172 131 144 156 151 143
112 113 119 136 158 189 190 165 141 144 139 137 147 137 140 148 153 154 142 132 115 123 138 135 145 134 123 115 135 134 132 150 147 128 148 184 160 160 176 195 196 186 186 208 221 202 192 207 185 183 180 167 176 171 127 130 144 138 144 158 157 145 142 147 151 157 160 146 143 164 178 168 145 142 151 162 154 133 137 118 125 151 153 144 132 144 159 167 159 160 183 154 144 137 148 147
119 130 131 154 141 163 170 172 155 149 138 131 136 143 137 149 165 145 157 138 128 124 126 120 120 119 124 123 131 131 130 145 158 154 152 131 133 146 177 185 182 182 178 193 216 231 229 213 202 193 183 161 146 153 146 139 145 135 129 143 137 130 131 137 141 143 139 140 139 156 155 152 131 139 148 151 126 115 146 168 160 172 167 155 155 161 166 166 152 153 166 150 141 137 161 172
150 142 122 128 125 135 149 156 157 151 146 139 135 147 145 154 156 138 124 130 131 127 123 132 127 121 126 132 128 130 123 139 155 139 130 139 176 170 156 167 187 203 199 193 225 226 204 198 219 207 188 159 140 131 135 141 147 118 114 127 132 131 136 125 131 143 124 128 135 146 146 144 130 126 136 155 148 139 135 161 153 179 172 158 163 168 166 164 164 158 152 139 153 162 176 178
142 144 129 132 144 105 107 131 139 135 133 134 140 154 154 149 157 130 132 151 124 116 127 120 119 123 132 136 122 125 110 135 144 131 133 137 165 169 189 185 192 192 180 181 217 223 188 176 196 195 179 147 132 127 134 141 148 144 144 139 157 142 146 150 153 157 133 128 133 131 129 149 137 121 130 148 148 138 143 165 162 168 164 177 167 173 182 184 181 172 168 158 157 182 173 174
125 150 145 138 152 127 121 121 120 124 134 136 129 131 151 161 154 139 137 156 151 141 151 134 124 124 126 123 114 111 114 136 148 150 154 152 157 154 186 201 186 162 164 148 159 188 174 178 187 188 171 134 120 128 142 146 155 160 159 170 157 134 147 129 142 148 140 136 148 152 146 145 145 124 126 136 141 147 158 141 137 166 150 148 151 158 185 181 184 189 185 174 173 188 180 166
144 134 132 139 142 132 129 137 121 116 129 140 138 136 160 160 140 135 132 144 157 151 130 126 124 119 114 96 76 74 111 141 153 156 156 166 157 138 143 159 160 145 151 145 155 149 176 190 165 153 153 139 127 133 135 137 150 143 148 166 146 135 129 130 154 159 151 139 130 133 145 154 160 139 129 135 154 162 150 143 151 159 131 136 159 157 170 156 157 144 174 171 174 182 168 154
120 116 121 130 131 122 112 131 133 119 128 137 146 132 135 151 148 137 124 131 127 129 128 122 126 127 126 116 104 101 109 120 135 145 147 156 146 147 125 140 149 159 164 158 175 194 185 205 203 173 132 117 113 119 126 134 140 126 149 165 147 139 136 123 151 143 137 138 149 158 158 132 140 150 141 132 156 174 159 152 149 150 141 146 164 175 173 149 144 158 180 176 147 150 163 163
155 151 146 138 128 125 120 123 122 128 132 156 143 137 123 116 142 146 132 127 127 126 125 125 141 161 155 132 121 116 122 129 127 140 146 149 132 130 125 129 137 141 127 146 178 186 176 183 193 169 120 107 122 124 135 148 145 146 155 180 172 176 178 161 165 157 139 139 149 164 154 141 129 148 135 138 161 175 149 129 142 156 169 182 180 194 185 175 155 168 180 181 167 171 158 153
128 124 135 144 136 130 123 117 121 135 140 162 150 136 134 123 133 155 150 142 137 135 131 131 168 189 166 139 127 130 124 122 129 136 143 143 138 143 143 131 137 146 123 120 156 165 150 159 153 148 130 120 126 127 123 135 144 157 148 158 151 165 169 155 150 150 150 161 161 161 158 133 124 151 147 139 155 149 135 138 149 159 151 153 162 165 179 169 171 168 185 184 168 160 148 160
153 159 155 159 164 159 149 138 141 144 128 131 154 137 126 139 131 134 150 156 136 132 137 143 138 140 136 127 108 97 117 117 117 134 141 143 138 133 136 152 152 154 156 126 129 141 150 153 145 132 122 120 128 132 126 123 136 144 136 129 121 140 147 149 149 143 140 156 156 148 163 160 139 152 167 169 159 149 144 149 135 134 132 153 153 142 173 141 141 156 172 176 173 183 176 172
163 156 149 139 152 171 165 147 152 160 157 149 164 160 125 154 149 136 140 150 147 148 144 142 122 118 122 126 116 100 106 121 133 140 124 143 152 137 125 130 132 124 152 140 127 142 151 156 149 146 138 146 136 126 143 150 136 150 151 141 125 132 152 164 163 157 147 153 156 130 126 170 158 148 121 119 141 142 134 125 123 126 128 136 161 152 156 158 151 152 165 156 168 186 178 167
153 154 154 157 169 171 167 169 171 153 147 144 151 152 152 155 146 138 128 138 144 145 140 130 128 126 122 112 115 128 128 119 126 127 112 123 132 150 141 128 117 114 143 160 148 145 147 153 148 130 136 151 147 138 130 141 135 130 129 135 143 160 168 167 163 161 155 153 149 97 70 102 131 91 84 141 141 144 149 134 115 141 143 163 165 162 170 161 140 139 154 150 166 173 179 179
171 169 169 172 169 175 162 149 149 150 150 148 148 150 154 156 155 151 149 171 144 121 125 127 124 125 126 125 119 122 131 128 122 114 85 109 118 146 152 143 140 132 135 151 146 143 152 143 139 141 164 143 132 147 136 139 151 137 144 156 149 162 156 158 167 170 167 161 145 102 52 45 111 117 109 144 148 125 105 104 107 110 111 143 166 164 159 153 130 134 158 162 164 163 165 163
162 162 143 111 97 107 133 130 139 169 172 163 166 156 148 143 132 126 141 162 129 117 124 119 117 129 126 122 119 123 140 146 141 122 89 140 191 175 162 151 140 132 130 132 138 141 143 131 136 133 149 129 117 132 145 137 147 158 153 150 133 140 158 165 171 171 167 165 143 124 112 130 161 160 155 150 147 129 118 124 120 121 116 113 133 137 128 135 123 125 139 150 153 146 156 147
146 123 114 106 129 143 149 149 149 182 166 166 167 155 139 141 140 135 137 155 143 121 124 123 114 114 120 130 123 124 132 146 130 107 114 133 142 143 142 129 121 110 121 128 124 120 125 145 155 155 155 141 120 133 154 150 160 150 146 139 123 124 151 163 163 161 146 140 141 151 145 162 164 143 152 148 144 144 119 111 109 117 125 122 115 112 112 122 124 128 150 143 132 136 149 152
144 117 117 127 136 144 157 161 136 131 143 148 149 147 130 119 124 121 130 145 139 130 134 144 119 119 133 137 119 118 106 90 109 124 143 122 108 121 139 135 132 123 117 123 124 125 130 125 130 157 155 163 163 167 170 165 152 147 135 134 133 124 135 150 152 153 145 140 152 163 167 165 156 133 140 142 139 158 155 129 127 130 132 101 108 103 107 111 126 132 139 148 122 144 172 177
140 144 140 151 145 136 145 163 136 131 139 148 144 134 130 120 121 128 142 146 158 127 111 125 126 121 121 115 114 118 114 108 119 134 142 133 123 135 142 142 147 154 139 121 119 135 143 133 146 160 149 152 167 171 149 146 146 149 146 136 147 151 135 129 143 157 155 156 156 137 139 144 132 126 143 142 136 144 148 130 124 137 146 109 95 112 111 121 144 163 180 164 151 174 176 194
138 143 134 137 147 147 140 142 145 135 146 138 126 131 135 126 116 119 135 147 166 140 111 121 122 104 108 120 125 132 129 119 137 139 135 138 129 135 140 141 137 145 146 134 131 141 150 144 131 136 148 137 156 160 139 127 122 138 133 134 159 172 160 156 151 159 159 155 156 141 143 141 125 136 158 147 133 119 120 132 141 147 144 150 135 122 105 106 138 166 182 205 189 194 196 167
136 152 130 132 145 154 141 131 143 143 136 152 139 115 117 114 112 123 143 139 175 154 123 125 116 106 109 114 128 129 131 134 160 146 139 151 148 147 151 160 171 182 166 147 146 154 135 129 146 148 161 146 138 136 122 118 122 134 131 124 147 169 185 192 169 163 163 122 147 145 159 159 139 126 138 135 126 122 127 129 129 126 121 126 124 125 115 104 114 143 171 168 174 174 176 146
127 150 130 141 149 151 138 127 120 140 115 127 137 116 109 120 131 144 148 135 172 174 155 163 141 139 139 131 133 129 126 130 141 142 128 135 153 145 140 141 147 139 155 155 145 132 124 122 141 143 142 133 124 124 114 115 127 136 138 136 144 147 151 166 183 174 150 139 147 144 149 154 150 138 127 126 137 138 139 147 133 122 131 124 120 130 126 107 113 126 125 129 139 150 166 166
133 134 140 134 137 134 124 132 123 132 128 119 126 142 136 114 123 137 154 141 142 157 171 131 132 140 134 128 138 129 129 131 134 139 142 146 137 125 127 137 126 111 113 125 130 134 125 117 127 129 128 137 130 112 109 116 140 148 157 172 178 164 148 156 162 156 157 166 149 143 151 154 140 137 137 132 141 155 149 146 143 135 130 127 127 133 126 120 115 123 130 140 145 138 147 155
142 132 134 126 137 136 131 126 127 121 124 134 136 132 127 134 157 176 169 167 129 152 176 141 135 137 142 146 157 138 127 125 130 128 125 136 129 120 125 131 127 111 109 103 110 123 134 132 134 132 131 142 141 120 124 132 147 149 152 162 172 177 161 155 150 165 171 163 153 130 134 131 130 136 147 136 131 139 132 132 139 131 117 136 148 145 136 120 124 110 110 124 121 130 161 172
141 130 132 130 142 141 138 134 133 138 121 125 136 137 129 139 137 143 167 182 146 138 173 157 156 147 142 143 145 141 128 116 116 134 136 128 115 125 130 130 131 121 127 126 122 131 149 140 121 130 139 137 132 125 124 125 134 137 144 153 172 175 177 162 140 144 158 145 144 134 146 142 132 130 141 151 145 152 141 133 134 131 114 163 167 151 142 120 118 112 105 113 115 129 168 147
142 136 132 144 144 132 133 134 142 151 131 140 158 152 136 137 156 148 178 184 158 130 139 135 136 137 142 158 154 151 137 125 116 120 126 113 108 121 127 134 138 132 128 128 129 133 131 148 134 134 139 124 133 145 147 145 138 142 139 156 170 178 187 173 144 157 164 148 149 138 135 138 136 129 128 134 134 148 147 131 133 133 133 147 143 121 131 129 123 120 101 95 105 114 123 115
134 137 122 121 131 137 145 140 142 153 151 131 129 122 120 141 152 139 137 149 158 142 152 129 127 123 128 143 147 140 127 125 121 110 114 108 120 129 129 128 122 126 137 137 133 135 140 140 141 131 120 133 142 145 135 148 151 144 140 144 145 175 176 182 156 148 144 139 134 132 119 114 113 113 126 129 122 133 148 146 148 136 105 106 109 108 120 122 133 139 124 108 104 104 98 101
130 135 129 134 141 138 147 141 133 142 148 130 117 123 128 137 142 167 137 144 153 131 137 126 128 129 134 138 139 127 116 119 122 121 124 119 117 110 116 120 125 139 133 127 134 129 128 122 114 113 113 135 132 132 129 132 137 125 129 138 148 145 130 127 146 145 139 143 133 119 117 107 117 130 122 120 127 130 128 127 138 156 146 127 133 123 122 108 119 117 125 124 123 123 123 121
119 124 147 147 143 142 131 125 124 136 142 133 122 126 132 129 129 138 147 149 145 123 124 126 135 143 129 129 121 118 118 125 125 121 116 111 113 116 133 137 134 136 125 111 123 126 120 112 113 105 110 125 123 129 134 136 133 114 125 131 128 132 132 124 127 124 123 137 140 131 130 134 140 135 133 122 126 130 131 134 146 148 143 142 129 121 116 115 118 101 122 134 125 120 117 106
116 117 135 121 116 125 135 125 121 123 124 121 122 117 120 131 140 147 146 148 126 127 134 116 134 140 135 138 132 132 131 122 128 127 119 118 114 114 140 149 130 124 123 115 109 113 111 121 127 116 106 118 123 117 120 121 129 120 114 114 114 121 121 123 128 128 119 127 144 150 140 141 143 131 123 127 121 121 124 119 126 135 127 133 119 114 115 124 118 103 114 118 103 115 118 114
109 109 117 112 115 132 136 117 111 112 112 122 128 122 111 110 139 149 149 135 113 135 161 146 153 154 117 130 129 121 136 137 118 107 105 115 127 122 118 119 123 127 127 117 113 122 123 129 129 120 106 112 109 107 116 112 118 121 111 111 116 119 121 134 133 136 130 114 123 132 137 137 136 136 111 115 126 116 118 124 131 143 145 135 125 121 118 114 112 120 115 105 106 128 126 121
110 104 104 108 116 136 149 124 127 142 120 113 118 127 120 108 133 150 141 144 136 135 131 131 141 142 129 146 132 132 152 138 118 120 132 119 128 133 124 107 113 122 115 94 100 118 112 111 122 127 126 128 112 110 111 117 122 121 121 124 129 125 127 125 123 137 134 113 108 117 132 133 135 137 124 124 132 120 118 130 137 139 148 140 132 133 133 143 146 134 121 119 120 128 128 116
106 109 118 112 108 124 139 138 142 154 123 114 126 129 136 136 134 139 136 150 131 132 136 140 147 146 141 126 90 111 141 135 121 124 143 135 119 122 129 118 110 116 122 107 105 113 115 123 132 138 137 133 129 115 116 121 119 114 127 131 134 124 115 123 119 126 121 119 119 128 138 125 121 122 124 134 137 131 131 126 133 138 146 140 123 128 129 128 134 138 131 126 125 129 128 119
118 140 138 129 118 125 133 132 131 138 130 117 117 130 142 159 156 149 147 150 141 143 127 124 143 151 132 132 120 96 92 114 116 125 128 110 122 123 129 124 116 115 114 118 122 127 126 118 115 131 131 125 126 118 124 126 117 115 123 132 129 117 109 123 130 121 125 131 115 111 130 125 121 123 128 137 116 110 131 132 129 133 138 138 125 123 132 128 110 118 134 131 131 143 137 123
118 127 132 141 122 125 139 132 126 125 125 118 109 121 133 134 128 132 150 129 123 138 132 117 126 130 129 131 137 124 118 122 124 141 132 105 126 147 144 133 124 120 116 112 122 127 125 122 141 139 122 121 115 122 140 131 131 130 115 114 124 122 120 121 130 123 118 125 133 133 130 111 114 132 140 129 106 82 106 134 142 150 154 150 144 137 132 124 132 124 127 130 136 158 160 141
123 130 131 147 128 120 129 139 137 131 127 122 123 127 134 147 147 149 145 124 128 142 139 125 122 125 125 119 131 133 124 131 136 157 146 131 124 141 141 135 132 123 126 119 121 123 122 133 130 131 138 127 124 115 128 140 136 119 124 129 134 148 141 130 137 139 133 127 141 151 145 139 138 137 130 124 118 99 102 121 122 127 141 156 151 141 121 111 134 133 124 120 134 159 160 145
128 123 124 134 118 118 131 135 138 133 117 121 135 145 151 171 163 127 125 121 123 131 139 142 136 138 131 126 138 153 146 130 129 132 126 119 124 133 134 123 125 133 134 135 128 124 116 118 116 116 132 145 137 115 118 124 118 112 117 125 126 125 125 121 128 139 143 139 143 148 146 131 132 134 132 127 112 98 109 128 130 125 137 156 157 131 110 113 138 129 119 120 122 120 126 131
135 121 124 132 121 124 138 138 127 123 116 124 158 166 153 160 159 149 132 133 137 137 139 124 121 103 125 140 148 141 124 124 127 121 118 118 116 128 127 120 127 136 140 149 138 128 126 130 126 124 121 133 135 115 111 126 133 124 125 128 129 121 122 112 125 140 147 144 137 129 126 134 134 131 120 126 115 118 126 120 136 141 144 152 153 130 113 125 143 132 127 124 120 117 120 131
113 131 145 161 158 147 144 135 117 117 116 137 162 157 143 156 167 166 157 156 149 150 123 107 115 111 139 160 147 146 148 131 121 115 109 116 117 114 123 130 136 131 129 124 127 125 110 124 131 124 111 112 121 125 124 130 125 113 111 123 125 116 120 117 116 123 140 152 153 142 132 147 127 121 111 119 129 133 148 131 136 148 152 159 156 143 129 146 153 124 130 132 121 125 141 153
116 129 135 136 158 167 137 125 131 122 112 127 158 165 162 150 140 148 161 168 146 133 95 76 100 117 138 147 129 125 154 141 119 117 116 119 114 109 131 133 113 119 124 122 122 127 113 122 124 118 119 123 134 129 109 105 108 106 105 105 112 121 108 103 102 113 121 134 136 148 147 148 135 124 131 131 137 130 144 134 131 155 170 161 148 143 143 147 155 123 123 148 144 129 140 151
146 138 129 133 155 173 160 137 142 163 158 151 144 161 167 157 146 138 135 130 84 57 61 72 102 122 130 128 118 118 121 115 115 119 126 131 119 140 181 156 116 117 118 110 111 115 117 112 118 114 109 118 136 131 114 111 112 114 117 122 121 113 99 96 81 87 101 113 120 129 143 138 134 138 133 134 143 142 140 138 131 132 155 156 146 152 149 152 153 133 118 134 153 145 147 152
133 126 127 143 172 182 164 146 151 174 163 157 174 173 133 121 118 117 86 71 68 61 61 90 106 124 117 113 114 121 125 123 118 117 129 150 146 147 172 129 92 95 116 123 106 102 113 103 110 121 115 112 113 114 117 121 125 134 135 152 151 135 103 100 101 96 91 102 122 127 124 131 139 140 140 155 144 140 150 155 148 135 149 158 153 152 134 150 139 117 128 151 157 142 147 154
117 122 135 159 174 185 173 179 178 170 146 155 185 167 125 114 123 120 91 84 82 74 79 100 117 126 110 103 107 117 131 139 126 129 137 144 142 123 129 126 106 105 111 112 104 101 117 123 123 116 105 116 134 129 122 123 129 138 145 152 144 150 119 110 111 103 98 100 121 132 131 138 141 146 158 167 143 142 163 157 146 141 141 143 139 130 116 112 130 136 137 150 154 146 134 126
117 138 156 164 173 171 175 183 167 142 144 153 163 162 147 123 126 141 106 79 74 76 91 112 116 115 106 106 112 122 154 161 141 144 142 125 131 133 141 143 132 108 100 102 106 95 113 120 125 113 104 120 141 148 127 118 128 139 155 155 134 119 112 111 121 113 108 98 103 118 127 137 133 156 161 147 141 159 178 168 153 136 129 122 114 123 123 115 124 133 138 138 138 145 137 141
150 155 166 182 182 180 179 157 135 149 160 166 154 130 122 122 128 133 107 81 76 70 88 114 123 128 105 108 121 137 142 144 146 151 125 103 104 129 138 149 139 116 117 114 113 112 117 108 113 116 110 106 112 129 140 131 135 156 160 157 149 121 116 121 124 119 120 112 109 115 120 124 123 161 169 158 164 177 182 176 176 161 135 137 140 149 148 133 134 136 145 146 129 147 140 125
165 157 163 184 199 188 170 145 136 144 143 151 150 121 99 107 128 126 108 93 91 83 96 111 123 136 129 111 121 131 146 157 149 116 109 105 103 100 110 113 115 122 127 114 102 99 98 94 106 118 118 105 107 114 128 137 126 132 145 151 154 155 155 151 127 116 122 107 110 122 122 119 129 163 170 169 179 180 176 174 173 172 141 137 146 146 149 134 129 120 95 117 124 148 163 148
141 157 170 184 183 170 141 125 127 134 121 121 128 135 127 117 124 134 141 122 104 112 124 117 115 123 141 152 141 139 144 153 145 113 110 115 115 102 109 117 114 123 116 109 101 103 122 130 129 140 156 158 141 121 107 116 121 125 125 124 135 147 150 144 130 117 115 106 116 132 126 139 147 168 168 157 171 172 172 172 176 176 152 140 144 149 134 132 150 149 131 145 156 161 166 160
148 149 179 170 163 161 132 121 131 137 126 134 142 145 149 139 127 130 139 129 128 126 119 122 116 123 128 153 135 130 150 154 130 113 114 113 112 105 120 131 120 113 108 98 97 111 135 127 114 126 155 183 182 164 145 145 149 143 132 134 139 147 142 127 123 116 116 112 130 143 124 133 173 181 175 169 169 159 137 145 176 169 136 132 122 127 136 162 176 143 141 143 147 156 153 146
131 158 164 156 160 150 126 132 139 139 140 155 163 158 152 147 142 125 113 122 134 127 121 126 132 135 140 155 147 142 149 140 120 101 110 116 114 109 111 109 114 109 107 111 108 116 131 131 125 114 138 169 181 174 166 173 177 157 129 111 134 148 149 136 123 111 116 141 145 138 124 123 160 176 180 180 183 181 165 158 177 164 129 134 124 123 141 175 186 157 142 137 143 154 148 137
