examples/data/proba_v_italy_sicily/probav_s10_toc_x19y03_20140921_333m_ndvi_v001.txt
ncols         1127
nrows         589
xllcorner     12.348214285714
yllcorner     36.598214285714
cellsize      0.0029761904761905
NODATA_value  -9999
[rows 208 to 259 of 589, columns 480 to 575 of 1127]
73 72 67 69 78 79 72 70 73 80 81 68 65 74 89 97 96 106 111 107 100 108 117 111 90 78 81 86 91 94 100 86 83 94 90 86 74 61 72 76 70 73 80 92 96 80 79 88 95 75 66 73 70 75 78 68 71 78 89 75 78 86 77 76 91 103 96 89 89 80 85 86 76 79 77 71 68 72 76 74 67 71 72 72 74 70 70 68 74 75 72 90 95 70 59 66
86 77 68 69 73 71 72 74 73 72 65 65 69 78 101 108 104 110 108 117 106 106 123 108 93 96 93 81 80 84 95 98 84 86 82 72 72 75 83 77 73 80 94 91 90 96 86 87 83 72 76 85 78 79 79 62 61 70 79 81 66 68 75 76 97 106 91 84 80 78 95 94 77 90 93 83 76 61 66 70 69 72 70 68 74 72 62 67 76 77 83 83 80 77 67 58
75 55 67 71 71 75 74 74 65 65 65 62 67 76 87 108 102 101 113 119 121 124 120 88 89 94 87 75 78 98 109 119 89 71 75 68 69 72 86 86 82 100 116 112 95 77 69 69 70 75 82 86 85 86 92 86 79 79 72 73 76 75 80 86 91 85 87 90 89 82 76 78 82 89 87 94 95 79 72 62 63 74 81 78 73 75 71 67 72 78 85 71 68 65 64 53
76 60 70 73 72 73 73 72 70 61 63 69 62 65 77 91 93 96 102 110 117 116 114 91 93 88 88 83 80 81 83 104 87 70 76 68 68 76 94 101 79 76 84 95 99 82 76 73 67 72 80 78 83 90 92 87 81 87 74 67 73 76 80 82 80 76 80 80 77 82 80 78 87 82 81 87 87 80 76 61 54 51 57 68 74 80 83 77 82 81 66 66 70 64 66 56
90 74 79 79 72 65 65 69 70 59 60 64 64 71 76 62 88 109 96 104 92 89 103 111 106 93 101 100 81 75 77 90 84 74 68 73 76 70 77 85 81 78 77 82 86 75 66 65 67 70 79 82 81 78 70 66 71 80 71 64 65 77 83 91 92 80 88 81 70 70 77 85 92 84 78 83 78 84 94 80 73 68 67 66 67 82 102 101 79 63 59 63 67 70 66 55
65 63 89 85 78 67 60 58 59 61 66 65 65 77 86 71 94 132 116 106 105 93 89 101 102 95 95 83 72 75 71 86 86 68 72 79 77 75 81 77 77 75 75 75 74 74 80 90 74 75 80 82 76 70 70 74 72 71 76 80 78 81 83 87 102 106 131 94 66 65 74 80 91 78 55 79 85 81 82 82 69 70 78 74 57 67 81 88 76 68 66 71 70 59 57 65
68 63 78 80 76 78 76 67 61 59 60 61 57 58 66 82 112 143 130 120 132 104 80 83 85 91 89 80 78 75 76 76 71 67 71 67 62 52 71 77 78 79 76 71 68 67 74 100 91 84 81 79 80 80 76 71 73 73 78 84 83 95 102 99 90 89 112 94 75 74 79 91 93 86 79 86 98 95 82 78 73 69 66 67 73 80 80 92 94 79 71 75 73 70 64 68
63 63 75 72 70 77 90 96 88 71 68 66 66 63 72 95 114 113 121 116 101 98 115 114 98 89 77 70 76 84 89 71 66 65 69 64 57 67 69 69 72 78 83 79 72 70 73 82 89 92 92 83 85 86 84 81 83 78 76 69 69 93 108 84 81 87 84 75 74 75 80 88 93 85 74 76 90 96 83 73 62 65 80 89 99 84 84 85 126 97 82 82 65 63 70 78
68 62 83 79 74 79 87 93 87 80 73 80 79 82 96 105 103 120 125 104 96 127 144 127 115 126 110 70 70 65 71 76 69 65 66 60 64 67 71 76 77 79 82 78 72 74 77 71 72 72 79 79 78 77 74 76 77 72 69 64 67 84 109 95 85 84 78 79 83 83 82 82 88 84 79 84 87 87 87 76 57 64 99 106 93 97 135 96 95 103 114 110 81 66 74 76
67 68 89 90 81 74 77 90 92 77 68 83 111 111 81 72 76 99 87 84 104 120 132 131 112 119 117 74 57 63 69 81 76 77 75 74 71 70 73 80 80 81 87 96 84 79 77 71 76 80 83 84 86 82 74 66 72 73 71 76 71 76 88 83 80 84 92 92 93 85 77 81 85 87 90 90 79 72 76 69 59 51 57 78 76 97 140 118 90 94 102 103 90 74 73 77
62 70 75 76 86 84 73 82 83 68 64 90 102 108 101 85 80 83 75 83 98 122 124 124 109 119 118 77 67 62 63 61 68 87 72 69 73 67 77 79 71 70 83 83 74 85 84 87 89 82 78 83 84 80 64 59 61 77 80 79 71 73 76 72 76 95 105 95 82 77 64 63 67 76 78 82 82 71 65 53 58 60 52 56 73 83 91 112 119 109 95 95 91 77 61 71
72 82 86 81 74 83 84 86 73 82 79 82 96 94 78 86 101 106 85 93 99 110 129 125 127 130 110 79 77 70 57 54 63 75 56 66 79 70 70 70 72 66 79 80 71 76 78 76 73 71 72 67 59 60 60 64 70 63 72 67 77 82 74 75 76 95 106 93 87 79 71 64 65 62 84 96 88 87 81 75 75 72 74 72 69 72 74 80 95 101 95 93 96 90 72 70
72 90 82 77 70 77 69 66 76 92 93 98 103 106 104 89 74 86 97 104 94 74 87 123 121 101 93 77 69 66 53 52 65 65 51 54 82 97 87 64 61 59 70 76 73 76 74 69 75 76 67 66 66 60 60 63 69 61 57 71 86 88 80 73 67 86 101 94 87 79 77 79 70 75 120 127 86 84 97 93 83 77 83 85 74 62 70 78 92 102 107 104 101 107 84 73
81 79 77 76 75 78 77 74 77 95 100 106 102 88 93 97 84 76 75 80 81 97 97 126 148 112 77 75 64 65 59 58 62 51 50 62 63 65 64 64 63 67 66 67 79 87 84 72 66 69 65 64 67 62 58 61 58 58 62 84 90 84 84 83 77 79 100 87 70 68 74 85 69 71 98 106 89 85 91 80 72 62 83 80 75 61 71 81 88 84 94 105 105 146 116 76
80 82 74 72 79 83 79 84 90 100 102 104 100 93 93 95 100 98 93 95 85 70 69 86 106 113 110 97 83 72 73 80 67 50 54 59 60 62 65 62 62 70 66 70 78 86 86 72 66 66 67 71 73 77 74 64 69 82 78 86 83 85 91 97 100 102 107 91 79 71 77 88 79 88 105 97 93 82 73 59 53 60 78 76 73 72 71 75 84 89 93 98 109 121 107 75
66 68 66 73 81 83 73 74 86 99 97 86 87 101 106 94 92 102 97 96 90 87 67 65 63 73 90 89 83 93 83 86 80 56 63 68 62 60 59 68 69 65 71 81 82 79 76 76 75 62 66 76 78 89 86 71 73 94 87 89 91 92 88 86 103 110 109 89 71 63 77 115 98 83 89 79 77 76 68 60 61 79 94 80 60 65 71 65 66 73 79 83 99 103 102 99
66 70 71 77 81 89 78 73 104 118 97 94 92 93 94 97 96 85 74 77 79 78 82 78 81 74 62 64 60 71 79 85 66 66 65 68 64 64 65 74 70 70 82 81 74 68 80 84 78 71 76 82 83 72 75 77 86 95 87 89 102 117 117 100 107 111 104 92 74 66 66 73 74 67 81 96 92 82 79 82 86 96 93 73 71 63 68 68 70 65 65 58 67 91 87 81
70 75 70 71 70 76 75 94 115 114 94 97 107 106 104 104 105 81 63 72 85 90 98 84 83 73 60 66 63 52 55 74 68 77 106 73 59 71 80 78 79 74 79 81 76 70 80 89 77 79 85 87 83 72 77 86 93 94 83 75 95 120 119 111 116 115 109 92 70 63 62 63 82 96 94 96 92 82 79 90 121 107 80 70 72 83 91 95 69 58 63 65 76 99 99 89
68 64 62 65 69 65 71 91 82 82 99 101 106 111 109 105 105 97 90 100 100 90 87 81 65 64 61 69 85 88 83 83 67 61 88 90 69 77 86 75 73 68 69 72 72 77 83 90 85 83 83 86 82 76 79 81 83 94 80 69 92 119 111 97 100 95 86 90 83 77 83 81 77 75 71 71 68 77 92 95 113 96 70 75 78 77 108 125 102 84 56 60 73 87 98 93
65 65 72 75 71 68 74 72 69 71 81 78 78 82 80 91 110 114 113 117 109 95 84 77 70 74 75 77 89 98 89 71 68 71 103 122 100 91 79 68 64 70 66 64 64 76 78 77 73 76 72 74 80 73 76 74 68 70 81 85 107 112 96 81 86 96 82 84 89 77 72 91 106 98 81 75 70 70 76 93 86 74 64 65 75 100 108 99 115 102 72 57 84 110 89 75
73 63 62 66 75 80 79 78 88 90 79 72 69 72 68 63 66 73 75 79 81 67 58 62 71 90 87 91 117 130 114 78 67 85 95 129 137 101 75 78 74 65 64 62 69 80 71 63 56 63 61 68 74 69 72 71 67 74 76 73 81 69 52 52 71 89 83 76 67 73 64 73 97 95 93 92 81 65 66 67 71 87 85 80 87 100 100 94 110 109 106 74 66 93 79 61
79 71 55 58 72 76 71 66 71 72 70 66 69 74 69 56 59 70 67 61 63 60 56 74 87 85 70 67 74 82 60 55 62 67 65 76 112 123 99 96 74 63 70 84 80 71 67 63 62 63 64 72 61 57 68 70 73 73 70 70 75 85 88 91 104 104 86 80 63 79 86 73 95 104 94 84 75 72 67 64 78 85 95 98 87 85 90 80 87 96 84 60 67 83 93 80
60 56 59 65 68 61 61 62 64 67 72 72 77 88 95 83 78 70 55 60 62 59 59 62 72 78 73 66 66 66 57 51 60 71 71 75 81 96 96 78 67 69 82 93 78 78 83 70 62 71 76 74 65 64 72 76 71 65 68 72 73 77 83 91 97 97 88 106 108 86 77 77 79 87 88 75 68 68 68 68 71 78 91 98 79 83 90 76 91 96 79 65 62 72 79 101
62 56 68 73 59 56 63 64 64 73 80 81 83 95 92 88 72 56 63 64 58 57 66 66 72 75 66 66 64 72 69 65 54 72 80 79 88 96 114 85 69 72 87 97 80 92 90 71 61 64 74 72 71 72 72 67 60 63 68 73 70 73 85 90 92 94 87 85 82 76 88 87 74 74 75 76 56 51 60 62 62 67 85 105 97 70 78 87 88 85 77 69 71 80 76 110
61 58 64 57 58 56 54 68 79 82 78 79 89 88 82 75 66 64 73 71 75 72 63 59 70 78 67 62 65 70 53 52 74 73 91 101 99 87 104 108 89 88 78 65 61 62 66 63 63 71 71 67 71 65 59 66 66 65 68 71 67 64 67 79 84 70 65 83 87 82 81 82 75 71 67 61 57 62 69 74 75 70 84 87 72 56 56 61 75 84 86 71 71 77 72 91
64 70 76 73 66 69 65 69 75 76 91 94 91 75 63 68 66 69 79 94 104 99 84 82 86 81 75 70 74 71 55 55 70 79 92 93 87 77 83 98 119 136 129 86 67 60 67 70 59 60 58 70 74 69 68 74 71 62 71 86 71 64 74 85 87 70 74 80 81 80 82 79 74 67 68 70 75 70 71 74 70 67 66 78 88 83 65 59 75 82 72 63 71 77 68 67
57 61 75 78 71 74 75 72 75 79 88 98 85 74 80 83 76 73 73 87 96 93 71 77 95 85 71 78 81 62 56 57 72 84 96 100 93 81 74 75 85 94 123 93 66 69 69 69 56 53 54 66 66 61 64 65 71 67 64 72 67 69 73 69 63 54 61 62 71 77 84 84 66 68 78 84 83 75 64 65 66 67 62 67 79 83 80 70 80 73 54 48 69 70 72 70
65 64 70 65 62 66 68 69 69 77 72 64 58 75 86 70 68 87 79 76 85 79 77 93 99 93 87 89 77 56 61 83 81 97 92 85 84 77 67 66 78 88 86 76 67 65 65 62 51 49 47 59 56 48 56 60 73 71 63 69 74 80 64 58 61 60 59 57 55 66 73 93 88 86 92 94 83 75 71 73 70 70 68 81 85 76 83 79 71 70 89 91 84 71 71 76
71 59 64 62 63 68 64 69 73 71 68 64 61 62 57 63 71 84 84 73 74 73 88 101 106 94 73 62 58 52 60 84 78 90 93 85 75 66 61 56 73 108 88 79 87 80 73 68 62 56 60 68 56 50 52 55 55 60 70 70 77 81 65 65 67 69 68 60 57 64 66 72 76 76 83 80 71 74 73 72 77 79 76 74 69 67 70 79 71 76 108 98 73 64 67 76
65 57 63 65 66 73 76 72 71 78 81 81 83 92 88 64 58 71 85 78 69 73 91 96 76 77 78 68 62 52 53 70 76 81 78 73 66 58 62 60 69 99 81 58 67 67 68 70 65 70 94 75 62 59 54 55 54 56 58 59 70 70 63 63 64 72 71 63 60 73 70 63 66 66 74 79 67 67 64 73 88 77 77 83 83 70 67 83 78 69 65 71 73 69 70 70
68 71 73 64 60 60 69 68 70 86 92 93 92 104 105 76 67 62 70 72 60 66 73 80 79 81 69 74 71 61 55 63 67 68 71 65 65 60 62 62 66 72 65 57 51 53 58 60 61 70 94 76 66 62 58 54 57 67 76 80 75 63 63 61 56 54 62 65 68 69 62 60 62 62 61 65 60 68 65 66 82 86 93 87 75 74 75 81 82 74 68 76 75 78 88 79
64 74 73 63 60 61 63 65 65 72 78 78 77 83 92 80 74 69 63 70 59 56 70 78 82 85 71 71 62 57 62 63 62 61 61 66 65 58 59 67 65 70 67 64 60 57 55 53 55 61 74 73 70 72 75 78 82 84 77 78 75 62 58 65 61 50 62 77 73 79 74 66 64 61 69 86 70 55 70 74 83 81 85 83 71 65 70 74 78 72 71 69 67 72 82 90
71 78 70 54 56 61 64 59 67 69 70 74 74 72 77 85 75 66 63 67 81 84 77 71 66 72 69 70 66 60 62 68 68 65 62 61 64 63 59 64 67 81 88 71 61 55 61 66 75 98 93 86 94 89 84 77 86 93 89 90 79 58 54 56 62 65 70 77 76 81 87 84 85 72 74 79 70 67 77 69 75 79 86 92 82 70 71 71 68 64 62 57 55 64 71 79
76 67 68 78 64 55 59 60 74 82 81 79 77 75 78 77 75 68 65 67 71 69 61 63 65 61 65 62 64 62 64 60 62 65 61 63 74 80 72 65 66 73 97 91 67 69 83 97 89 81 69 63 71 75 74 71 73 79 77 74 73 64 62 66 70 76 71 63 64 72 75 92 108 91 74 70 84 98 91 83 76 74 78 97 95 81 66 63 59 60 57 57 58 65 65 70
66 56 59 79 89 91 72 66 73 79 85 87 81 71 68 70 64 62 68 72 73 67 68 76 70 65 63 62 63 71 59 63 66 63 63 64 66 66 66 63 63 68 79 92 99 99 88 76 73 67 63 53 60 72 74 71 76 71 70 65 60 68 69 69 78 77 67 61 58 60 66 87 97 83 72 73 82 105 117 107 94 84 75 94 89 66 66 63 59 58 59 65 67 63 68 67
66 64 56 57 60 65 58 61 63 65 68 79 79 78 77 86 84 63 54 59 71 78 75 77 74 64 68 69 63 57 60 60 72 66 64 60 57 63 69 74 84 106 85 63 65 58 54 58 62 65 65 63 60 65 60 57 65 66 67 65 65 62 67 72 72 71 71 69 65 59 62 82 84 71 67 71 78 90 107 106 94 93 93 92 80 65 62 62 58 58 60 62 62 56 63 66
68 73 67 68 75 71 61 61 63 63 79 73 67 78 83 82 79 72 57 57 58 55 58 67 79 73 60 70 67 60 56 56 64 69 72 64 62 65 72 79 91 89 63 53 49 50 54 48 60 66 65 63 61 58 56 58 61 63 61 57 61 58 61 74 81 70 63 71 78 77 69 70 70 73 79 83 88 95 83 79 84 86 102 79 71 81 75 62 61 60 62 59 50 61 67 73
77 88 98 103 98 86 77 83 84 105 142 93 61 64 63 70 74 75 68 63 65 63 62 62 68 75 63 60 66 59 60 64 67 68 63 57 61 63 65 72 80 70 61 64 58 53 49 44 57 67 67 59 59 60 58 61 63 58 52 55 65 67 75 78 75 75 67 71 78 83 68 63 70 81 79 71 67 68 65 59 57 64 70 62 68 73 67 61 62 62 60 65 73 70 67 63
77 90 84 74 74 83 91 91 102 145 138 81 63 72 70 64 63 62 78 78 70 65 71 74 69 73 64 59 64 61 55 61 71 70 61 69 70 72 75 79 78 66 59 57 54 52 50 53 55 71 73 62 65 72 64 63 62 58 53 59 66 74 83 79 67 71 81 88 84 83 72 70 70 65 58 56 59 64 76 90 83 73 67 65 68 71 64 58 62 68 75 81 74 69 75 71
73 88 82 78 76 74 72 75 72 82 80 68 77 73 64 59 56 59 70 68 60 60 69 73 71 58 60 64 97 126 98 64 63 66 67 89 101 99 84 74 70 59 60 66 61 61 58 57 60 68 80 74 63 69 67 65 67 64 59 65 65 64 73 72 66 76 92 97 90 78 71 59 55 58 61 60 53 66 77 84 81 81 75 72 67 67 64 61 69 82 90 88 83 77 81 93
66 75 90 90 80 76 75 78 67 55 59 68 67 61 57 55 59 64 63 60 65 70 64 60 74 77 75 78 97 127 121 89 78 78 72 86 98 73 58 55 64 65 57 63 70 67 63 60 60 62 76 83 70 64 67 69 68 68 61 64 61 55 70 75 77 75 82 91 78 66 57 52 53 52 47 56 55 58 64 66 63 69 78 81 80 76 64 62 64 73 79 90 86 81 95 95
68 62 65 69 66 68 84 80 73 61 56 61 66 64 62 65 67 66 65 68 71 82 75 62 67 63 66 71 72 72 89 85 71 75 76 69 58 56 58 60 70 68 64 64 61 61 66 67 67 67 63 62 70 71 72 81 74 73 74 71 65 69 77 77 73 82 84 74 69 65 56 55 56 57 57 56 56 63 62 62 60 70 78 97 93 78 66 60 61 62 76 91 86 89 100 85
66 59 59 69 83 85 87 76 73 64 64 65 65 61 76 77 81 79 83 86 74 66 56 58 63 56 58 66 62 60 71 85 90 114 111 75 59 58 60 60 60 82 80 65 62 62 65 66 68 76 75 69 66 72 75 74 70 67 80 80 72 68 66 70 77 75 76 74 74 63 57 61 63 57 56 64 63 63 66 61 60 67 63 76 83 73 69 65 60 69 81 71 74 84 84 71
61 58 79 84 72 68 72 72 77 72 66 66 61 62 78 81 86 73 65 68 65 63 62 60 59 59 59 68 62 58 64 72 94 100 106 80 64 60 64 66 66 64 75 75 64 68 71 68 68 96 101 75 61 70 72 67 70 65 67 66 67 74 76 75 75 69 71 82 78 61 56 54 58 58 59 71 75 65 64 68 66 64 65 67 76 75 70 70 71 81 83 74 80 82 70 65
76 63 61 63 63 66 70 74 74 78 68 66 67 69 78 78 80 69 58 59 59 61 68 64 56 57 66 68 59 60 63 64 82 75 62 60 59 62 66 66 64 57 64 76 75 76 68 77 89 97 84 72 65 67 64 67 75 70 58 69 78 71 74 74 68 62 70 78 76 67 59 58 57 54 61 66 65 64 69 73 69 69 70 68 77 75 72 77 82 93 97 93 103 103 93 86
93 86 63 61 69 75 70 67 65 73 88 96 84 79 82 62 56 53 55 60 62 59 63 66 57 63 72 72 67 68 68 78 83 70 59 60 59 60 62 64 65 64 60 73 78 75 66 74 95 97 83 71 71 77 76 78 83 70 69 72 77 69 74 73 61 57 62 67 71 72 62 58 56 55 59 64 64 67 82 80 69 70 84 81 80 78 79 85 100 103 90 83 89 91 87 90
78 73 70 72 68 72 87 83 73 74 81 89 81 63 62 60 63 58 56 63 60 57 58 54 57 61 65 61 62 65 68 73 69 60 60 59 58 58 54 60 68 64 58 73 78 78 76 86 96 86 86 89 84 76 75 76 65 64 72 84 77 61 66 62 56 59 60 65 74 69 60 63 65 61 67 74 74 65 67 84 88 80 85 82 79 85 89 96 102 115 96 89 88 83 76 77
76 76 70 67 69 78 91 87 75 78 89 76 64 62 63 64 70 64 63 66 63 59 60 63 65 60 58 58 61 60 71 75 61 55 58 58 57 60 61 59 60 63 69 82 94 90 83 85 98 88 100 100 84 70 68 69 62 61 62 79 67 55 59 55 54 64 61 63 77 73 69 73 73 76 79 88 96 82 70 79 98 95 87 86 83 73 65 80 99 97 89 88 91 98 102 93
79 73 77 94 104 93 91 92 76 69 76 69 69 68 61 63 64 73 75 71 59 58 64 61 65 61 60 59 61 61 65 61 60 58 56 59 61 58 66 69 69 78 85 93 81 76 74 81 112 113 111 97 77 67 70 74 69 66 64 65 59 59 59 63 77 80 80 74 74 86 86 86 91 99 102 90 97 86 77 71 77 87 93 95 81 66 68 74 87 87 88 89 103 104 104 108
86 76 76 80 84 78 73 78 70 69 72 69 68 69 64 67 70 76 71 67 71 60 60 59 50 61 63 66 75 65 53 52 59 63 61 62 61 60 82 82 67 68 68 59 59 75 86 84 91 107 99 78 62 62 61 63 76 75 59 64 73 61 59 58 66 65 70 66 70 92 97 106 107 103 93 78 69 64 70 81 83 77 80 83 81 81 102 118 110 105 110 113 108 104 114 121
89 92 74 60 63 65 69 68 67 74 79 80 79 74 71 75 70 72 62 60 79 72 58 53 66 67 73 73 79 74 53 46 49 57 57 60 58 62 75 81 64 58 60 71 100 123 130 126 89 97 109 95 73 61 68 70 72 86 76 81 90 81 63 59 64 57 64 72 86 97 105 108 105 94 81 68 66 71 83 102 92 82 86 88 91 84 84 107 127 108 96 92 82 77 109 101
83 85 82 66 69 70 75 72 65 62 62 83 101 83 77 67 61 61 70 88 95 84 70 79 128 108 65 51 68 85 63 62 64 61 63 65 65 62 68 83 78 67 66 68 76 78 88 96 82 104 127 104 69 55 60 65 69 86 93 100 85 63 53 55 69 63 64 75 85 107 122 114 110 98 92 95 113 113 97 91 91 87 95 91 97 108 115 118 127 111 89 71 62 82 87 72
