examples/data/proba_v_italy_sicily/probav_s10_toc_x19y03_20141211_333m_ndvi_v001.txt
ncols         1127
nrows         589
xllcorner     12.348214285714
yllcorner     36.598214285714
cellsize      0.0029761904761905
NODATA_value  -9999
[rows 276 to 321 of 589, columns 576 to 671 of 1127]
99 106 93 97 94 96 106 128 111 92 93 104 111 144 185 222 160 170 178 186 179 156 143 143 179 177 203 205 212 217 206 212 198 216 192 195 200 199 197 199 201 187 193 200 208 199 192 165 188 188 183 165 148 155 186 168 178 179 180 177 169 165 169 168 167 176 177 176 187 178 168 150 144 137 174 193 195 158 172 157 138 159 177 170 154 152 160 173 162 152 168 174 177 172 163 172
90 78 94 96 98 92 93 126 121 95 82 92 110 150 170 193 176 138 172 191 201 178 179 170 168 172 200 212 197 191 204 190 173 179 187 195 200 180 192 202 197 188 199 215 217 190 186 150 182 175 167 155 181 195 181 163 181 181 177 168 147 157 153 165 169 167 184 167 181 184 169 161 151 151 153 157 144 152 147 146 159 170 162 164 162 158 151 175 160 161 153 199 201 188 171 163
100 85 99 90 101 84 91 115 113 92 102 105 120 148 163 152 144 139 172 176 164 144 158 185 207 191 191 199 188 180 198 225 175 163 158 150 147 178 188 191 202 195 194 182 171 174 181 177 177 169 167 182 188 184 172 154 139 144 184 178 171 158 163 173 197 183 191 173 183 195 186 164 154 166 173 163 158 151 153 148 155 149 153 159 163 165 165 182 170 183 163 180 169 177 178 177
96 103 88 74 92 103 104 102 105 106 112 113 119 146 161 168 153 124 135 181 138 126 151 165 181 198 199 183 182 154 170 197 201 201 195 186 181 178 183 194 195 195 181 170 151 165 184 197 185 173 182 205 197 187 191 204 189 171 184 177 168 156 163 170 189 176 163 170 165 182 181 164 148 132 202 195 183 177 180 166 156 136 139 138 168 176 173 180 171 176 201 197 179 211 186 173
138 117 100 114 126 119 100 89 96 104 110 117 143 119 118 119 130 127 130 149 133 151 171 131 163 168 164 167 176 165 179 188 192 193 187 180 177 189 199 191 184 195 199 203 207 203 189 201 207 202 186 189 178 180 175 171 192 190 191 178 179 168 164 185 177 174 188 173 159 157 150 149 160 168 166 165 163 185 175 179 140 115 50 64 164 177 177 199 160 173 216 200 204 199 187 174
139 135 123 116 133 135 107 102 84 74 88 99 113 126 119 132 125 136 140 152 191 164 159 157 154 166 159 162 164 173 178 174 178 178 180 183 194 180 182 171 183 189 191 194 206 197 182 195 184 188 198 196 168 164 158 166 189 202 195 185 188 195 184 205 207 190 183 184 170 166 153 148 161 159 172 170 183 150 168 172 152 45 58 62 151 167 179 157 179 171 146 150 169 183 185 175
149 149 134 134 153 156 134 120 127 94 108 105 124 141 127 118 100 98 110 127 177 173 174 186 166 173 163 165 189 167 165 166 179 174 181 189 207 191 173 167 147 139 148 163 171 178 191 189 181 177 182 180 174 178 160 176 203 207 196 172 179 168 171 178 185 200 188 165 160 169 170 154 158 171 177 161 147 147 144 163 120 51 63 97 158 159 148 159 165 146 119 109 149 165 167 178
141 134 142 159 149 145 139 142 158 152 133 126 138 141 123 103 106 110 119 142 158 178 180 191 184 177 177 167 166 158 158 177 182 183 183 181 193 203 197 178 147 136 151 171 205 211 204 191 183 181 179 163 176 185 164 187 210 202 188 206 203 177 151 155 180 167 173 166 159 150 165 166 167 179 178 153 136 150 152 139 111 98 151 171 177 171 194 191 177 172 155 149 150 170 158 165
167 138 148 172 170 151 124 147 157 142 127 111 135 136 144 127 122 134 170 175 154 151 165 190 183 176 175 179 177 162 172 190 179 162 159 210 219 182 174 181 180 205 223 236 208 189 168 173 183 186 163 160 178 195 201 189 215 201 207 204 192 165 181 184 180 151 138 134 144 135 159 185 189 175 179 184 164 154 161 175 190 193 178 236 218 202 191 159 189 192 175 167 159 164 164 162
164 152 134 148 160 167 155 153 151 144 117 117 131 147 142 134 123 145 181 191 191 161 143 162 157 168 155 166 168 167 175 164 169 186 214 217 217 191 147 139 137 158 193 192 178 151 151 163 171 154 144 173 191 187 197 213 230 221 221 203 178 159 161 153 160 155 140 142 169 158 155 169 180 174 164 153 161 151 147 139 150 149 156 153 152 142 161 153 151 162 158 158 170 169 181 168
138 169 165 157 164 162 183 180 145 127 121 113 110 139 166 143 131 148 157 155 157 136 107 151 181 182 175 163 178 171 162 162 173 197 221 238 230 186 130 110 104 139 193 186 172 150 144 134 131 114 156 161 173 173 170 222 218 219 209 213 250 217 148 136 141 156 149 172 183 190 182 168 168 158 149 152 134 141 122 136 137 140 154 169 170 165 178 192 170 181 172 169 159 153 178 183
125 175 177 176 164 148 173 174 160 134 112 118 137 142 129 117 112 122 114 105 115 110 123 168 174 171 154 146 131 122 155 148 166 147 165 205 223 177 122 113 114 149 191 181 140 143 153 134 134 140 158 161 155 165 189 222 216 199 171 170 156 169 162 155 150 161 162 174 185 169 170 169 169 161 150 156 148 138 145 132 132 125 166 209 162 203 197 203 206 206 170 171 162 250 190 192
80 104 132 160 160 159 169 169 149 132 129 128 147 153 150 142 135 110 75 93 135 142 146 120 139 145 141 152 156 153 147 138 129 127 134 161 176 173 120 121 164 155 120 107 114 172 146 151 180 173 160 153 156 197 214 211 220 203 179 195 180 148 173 166 165 165 166 163 162 150 162 190 197 184 159 165 150 154 157 159 162 171 173 154 158 161 165 216 250 206 187 172 191 203 248 224
59 76 149 169 164 152 167 166 144 138 134 130 139 134 138 138 138 134 111 113 167 169 159 149 132 112 93 106 157 152 142 146 148 157 163 126 121 123 96 100 126 124 111 109 162 174 152 148 186 187 179 166 179 187 181 166 150 184 165 151 143 153 175 163 155 153 152 161 158 150 174 183 189 181 169 169 166 163 150 156 153 187 216 167 149 149 152 165 212 215 177 221 244 192 205 204
74 120 155 125 147 174 168 168 168 158 161 147 122 108 135 130 125 113 125 123 128 159 162 159 157 149 141 112 153 155 136 122 132 139 133 141 139 122 105 83 77 74 95 120 128 130 124 153 165 171 181 185 183 176 151 168 184 173 155 148 152 148 129 143 158 155 147 146 148 142 162 177 179 176 165 153 187 208 190 194 183 143 204 161 153 145 137 148 170 179 206 180 176 201 202 202
135 181 166 129 122 140 164 162 175 159 149 140 113 110 137 139 139 124 117 118 121 139 176 186 184 198 188 165 128 151 151 132 127 129 130 123 116 130 133 113 81 91 102 146 166 189 210 173 170 167 214 223 200 200 173 142 166 170 170 168 164 156 154 188 147 160 164 144 141 150 160 170 187 180 163 156 181 203 217 186 141 148 150 145 154 158 141 147 175 163 148 164 163 175 188 198
159 153 162 165 161 150 150 157 167 175 156 143 123 99 123 120 120 109 108 120 134 157 161 178 184 184 204 198 180 174 170 162 169 177 152 138 119 119 133 134 100 104 114 148 177 178 163 162 139 130 159 164 161 214 172 138 162 194 182 192 180 180 160 153 138 164 180 165 148 147 139 129 149 162 163 166 179 185 158 136 129 148 156 146 142 171 141 143 148 145 167 158 166 167 182 175
159 145 148 150 143 156 151 142 135 127 138 141 109 128 134 123 117 105 102 105 124 152 148 150 145 153 161 166 165 172 163 162 147 162 166 137 158 178 183 173 169 181 168 156 162 148 147 144 135 138 111 153 140 170 158 164 164 168 166 172 165 165 177 184 160 148 167 171 133 145 128 101 124 140 141 171 190 193 159 153 140 194 162 153 141 136 142 143 140 136 170 186 195 178 162 148
145 141 106 108 101 126 148 141 134 141 135 120 95 122 105 104 108 106 95 71 89 113 120 142 142 127 140 140 125 156 166 157 151 157 194 189 158 145 149 155 165 171 165 171 180 155 132 134 148 140 139 152 156 155 159 153 133 139 145 169 179 169 165 158 167 180 165 217 132 120 144 142 154 152 152 163 154 147 143 146 148 155 176 173 148 135 116 118 130 136 162 166 161 158 161 137
107 126 149 141 127 134 146 154 142 132 130 122 104 101 101 106 112 105 105 76 87 110 128 141 158 144 134 123 127 107 125 154 160 147 139 176 165 146 140 148 156 161 166 173 170 177 155 169 159 140 129 146 165 156 139 153 143 116 149 162 152 156 145 167 180 191 182 151 124 145 160 158 162 153 150 152 148 137 112 114 114 134 140 161 186 185 127 162 147 148 133 146 164 158 155 141
117 134 132 139 157 158 156 159 147 138 123 128 119 111 106 101 105 93 113 105 106 130 124 128 148 147 137 122 130 127 144 155 154 147 132 149 154 153 144 168 166 156 169 165 159 171 168 152 128 158 149 142 143 155 146 138 152 159 171 157 148 145 160 168 166 180 152 133 147 162 162 157 159 164 151 145 155 144 132 132 170 137 150 182 237 201 185 173 195 179 154 151 158 157 146 137
124 136 134 134 134 135 112 129 127 119 103 96 120 91 78 74 80 88 86 103 131 148 141 129 133 137 134 129 122 122 129 143 146 142 137 142 165 173 168 172 160 144 184 188 163 166 168 173 135 154 182 167 154 146 133 152 183 190 168 137 157 176 179 189 180 165 155 152 157 167 162 164 159 161 155 157 144 159 150 164 174 147 133 139 187 204 194 184 193 197 179 171 177 184 167 161
119 132 119 120 132 142 134 124 110 89 88 123 126 119 93 73 77 83 72 89 118 144 134 124 112 125 130 122 124 126 146 143 145 136 144 144 158 176 176 172 159 170 198 188 167 125 131 131 153 132 153 152 140 142 138 144 167 187 174 132 126 178 187 189 188 182 194 196 193 162 169 166 162 183 179 159 151 135 167 158 161 139 138 161 146 157 149 156 171 191 166 169 206 206 219 213
104 114 112 116 129 140 118 89 97 131 118 109 116 107 95 62 67 76 103 112 100 122 119 110 139 151 140 145 147 144 155 151 132 139 158 167 142 142 159 160 184 154 144 157 136 112 126 124 125 121 111 127 130 133 144 152 163 167 170 161 134 180 198 187 201 185 197 250 155 172 166 149 141 155 166 197 182 172 132 147 145 142 127 141 151 130 123 135 152 157 134 167 185 203 216 215
90 105 108 110 113 117 99 73 72 94 96 84 76 91 106 87 77 93 106 132 145 123 111 133 152 162 165 155 145 132 138 125 102 111 135 149 151 126 119 138 133 141 130 122 118 110 122 121 115 121 113 108 160 151 144 151 144 130 130 140 161 201 203 190 169 172 233 163 160 210 173 158 165 172 176 167 190 179 170 140 125 140 124 103 156 180 175 172 149 149 155 124 163 202 214 207
106 107 116 114 121 111 122 115 87 83 91 92 108 107 127 108 103 105 123 121 126 158 161 166 171 181 171 163 152 158 143 147 151 113 119 151 169 168 159 150 160 162 154 167 176 127 90 105 100 97 114 145 173 191 172 165 158 139 136 160 176 185 188 183 157 198 166 233 228 141 185 188 148 201 202 156 173 181 171 170 149 120 107 139 194 212 211 203 185 182 173 158 127 171 196 197
95 101 89 108 125 114 125 126 123 112 105 143 183 150 123 93 99 107 115 118 113 111 157 160 165 164 166 164 160 168 165 168 164 158 158 146 158 151 163 162 158 168 162 195 186 157 112 99 98 92 109 137 169 166 160 162 159 169 171 149 156 138 106 158 205 164 166 250 219 186 137 147 188 185 166 156 173 193 177 167 151 114 121 154 196 211 213 210 206 199 176 172 168 176 216 228
120 91 104 126 135 132 125 151 128 123 87 93 115 129 90 88 92 83 96 124 132 126 148 167 168 162 161 144 126 156 168 169 170 159 139 120 110 125 121 123 132 130 131 147 148 120 94 88 98 87 67 87 134 180 200 170 169 176 184 163 171 157 141 103 123 152 145 122 172 153 158 164 142 111 121 146 137 140 174 154 137 117 112 152 203 202 205 206 206 202 203 204 191 185 217 189
101 85 106 128 131 128 132 174 172 167 137 128 100 109 95 73 68 71 82 105 109 107 125 155 168 155 129 119 125 141 168 186 181 143 117 108 84 105 126 163 143 118 116 119 112 99 105 97 95 79 93 105 132 165 171 169 173 147 159 137 147 178 142 105 102 141 149 152 142 124 114 121 130 127 135 137 104 104 143 177 164 153 142 141 163 181 181 185 208 209 203 211 188 195 205 181
99 113 135 130 127 111 121 160 180 186 170 165 148 139 122 86 78 68 64 83 115 127 125 135 144 141 129 119 120 131 163 196 197 185 148 143 127 128 138 153 149 124 114 127 112 114 103 90 98 99 108 119 120 163 173 164 147 129 135 124 120 104 145 115 99 92 85 90 98 103 133 169 190 169 190 184 137 150 177 198 212 182 157 132 122 167 163 157 201 197 200 179 180 194 182 184
94 128 148 122 78 82 71 90 109 144 163 151 108 116 105 89 90 77 74 89 119 134 125 124 121 127 128 115 115 129 169 197 188 194 189 164 158 150 157 142 146 144 108 127 161 145 121 132 132 128 135 133 129 139 144 154 137 124 136 128 150 159 167 195 170 146 127 125 123 114 122 149 141 135 160 173 150 181 184 197 193 180 151 156 153 154 155 147 179 250 250 184 250 192 202 220
123 125 144 111 81 100 92 79 70 92 109 110 75 64 70 75 76 68 86 101 110 120 113 108 118 126 120 127 132 143 178 195 211 198 163 116 110 114 141 144 144 141 118 137 160 178 158 122 149 150 136 122 106 130 135 128 134 125 134 129 125 111 112 164 188 166 142 122 125 103 103 127 134 131 150 158 169 165 184 188 197 190 179 155 162 161 175 203 196 198 194 227 243 224 215 219
148 134 123 101 74 78 75 76 89 105 106 88 80 82 79 75 79 91 81 83 89 92 102 111 114 121 102 136 170 169 161 134 166 170 129 108 110 122 129 143 164 158 149 162 169 179 168 142 145 151 146 135 128 126 135 154 166 112 144 136 133 116 126 145 139 130 120 109 112 127 145 145 178 185 188 189 189 155 169 196 206 185 166 131 146 153 149 152 156 182 183 186 187 179 175 189
136 114 98 75 60 80 92 89 79 87 78 75 82 77 72 75 77 89 98 108 97 84 87 96 109 106 97 116 135 147 133 107 108 128 123 111 121 137 159 166 159 145 151 156 148 146 139 124 131 148 156 134 134 98 128 153 140 117 132 157 151 131 137 147 151 144 129 99 92 113 151 163 168 187 195 201 177 130 104 144 189 187 165 139 132 148 160 137 155 168 144 156 162 151 150 147
119 99 86 80 81 80 91 107 80 74 65 71 85 85 85 89 85 76 78 74 63 69 88 101 99 110 111 111 117 94 96 93 96 96 130 143 131 148 154 158 165 148 153 147 130 135 144 140 139 154 166 164 153 146 135 146 142 130 132 147 153 165 139 166 157 148 118 98 121 91 103 121 144 189 200 200 211 157 94 120 156 158 176 177 158 144 144 130 146 148 150 215 148 189 134 139
93 77 75 87 97 88 73 87 101 93 91 86 79 78 77 91 95 79 86 78 74 85 87 95 117 102 104 110 112 108 90 83 85 101 127 148 146 143 149 156 153 146 148 137 153 148 150 157 151 174 180 173 169 170 161 154 137 131 157 190 187 156 142 130 120 111 99 89 132 133 107 104 149 171 197 194 199 183 151 136 174 170 183 197 191 199 174 181 201 200 216 217 181 153 148 144
67 82 98 95 97 90 52 60 80 90 94 88 95 77 83 98 104 95 100 73 75 82 91 89 86 84 82 97 96 88 87 129 136 137 126 132 139 135 146 157 164 162 158 150 151 164 159 170 164 143 126 129 170 168 159 157 148 162 156 166 162 193 181 151 131 120 98 88 84 94 121 143 156 174 181 194 198 190 149 144 177 188 184 180 174 189 188 192 206 224 228 216 204 201 153 144
65 72 102 114 108 101 96 93 82 80 83 87 91 96 92 86 93 87 82 81 91 112 114 103 73 67 74 91 74 83 125 158 158 162 154 153 141 137 139 164 166 156 145 155 162 155 158 151 146 128 102 125 153 159 138 148 138 135 132 152 152 185 195 160 130 113 112 108 87 86 135 178 187 208 204 213 190 144 130 160 194 188 193 188 187 172 157 166 157 157 181 235 241 227 175 181
68 75 85 106 125 116 94 83 85 90 87 86 86 97 100 103 101 101 116 121 112 107 110 109 74 69 81 81 107 146 156 139 138 140 156 155 167 152 161 153 149 161 157 161 171 163 174 164 150 139 148 131 117 131 165 153 145 148 127 115 125 131 117 119 132 134 137 173 123 93 95 132 171 195 200 202 168 141 159 187 189 185 193 199 183 173 180 187 180 186 223 226 199 177 178 221
74 88 91 78 76 74 69 70 74 74 75 84 99 109 101 97 109 109 121 110 97 101 115 116 111 104 107 102 138 167 158 152 149 149 143 144 165 160 149 118 134 146 161 158 176 174 173 176 177 169 150 141 136 153 157 166 151 120 125 121 122 139 128 115 127 144 142 168 155 135 118 116 164 190 169 193 188 170 182 182 174 178 176 173 180 177 176 178 172 183 175 170 161 168 186 216
79 105 106 82 75 75 80 87 94 78 78 91 100 102 108 107 90 86 99 101 97 110 112 124 129 122 114 91 105 129 144 163 165 130 125 131 155 168 160 142 129 156 162 181 187 172 153 163 162 165 157 145 149 140 129 144 144 137 147 150 143 137 124 119 112 121 125 126 127 126 113 106 140 166 147 154 155 153 157 156 179 192 184 165 179 186 192 185 175 185 187 220 189 196 225 177
141 115 93 93 80 70 82 79 86 112 109 95 90 93 108 116 114 96 93 107 95 118 134 119 123 125 122 92 96 118 141 155 156 136 132 128 138 153 163 144 117 119 158 185 182 151 151 157 141 148 149 136 149 143 128 127 137 149 145 140 132 116 113 113 103 141 142 121 125 118 127 159 164 155 131 136 130 133 146 163 171 182 184 184 190 230 232 221 237 187 182 177 189 165 178 200
138 121 110 98 80 78 76 86 89 94 81 95 109 110 115 127 114 106 117 102 120 126 127 127 122 111 119 94 101 123 126 132 125 119 111 116 120 148 158 156 134 150 149 154 149 147 161 171 165 157 152 162 163 148 145 143 128 124 127 132 134 116 111 113 115 106 115 117 118 122 124 126 131 144 120 122 169 181 173 194 183 187 192 188 195 217 196 250 250 191 194 173 161 148 142 145
107 83 91 107 101 85 97 103 88 68 74 77 89 107 115 114 121 126 119 105 121 126 124 111 100 105 99 72 102 133 139 141 124 102 113 138 131 141 154 162 155 141 152 154 147 151 178 194 178 164 170 175 165 149 131 143 140 135 133 134 122 104 112 118 135 148 146 130 127 129 118 102 105 112 153 174 139 148 167 167 194 195 195 198 214 200 196 228 188 162 175 167 250 151 186 191
109 83 80 84 106 91 75 89 97 96 80 70 67 86 115 117 119 114 116 106 112 110 107 104 93 94 86 79 100 126 147 140 127 102 80 122 140 144 152 154 141 142 160 164 148 142 154 166 189 180 171 168 168 160 138 132 128 130 123 130 129 114 121 119 131 159 158 153 139 136 133 129 131 123 152 150 117 126 162 187 209 191 202 203 195 209 196 194 178 149 232 143 150 140 204 185
112 102 93 105 115 118 99 99 104 100 99 95 107 110 123 113 106 115 105 99 106 118 114 108 97 92 95 95 90 104 115 109 92 78 65 102 125 129 136 134 135 142 150 143 140 145 129 126 140 160 165 155 160 150 132 132 108 97 104 103 101 124 134 149 167 174 165 145 129 131 138 132 132 154 157 137 124 148 190 208 192 198 177 185 225 222 196 159 151 155 161 155 137 133 148 179
