examples/data/proba_v_italy_sicily/probav_s10_toc_x19y03_20150301_333m_ndvi_v001.txt
ncols         1127
nrows         589
xllcorner     12.348214285714
yllcorner     36.598214285714
cellsize      0.0029761904761905
NODATA_value  -9999
[rows 376 to 422 of 589, columns 576 to 671 of 1127]
149 172 181 161 147 128 112 134 176 141 151 170 141 131 120 87 86 90 97 107 106 108 105 94 124 128 116 111 97 116 123 141 173 154 104 93 103 83 103 147 153 100 94 106 107 117 170 206 206 195 151 129 123 114 117 161 162 147 141 116 113 108 115 118 129 141 120 114 118 164 173 178 199 210 189 176 140 121 140 151 165 203 208 190 154 171 159 151 160 164 158 100 106 109 119 107
151 154 154 164 168 159 168 188 227 203 185 167 133 132 142 125 98 94 126 129 138 134 119 97 117 140 116 95 85 109 139 141 142 136 119 113 111 114 129 149 161 133 112 104 94 118 149 188 186 162 157 120 122 99 124 153 130 134 150 120 96 103 104 112 123 120 152 131 147 175 176 179 182 161 167 183 175 159 188 188 159 180 213 193 150 176 158 118 147 169 159 180 122 129 150 160
174 176 172 185 208 195 206 189 206 193 190 180 146 166 155 143 120 112 129 108 89 94 110 114 107 111 101 88 119 137 146 157 139 124 132 134 124 165 155 131 160 160 141 146 135 143 129 130 143 144 140 122 107 95 98 114 118 132 155 143 106 114 118 105 98 94 128 105 111 157 190 171 166 151 217 237 225 208 200 177 165 165 169 167 140 113 147 154 130 163 182 135 115 124 140 136
155 160 170 173 198 165 149 194 153 95 109 162 144 161 153 166 208 185 125 105 108 95 79 106 135 133 129 114 121 123 131 141 126 123 127 122 117 150 136 91 122 158 166 153 133 148 145 144 149 140 144 147 131 104 101 123 140 150 167 145 124 135 143 113 91 112 109 130 148 160 152 129 137 148 202 215 207 170 148 138 138 136 153 143 102 98 172 175 123 139 171 143 111 114 138 126
163 128 121 142 168 160 188 173 107 105 97 114 145 168 133 124 157 158 154 171 159 129 105 93 101 110 106 108 112 107 109 139 148 130 122 117 106 144 148 102 130 166 175 147 151 156 149 135 141 138 138 139 152 132 136 151 144 143 142 124 114 123 126 132 120 130 116 127 155 159 147 151 121 152 187 206 198 173 169 158 132 146 166 153 127 137 139 134 147 128 150 174 170 133 140 141
133 134 149 169 160 136 133 132 120 105 115 95 111 140 129 118 141 153 153 147 134 148 132 106 121 121 123 118 112 124 115 119 132 134 141 136 116 87 112 114 119 138 125 152 183 163 137 122 119 121 129 142 164 157 154 157 134 128 111 114 138 152 165 148 113 125 132 139 153 156 177 165 147 145 169 206 198 187 190 189 166 157 168 175 180 174 150 153 145 98 112 163 167 153 150 139
138 153 160 165 187 174 147 154 140 126 137 121 99 120 138 137 151 115 111 115 133 128 109 100 106 121 134 123 103 123 126 123 124 126 130 131 116 116 147 164 133 135 141 145 142 141 128 117 118 127 131 124 139 136 143 143 115 123 142 127 129 151 167 170 158 142 141 138 152 178 182 185 173 167 190 213 224 205 185 175 167 181 197 185 182 201 182 151 156 129 123 161 151 133 136 135
110 138 175 147 140 154 129 107 147 181 155 115 90 100 123 132 160 142 105 123 141 129 102 104 118 102 114 96 113 140 166 160 144 137 148 131 111 116 151 164 144 157 169 149 119 133 140 129 124 132 134 104 108 139 157 152 138 145 139 124 119 129 143 145 146 130 133 139 147 184 180 167 181 179 176 186 193 194 195 205 200 194 196 183 190 212 213 192 166 149 147 162 152 153 140 118
134 136 131 116 115 129 112 111 152 176 145 109 116 122 126 128 143 142 132 125 100 116 104 109 117 85 81 98 116 132 165 181 171 143 154 145 125 129 152 140 142 151 154 148 126 128 127 136 144 123 121 122 123 136 150 165 176 154 140 137 125 128 136 128 109 97 115 139 139 177 185 156 146 146 167 185 189 176 189 199 194 202 205 210 190 184 188 174 175 178 173 165 168 167 165 160
118 110 123 130 106 116 124 106 107 107 117 119 123 140 145 140 143 151 148 135 140 148 130 131 129 124 112 102 106 130 143 143 146 157 156 156 160 171 159 142 157 165 144 123 120 121 115 130 144 120 106 115 131 137 132 159 157 152 148 155 146 119 130 132 116 107 118 137 125 118 157 157 158 157 165 171 167 170 158 187 200 192 210 207 190 197 180 165 193 184 165 163 169 169 158 166
112 110 117 132 137 123 114 115 142 132 114 130 142 135 157 151 141 128 116 121 119 116 122 134 139 130 122 130 133 135 145 141 124 171 167 148 156 170 152 164 169 183 126 121 120 121 114 120 128 117 110 124 152 179 139 134 143 154 141 145 140 130 131 138 121 114 101 107 111 103 108 120 146 158 154 162 157 164 157 139 202 186 195 208 194 228 198 178 199 170 144 144 156 143 139 163
118 107 94 107 116 122 125 115 145 142 141 145 146 139 143 133 135 124 121 131 119 120 125 120 132 127 144 150 129 128 134 138 129 136 154 161 141 130 136 148 176 164 136 126 143 136 121 129 146 140 132 132 138 146 145 136 135 137 148 139 137 133 146 145 131 126 143 143 121 116 120 137 145 155 159 163 161 149 99 89 159 181 168 196 205 184 154 166 177 155 144 147 157 128 148 162
130 136 116 100 104 112 118 91 109 133 163 150 159 152 154 156 134 132 143 165 155 145 140 140 173 142 155 174 131 110 122 116 151 168 175 146 132 126 130 133 158 171 130 133 160 150 141 154 155 146 144 125 107 114 128 126 135 138 147 158 160 148 140 134 134 160 155 132 130 137 156 154 148 162 179 173 139 70 0 55 127 189 183 207 222 193 171 160 154 143 139 136 154 157 152 165
131 144 138 120 126 126 147 131 101 131 154 146 145 159 174 181 179 162 146 159 161 154 166 163 160 149 146 162 100 99 105 113 142 188 187 138 130 134 130 118 115 160 168 152 160 172 148 147 149 138 107 110 118 126 133 126 144 161 147 156 163 145 142 162 155 142 138 110 145 162 158 155 153 153 170 122 0 40 0 111 135 163 197 205 180 164 127 146 160 162 156 144 142 169 154 141
117 129 90 113 157 173 185 134 106 135 157 166 162 167 161 171 191 188 132 140 168 182 183 179 169 153 128 135 105 125 125 135 151 180 149 123 128 130 134 137 137 158 196 182 165 163 157 156 146 144 137 128 131 128 126 128 143 162 157 150 151 141 155 178 169 149 140 149 155 173 172 168 161 160 183 157 103 147 177 153 152 156 161 161 128 158 150 133 157 154 152 158 149 149 107 118
139 100 95 129 167 204 179 123 108 141 172 159 162 159 151 165 178 175 145 164 182 187 179 176 176 148 122 141 176 169 169 190 169 155 150 144 149 135 148 173 185 119 165 187 173 145 153 157 145 130 137 133 105 111 147 147 135 142 149 156 148 105 119 126 110 129 147 172 165 149 154 156 166 166 174 194 179 167 167 154 151 151 148 153 131 136 144 136 142 145 166 177 132 111 121 112
194 136 106 90 130 189 152 97 120 160 164 142 137 142 164 182 164 144 139 176 181 183 184 171 155 158 142 102 149 152 151 168 168 157 166 178 193 184 173 200 214 165 139 169 176 145 131 136 138 132 138 128 71 91 149 164 145 112 132 153 138 120 138 152 150 147 142 159 150 112 144 159 162 155 144 169 172 149 149 144 137 160 180 172 143 119 142 151 141 158 157 145 167 144 118 112
169 165 114 112 136 167 118 116 120 122 146 130 147 153 174 187 193 207 177 189 201 197 165 121 127 150 153 123 138 170 167 170 165 159 164 164 151 184 190 195 203 205 167 166 173 160 128 123 140 153 162 161 126 123 168 172 180 175 142 152 159 137 148 162 169 154 143 142 134 154 168 161 171 192 188 172 139 135 147 152 147 142 159 154 145 142 143 148 141 142 153 124 153 162 162 183
178 180 145 149 144 127 118 138 125 88 124 165 184 182 171 173 197 200 190 210 210 209 186 138 143 162 163 162 142 144 172 148 157 159 156 168 155 169 182 198 196 182 155 141 149 160 151 145 168 181 191 191 167 164 172 174 171 174 174 158 159 182 170 177 182 158 169 183 158 163 188 187 178 216 215 187 154 133 133 142 140 139 146 138 148 162 157 171 156 162 190 191 162 153 188 193
166 175 149 146 109 136 153 169 149 132 120 150 191 182 168 193 206 197 199 194 195 199 200 181 175 186 165 148 133 129 149 180 168 180 141 154 187 176 160 163 176 147 152 156 131 149 182 170 157 168 172 162 140 145 168 193 213 192 171 175 168 209 222 173 148 152 164 180 172 154 143 177 149 175 207 185 158 140 121 119 129 138 142 141 171 157 153 164 173 182 200 204 193 205 211 201
162 182 188 167 137 176 203 201 187 188 202 182 187 182 192 189 200 194 198 188 165 168 183 196 197 189 187 158 153 166 202 220 203 191 149 170 156 174 176 159 148 142 159 162 138 135 172 168 136 152 150 126 139 162 192 218 225 196 154 162 174 196 199 174 171 171 179 212 214 161 117 148 171 179 191 179 161 154 147 129 131 138 137 136 157 172 165 157 162 193 206 215 219 218 210 207
179 197 206 213 194 186 188 191 213 213 209 208 204 206 196 158 177 194 218 224 199 188 183 199 208 204 202 170 192 197 205 210 197 222 208 201 193 187 168 159 139 141 138 144 156 185 178 173 143 130 138 134 148 181 196 198 185 184 169 138 164 204 212 205 200 194 181 172 160 134 145 154 174 187 198 186 209 222 192 135 166 146 125 126 129 153 157 132 131 164 188 188 173 183 196 176
166 172 189 209 215 213 222 216 199 191 203 202 197 156 166 172 170 202 218 189 211 195 153 176 200 213 200 211 208 182 177 175 223 214 196 169 157 171 181 191 177 173 170 177 182 169 155 134 133 139 148 144 163 180 195 191 174 161 143 123 163 186 193 189 176 173 165 168 166 150 170 186 182 202 211 189 210 223 192 180 200 158 126 127 136 139 135 144 120 150 175 167 152 176 187 194
179 175 182 201 204 227 243 222 182 194 225 229 201 134 151 189 208 218 212 206 197 167 159 176 204 211 194 195 208 213 187 165 190 209 206 193 180 185 187 175 164 170 168 160 153 139 152 169 194 192 182 172 174 188 198 201 193 180 172 175 184 174 164 162 158 181 216 224 192 185 198 197 176 193 200 184 206 201 175 173 164 168 153 135 153 134 86 130 153 184 192 160 168 178 174 195
183 189 198 220 213 224 234 209 171 164 182 208 147 149 158 185 215 202 195 185 181 169 184 201 207 188 194 196 184 201 191 0 88 147 209 226 198 182 185 168 160 156 144 137 141 134 149 178 192 213 206 187 194 188 187 190 189 183 168 154 130 165 175 159 140 170 196 199 180 196 204 225 197 177 202 202 199 187 164 163 174 168 167 172 182 170 137 152 167 155 181 200 202 192 194 186
169 149 148 193 212 224 232 201 181 200 201 169 147 159 177 206 171 165 180 177 175 178 187 209 210 189 192 208 211 190 153 13 97 138 170 220 209 188 177 155 139 141 132 118 130 144 140 155 180 186 171 152 185 196 202 212 206 193 182 169 169 163 171 170 181 201 197 202 183 193 222 187 158 169 208 197 173 169 191 205 190 188 181 175 197 209 197 209 192 181 184 193 194 179 166 168
173 152 146 171 183 190 205 185 167 187 183 169 144 157 187 199 179 185 180 174 180 186 198 210 201 183 166 164 188 179 184 189 155 160 177 175 183 181 161 157 135 116 128 133 148 159 155 161 161 155 150 147 171 193 204 209 205 199 183 187 195 181 179 157 145 149 121 145 145 124 161 158 155 198 224 179 167 184 221 242 241 233 207 179 205 224 209 199 187 189 193 209 199 166 165 188
137 147 163 177 173 170 178 168 126 122 152 160 119 139 181 186 173 193 186 168 164 170 193 191 187 186 172 169 184 158 161 182 163 180 146 148 172 171 167 161 152 134 125 134 138 158 179 207 180 168 173 154 146 152 174 187 196 188 176 184 173 167 156 125 124 135 117 112 134 123 116 154 183 198 161 183 189 190 199 225 239 237 223 200 185 198 189 163 164 175 189 199 200 171 177 207
135 152 174 170 158 143 124 126 112 110 122 185 207 205 197 218 175 160 195 178 183 187 202 198 196 208 211 205 200 210 201 208 189 164 158 164 165 153 181 189 204 172 148 162 174 163 133 124 124 155 174 143 125 124 143 171 195 198 170 151 167 170 168 122 127 135 151 178 180 171 168 174 159 130 114 161 209 211 203 196 187 218 214 217 182 157 176 190 200 196 193 183 165 165 186 198
152 170 172 174 153 121 118 118 174 186 144 122 185 225 200 227 214 158 194 185 187 204 229 246 240 222 211 237 222 190 182 185 193 215 241 207 176 179 204 198 196 150 141 164 181 185 159 128 109 125 146 159 131 130 136 162 184 166 171 166 170 181 185 155 147 144 141 194 199 182 192 158 138 161 183 174 194 215 214 183 162 204 196 205 209 160 166 176 177 199 216 178 177 187 196 200
174 171 158 157 159 131 129 140 149 236 246 166 190 204 194 202 228 180 173 177 179 173 222 243 232 204 203 196 189 199 198 183 188 176 180 196 209 215 220 207 171 151 142 161 161 175 162 151 151 142 136 148 144 128 134 157 178 158 155 173 185 182 184 192 151 153 157 159 170 174 178 160 140 144 154 202 204 194 190 159 139 195 203 189 190 164 156 169 166 169 185 166 165 187 211 209
164 168 178 179 155 171 154 112 97 101 132 122 179 200 176 178 166 147 170 169 138 110 141 183 190 210 215 201 217 212 184 172 191 163 153 179 200 200 193 179 152 141 143 148 163 155 136 135 149 149 155 142 153 154 164 175 180 164 153 153 151 166 179 193 166 192 222 216 195 176 171 159 145 143 150 161 175 172 177 169 146 168 189 212 214 183 180 182 163 155 153 150 175 195 194 205
144 167 204 193 151 101 109 131 130 104 95 119 138 124 145 155 145 133 161 157 119 152 193 174 191 178 196 218 236 227 192 170 195 196 183 180 176 179 198 159 130 169 142 124 171 191 179 143 152 148 160 133 133 151 159 169 151 158 170 163 149 162 169 193 191 195 230 226 200 175 142 137 149 141 154 154 140 160 180 175 164 158 181 195 198 180 164 141 132 143 141 154 177 184 177 204
149 172 166 171 166 127 76 95 109 138 160 199 193 150 207 230 187 135 153 193 198 211 202 181 182 165 161 192 230 250 237 175 172 194 220 220 200 184 192 179 159 170 188 191 223 216 213 186 187 188 178 153 155 156 124 138 146 159 160 167 187 208 205 140 144 147 165 180 163 159 153 133 153 161 188 178 137 148 173 196 188 180 180 168 206 223 210 178 148 153 140 150 166 179 176 186
177 185 151 158 148 136 133 182 211 192 184 178 213 207 156 151 162 178 159 146 172 198 193 163 174 186 178 196 218 211 183 141 179 203 215 223 194 173 196 210 180 161 155 182 194 179 158 155 172 174 162 172 177 164 146 152 136 120 135 186 202 201 175 144 163 178 189 196 159 138 153 148 167 163 184 175 155 174 163 182 203 212 201 199 190 211 212 195 168 169 173 165 175 177 162 158
223 197 164 157 194 184 160 133 148 136 171 182 209 224 157 145 194 216 178 159 145 140 191 210 197 206 210 166 153 171 165 155 170 191 170 157 168 190 204 198 195 165 152 183 190 144 129 130 151 154 151 155 171 147 145 151 131 122 132 158 188 167 145 144 152 184 198 184 151 153 156 163 167 172 188 159 160 180 142 151 168 186 162 175 172 186 202 202 174 164 157 179 170 174 166 150
215 168 172 172 152 145 138 120 99 161 202 206 198 219 202 198 198 195 189 182 182 149 158 175 194 208 226 188 170 187 183 189 157 181 192 155 139 153 182 186 190 146 147 180 204 192 173 141 129 138 150 157 170 142 138 149 141 124 141 155 164 152 151 149 140 184 209 198 192 152 165 158 144 166 208 193 199 200 209 188 174 196 189 173 171 170 174 189 170 174 162 181 194 185 186 170
178 139 137 176 192 188 176 170 139 156 152 181 161 185 204 221 196 185 173 184 203 190 152 182 218 199 151 173 191 206 170 186 152 156 157 150 139 140 158 150 154 148 126 156 184 194 165 134 110 141 145 149 176 164 158 171 175 146 142 153 163 167 206 213 198 189 208 185 192 147 130 148 160 188 182 197 213 172 199 187 170 196 206 202 178 175 178 195 207 191 155 205 209 187 176 181
157 190 214 198 193 195 183 146 131 159 184 182 167 177 231 221 205 191 192 224 230 194 186 169 178 201 192 185 200 194 174 138 114 131 145 164 158 164 173 155 142 163 172 177 178 181 153 158 162 166 156 186 176 162 172 168 165 140 136 185 179 173 212 242 230 199 184 206 191 150 128 146 195 202 173 192 168 159 174 201 201 214 222 213 201 142 150 190 201 205 188 163 168 191 196 209
180 226 215 180 193 179 182 178 146 133 151 159 165 165 201 194 191 203 187 209 195 190 202 194 191 207 220 216 184 176 170 151 153 165 152 150 151 156 181 180 180 183 187 201 176 140 142 184 157 156 145 191 181 169 186 172 177 184 180 186 183 173 196 230 240 228 179 147 169 166 160 172 189 184 182 182 209 209 224 233 225 213 226 219 214 203 214 204 181 166 160 199 194 162 162 160
218 240 196 177 182 160 139 161 159 140 146 170 161 159 169 146 147 174 169 193 168 180 179 195 202 197 200 207 174 158 181 194 175 178 152 138 170 178 171 171 180 197 205 204 192 176 156 180 148 171 192 190 188 177 167 165 198 202 200 197 176 190 206 199 221 202 190 184 187 189 178 184 182 161 143 156 181 200 214 224 222 186 178 164 172 163 181 200 194 146 151 164 171 114 141 158
96 73 52 67 88 91 87 115 133 133 125 160 167 150 141 125 136 158 188 186 190 171 192 199 201 205 190 192 178 186 177 170 156 166 158 156 166 175 190 186 181 198 193 177 203 206 196 176 169 181 189 201 203 189 177 161 175 201 213 214 169 173 208 206 214 184 180 184 173 184 192 209 186 156 152 158 179 204 221 207 228 195 156 131 177 214 196 191 216 207 190 173 155 161 168 151
37 37 37 37 0 0 0 0 0 0 31 63 98 114 127 141 141 164 181 173 187 196 187 197 198 188 171 168 184 190 175 181 180 162 155 150 177 176 178 177 161 188 192 151 149 169 193 201 202 185 180 202 190 182 152 148 163 197 212 217 222 221 218 211 200 180 173 188 173 179 184 197 179 184 196 186 198 218 234 239 223 159 113 130 178 201 203 201 220 211 200 184 162 165 163 149
0 0 0 0 0 0 24 0 28 0 0 0 0 0 24 16 43 78 107 138 169 186 195 185 186 166 162 153 163 158 154 180 181 165 155 162 183 189 174 178 165 166 190 201 197 178 186 213 229 241 218 199 200 192 167 147 149 175 192 205 218 205 177 177 182 190 178 180 188 172 153 138 129 178 219 204 201 226 208 187 206 182 109 140 206 221 202 186 192 173 169 171 167 158 158 162
0 0 0 20 0 22 0 0 34 0 19 0 0 0 0 0 0 0 0 23 68 99 115 137 153 160 179 176 154 158 162 177 178 150 164 181 193 192 187 148 174 189 189 194 175 167 176 155 188 234 212 190 196 183 169 149 140 128 130 170 194 201 193 196 183 179 188 203 179 166 167 186 216 205 175 179 200 222 187 205 210 201 174 201 227 208 206 210 228 197 170 169 169 164 159 157
0 0 23 24 0 0 0 0 0 29 29 0 0 0 0 0 0 0 0 0 0 0 48 21 60 54 69 94 93 104 106 123 147 150 169 159 166 207 201 179 196 184 195 212 204 197 182 176 185 207 184 159 174 190 188 167 162 184 180 176 197 211 209 195 157 175 194 194 177 173 148 168 196 222 155 191 224 193 211 234 220 175 189 192 209 200 197 182 180 187 174 178 188 181 173 173
19 21 22 0 0 0 0 33 29 35 0 0 0 0 0 26 0 0 0 0 0 0 36 0 0 37 0 0 0 0 0 22 75 115 161 180 158 188 194 203 219 203 197 212 212 232 230 207 188 189 168 140 178 218 213 194 186 189 172 190 186 167 163 156 144 164 210 178 176 191 144 130 167 169 171 198 245 227 233 213 178 179 201 230 221 224 196 188 169 179 148 161 176 176 146 152
