examples/data/proba_v_italy_sicily/probav_s10_toc_x19y03_20140921_333m_ndvi_v001.txt
ncols         1127
nrows         589
xllcorner     12.348214285714
yllcorner     36.598214285714
cellsize      0.0029761904761905
NODATA_value  -9999
[rows 468 to 519 of 589, columns 768 to 863 of 1127]
102 114 132 160 138 132 129 103 92 96 84 86 88 85 82 76 77 75 79 76 72 71 70 69 73 98 90 71 75 78 69 69 65 68 80 88 78 74 73 95 111 103 87 88 109 127 155 141 97 84 81 87 86 62 61 74 76 76 74 65 52 55 59 63 78 72 63 69 82 71 62 64 67 73 73 83 90 92 89 91 93 104 123 122 126 123 131 137 119 86 86 111 73 60 80 88
107 105 101 103 91 94 97 87 81 86 95 89 81 77 72 69 76 74 73 82 77 70 66 70 70 75 96 97 93 102 82 81 74 62 72 91 88 84 93 110 98 68 68 77 119 151 154 105 81 81 95 69 75 59 57 59 74 80 64 62 54 54 56 58 76 78 83 81 76 67 61 61 64 67 82 82 76 71 72 80 86 98 106 107 107 112 117 127 124 109 99 102 86 79 82 88
114 102 88 83 76 79 84 84 87 88 83 76 72 72 73 71 73 79 82 81 74 79 85 78 70 65 70 86 103 123 130 130 89 73 65 75 96 105 91 82 75 71 69 84 131 123 137 104 90 121 83 60 49 54 55 74 91 88 64 66 86 82 92 80 79 80 80 92 73 70 66 65 65 74 70 64 68 68 94 108 92 89 104 123 123 116 125 135 137 114 97 86 81 71 78 107
92 76 75 81 79 81 85 84 77 74 74 78 84 76 72 72 69 75 77 87 82 78 104 123 96 66 66 72 73 61 67 96 152 143 92 78 86 88 77 82 83 84 83 87 83 77 84 90 91 91 74 59 55 55 57 61 58 80 77 71 58 61 63 88 79 68 66 70 76 76 70 81 112 89 79 78 87 107 117 120 113 102 104 115 120 119 127 118 113 111 98 98 85 74 90 96
118 108 99 95 92 88 85 80 70 74 79 76 73 70 69 78 77 74 79 88 106 80 72 119 121 73 76 94 100 82 62 70 135 161 88 72 84 87 81 84 87 83 94 89 79 85 89 90 90 78 78 66 58 61 62 59 56 54 78 59 64 67 63 84 81 66 68 78 87 94 91 92 95 95 100 111 110 116 122 121 126 118 112 107 105 115 120 110 110 105 98 101 104 89 80 82
103 100 103 100 95 88 79 66 70 72 61 68 74 75 74 79 83 79 73 64 91 102 91 142 113 67 71 78 100 117 94 74 123 163 110 84 83 95 85 84 88 80 91 98 85 86 83 75 69 71 60 64 61 77 86 64 61 61 83 102 108 77 88 69 71 75 83 88 82 89 92 87 80 83 86 127 152 155 148 124 106 111 113 100 101 112 117 114 113 111 113 121 108 97 94 89
80 73 75 72 69 79 85 66 54 45 39 53 74 75 73 74 76 74 72 83 102 121 114 123 96 91 79 64 73 96 117 83 89 143 149 122 92 83 75 78 86 87 89 93 76 75 84 71 53 61 62 60 56 76 73 53 63 62 89 99 97 105 74 64 66 74 80 67 85 79 80 86 85 85 93 112 113 136 155 154 124 108 112 115 105 104 106 109 109 113 113 133 119 101 86 82
76 71 76 79 76 71 75 72 63 62 61 64 70 68 81 74 71 72 78 103 105 101 120 121 118 120 109 102 109 118 127 97 82 91 115 113 92 77 71 80 79 92 95 71 62 62 59 60 63 70 66 64 74 85 68 64 57 75 91 99 82 69 65 77 79 71 74 67 74 82 80 87 89 80 105 113 120 128 127 142 160 149 123 122 124 116 107 104 104 106 101 105 127 125 100 95
70 65 67 73 69 69 70 68 61 65 69 71 76 70 64 58 64 67 80 80 76 90 124 123 133 138 138 139 119 119 141 124 94 86 101 107 90 85 85 81 86 104 89 68 63 60 61 70 76 73 62 61 63 72 81 74 70 76 90 99 91 68 64 72 67 56 63 73 74 74 73 75 79 92 104 116 113 119 127 145 177 157 132 136 122 104 106 98 94 97 97 95 110 130 123 116
67 70 71 66 65 70 76 75 68 71 73 74 79 81 72 62 63 50 61 76 74 79 91 89 89 90 84 83 85 77 95 147 157 133 121 121 95 100 94 87 105 89 84 89 77 72 76 87 74 62 58 56 60 66 80 77 70 70 67 68 66 68 70 76 65 60 61 72 73 73 73 76 79 105 105 111 115 90 134 139 131 107 107 111 114 123 122 106 101 100 104 103 106 120 111 98
70 73 80 81 79 79 71 74 77 77 75 76 71 69 73 74 75 74 64 75 80 71 75 74 73 69 64 77 83 64 46 57 83 121 136 124 104 116 123 136 142 110 108 90 82 84 92 85 68 63 62 65 65 59 61 65 60 58 58 57 62 57 58 54 55 91 84 75 75 80 79 81 80 103 104 109 116 126 113 97 97 95 93 100 114 131 143 122 111 107 99 108 112 111 111 109
72 70 80 78 73 67 67 73 74 79 87 86 75 74 81 74 72 74 68 73 88 80 77 74 76 67 57 67 71 74 62 59 60 60 81 104 105 97 99 128 152 153 115 84 93 122 91 66 64 62 67 70 64 65 70 89 79 64 65 70 57 56 65 68 63 66 69 69 87 74 74 83 84 97 85 96 101 97 95 102 106 101 95 100 106 111 116 121 123 128 103 96 105 101 97 104
74 75 78 78 78 71 71 79 78 86 92 82 72 74 80 75 76 75 79 80 82 84 82 80 74 71 69 72 60 58 69 76 82 103 119 113 119 117 121 131 140 164 132 122 142 120 87 88 89 71 74 67 66 68 67 74 84 76 82 76 47 73 71 73 80 66 65 66 66 75 79 79 81 79 91 85 88 84 93 109 110 105 102 95 97 100 112 123 128 131 131 115 110 100 96 111
78 81 76 80 85 77 74 78 77 81 77 75 74 75 75 79 77 78 84 86 81 83 89 88 80 73 73 66 65 61 52 54 79 120 99 72 77 76 90 130 158 163 143 152 148 126 118 83 64 64 67 66 61 60 64 64 63 64 55 78 66 58 56 57 58 61 72 77 75 79 78 75 77 78 97 95 84 82 79 80 102 116 122 109 120 123 124 116 97 99 104 111 127 121 104 99
73 76 73 75 76 74 82 82 74 66 68 76 77 82 79 73 76 78 77 81 80 72 81 92 84 73 74 74 61 61 56 57 62 74 85 92 78 73 123 144 148 118 111 106 141 155 107 79 73 71 64 62 63 63 62 63 60 59 48 51 75 97 65 58 61 67 78 79 79 79 74 71 77 83 93 93 85 80 78 94 109 107 103 92 100 112 99 96 98 103 104 101 106 120 129 120
76 74 72 69 70 79 84 76 72 72 71 71 80 86 78 75 74 74 78 80 85 83 86 79 75 68 63 81 80 73 62 85 77 76 106 115 110 81 92 101 84 83 126 132 125 88 70 77 75 69 66 62 61 61 58 58 58 61 58 88 67 75 65 60 64 67 65 65 73 77 80 84 80 82 72 75 87 103 107 101 95 95 93 90 95 96 101 102 105 106 104 104 104 109 105 116
78 75 74 72 76 80 73 71 75 68 73 76 84 84 80 82 74 66 71 84 90 80 92 88 65 60 64 75 75 58 55 79 84 93 97 95 100 87 86 83 70 72 135 150 91 68 70 58 63 70 70 66 65 61 61 65 62 59 57 79 52 61 63 63 75 71 59 63 74 73 70 74 71 78 76 70 82 99 110 109 95 82 76 91 113 114 108 102 106 107 98 100 109 115 102 102
84 80 79 82 85 84 82 79 76 79 85 80 70 70 73 79 67 58 69 86 93 82 74 60 64 73 71 67 64 49 52 51 48 86 99 91 103 102 88 87 102 148 163 113 72 61 62 60 73 72 67 66 63 59 61 67 61 57 59 64 63 63 57 57 62 60 61 64 72 81 69 59 68 75 76 79 117 118 110 107 103 94 86 94 102 91 105 101 105 116 100 96 94 101 107 91
89 93 82 77 87 83 78 80 80 87 89 80 71 71 76 74 76 78 77 80 71 81 82 70 73 88 74 57 56 51 51 48 47 99 147 130 116 103 82 73 92 147 121 80 83 81 59 60 64 63 63 67 63 55 59 63 56 53 51 55 58 56 54 58 61 64 66 63 67 80 75 69 72 74 72 76 77 78 115 122 115 116 106 89 82 78 87 94 107 111 119 103 95 111 124 127
82 89 78 73 75 78 74 74 81 83 81 78 76 78 77 83 85 87 80 84 74 67 65 60 59 68 60 57 69 56 52 60 77 103 144 140 127 108 83 90 138 125 93 83 89 90 72 83 65 66 67 66 58 52 54 56 60 53 47 52 54 53 56 54 60 55 60 60 56 64 74 82 82 73 72 75 82 81 109 110 96 96 112 98 82 83 92 90 94 99 108 111 99 98 102 103
70 72 75 78 72 72 76 73 78 87 83 78 78 81 82 85 83 85 77 72 68 48 48 52 54 55 56 67 71 68 72 67 76 122 117 123 134 98 85 93 119 97 97 101 93 101 111 73 70 68 67 61 55 60 64 65 62 54 49 54 53 56 54 57 60 55 57 56 53 60 67 68 69 75 80 68 79 103 94 84 82 91 107 112 99 92 88 90 89 80 85 100 102 102 101 97
74 72 71 69 66 69 73 78 81 83 83 80 81 84 80 75 71 75 82 73 61 61 57 52 50 57 73 84 96 94 77 69 82 118 115 108 101 97 83 75 82 90 88 86 93 88 66 66 70 74 68 62 61 66 61 60 58 50 51 55 60 60 49 52 57 55 54 57 54 59 61 62 54 71 84 72 70 70 71 75 72 81 100 91 85 90 89 92 92 86 91 95 92 97 105 112
73 72 70 73 68 70 64 70 83 83 80 84 82 79 77 75 79 81 71 53 50 68 53 50 64 71 69 72 88 82 70 65 69 111 133 93 81 81 74 77 87 90 94 89 75 72 58 66 74 68 64 69 86 69 67 63 59 54 61 61 55 59 56 55 56 57 63 62 59 59 63 64 60 79 92 84 68 64 62 77 77 85 84 82 84 102 105 97 115 104 87 87 100 105 111 111
75 79 77 67 72 78 79 79 75 72 69 75 78 80 82 76 74 78 72 54 54 55 59 59 71 74 84 83 88 79 69 64 80 131 151 95 75 75 78 78 78 100 89 75 67 75 66 65 70 64 70 78 74 65 73 66 62 57 56 56 55 54 57 58 53 55 53 51 53 62 63 59 59 64 71 61 61 64 63 72 85 90 87 88 96 114 113 96 92 118 123 114 130 116 96 92
75 74 78 79 82 83 83 81 67 69 78 81 83 77 84 86 82 69 66 59 49 53 65 68 71 88 86 83 83 76 68 70 93 115 129 106 80 72 78 82 75 64 59 61 66 74 87 90 82 71 84 78 72 82 85 68 64 61 58 59 60 61 62 62 55 51 72 74 49 60 60 53 54 61 96 77 57 58 59 60 64 88 97 100 99 89 93 78 75 95 100 104 124 132 122 101
75 83 89 91 87 82 77 73 68 69 73 76 79 80 75 71 65 68 74 68 64 78 73 68 73 80 79 88 88 74 83 101 121 118 119 111 88 70 67 92 102 68 69 67 64 66 73 94 75 79 77 73 74 77 63 77 67 69 60 58 77 111 81 66 66 57 66 58 62 55 53 56 60 65 83 75 60 66 70 65 68 66 71 82 95 81 78 73 73 85 83 94 110 107 116 129
81 83 76 69 83 83 75 71 67 69 71 77 77 77 73 64 58 71 83 60 54 61 67 83 85 84 84 88 87 89 95 97 118 117 104 110 87 63 62 101 109 84 84 63 67 74 87 115 79 75 71 68 68 65 69 64 60 63 61 63 75 95 85 81 85 71 57 66 76 63 57 61 56 64 64 65 60 70 68 71 71 69 75 84 121 117 100 79 80 79 71 92 108 121 121 130
81 78 74 68 73 76 74 73 70 74 77 77 82 76 71 72 69 69 69 66 65 80 80 76 77 75 100 95 94 96 70 99 108 93 99 96 80 69 68 103 100 79 67 65 72 81 87 86 76 74 74 66 60 62 66 63 65 64 62 63 69 66 73 80 96 92 79 78 65 62 57 60 64 65 66 61 62 84 80 69 68 71 76 66 74 92 131 109 87 87 81 94 106 101 97 97
78 79 77 77 78 73 70 73 75 80 74 66 74 71 66 67 70 71 71 86 100 100 84 72 75 76 70 65 71 70 69 73 69 72 72 67 68 72 72 131 99 77 63 62 75 85 87 86 78 74 73 64 61 64 62 62 62 62 62 61 63 63 62 63 87 104 72 61 61 63 60 71 91 80 67 62 65 69 67 61 63 68 63 58 64 80 97 121 110 102 97 91 94 90 75 75
78 69 75 83 83 74 70 72 69 71 73 71 77 73 72 70 70 70 79 85 82 75 74 70 67 64 63 65 66 66 75 86 76 73 71 68 68 70 74 73 64 66 60 62 88 95 85 83 76 72 68 66 68 66 66 67 65 64 66 65 60 60 61 66 65 70 64 60 60 64 63 65 72 72 67 60 60 62 66 69 66 66 61 66 66 71 76 91 109 135 129 91 88 100 94 79
93 73 76 76 71 68 73 74 75 74 70 72 73 71 71 75 82 78 80 79 72 79 76 68 69 66 64 67 65 68 79 88 75 70 69 68 71 70 69 69 64 70 68 56 76 89 81 69 63 91 63 66 65 63 63 63 82 67 69 64 59 58 62 81 84 65 63 68 65 61 62 59 57 63 66 64 60 55 59 61 63 67 66 73 72 74 74 71 64 83 122 130 111 102 105 100
84 71 67 77 75 78 84 79 84 87 78 69 64 66 74 77 80 79 70 72 68 85 96 75 78 85 74 70 68 72 78 89 82 69 65 71 91 74 69 64 65 69 64 57 67 78 84 65 58 63 65 66 62 60 64 65 62 65 66 67 59 59 68 95 106 76 61 65 66 66 62 61 59 59 65 62 62 58 58 62 61 64 60 61 64 66 63 59 59 68 95 118 124 129 137 97
68 72 70 73 75 70 79 84 80 71 72 69 65 65 75 83 80 78 85 74 61 68 81 76 73 86 78 69 68 72 78 84 74 64 61 71 77 75 67 60 63 74 79 59 64 80 85 69 63 63 62 65 66 63 62 63 67 58 62 64 59 58 61 66 69 73 69 59 60 69 66 63 64 60 62 61 62 65 59 61 58 63 60 55 58 65 70 82 78 75 122 116 118 147 144 77
81 77 71 66 70 64 67 73 80 70 59 72 72 70 70 69 72 82 82 71 69 74 79 76 77 83 80 73 69 71 75 74 72 65 59 67 68 64 71 72 76 117 71 65 77 81 78 70 66 63 65 67 69 66 65 71 59 52 61 61 58 59 60 60 63 74 73 64 62 62 62 63 64 61 60 60 60 60 59 58 58 59 58 60 61 66 68 80 90 91 83 68 87 119 129 91
77 77 72 69 70 68 66 65 70 62 64 77 78 82 90 80 76 80 83 79 77 81 83 81 82 82 74 78 74 63 66 70 67 68 66 65 64 61 73 79 69 84 58 71 80 77 69 63 66 68 70 67 63 67 66 67 66 61 62 63 64 62 60 61 64 70 76 67 66 61 62 59 58 61 60 58 59 59 59 59 56 62 58 65 64 57 56 67 67 72 70 64 77 89 113 120
63 74 72 62 61 71 71 73 69 76 74 83 95 109 103 84 85 83 87 83 80 90 94 93 89 78 68 70 76 76 68 66 65 70 70 65 62 75 71 77 76 65 73 76 82 80 77 68 67 78 77 67 62 65 60 61 64 65 64 65 65 66 59 59 62 62 63 66 70 71 84 104 80 61 59 60 64 64 60 67 59 56 63 75 70 58 58 93 86 66 66 70 72 83 92 78
69 59 58 62 61 71 73 76 80 87 92 93 100 106 102 99 87 83 82 84 83 87 90 82 76 70 67 68 69 67 67 65 67 69 65 63 65 93 75 79 82 80 69 69 78 79 80 81 79 71 64 70 66 61 60 65 61 61 61 60 62 73 65 60 64 67 66 67 80 90 97 106 83 67 65 64 66 67 66 63 63 60 59 61 62 62 61 72 72 61 67 73 100 104 105 113
61 58 59 62 65 65 75 90 96 98 92 77 85 109 130 118 93 82 81 85 89 88 78 65 62 65 63 62 64 63 64 64 66 71 65 58 65 60 76 71 68 63 68 71 73 74 74 76 74 72 70 73 72 71 69 64 62 62 59 57 58 62 67 67 72 75 66 67 74 72 73 78 67 57 61 62 62 65 67 76 81 78 71 65 66 77 77 66 73 68 65 70 87 85 94 101
67 61 65 72 75 73 76 78 74 94 98 83 89 97 97 92 87 82 85 89 77 72 68 66 66 66 62 62 66 66 67 71 72 76 71 68 73 72 70 63 56 63 80 62 58 62 66 74 81 71 59 65 73 71 66 64 80 80 59 59 57 59 62 58 64 69 72 71 65 63 73 73 62 60 75 59 53 59 63 79 77 74 79 84 82 83 69 69 76 77 64 64 75 74 74 67
83 81 78 73 73 81 82 77 82 85 112 94 93 100 100 99 88 96 94 79 67 68 68 67 67 67 66 64 68 78 76 70 68 66 69 80 82 78 75 68 56 59 62 59 59 62 69 75 67 68 66 68 72 67 64 62 62 64 64 62 58 58 59 57 59 61 64 72 72 76 87 73 61 56 55 58 60 60 62 64 72 65 67 64 60 78 87 86 85 83 73 69 85 82 70 67
106 95 75 69 72 80 106 132 84 78 91 97 111 110 96 78 85 98 76 66 70 72 71 71 71 72 72 67 80 92 69 60 65 74 81 86 79 80 78 71 68 71 71 61 56 61 63 66 60 61 68 70 65 62 57 56 57 60 62 62 59 58 65 63 65 65 68 86 88 77 90 77 63 59 59 63 62 59 58 63 74 67 66 63 59 63 68 69 86 89 82 85 73 69 71 72
106 84 69 68 79 91 88 78 94 80 80 78 109 109 88 97 96 90 81 77 84 84 80 75 74 72 66 66 81 91 70 70 80 93 99 96 92 91 81 77 83 84 69 60 59 58 58 56 58 61 68 68 61 55 53 55 67 63 63 61 60 58 59 63 68 80 79 72 83 82 86 85 66 63 64 64 58 56 55 60 63 64 64 62 61 65 69 70 68 80 89 84 78 73 68 73
72 69 66 70 82 93 82 76 90 105 116 81 93 89 76 95 94 78 80 83 81 74 69 73 76 81 77 76 90 125 105 110 98 101 101 97 83 72 81 89 83 76 74 60 61 64 59 58 63 64 66 61 56 56 59 61 71 65 61 60 62 58 73 80 77 83 73 71 69 65 73 93 91 79 67 73 74 64 63 62 69 64 62 64 60 61 64 71 71 68 76 73 77 85 85 81
71 67 80 86 74 81 90 80 89 104 135 99 97 100 85 78 82 85 80 72 69 70 68 69 71 79 89 94 100 101 102 132 104 104 96 80 64 63 69 79 80 69 63 69 68 71 72 68 65 60 60 60 58 60 66 65 70 63 64 67 73 72 76 72 68 67 67 58 60 63 66 72 86 91 71 65 67 71 72 60 61 63 61 60 61 63 63 58 58 56 65 73 76 81 78 75
75 89 87 78 74 80 86 99 106 84 85 90 91 78 75 76 77 77 72 68 73 77 69 67 67 77 95 95 91 99 104 101 97 95 80 70 68 67 67 65 68 68 65 66 68 71 73 74 73 69 66 66 63 61 64 64 67 74 75 79 77 82 70 60 65 66 66 61 62 68 66 64 68 92 84 69 65 62 59 60 70 89 66 66 65 63 62 61 60 61 67 75 78 74 66 67
74 76 68 77 73 86 102 101 92 72 68 73 77 77 71 67 71 73 71 71 114 78 73 73 72 73 86 87 87 116 99 98 94 77 66 63 65 70 71 68 65 62 62 62 65 69 73 72 77 70 65 63 65 66 62 61 65 64 66 63 58 62 64 63 60 66 63 60 68 78 72 69 65 72 88 90 75 67 63 61 64 72 64 65 66 69 77 74 72 71 72 67 68 69 65 68
71 77 72 74 77 101 132 74 71 65 61 63 67 64 67 68 67 69 68 69 70 75 71 72 72 72 80 90 96 110 94 97 87 73 66 65 69 69 68 68 69 65 66 70 67 69 65 62 61 64 67 59 61 61 61 61 65 61 60 68 71 73 76 70 59 60 63 63 62 67 80 88 67 63 68 90 91 74 70 74 69 68 63 62 67 70 73 75 72 71 70 69 68 73 73 66
72 73 77 67 98 126 79 68 72 68 66 69 70 67 65 66 67 67 69 71 73 73 71 68 75 75 76 86 91 93 97 94 82 79 76 73 71 67 62 66 72 69 73 78 68 63 63 62 64 63 59 60 65 63 61 62 62 63 64 60 59 78 83 80 60 59 62 66 65 66 67 77 77 77 71 72 93 88 81 92 81 78 75 69 71 73 73 76 79 75 71 72 72 73 78 74
76 78 84 78 84 83 72 66 67 70 75 70 68 69 70 68 68 64 65 72 71 68 68 67 74 77 81 83 81 78 76 74 69 65 67 69 69 63 61 67 73 74 71 69 65 60 59 59 65 64 66 69 66 64 62 63 62 64 64 57 52 58 61 57 57 61 59 64 73 77 68 64 66 73 74 75 81 91 96 89 78 72 70 69 68 69 72 74 77 83 83 81 80 78 78 85
89 92 84 86 90 84 69 66 71 76 74 63 56 63 72 67 67 58 58 68 64 61 64 69 72 79 88 83 84 74 65 68 68 64 62 69 69 72 75 73 66 67 65 61 57 59 62 66 66 64 67 73 67 63 65 71 67 64 66 66 53 56 63 57 57 68 63 65 76 78 73 66 68 72 70 73 84 88 80 90 92 93 78 71 71 71 71 70 70 76 80 80 79 82 83 81
96 131 118 79 73 74 74 69 70 71 67 62 60 67 71 72 66 60 62 68 67 66 67 66 69 79 81 71 68 64 61 69 75 74 72 68 70 79 80 74 67 65 65 63 62 61 62 68 69 62 58 63 67 68 67 66 62 62 64 65 62 57 59 62 64 71 68 63 66 69 70 73 74 73 76 76 77 83 74 68 73 85 91 87 81 77 78 75 70 71 72 73 74 78 77 76
99 134 121 69 65 67 73 74 71 70 67 67 67 67 66 67 61 61 64 70 69 66 65 61 63 85 80 73 69 65 64 70 75 78 78 70 72 83 83 82 74 63 62 61 60 59 64 70 68 64 61 64 70 73 68 63 62 63 63 58 59 62 61 63 61 60 64 63 61 62 64 67 76 77 77 75 76 79 76 69 67 65 73 81 88 93 95 93 83 77 71 70 74 77 78 77
