examples/data/proba_v_italy_sicily/probav_s10_toc_x19y03_20141221_333m_ndvi_v001.txt
ncols         1127
nrows         589
xllcorner     12.348214285714
yllcorner     36.598214285714
cellsize      0.0029761904761905
NODATA_value  -9999
[rows 450 to 499 of 589, columns 864 to 959 of 1127]
186 194 186 172 178 177 179 176 180 182 183 172 168 157 168 173 178 165 181 183 178 179 169 168 174 175 175 149 152 174 173 165 152 161 156 151 169 186 196 195 183 175 184 196 185 175 174 173 186 166 169 183 191 210 197 216 218 214 215 217 210 208 209 208 220 205 207 205 201 194 168 171 187 191 198 198 187 178 203 201 195 209 223 202 184 220 213 195 189 186 211 199 207 212 219 220
196 188 180 169 160 168 183 178 164 181 196 174 170 171 165 156 175 192 202 199 188 183 188 186 180 173 172 167 176 180 181 184 165 179 177 181 174 179 194 203 181 202 168 189 185 192 176 176 172 148 153 159 176 186 198 209 203 193 193 194 197 204 212 208 215 208 205 210 210 215 195 195 183 193 213 206 196 202 203 201 188 210 213 200 194 212 201 159 152 171 194 185 198 209 221 231
190 188 173 163 155 164 187 208 197 171 192 183 196 187 165 162 163 170 193 206 180 163 157 170 171 160 156 167 183 185 187 189 174 163 185 170 176 179 180 194 185 216 176 179 232 189 182 186 186 170 171 185 195 199 204 194 182 176 184 203 214 214 212 222 220 198 203 211 208 206 198 206 193 210 216 213 210 214 202 206 202 212 217 210 191 184 195 201 192 185 183 178 170 187 179 196
181 163 156 181 176 181 168 183 183 159 160 165 170 173 169 170 173 159 169 179 162 144 151 162 156 166 160 157 161 161 181 196 191 175 170 177 181 196 200 198 186 184 186 188 186 182 180 189 191 186 194 204 192 186 197 201 213 215 208 213 219 213 213 216 214 203 193 194 192 192 202 194 194 204 198 203 200 207 208 207 205 203 189 196 156 130 177 188 190 189 172 164 169 170 208 225
164 164 164 177 180 191 179 174 180 172 179 169 179 176 176 169 191 195 167 170 161 157 158 171 169 165 164 165 164 155 169 186 202 191 176 183 188 201 201 200 183 176 172 182 192 176 166 177 182 186 171 184 204 207 209 208 200 211 210 209 210 210 206 192 174 135 138 172 158 165 182 203 194 188 188 197 192 180 195 192 185 191 215 194 170 187 189 190 189 187 169 137 142 142 178 233
188 180 192 187 173 183 193 200 192 182 189 188 177 176 175 168 170 198 184 185 186 169 165 165 165 168 171 170 172 166 144 154 183 174 170 192 203 204 181 188 182 173 174 180 180 177 179 180 187 185 185 172 197 201 204 202 191 205 219 218 215 207 185 139 125 120 121 142 127 178 204 190 188 178 183 178 176 198 189 187 189 182 194 179 129 167 209 200 187 191 176 206 196 203 198 183
203 167 172 179 174 181 193 197 194 186 176 166 171 158 164 172 174 188 174 190 194 182 173 170 178 189 191 176 171 172 166 151 159 167 188 195 198 202 183 208 197 184 176 170 176 191 184 176 176 170 189 203 186 172 190 201 198 201 206 205 210 210 200 188 176 151 145 137 150 197 170 212 214 211 203 180 180 188 188 187 190 191 193 180 144 119 180 198 193 180 161 180 191 199 217 211
196 189 178 161 174 188 195 196 189 187 181 154 142 156 183 183 165 173 177 188 250 156 167 181 190 189 196 182 164 174 180 160 180 182 195 200 200 206 189 181 195 182 185 192 205 181 184 150 160 158 149 173 183 183 184 199 202 198 199 203 206 208 202 209 221 216 208 205 202 201 202 198 192 189 190 198 200 200 202 200 222 204 216 203 188 190 199 189 211 206 186 207 211 202 205 225
192 198 175 186 194 185 175 189 195 176 177 163 160 171 177 202 187 159 162 186 184 167 179 186 191 178 171 161 165 175 164 168 174 178 191 200 203 206 197 187 181 173 196 200 184 203 177 169 157 154 156 175 190 208 202 204 189 191 201 194 180 204 211 215 220 216 206 204 203 198 199 201 205 197 200 191 180 201 207 201 207 208 216 210 202 198 200 189 196 200 195 211 223 214 231 250
191 192 185 195 208 199 168 163 186 187 168 154 148 152 179 180 166 140 154 169 178 178 184 178 184 183 177 179 186 168 169 190 184 169 196 205 204 207 205 198 190 203 198 203 203 205 196 167 162 149 158 156 159 180 205 208 191 189 196 194 190 194 193 205 211 210 203 193 182 187 197 188 189 184 199 176 196 198 199 206 193 184 204 196 210 203 201 179 191 195 198 206 218 211 212 205
205 194 190 192 204 198 166 177 190 195 191 161 146 152 171 172 147 147 167 183 189 179 192 185 175 178 160 172 193 168 144 163 180 194 197 184 185 173 194 212 213 205 194 179 164 164 177 170 162 158 160 169 164 172 190 200 202 198 194 174 184 192 190 197 201 205 196 172 183 190 186 176 189 196 199 192 192 207 185 201 208 203 212 205 196 206 182 202 204 210 223 213 213 215 170 121
162 189 186 183 156 155 170 176 182 175 186 173 168 183 169 166 151 172 185 198 184 178 195 200 194 176 159 158 184 175 182 194 191 189 191 194 186 174 158 186 188 195 192 181 167 153 177 168 186 171 180 173 163 171 189 192 196 204 191 192 199 207 213 204 199 176 187 182 191 203 185 165 168 190 205 196 189 185 170 173 193 200 213 197 184 176 171 187 217 224 223 209 170 150 111 131
182 190 181 177 167 167 173 173 169 174 179 173 172 193 190 166 159 158 171 183 179 170 188 194 188 178 194 207 205 191 199 197 197 195 189 189 194 168 184 195 200 193 192 199 186 199 205 193 181 165 156 165 164 167 179 184 185 181 181 192 196 192 211 202 194 173 199 197 193 211 190 169 161 182 199 190 192 184 180 178 182 194 199 191 185 184 190 172 190 183 161 176 133 83 88 144
188 207 189 181 178 184 184 186 176 178 184 179 166 176 173 158 168 162 172 186 175 167 181 183 177 193 197 207 208 207 189 179 184 189 184 182 188 175 167 166 181 185 183 191 185 185 200 194 190 187 173 167 173 173 162 160 178 159 161 168 170 170 173 180 180 183 202 201 204 210 209 193 188 188 195 194 201 202 202 200 184 186 191 194 194 193 195 183 211 236 193 147 144 110 131 186
212 217 189 180 192 202 208 193 184 168 171 170 159 160 148 153 176 197 181 180 165 158 154 188 201 196 195 196 194 190 180 181 185 184 187 184 188 194 157 170 166 179 190 199 202 205 196 180 193 208 194 186 180 175 165 163 165 157 106 194 211 195 170 170 169 171 173 179 174 170 173 212 188 189 193 184 202 187 202 209 201 177 177 171 172 202 226 206 184 206 190 220 230 182 184 196
200 209 189 179 182 190 191 179 177 161 165 156 146 149 175 172 179 195 183 171 144 188 174 181 193 180 179 180 190 187 188 181 169 157 162 191 204 200 180 186 172 133 142 148 184 206 200 180 190 193 193 192 196 193 184 175 183 178 175 175 164 223 250 250 197 176 166 157 151 156 154 150 167 166 152 173 174 183 186 188 189 203 185 186 185 168 150 157 164 192 209 231 246 210 192 178
175 189 182 172 186 188 165 154 181 188 183 182 160 162 177 169 159 159 150 145 185 187 191 179 168 172 183 187 200 194 193 188 178 183 191 196 204 209 187 172 161 166 142 148 125 154 182 179 192 188 194 184 196 195 178 178 206 203 190 207 179 165 172 165 163 152 133 150 156 250 157 137 138 159 158 153 155 182 185 209 206 238 186 182 196 180 165 162 190 189 213 234 245 250 215 190
187 157 172 183 174 184 185 184 169 188 186 187 172 170 174 160 151 156 153 182 180 163 184 175 178 178 203 197 184 199 192 194 205 187 194 197 206 211 188 173 203 183 175 198 192 180 187 179 184 191 189 192 203 191 173 165 184 181 158 178 211 183 179 180 177 176 177 183 179 226 159 236 231 250 241 210 202 197 175 171 180 220 229 179 201 225 203 186 203 163 206 225 243 249 210 185
168 178 172 167 181 199 188 190 194 201 200 181 172 189 187 167 158 164 165 186 184 178 172 206 202 186 190 186 187 199 201 197 204 200 190 187 177 175 176 177 196 187 197 202 180 179 189 189 181 199 180 166 185 182 163 156 150 148 155 152 192 180 177 179 190 197 197 197 187 174 188 177 173 176 238 250 250 206 241 188 199 227 233 228 221 213 229 227 183 168 165 229 250 248 233 183
185 183 187 192 191 174 181 183 183 200 206 194 170 195 201 182 172 179 179 176 199 188 185 195 203 189 185 178 196 184 191 192 198 203 200 197 193 176 177 193 190 188 190 206 193 180 194 203 195 200 200 187 199 179 159 149 156 146 165 157 177 192 201 191 188 187 183 193 196 199 197 223 179 233 177 170 230 250 250 250 245 248 193 236 203 185 223 220 189 188 170 219 250 244 232 223
167 181 191 210 214 201 184 192 188 198 201 195 188 202 195 190 192 184 192 184 174 170 171 168 188 193 194 180 192 195 191 202 204 193 200 205 194 193 206 203 205 192 167 188 198 188 194 200 196 192 199 210 197 184 163 150 176 179 188 190 188 191 200 190 184 182 196 196 185 196 186 183 179 220 218 164 158 159 180 186 184 214 236 250 231 238 218 182 183 223 196 235 245 205 178 141
173 155 161 184 188 188 166 155 167 162 177 161 175 197 205 207 193 183 191 198 179 180 183 174 180 201 192 183 183 190 199 208 190 188 192 191 182 195 208 214 203 204 194 175 176 185 198 190 172 178 193 204 205 182 157 155 188 211 174 182 186 169 173 195 200 178 177 187 183 194 188 179 169 166 220 167 159 151 153 197 222 235 239 240 232 242 231 214 229 226 224 223 194 86 75 59
178 173 202 203 175 198 184 183 179 183 187 168 182 175 182 184 189 199 197 184 179 177 179 180 190 185 190 185 182 187 195 199 185 175 179 177 181 190 200 207 216 208 207 197 181 179 176 175 185 182 178 189 197 171 181 187 177 157 165 171 161 183 186 188 176 166 178 183 165 165 165 159 161 163 152 156 153 162 178 187 224 239 250 181 155 187 232 206 173 167 144 89 82 74 68 63
174 166 173 178 184 176 189 188 183 190 178 169 172 160 177 193 202 199 185 175 167 184 177 180 183 191 190 179 174 179 186 191 186 187 186 177 179 179 187 200 205 188 189 205 186 180 194 184 187 183 176 169 167 176 191 205 181 176 169 155 172 200 178 169 170 161 159 168 167 160 153 145 150 157 159 146 170 171 173 197 230 230 216 210 187 193 179 152 129 97 77 14 64 64 61 35
175 172 177 163 155 170 166 174 190 182 192 188 168 194 195 192 194 182 172 166 171 170 171 168 184 193 185 181 173 167 177 188 184 184 186 177 179 184 181 203 210 196 200 193 179 175 175 182 205 202 185 181 170 163 160 154 138 169 168 165 152 164 167 166 157 154 153 152 156 156 163 168 170 167 169 178 181 169 175 215 231 228 223 236 244 203 176 148 158 87 48 43 43 37 60 56
154 161 167 173 174 167 189 184 202 202 186 180 165 164 169 187 201 204 182 195 185 177 161 170 168 180 174 170 169 176 182 189 187 182 183 186 190 184 179 200 212 194 198 204 198 181 161 151 154 159 158 182 197 184 180 165 147 150 152 190 164 153 156 165 152 151 151 163 169 162 165 184 197 195 192 183 183 184 171 183 220 231 244 235 188 172 156 122 85 34 27 67 62 58 81 65
182 177 179 172 157 147 166 191 181 191 182 152 136 152 171 163 172 179 179 189 179 178 172 180 190 190 177 159 161 171 190 192 188 185 186 179 180 185 181 199 181 199 208 203 199 207 175 165 173 164 167 170 183 179 174 168 162 155 170 187 210 196 185 180 167 148 140 141 145 158 167 191 204 199 213 204 201 204 185 200 225 232 247 209 184 170 140 111 87 70 33 34 50 57 72 29
193 193 169 162 119 135 158 169 183 189 172 161 155 142 136 134 162 151 184 171 177 169 161 177 185 181 165 153 157 164 175 189 202 183 173 178 179 187 187 198 191 192 177 178 172 179 162 173 177 184 188 174 173 169 165 152 159 156 173 193 178 202 190 183 189 176 159 144 143 153 171 192 205 199 213 217 175 187 205 216 183 164 191 228 229 183 147 110 162 120 65 27 54 68 29 99
196 190 171 156 108 130 132 136 166 179 170 152 154 127 113 144 164 184 199 184 163 145 157 161 174 178 182 180 175 178 176 177 183 187 179 190 175 178 170 182 198 182 165 179 184 166 168 171 153 163 178 177 177 180 176 156 146 167 163 183 194 205 209 206 208 206 187 178 167 174 178 189 196 193 209 196 185 209 216 192 176 180 184 224 239 184 144 62 34 48 84 66 37 122 28 88
198 185 210 189 163 133 156 144 172 183 184 178 161 168 168 172 179 177 189 179 177 173 157 163 159 166 172 171 173 172 172 183 178 185 190 191 174 160 159 175 173 196 186 177 172 171 175 184 178 167 169 173 172 168 164 155 153 155 158 159 165 207 195 198 204 190 185 190 183 167 174 193 215 180 189 188 206 219 214 196 169 147 189 217 210 171 116 66 72 37 27 27 68 30 25 35
195 187 198 213 191 134 131 141 154 174 171 160 167 178 183 177 170 176 184 179 180 181 172 154 143 159 173 172 170 164 181 180 181 180 172 183 193 186 164 170 166 179 185 176 157 170 156 158 179 163 160 163 156 154 153 155 153 159 163 167 173 195 197 205 210 190 178 212 188 147 176 196 209 216 187 181 196 228 229 188 170 173 189 193 157 132 39 38 69 43 36 34 77 79 30 36
210 212 210 209 196 192 158 162 158 160 157 174 179 181 183 180 173 175 178 182 171 174 173 166 156 157 143 158 164 179 177 185 178 172 172 165 177 193 180 162 166 173 182 170 164 163 144 176 189 170 154 150 149 149 149 156 156 179 185 190 194 200 213 205 203 191 199 216 175 145 182 204 221 197 183 176 146 188 216 188 123 168 203 135 90 50 50 22 31 42 33 24 28 19 22 31
208 211 223 210 198 185 182 172 157 153 157 141 140 152 157 174 181 169 179 188 172 179 185 178 173 161 158 160 165 173 190 181 171 172 168 165 179 208 198 169 168 179 181 160 181 188 192 185 178 170 155 150 166 164 157 157 157 175 188 192 202 190 191 207 214 206 213 217 197 185 187 195 207 172 124 133 157 218 194 148 78 0 24 62 68 62 39 50 27 39 34 34 33 31 31 30
201 194 210 206 183 189 192 188 159 162 183 183 160 165 187 201 196 177 183 182 172 161 164 178 179 167 175 187 189 177 170 186 178 188 179 166 177 210 206 167 159 176 179 164 187 216 197 175 174 173 174 181 179 175 172 166 161 161 193 190 205 215 200 191 193 211 196 174 174 170 150 112 92 75 68 81 119 179 154 95 69 39 84 46 32 108 70 46 20 21 27 30 31 37 22 26
193 200 200 196 198 190 198 200 174 183 188 208 198 195 198 202 198 186 172 170 167 167 170 175 171 152 155 180 214 204 183 187 197 198 182 167 170 199 206 179 186 184 176 179 192 202 182 167 173 174 174 177 171 171 169 175 187 203 206 205 197 219 217 193 182 185 221 189 167 144 113 68 69 58 57 74 102 121 96 48 48 38 36 45 39 109 79 62 59 52 22 19 28 26 40 48
184 199 198 203 216 207 199 193 180 195 206 207 210 188 189 175 171 172 164 180 173 169 180 179 177 168 170 159 175 201 213 216 204 186 167 182 181 168 184 207 209 196 184 197 209 204 185 166 174 186 173 186 174 163 178 186 193 205 210 201 186 197 217 200 173 175 198 211 206 157 83 54 64 78 101 102 120 107 72 61 25 80 32 21 83 77 37 37 37 73 56 54 23 27 33 28
188 190 199 203 199 191 186 191 184 182 189 207 212 198 169 172 161 158 157 185 171 176 184 183 195 196 187 174 169 183 212 223 221 181 154 180 187 191 182 173 203 215 210 217 221 216 194 173 177 188 171 181 190 179 172 176 198 185 204 211 193 173 212 226 203 195 201 225 194 159 98 62 62 97 127 123 105 80 44 34 72 94 37 37 37 99 57 32 37 43 37 37 37 37 37 37
192 192 194 199 203 197 204 212 188 179 198 204 190 171 167 179 178 170 189 178 185 183 190 180 187 198 199 182 177 181 208 205 193 178 148 141 184 197 194 195 179 196 215 200 201 197 198 184 197 171 124 194 203 192 188 195 217 192 176 210 197 170 179 218 236 215 164 154 179 146 136 135 144 154 158 136 94 56 24 64 65 21 35 37 37 37 58 35 37 37 37 37 37 37 37 37
201 197 194 199 207 199 199 178 198 201 200 186 152 127 167 166 181 178 176 203 200 187 181 188 186 193 200 177 167 158 155 147 145 159 177 179 199 208 195 179 161 157 183 188 192 188 205 193 180 147 101 136 208 214 216 199 185 168 182 181 206 191 191 225 233 203 177 170 181 177 190 189 210 231 206 163 92 36 52 58 61 84 37 37 27 38 37 37 37 27 25 22 29 28 28 23
188 186 195 199 196 201 208 201 193 200 179 169 147 152 149 159 164 167 185 196 195 188 185 185 194 209 196 181 192 189 182 176 190 182 203 205 198 196 184 168 158 184 186 184 181 197 205 184 139 134 129 91 150 204 203 202 186 185 179 170 191 220 224 229 196 174 199 216 217 224 234 207 182 207 186 140 71 31 61 49 14 65 37 37 37 37 37 37 29 28 27 26 25 37 37 37
202 199 182 187 206 213 204 195 192 201 191 201 189 192 167 168 173 186 197 184 182 183 186 184 185 177 183 185 200 188 186 185 183 200 205 202 205 195 189 190 183 181 188 186 179 194 208 180 126 94 80 76 99 182 195 185 178 195 192 181 174 179 202 218 190 200 217 231 228 235 238 212 212 197 173 125 72 37 51 49 59 40 34 32 37 37 37 31 31 29 27 22 20 37 37 37
204 199 195 206 203 208 198 191 190 197 192 190 203 194 186 159 150 148 171 179 187 173 165 175 172 161 182 201 209 188 184 180 168 189 205 198 190 201 199 212 210 199 181 177 181 170 199 190 122 70 63 72 97 188 193 179 181 170 204 215 208 200 189 185 200 221 225 208 226 237 231 228 205 169 136 92 47 47 23 45 54 44 30 40 37 37 37 37 33 31 29 35 21 37 37 22
194 194 210 215 212 210 208 194 187 185 182 183 207 219 210 192 205 189 164 192 208 181 163 161 162 159 169 191 173 173 194 198 203 191 198 207 206 200 192 204 198 206 205 188 175 177 176 189 158 130 96 80 92 160 196 184 177 188 228 207 193 217 194 173 202 213 224 215 215 212 219 200 210 179 136 111 29 39 42 39 48 34 35 31 34 37 37 37 37 29 30 27 35 37 37 28
196 193 214 216 195 196 195 179 170 181 176 193 195 218 221 230 218 203 186 153 180 182 163 167 181 195 183 182 180 179 189 211 226 220 214 203 199 202 202 204 204 206 185 189 184 176 157 161 191 190 183 151 121 101 171 198 210 229 235 212 225 241 214 204 222 219 207 208 210 195 203 215 208 164 117 44 34 21 42 45 42 34 35 28 26 24 37 37 37 21 25 22 20 37 37 37
195 182 197 216 168 175 196 197 191 185 214 204 195 213 188 172 199 223 221 155 164 188 195 188 202 197 185 196 202 176 170 175 205 216 219 209 187 184 182 179 193 215 197 206 222 214 203 201 167 171 215 217 195 187 172 194 231 242 245 250 250 247 231 228 242 217 200 212 218 229 218 204 182 131 76 53 44 52 41 35 34 33 32 37 37 26 23 37 30 26 23 22 16 12 37 37
198 178 153 151 153 189 208 192 206 208 204 223 209 195 194 209 222 221 212 166 177 194 188 184 204 182 183 190 198 197 173 180 198 201 212 209 204 187 200 198 185 198 194 195 215 196 177 187 175 153 173 207 215 233 226 205 225 193 229 243 236 234 203 227 224 220 222 223 227 230 221 188 157 98 51 54 45 41 39 36 37 33 40 37 37 37 23 37 37 37 37 33 37 37 37 37
195 179 186 181 156 178 209 210 206 213 217 222 222 202 194 210 218 214 192 194 197 202 162 162 167 168 177 188 185 189 189 184 195 208 210 207 197 192 199 214 197 200 198 178 194 206 208 194 190 168 179 193 192 202 228 212 182 171 191 183 209 224 217 214 204 188 195 216 226 216 218 195 158 115 88 52 44 46 40 43 38 45 40 37 37 37 26 23 28 27 37 37 29 24 22 23
214 212 201 184 181 186 198 180 199 201 214 225 206 195 202 200 196 188 202 204 227 189 166 180 185 202 188 163 178 185 181 177 174 192 201 202 204 201 196 190 202 194 199 179 196 210 214 198 175 175 205 196 210 215 198 174 173 177 190 228 234 200 227 235 219 189 194 213 224 198 199 223 194 143 94 49 54 51 43 45 45 40 48 37 37 37 37 37 37 18 23 18 22 21 15 15
227 210 187 183 192 202 184 190 200 207 202 208 180 175 187 187 183 182 184 195 206 221 217 193 173 167 164 143 164 188 174 183 180 168 176 187 183 177 184 187 192 201 203 207 206 212 215 221 197 181 204 204 200 197 183 197 191 200 196 206 230 230 236 239 229 215 201 222 224 216 212 221 185 120 53 50 65 61 45 39 46 37 37 37 34 37 37 37 37 37 37 37 37 33 37 37
207 197 180 170 192 192 201 181 173 175 161 197 170 171 173 184 184 164 182 173 185 208 242 209 190 183 159 155 162 191 188 190 196 188 170 163 170 203 200 182 176 204 230 232 194 176 212 217 181 190 209 209 201 188 194 215 212 188 192 186 162 179 208 223 220 186 204 235 226 199 208 204 155 99 43 48 73 70 70 64 56 37 37 37 37 37 37 37 37 37 37 37 37 35 29 24
