examples/data/proba_v_italy_sicily/probav_s10_toc_x19y03_20140821_333m_ndvi_v001.txt
ncols         1127
nrows         589
xllcorner     12.348214285714
yllcorner     36.598214285714
cellsize      0.0029761904761905
NODATA_value  -9999
[rows 153 to 203 of 589, columns 0 to 95 of 1127]
-9999 27 28 29 22 22 22 24 26 26 25 24 24 24 23 25 27 25 27 29 29 28 28 25 17 5 4 14 8 2 0 0 0 0 0 11 24 27 24 51 101 119 125 121 101 105 105 124 131 121 127 127 112 105 117 122 123 118 110 98 103 98 88 92 92 109 121 130 114 122 105 85 89 80 78 68 71 86 86 103 100 108 119 131 136 119 124 120 104 98 117 119 131 140 114 110
-9999 32 29 30 27 24 23 23 25 27 28 27 25 26 24 25 27 27 27 29 28 30 29 25 17 9 3 11 9 0 0 0 16 38 11 10 10 12 28 36 80 107 113 109 94 108 113 110 121 112 110 122 125 116 115 110 111 123 126 104 102 98 82 84 96 106 110 139 138 131 100 87 93 81 89 82 76 101 108 103 107 116 109 98 100 114 132 129 121 120 125 106 98 112 127 126
-9999 27 25 27 28 29 27 26 24 24 26 27 27 26 26 25 27 28 30 31 27 25 25 23 22 13 5 9 15 0 0 3 39 54 17 18 23 20 15 10 25 77 98 105 106 125 113 92 100 113 120 131 128 123 119 104 108 118 123 120 108 91 93 89 89 86 87 124 131 116 96 87 92 83 79 76 70 87 96 97 112 130 126 102 110 136 142 140 145 137 121 108 110 106 116 117
-9999 24 25 24 25 26 26 27 28 26 26 26 26 25 25 24 27 29 30 31 33 29 28 28 27 21 8 5 11 28 23 71 94 107 61 17 63 37 14 18 11 63 91 98 119 128 115 99 104 103 103 116 128 124 128 120 110 103 110 118 104 91 96 89 87 91 98 98 98 89 82 85 92 96 87 78 81 82 95 123 143 148 153 142 134 147 157 148 147 128 106 121 110 102 123 112
-9999 21 22 24 25 27 28 27 28 29 27 28 26 25 24 24 25 25 26 24 27 31 31 29 28 30 23 11 5 42 39 81 120 114 78 12 52 80 24 10 13 23 48 72 94 120 111 107 125 123 111 120 122 121 126 131 128 116 107 112 110 107 110 110 98 83 90 101 105 92 95 104 105 111 108 100 94 89 108 144 150 147 142 134 147 148 153 147 134 127 119 136 120 92 134 157
-9999 26 28 27 26 26 27 25 27 29 28 28 28 27 26 24 23 21 23 24 23 22 24 29 29 24 22 10 0 14 36 62 110 111 80 25 29 37 74 55 17 15 18 30 38 90 126 119 113 102 103 113 126 132 129 119 115 124 113 103 109 122 130 131 120 107 117 130 119 105 111 115 114 120 106 111 108 106 124 149 146 138 138 138 148 135 123 128 141 146 135 126 117 85 76 118
-9999 26 26 30 30 30 29 28 27 28 28 27 29 27 28 25 24 22 21 24 26 24 22 24 26 28 25 21 13 15 37 47 83 113 83 22 14 21 36 48 28 24 24 22 17 30 86 103 114 99 94 118 140 129 112 110 103 114 109 90 97 114 113 101 94 103 118 127 131 127 119 110 122 129 123 126 130 101 100 140 127 84 96 133 148 132 112 125 147 154 133 106 101 80 71 76
-9999 32 30 31 29 28 27 27 26 24 26 26 27 26 25 27 26 26 24 25 29 25 22 23 24 26 27 25 19 17 38 15 23 85 98 27 17 18 13 12 24 26 27 20 21 21 53 87 95 87 93 114 122 101 76 89 90 100 101 85 95 113 110 89 87 106 124 120 128 135 127 116 104 95 99 121 140 134 105 114 104 91 120 142 135 129 122 127 148 146 105 80 96 95 74 74
-9999 28 27 25 24 22 23 25 27 28 30 29 29 29 29 28 25 25 25 24 28 28 23 23 27 28 29 23 16 13 33 31 16 37 82 46 22 21 19 52 88 85 25 22 24 20 58 96 104 101 101 99 113 115 95 86 86 94 89 83 105 133 121 94 79 85 101 117 120 118 128 126 107 95 83 86 111 125 117 120 127 115 124 123 132 132 132 130 124 118 102 89 80 82 91 80
-9999 18 19 19 20 22 23 24 23 25 28 27 27 27 26 27 28 26 25 24 23 26 26 27 27 29 28 26 17 10 27 55 46 67 33 28 27 24 26 94 117 122 59 22 23 11 61 107 101 93 88 89 93 101 105 105 96 92 96 104 109 134 125 101 78 80 99 95 88 98 118 124 111 95 88 97 112 120 121 123 109 97 99 111 147 147 143 145 126 98 106 104 74 66 79 73
-9999 27 27 27 27 28 27 26 26 25 26 28 30 32 28 23 24 26 28 28 29 29 26 26 25 26 28 28 22 14 26 44 53 89 84 23 22 22 19 80 97 99 51 33 24 0 56 95 88 88 84 84 78 84 111 112 93 92 104 116 120 120 110 104 105 97 113 97 88 100 111 100 89 108 121 119 111 109 107 122 109 101 131 137 142 138 138 132 109 97 111 100 70 71 83 80
-9999 31 30 30 28 27 26 28 28 27 27 25 25 28 29 29 26 26 26 26 25 23 22 23 26 26 28 30 28 19 16 38 69 114 123 18 20 16 14 29 45 41 30 28 10 3 62 111 101 94 87 93 99 94 111 128 109 89 107 130 121 95 86 106 127 115 113 97 88 89 91 89 95 122 134 117 103 108 123 119 125 136 143 129 104 100 108 107 96 76 82 81 69 73 74 66
-9999 26 30 30 28 28 28 29 26 24 25 25 25 26 27 27 29 26 25 23 23 23 23 25 28 28 30 31 29 23 16 25 51 87 130 22 21 21 24 25 27 26 24 20 16 8 62 105 101 83 83 97 112 118 113 122 110 80 95 123 113 94 88 94 111 119 116 106 88 73 82 92 92 103 130 141 132 131 122 110 117 130 129 103 92 107 111 107 91 83 72 65 66 73 65 56
-9999 25 26 28 30 27 26 28 28 27 29 28 26 27 29 29 30 32 32 30 29 27 22 21 27 28 29 27 25 22 13 20 41 68 122 34 23 32 34 29 22 24 25 70 99 102 100 101 100 101 92 97 107 113 116 114 96 99 112 119 108 101 101 108 112 116 121 135 119 99 97 95 81 84 102 131 142 135 121 113 107 115 115 95 77 91 133 143 108 96 88 72 80 85 84 81
-9999 22 22 21 20 20 21 21 24 24 22 25 25 24 28 27 27 28 30 33 35 36 33 29 31 33 36 36 32 26 22 24 41 64 111 35 29 30 30 27 29 28 58 118 134 140 128 114 103 102 91 88 95 105 118 110 94 92 96 100 97 100 101 108 102 105 111 120 131 120 105 81 70 78 89 104 112 103 115 124 119 110 102 87 90 91 121 137 109 84 95 104 103 104 97 81
-9999 18 18 20 19 18 18 19 19 18 19 18 21 24 25 26 28 29 33 33 36 39 37 33 31 32 29 31 32 28 21 30 47 36 47 33 25 31 28 31 37 71 104 125 120 124 124 120 104 105 104 97 101 102 100 98 84 82 80 92 106 113 123 109 91 103 108 106 124 140 122 98 89 75 73 94 108 100 105 122 126 107 98 96 105 109 102 97 105 100 96 102 90 82 90 78
-9999 26 25 25 27 26 25 23 23 23 23 22 21 25 25 27 27 27 28 29 30 33 36 37 33 36 34 32 27 22 26 12 83 78 48 30 27 29 23 95 109 119 132 139 133 108 110 123 105 92 102 108 101 99 92 93 83 91 104 88 96 111 127 106 81 105 115 113 120 128 126 112 116 93 77 80 91 99 104 125 131 130 134 129 109 99 107 89 86 94 80 81 80 77 85 83
-9999 28 31 30 29 30 30 30 28 26 28 30 25 24 27 28 30 30 29 31 31 32 34 37 33 35 36 37 33 23 11 13 47 71 36 14 22 20 12 111 137 145 130 126 121 103 108 117 114 99 92 100 88 88 106 106 86 94 103 95 102 86 102 108 76 90 107 108 115 118 123 119 119 93 67 75 85 96 105 111 113 122 127 126 104 90 98 97 90 86 81 87 93 96 85 81
-9999 26 29 29 30 28 28 31 30 29 30 32 31 27 30 29 27 28 29 27 28 26 25 29 32 33 34 35 35 27 15 19 17 26 25 21 23 22 21 85 133 137 131 128 112 115 135 123 106 101 94 89 88 91 92 86 91 93 97 113 122 109 91 86 80 76 93 117 134 137 123 115 96 71 67 94 108 97 97 106 110 113 116 105 98 106 107 99 102 88 90 85 82 79 77 76
-9999 25 29 29 28 28 30 30 31 29 28 30 30 28 28 31 30 30 29 29 29 24 25 26 29 29 31 32 24 19 12 16 18 13 20 24 27 32 29 45 108 117 120 114 92 101 126 120 101 100 101 93 90 99 105 94 110 92 94 121 124 109 94 71 72 83 92 126 140 143 138 121 95 76 75 88 106 97 101 104 99 90 94 98 107 99 79 80 101 106 90 80 78 76 75 78
-9999 27 27 28 28 29 30 29 32 29 28 28 29 26 26 26 25 27 26 28 24 24 25 29 30 26 26 29 28 22 14 13 14 11 13 25 32 34 34 28 84 108 119 113 100 104 112 111 116 106 92 110 109 91 105 115 119 97 117 140 154 107 87 76 87 110 108 103 130 144 128 97 83 85 85 84 93 108 105 92 99 101 106 127 146 136 111 104 107 108 94 92 86 81 80 85
-9999 26 26 24 28 30 30 32 34 34 32 29 26 28 27 27 28 28 27 27 26 32 31 30 31 26 21 24 26 24 17 11 12 8 5 19 32 34 36 21 81 121 126 127 118 101 102 103 107 93 90 107 109 86 91 127 122 95 106 128 144 117 88 81 91 105 113 110 126 120 90 73 71 69 69 81 102 108 101 98 95 100 109 120 133 135 131 122 115 108 99 93 99 103 91 81
-9999 25 29 26 29 30 29 30 30 30 30 30 27 27 28 25 23 25 27 28 28 28 32 33 34 30 29 30 33 27 17 14 15 5 0 15 22 23 30 10 80 134 140 117 109 96 103 105 94 98 106 107 89 93 108 128 109 117 104 114 123 117 91 77 84 104 118 122 131 101 73 66 66 62 61 77 94 95 103 112 94 88 103 110 109 111 109 125 127 121 106 83 87 95 87 82
-9999 25 30 30 26 29 30 27 28 27 27 28 29 30 33 32 28 33 27 29 31 28 21 22 33 31 30 29 27 23 9 8 7 22 18 24 33 22 22 13 80 136 137 119 105 94 94 89 93 96 97 103 101 99 113 123 95 101 102 106 118 128 97 80 91 110 115 111 121 97 71 67 68 71 73 85 101 103 103 100 84 83 99 109 96 92 104 112 112 124 103 78 70 73 83 86
-9999 25 26 28 28 28 30 27 27 28 26 30 26 21 21 28 29 24 31 31 26 22 29 23 25 28 27 29 27 13 13 16 27 27 26 26 34 35 22 36 81 124 120 114 108 94 80 87 92 105 99 98 110 115 132 110 101 99 110 127 119 111 84 84 108 122 106 91 107 94 67 65 69 77 84 93 99 101 94 85 78 85 100 106 112 109 97 99 97 99 98 82 73 60 77 86
-9999 26 25 27 27 27 29 29 26 26 27 29 30 24 26 29 27 27 32 32 29 28 25 26 27 31 31 35 26 16 22 26 51 37 31 31 26 28 20 48 100 125 105 99 104 90 87 96 98 115 124 97 89 93 104 94 94 89 84 111 124 101 77 79 106 116 116 115 107 88 67 69 82 85 91 94 94 94 97 104 100 90 93 97 103 103 84 78 78 78 84 101 114 89 76 82
-9999 27 27 30 27 27 27 26 24 27 18 24 33 27 24 24 30 34 25 34 29 25 28 29 29 24 30 27 23 13 14 80 53 46 40 21 25 24 38 72 114 112 104 100 91 96 100 111 114 119 114 92 89 108 107 106 107 117 113 103 98 85 98 107 111 110 118 123 104 84 78 74 87 89 93 102 102 106 117 116 111 105 94 96 94 84 80 86 72 65 74 105 124 101 78 79
-9999 21 26 28 27 27 29 29 28 26 25 24 35 32 24 28 28 25 29 34 30 22 28 27 25 28 33 34 20 35 27 77 62 37 44 68 90 114 113 107 122 121 112 102 89 91 114 100 104 105 100 95 101 120 131 134 128 123 102 83 80 88 110 115 120 109 102 106 91 86 84 77 79 92 91 91 97 94 102 105 101 106 105 88 77 76 67 72 76 68 73 88 110 96 80 79
-9999 17 26 26 27 26 25 24 31 31 26 25 25 28 29 28 26 26 33 35 27 29 35 31 41 34 26 22 14 30 96 97 88 62 75 100 108 123 123 115 106 97 93 99 99 101 114 95 88 87 98 117 122 111 121 114 116 116 105 104 106 86 91 102 110 109 96 90 99 101 86 91 105 111 113 105 96 89 86 84 84 102 113 90 66 63 65 68 81 100 105 108 101 104 99 91
-9999 19 17 16 16 17 25 25 17 32 28 32 32 24 21 27 23 25 22 29 31 29 31 33 33 29 25 15 72 89 90 71 68 75 95 118 116 115 123 117 113 111 107 108 108 106 109 111 114 96 102 110 105 93 97 109 119 110 97 104 119 101 94 103 107 117 124 116 116 113 101 102 116 125 127 122 110 110 110 97 81 88 100 93 69 79 99 116 127 125 119 118 104 100 119 117
-9999 17 20 19 17 18 17 15 29 29 26 25 32 29 19 25 24 26 23 26 24 30 28 37 31 26 65 97 90 67 65 59 59 68 81 96 87 87 106 106 96 101 100 95 92 92 89 101 112 99 102 91 91 98 104 125 118 97 101 108 103 97 96 115 128 130 128 127 109 100 99 102 89 98 119 118 109 110 105 102 90 73 85 100 91 85 94 111 125 128 130 113 108 107 108 117
-9999 16 18 18 16 18 18 28 25 27 25 25 29 35 33 29 28 27 25 28 29 33 34 33 28 80 73 90 104 68 51 56 60 61 75 86 80 76 85 91 92 92 82 79 74 71 70 73 85 84 88 87 87 91 100 114 120 116 107 101 102 108 109 128 125 121 110 102 100 107 115 116 95 107 117 111 107 100 87 95 102 103 99 97 98 91 93 108 115 111 120 107 100 106 118 104
-9999 15 17 19 21 18 18 20 19 30 29 27 27 29 28 25 27 27 28 29 29 21 36 37 36 30 56 70 62 46 46 59 58 54 67 68 76 79 77 72 76 92 84 79 84 82 74 71 79 91 101 94 95 98 95 96 107 110 108 107 108 119 117 107 107 107 101 98 119 122 113 121 124 121 95 89 98 110 109 109 102 115 101 83 95 116 120 114 120 118 115 100 99 109 114 96
-9999 20 17 18 14 16 18 19 21 21 21 20 16 21 31 30 26 27 26 28 33 32 38 44 41 29 19 65 56 47 43 55 78 67 79 75 77 89 78 77 77 83 73 71 86 84 79 70 78 88 92 77 80 86 91 92 98 105 106 109 94 98 106 98 86 96 98 95 113 131 115 112 138 122 79 88 125 136 118 101 91 101 105 106 101 99 97 101 118 124 122 111 122 122 111 106
-9999 18 17 18 14 24 18 18 27 21 23 24 32 28 21 28 27 25 27 23 21 17 26 22 26 27 24 44 55 44 44 46 63 77 68 59 66 78 71 73 72 72 79 79 81 78 76 73 76 74 65 79 125 130 118 107 97 107 118 120 115 118 113 106 103 107 111 101 102 119 114 114 130 129 98 78 102 114 92 100 114 122 120 123 112 106 104 104 113 116 114 114 127 128 108 98
-9999 27 16 26 25 17 17 20 18 18 20 19 23 29 36 24 26 25 23 20 16 17 16 30 26 25 26 24 47 48 44 48 63 72 64 71 66 86 95 96 93 91 86 93 92 84 80 76 76 77 72 92 114 103 82 78 80 84 94 104 107 115 124 120 109 110 118 111 113 116 107 112 111 99 101 97 89 107 110 113 120 131 125 112 106 112 108 114 115 115 115 114 112 117 107 114
-9999 20 23 18 17 20 13 25 22 22 22 19 29 28 29 29 29 28 31 37 38 38 36 44 54 54 50 49 34 27 25 40 52 59 73 91 90 104 98 91 90 92 73 67 72 86 92 84 79 79 80 100 97 71 67 67 72 78 91 97 104 120 118 111 121 131 130 120 114 124 120 114 116 114 113 111 111 120 122 110 119 122 117 111 109 108 107 121 125 125 114 112 112 118 118 116
-9999 21 26 26 26 24 22 18 20 20 20 27 28 27 29 21 20 29 20 27 32 26 28 29 18 27 22 19 24 27 30 31 49 77 91 82 80 84 94 102 101 88 79 72 57 63 88 82 74 81 81 97 116 85 75 77 78 79 81 83 88 98 113 115 119 131 131 117 111 111 107 108 107 105 103 104 112 120 116 100 105 117 117 122 126 122 110 109 117 123 111 110 120 123 118 119
-9999 16 11 12 14 20 16 18 31 16 17 27 17 32 29 30 31 20 21 18 26 26 26 27 26 24 28 26 17 27 25 25 27 58 82 83 68 88 106 101 100 99 83 81 81 64 66 74 75 100 116 110 107 88 87 85 74 78 84 84 85 81 93 100 92 109 125 113 119 102 96 119 109 101 108 108 111 120 116 108 101 111 117 110 120 121 110 117 110 116 110 104 120 123 126 120
-9999 26 22 18 17 21 17 14 16 16 16 17 19 26 17 17 24 26 22 23 21 26 25 25 27 26 27 25 22 25 25 29 27 26 71 69 76 76 97 95 92 91 93 94 86 70 54 80 95 104 107 95 82 79 81 81 81 87 87 77 82 86 82 84 89 90 95 94 110 105 112 109 95 104 111 104 103 118 124 117 107 112 116 108 115 119 107 114 118 121 116 113 120 112 119 115
-9999 25 23 21 19 17 21 22 17 17 18 18 18 27 18 21 21 18 14 15 22 27 27 31 17 13 18 21 20 22 23 28 28 24 37 88 108 91 81 91 97 94 96 100 89 79 87 109 120 98 82 83 89 85 95 95 84 77 81 81 81 81 80 85 91 94 91 84 85 86 99 99 95 119 125 112 120 123 127 128 123 115 121 122 118 103 109 118 131 130 127 127 128 108 115 120
-9999 17 17 17 18 17 15 17 18 20 20 18 20 18 17 19 18 25 24 20 19 22 24 29 26 25 24 17 17 23 22 25 28 27 27 68 121 126 95 85 105 113 113 113 112 106 108 91 73 61 65 88 114 105 88 86 73 75 81 76 75 74 69 77 84 88 87 86 85 85 92 101 119 129 136 129 119 125 141 137 135 132 119 105 106 112 120 125 128 128 117 107 114 116 108 115
-9999 17 14 17 18 18 17 16 17 21 18 18 21 18 28 19 20 22 23 20 18 25 18 41 43 27 34 35 24 21 21 24 27 28 29 25 102 119 107 90 89 101 100 103 120 106 90 69 68 74 78 74 87 87 82 88 80 80 74 80 81 73 73 90 88 70 72 84 86 80 78 93 107 119 128 128 129 137 133 129 134 132 125 114 106 105 114 118 117 124 121 112 117 130 93 83
-9999 17 17 14 15 17 18 18 27 17 17 17 17 18 19 19 19 20 20 23 26 22 24 22 33 44 36 22 23 21 22 23 23 24 28 26 93 116 118 108 93 88 100 101 101 100 90 85 84 89 98 72 70 85 85 87 77 97 98 91 78 67 81 89 78 72 77 83 82 78 79 88 97 101 99 104 111 120 123 121 131 135 130 122 129 122 126 128 106 110 128 124 115 127 128 93
-9999 19 17 16 15 17 18 19 17 16 16 17 17 16 17 18 18 18 20 21 20 19 29 36 24 19 22 22 22 22 21 22 24 27 28 25 55 111 115 107 96 86 92 101 98 90 92 93 84 91 93 82 73 82 88 84 68 78 87 81 75 70 82 108 94 77 88 90 73 70 72 82 99 100 93 87 87 101 107 111 121 129 131 109 110 134 129 127 113 108 117 117 113 117 132 117
-9999 17 17 18 20 19 16 14 16 17 27 16 16 27 17 18 18 18 19 18 20 21 21 23 23 22 22 21 22 22 21 24 25 28 28 27 27 117 121 116 106 96 98 101 94 97 99 94 94 100 98 87 76 80 88 86 72 72 85 92 70 63 78 95 96 82 77 86 108 97 81 97 109 98 113 112 90 95 105 103 116 127 133 116 100 121 129 123 124 118 112 115 118 115 118 105
-9999 17 16 17 17 17 15 14 17 17 16 16 27 17 18 18 18 18 19 18 18 19 20 21 20 18 19 22 21 22 22 21 22 24 28 31 27 57 95 112 100 92 92 96 89 94 104 89 97 89 79 82 88 83 86 82 75 64 58 72 84 68 70 104 99 90 95 114 109 92 82 91 89 114 135 112 88 82 93 105 121 138 129 113 107 118 128 127 121 126 131 128 113 115 119 123
-9999 17 17 15 15 18 18 16 16 15 26 15 18 18 18 18 18 18 19 19 19 19 18 18 19 20 18 21 22 22 22 23 23 24 26 30 30 26 50 80 87 83 93 86 74 83 89 93 105 108 101 94 91 88 92 94 91 74 64 56 58 61 66 78 80 72 84 95 90 89 82 74 102 136 133 118 84 72 86 94 98 112 124 115 112 124 127 134 132 130 132 131 123 113 119 128
-9999 16 17 17 17 18 18 18 17 17 17 17 18 19 18 18 18 18 18 18 20 20 19 19 20 22 21 19 19 19 22 23 22 25 24 27 29 30 27 51 80 104 118 105 84 94 98 102 100 110 108 102 95 77 85 95 90 90 96 88 67 57 58 76 82 75 98 100 99 101 84 96 126 130 116 97 79 78 81 89 100 107 112 114 107 117 131 139 130 129 130 122 111 105 108 126
-9999 13 15 17 17 16 17 19 18 17 18 17 17 16 18 18 17 18 17 18 19 20 20 20 20 21 18 18 18 19 21 22 22 25 22 25 27 28 30 26 61 88 106 103 90 98 115 108 95 103 106 97 95 80 82 89 97 100 91 80 80 74 65 69 73 84 121 122 87 78 84 109 130 121 100 82 78 83 81 86 105 109 116 111 98 106 130 129 128 137 150 131 128 117 110 127
-9999 15 17 16 16 16 15 17 17 16 18 15 16 17 18 17 18 18 18 18 19 18 19 20 18 20 21 19 19 20 21 19 21 25 24 24 26 28 30 29 24 63 86 92 96 94 97 103 106 109 102 101 103 108 100 101 102 94 79 72 74 93 77 60 51 48 75 100 90 74 91 113 112 96 83 79 81 83 84 94 93 89 101 103 90 91 101 109 122 138 147 139 139 120 107 124
