examples/data/proba_v_italy_sicily/probav_s10_toc_x19y03_20140901_333m_ndvi_v001.txt
ncols         1127
nrows         589
xllcorner     12.348214285714
yllcorner     36.598214285714
cellsize      0.0029761904761905
NODATA_value  -9999
[rows 0 to 51 of 589, columns 384 to 479 of 1127]
24 17 25 15 24 27 26 24 27 20 22 19 17 20 20 18 18 16 22 20 20 30 28 22 18 23 26 35 27 14 17 39 26 23 17 17 22 20 18 35 33 26 14 14 18 22 22 22 25 27 24 25 20 14 37 48 29 24 20 23 25 20 16 15 30 27 20 22 26 24 20 20 29 24 10 37 28 18 17 15 18 30 22 17 20 20 18 20 25 24 16 18 15 15 20 18
21 16 32 22 10 32 30 19 23 26 27 19 18 18 20 18 22 18 22 20 22 22 20 15 20 20 20 38 29 23 15 33 26 16 22 11 14 20 20 22 35 27 19 19 22 18 22 20 18 20 23 22 24 20 25 27 26 27 22 23 18 11 23 22 16 22 24 20 18 11 12 27 35 30 23 12 20 27 11 13 15 18 22 20 20 24 22 22 15 18 20 22 22 20 18 20
18 16 30 27 16 28 25 19 27 21 14 25 24 25 20 20 18 22 20 24 20 18 24 26 19 14 33 32 23 26 13 30 27 22 26 16 15 18 20 18 17 23 22 18 15 20 20 20 15 15 17 18 20 18 18 42 29 16 11 16 24 23 16 35 24 18 19 13 14 16 9 30 30 30 30 23 25 23 20 4 23 20 20 22 22 24 20 20 22 27 22 18 20 22 22 18
23 15 15 28 23 33 26 19 27 23 17 20 22 18 16 20 22 18 18 22 16 20 24 27 22 29 21 23 29 19 14 20 25 22 20 20 20 20 20 20 22 31 27 22 20 13 20 20 20 23 20 22 22 18 18 32 27 17 18 20 34 24 16 33 26 23 19 21 24 20 20 23 26 20 22 20 26 29 17 12 20 18 20 18 20 18 15 18 20 25 18 18 18 20 20 22
25 17 18 18 22 28 26 21 22 20 14 17 20 20 20 18 20 15 18 20 22 20 22 18 22 35 21 10 23 23 18 18 22 20 18 15 18 18 20 20 20 26 30 24 18 13 29 31 16 13 22 22 18 18 20 18 17 20 20 20 24 24 23 26 16 22 24 14 13 20 22 27 27 17 10 18 16 15 23 21 15 24 22 17 18 13 15 22 22 31 30 31 18 20 23 23
22 20 18 18 20 22 27 26 22 20 18 16 20 20 23 18 22 18 18 22 22 33 32 28 18 25 24 20 20 22 22 18 20 20 18 18 20 20 16 23 22 20 28 25 15 18 30 35 23 18 11 13 22 22 18 20 22 20 15 20 17 20 20 25 20 23 19 13 13 20 17 18 31 28 14 8 23 20 18 15 18 20 20 18 22 18 18 18 20 20 18 20 22 18 17 17
20 25 22 18 18 22 24 22 20 20 20 23 25 16 25 18 17 18 18 25 22 25 22 20 15 13 16 20 20 18 23 22 22 22 20 20 20 17 20 23 20 17 27 27 13 15 29 32 25 23 19 16 25 22 18 18 20 22 20 18 17 31 25 23 23 15 17 13 32 22 15 15 31 24 18 18 14 20 23 18 20 18 17 18 20 18 17 20 23 20 20 20 23 20 25 18
25 16 22 22 24 22 20 18 15 20 20 27 34 20 19 17 15 18 20 22 28 28 26 24 18 20 26 39 26 14 15 20 22 20 18 20 22 20 28 25 18 13 22 26 22 18 18 20 25 20 27 18 22 22 22 20 24 25 28 20 23 26 17 20 26 20 20 23 40 28 22 18 20 20 14 18 18 23 24 20 29 25 24 24 18 13 2 37 24 17 17 22 18 20 23 20
25 13 18 22 22 24 22 18 15 13 30 20 32 27 18 18 18 18 20 20 26 26 20 20 15 25 41 21 20 20 13 18 20 15 17 20 25 22 27 30 23 14 18 25 20 20 18 20 20 22 22 18 22 18 23 22 28 28 26 18 25 24 24 25 15 28 20 23 31 30 23 14 23 24 29 25 18 18 30 27 12 18 29 22 20 16 12 12 43 26 13 18 18 22 24 18
24 17 18 20 22 24 24 18 15 17 32 27 14 20 23 20 22 18 20 23 17 16 18 20 16 20 41 29 32 18 13 18 25 21 19 16 23 20 17 25 29 20 20 22 18 18 18 20 20 20 20 20 18 18 18 24 22 18 28 23 12 22 38 26 15 20 20 13 24 29 29 15 12 20 17 20 20 18 24 24 15 15 25 26 22 20 16 23 52 29 15 12 27 20 18 15
22 20 20 22 22 24 18 16 20 24 30 30 17 11 25 25 25 18 23 23 20 15 23 20 18 22 40 28 28 26 15 15 22 26 22 17 17 20 22 20 20 20 20 22 22 20 22 20 18 18 18 18 22 20 20 18 18 16 20 23 20 32 34 29 23 28 15 18 20 27 36 31 32 20 20 16 15 14 14 20 20 18 22 27 16 15 16 32 36 26 17 13 20 17 7 20
22 20 20 22 18 22 22 20 20 24 28 25 19 16 22 22 29 17 13 20 22 23 18 22 20 22 23 21 25 25 24 20 20 20 18 18 12 17 20 15 15 23 22 25 20 22 20 20 22 18 17 23 18 20 18 22 22 20 20 20 29 31 28 31 26 20 16 27 31 20 14 17 18 18 18 18 22 18 20 18 18 24 18 18 23 18 15 17 29 34 28 14 11 20 28 23
22 20 18 20 22 20 20 20 22 18 22 18 22 22 20 20 28 19 16 23 34 23 14 24 23 14 17 23 17 15 18 20 20 20 18 16 13 9 22 16 20 22 22 22 20 18 20 22 22 15 14 23 20 18 22 22 16 20 18 22 18 18 20 20 24 25 22 31 24 16 18 23 11 12 25 22 18 18 24 21 25 16 20 16 22 18 13 11 26 24 18 18 20 16 20 29
18 22 22 22 24 20 15 20 20 20 20 22 20 18 20 20 18 20 20 18 24 23 23 22 18 18 22 20 25 20 15 22 20 27 22 18 20 16 25 23 20 23 23 20 20 25 22 23 27 22 15 27 26 22 20 18 17 25 28 22 22 22 18 13 20 20 30 34 20 13 33 22 13 3 27 18 17 20 20 24 39 33 28 24 22 22 20 20 28 31 15 14 16 16 30 36
18 20 18 18 20 20 20 18 15 20 20 20 22 20 20 18 20 24 18 20 22 20 20 18 18 18 20 20 26 23 19 20 22 20 22 18 20 20 30 30 17 14 20 18 18 20 20 20 22 25 20 32 37 27 13 13 9 37 28 25 25 22 18 20 23 28 21 21 26 31 32 20 17 22 17 24 15 16 18 17 22 18 20 18 20 22 20 22 27 31 16 16 18 16 18 30
22 20 22 20 20 20 20 22 20 20 20 22 20 20 22 20 20 18 20 18 15 18 18 18 25 25 20 25 26 21 16 18 22 20 22 18 18 22 30 33 23 13 14 25 20 20 22 22 18 22 29 31 31 25 16 20 11 20 38 18 11 17 18 20 29 30 36 14 9 26 25 20 27 25 15 33 15 7 20 18 18 20 23 22 18 15 17 20 22 25 19 20 20 20 18 20
22 22 22 22 20 25 24 18 18 20 20 22 22 20 20 18 18 20 20 18 18 18 18 22 24 24 20 20 24 22 20 18 18 22 20 20 18 22 29 21 22 18 18 20 17 23 23 20 18 22 22 27 24 24 22 12 23 37 28 28 31 8 18 20 24 27 28 21 16 25 23 22 20 25 27 31 20 7 16 18 22 20 18 22 17 15 20 23 20 23 25 25 20 22 18 20
23 20 18 22 22 20 29 16 20 24 18 24 22 20 20 20 18 20 20 22 20 20 20 20 22 22 22 18 25 22 18 22 20 18 18 25 22 20 22 18 18 23 22 22 22 23 20 20 22 22 18 22 22 22 24 22 42 33 28 28 26 9 26 25 20 36 33 37 38 18 18 18 18 22 28 18 24 21 14 18 20 18 20 22 16 13 30 23 20 25 23 22 22 18 20 15
18 22 20 22 18 24 27 20 20 24 22 20 22 20 20 24 20 22 20 18 20 18 22 20 20 22 20 20 18 20 17 17 18 18 18 20 18 22 18 20 22 20 20 22 22 22 32 18 18 35 20 20 23 20 18 20 24 35 29 24 21 14 18 20 13 18 18 20 44 20 20 24 14 20 20 20 17 29 25 14 20 25 18 16 16 15 40 26 14 18 14 22 18 15 16 23
20 18 22 24 22 18 22 22 20 20 18 20 17 22 22 20 20 24 20 20 20 18 20 20 20 20 20 20 20 20 17 23 22 18 18 17 20 20 22 22 23 22 22 22 22 22 20 20 18 22 48 22 20 20 48 35 15 20 24 16 32 20 18 20 29 20 16 16 17 20 39 17 20 23 14 18 20 20 25 22 15 23 15 18 18 22 33 31 22 15 10 23 18 15 20 28
24 20 18 22 20 20 20 22 22 22 18 17 17 23 22 20 18 18 20 20 20 22 20 22 22 20 18 20 20 18 20 20 20 20 20 18 22 20 20 23 20 23 23 22 20 18 20 22 22 20 22 47 21 25 25 22 44 22 20 23 23 22 18 20 32 23 18 13 17 20 22 18 22 44 17 9 20 14 16 30 18 18 20 17 17 23 25 35 21 13 25 22 18 22 18 25
22 22 18 22 18 17 20 22 18 15 14 20 20 22 20 18 20 20 18 18 20 18 22 20 20 20 18 20 18 20 18 22 24 22 16 18 20 20 20 20 22 18 23 22 22 22 22 20 20 22 22 22 20 26 25 22 22 38 18 20 16 25 22 22 31 26 24 17 23 25 22 17 26 32 37 11 14 18 20 19 18 20 20 15 20 25 20 20 25 22 20 23 33 27 22 22
22 22 18 20 24 25 30 27 12 16 28 23 23 23 16 16 20 20 25 20 20 20 22 22 22 20 20 20 20 22 18 20 22 22 18 20 20 20 20 22 18 18 22 23 18 18 25 22 18 20 22 18 17 23 22 25 22 15 23 26 27 24 20 20 23 22 24 21 14 27 27 17 13 27 27 41 37 38 24 38 27 13 16 22 17 28 23 22 20 18 20 23 25 23 23 20
22 24 20 23 24 27 27 26 17 20 29 26 29 22 16 22 22 20 20 18 20 20 22 25 18 20 22 22 20 18 18 18 20 22 18 18 20 22 20 22 18 18 18 15 18 18 20 23 22 22 20 20 22 18 24 22 20 20 22 20 22 32 20 17 18 32 34 20 12 24 21 18 20 23 20 18 20 23 24 22 27 18 13 20 20 23 47 22 22 20 24 20 23 22 20 25
18 22 18 18 22 22 22 23 20 16 31 37 24 14 19 18 20 18 22 20 22 18 18 20 20 24 20 22 22 22 24 18 17 23 20 18 22 22 25 24 20 18 11 15 31 15 20 15 17 18 15 20 20 20 30 21 17 18 16 20 28 26 16 14 20 34 27 15 17 27 20 29 21 25 22 17 17 17 20 15 20 25 18 23 22 22 20 17 17 20 30 39 24 20 20 17
18 20 20 20 27 22 18 20 22 20 35 34 18 11 23 15 20 20 18 20 22 20 20 20 20 20 20 22 23 22 20 20 20 23 24 20 20 20 29 32 22 20 17 20 34 27 18 12 23 22 20 17 18 18 22 20 18 18 18 24 22 20 18 22 25 20 24 22 20 18 22 20 27 29 20 18 16 23 17 20 20 17 17 23 25 22 23 32 36 18 18 25 22 20 15 23
20 20 20 22 20 20 20 20 22 24 22 25 20 20 20 20 22 22 20 18 18 20 20 17 20 18 20 20 22 22 20 20 15 29 32 16 15 20 20 27 26 20 15 23 30 27 20 12 18 24 22 23 22 22 17 23 20 20 22 18 22 20 18 22 22 22 22 20 22 22 22 20 24 24 19 19 18 27 22 28 18 25 15 24 20 17 17 22 21 20 16 22 26 17 13 23
24 20 20 22 20 20 20 20 20 20 20 20 20 22 22 20 22 22 20 20 18 20 20 22 25 25 22 23 20 18 20 22 20 20 30 19 16 20 18 24 27 19 16 20 33 33 29 6 18 28 22 17 22 24 18 20 17 17 17 20 20 20 20 17 20 20 22 20 18 18 24 24 18 18 15 20 23 20 25 13 22 20 40 23 22 20 23 20 37 28 18 18 25 18 17 15
18 18 20 20 20 18 22 20 20 20 20 20 20 20 20 20 20 22 22 20 20 20 20 18 22 20 20 18 20 20 20 22 20 15 17 27 22 20 20 24 24 14 16 22 36 30 15 11 28 20 22 18 20 20 13 20 29 21 18 25 22 18 20 20 23 20 17 17 20 20 18 20 20 20 40 22 25 25 18 23 18 18 22 30 37 18 8 28 17 17 23 23 20 17 20 26
20 22 22 22 24 18 22 22 18 18 20 22 20 20 20 18 20 20 18 18 20 22 22 18 20 20 20 22 20 20 20 22 22 22 20 18 20 18 20 20 23 22 20 18 20 22 22 15 18 22 20 22 20 18 18 20 26 21 15 20 17 17 20 17 17 20 20 20 17 17 20 18 18 20 20 15 35 32 15 11 18 18 22 35 32 19 10 34 20 18 27 25 18 17 24 26
20 18 20 22 22 20 18 18 18 20 18 20 20 20 18 22 25 22 20 22 22 20 20 18 18 20 20 22 20 22 20 20 22 18 20 20 20 22 18 18 20 20 20 22 18 22 20 18 18 18 20 20 18 23 22 22 22 25 20 20 23 23 20 23 25 22 20 18 20 17 23 18 18 22 18 18 20 27 17 16 25 22 22 23 49 22 18 18 24 31 31 21 15 13 24 36
25 20 20 18 22 22 18 22 22 22 22 25 20 20 18 20 22 18 18 20 20 22 20 18 20 22 22 22 22 22 18 20 22 18 18 17 23 20 18 15 17 22 17 20 18 20 20 18 20 23 18 22 22 22 23 22 22 20 22 22 18 22 24 24 25 20 20 20 20 17 17 17 23 22 46 18 23 20 20 18 22 20 20 23 20 15 18 18 25 34 32 19 16 17 13 36
20 22 20 22 22 22 20 20 22 22 22 22 22 22 20 20 22 20 20 20 20 20 22 22 20 22 22 22 22 22 20 23 22 22 20 22 22 24 20 14 20 23 17 23 20 20 20 20 18 14 23 20 18 20 22 22 22 18 15 23 22 20 26 20 20 25 25 25 22 22 20 22 22 23 20 41 25 25 25 18 20 20 24 53 17 17 22 20 20 20 27 20 25 18 19 31
22 22 23 22 22 22 18 22 22 22 22 23 20 22 20 20 20 20 20 18 20 20 22 22 22 22 20 20 20 18 20 22 22 20 25 22 20 33 22 11 24 28 22 23 18 15 13 16 23 20 17 18 20 22 22 20 20 22 17 23 20 17 20 22 20 20 22 18 22 18 18 18 20 17 26 40 22 30 36 24 20 22 17 34 40 14 20 22 18 20 20 23 20 20 30 27
22 20 20 20 22 22 20 24 20 22 18 22 22 22 18 22 20 20 20 20 20 20 20 22 25 22 22 22 22 22 22 25 25 20 20 22 25 20 18 16 26 42 25 15 20 15 20 32 19 20 26 30 20 18 20 20 22 22 18 20 28 21 15 17 22 20 22 22 22 22 18 18 18 20 17 20 17 23 25 20 20 20 23 33 25 12 14 18 18 18 18 20 26 18 18 30
22 20 20 22 20 22 20 20 20 25 25 20 23 22 22 20 20 22 22 22 22 22 25 24 20 20 18 22 22 25 20 22 22 20 22 25 22 20 20 20 23 39 24 11 15 20 20 28 30 25 18 22 19 16 20 20 23 18 20 25 31 27 29 25 25 22 22 25 20 22 20 22 20 15 17 26 20 18 22 25 22 20 18 47 22 18 20 20 20 20 18 24 23 18 18 17
17 20 20 22 22 20 18 22 20 22 22 20 18 23 20 22 18 18 20 20 22 20 24 22 22 20 22 22 20 22 20 22 22 18 22 22 18 18 22 22 17 20 20 20 22 22 18 39 32 20 15 6 23 20 18 22 20 20 17 22 27 20 16 22 20 20 18 22 22 22 25 25 15 15 20 22 22 18 20 18 22 20 20 20 25 31 20 20 15 15 17 14 13 20 23 18
20 22 22 22 22 22 22 20 22 22 20 18 18 18 22 25 20 20 20 18 22 22 22 20 22 22 20 22 22 22 22 22 25 18 15 35 21 22 18 20 17 20 23 18 18 22 20 30 27 13 18 20 20 20 22 20 20 20 20 17 22 24 18 22 22 23 17 20 24 22 25 22 15 20 20 20 31 23 16 17 23 23 20 20 22 20 30 23 16 28 23 20 20 25 23 18
20 22 20 22 22 22 21 20 22 22 20 20 20 18 22 25 22 16 22 20 22 22 20 22 22 22 20 22 20 23 25 25 22 20 20 23 23 20 22 22 23 23 20 23 23 20 18 22 27 20 20 25 23 23 23 20 18 20 17 23 20 23 20 20 22 22 20 20 22 20 22 20 22 20 22 33 34 22 15 16 23 39 22 23 30 25 25 23 28 38 22 15 26 22 20 23
22 18 22 22 22 22 20 18 22 20 22 22 18 22 20 22 24 18 22 22 22 22 20 23 22 22 22 22 24 22 20 20 22 22 20 21 22 18 23 20 20 17 23 23 23 20 22 23 23 22 22 22 25 23 23 23 22 17 20 25 23 23 20 20 22 22 22 22 22 20 20 22 20 18 32 33 16 19 24 22 14 29 30 39 44 25 22 20 36 33 32 23 25 26 22 21
20 22 17 20 20 20 17 22 22 20 18 20 20 25 20 20 22 20 22 22 22 20 20 20 22 22 22 22 22 24 22 22 22 22 20 22 27 18 18 20 24 20 15 25 22 25 24 32 15 23 23 23 20 22 17 18 22 19 25 20 20 23 23 28 18 17 20 20 22 30 22 22 22 20 22 23 15 20 23 26 33 26 28 28 27 31 21 20 31 29 33 25 25 19 30 30
22 17 17 17 22 20 20 20 20 22 22 20 22 22 20 20 20 18 22 22 17 20 20 17 22 22 20 22 22 22 22 22 22 22 26 26 17 20 20 39 22 15 31 24 22 22 18 20 20 25 22 20 22 30 23 24 18 25 28 28 23 22 25 27 18 20 26 25 27 20 25 22 17 22 22 20 22 20 22 22 24 24 22 12 30 43 23 12 14 31 37 21 10 27 39 32
22 20 17 22 20 20 22 22 20 20 22 22 20 20 20 22 18 20 18 22 20 17 20 20 17 22 22 22 20 22 20 22 20 18 18 18 22 25 22 22 22 22 25 24 22 20 23 19 30 23 22 20 30 20 20 22 43 20 25 29 21 17 20 18 20 18 17 32 21 16 22 20 20 17 23 22 18 20 18 25 22 38 20 18 42 33 28 28 21 11 31 36 12 15 26 29
20 18 18 20 20 22 20 20 22 20 20 22 20 20 17 20 20 22 20 18 22 22 25 17 17 17 22 20 22 22 39 20 22 20 22 22 22 17 17 17 20 20 22 22 23 19 20 22 20 23 23 23 35 30 19 20 22 20 20 29 18 15 20 18 33 21 12 30 21 11 23 22 18 20 23 23 18 33 18 18 20 22 35 20 15 24 22 23 12 23 23 25 15 18 26 26
18 20 18 18 18 20 22 20 20 20 18 18 17 23 20 20 22 22 25 25 20 22 22 18 22 22 20 20 22 22 36 22 22 17 20 22 17 20 20 20 22 22 22 22 20 25 20 22 20 20 17 20 17 20 22 35 20 20 20 22 20 22 20 22 23 33 22 28 32 20 23 25 22 20 22 20 21 33 22 22 20 18 20 21 18 17 23 25 19 12 16 21 24 19 20 26
22 20 20 20 18 18 20 20 22 22 20 22 17 23 20 25 22 20 20 20 18 18 22 22 25 20 20 22 22 20 20 22 22 22 22 22 22 22 23 20 20 20 22 22 22 20 20 20 17 17 20 23 23 23 33 17 22 22 20 22 22 22 20 22 20 17 17 22 20 20 20 20 20 22 22 21 20 20 20 31 27 23 23 16 24 22 22 22 20 21 25 20 16 23 22 20
17 22 22 17 17 20 25 20 20 17 20 20 20 23 17 20 22 22 20 18 20 22 25 25 22 20 20 20 22 17 17 22 22 22 20 20 22 22 22 17 32 17 20 20 20 22 20 22 24 19 23 23 19 17 32 30 20 17 20 17 22 22 20 17 20 22 17 17 17 23 17 29 25 30 23 20 20 23 23 20 17 25 22 22 20 24 27 27 20 20 17 24 37 36 18 20
22 17 22 20 17 17 20 20 25 22 22 20 22 23 20 22 25 22 22 22 22 22 20 18 18 20 20 20 22 25 22 22 22 22 20 23 23 20 17 17 42 17 20 20 15 17 23 24 24 23 27 20 20 16 23 23 37 17 23 17 22 23 25 16 23 25 22 23 17 23 20 17 17 17 23 23 26 17 20 22 20 20 23 22 22 43 22 22 20 18 20 29 44 28 13 9
22 20 22 20 17 17 17 23 23 22 22 25 22 17 25 25 22 22 22 25 37 22 22 13 22 22 22 22 18 18 18 22 22 22 20 25 22 17 17 17 17 33 20 20 17 20 23 23 23 22 27 17 23 23 20 20 20 20 20 20 17 17 17 23 20 22 22 20 22 28 20 20 20 22 31 17 25 20 17 20 23 23 20 22 17 41 20 20 20 22 20 34 34 21 19 18
20 25 20 22 20 17 20 17 23 25 20 25 22 22 17 22 22 20 23 20 18 18 18 17 17 20 20 22 20 22 20 22 22 20 20 22 20 22 22 23 25 21 17 22 20 23 20 22 18 17 20 16 20 17 20 17 33 31 20 20 19 17 20 17 27 19 25 22 20 28 20 20 22 22 22 28 29 23 15 18 20 17 25 22 18 20 43 22 22 20 22 18 27 27 27 15
20 17 20 17 22 20 20 20 20 20 26 20 20 20 25 22 22 17 20 20 29 20 23 19 22 20 23 20 20 20 22 20 20 25 22 17 31 20 20 23 20 25 25 20 20 23 17 22 20 17 20 20 20 20 20 23 20 20 20 23 20 20 20 20 29 19 20 17 20 23 20 22 18 22 22 25 20 22 18 20 23 20 27 23 15 23 23 20 22 20 20 24 18 24 22 20
20 17 17 17 17 18 23 20 20 20 23 23 23 23 26 23 20 20 20 20 23 23 20 22 22 23 25 20 20 24 15 17 20 20 20 20 23 38 20 23 20 23 20 22 22 23 23 20 17 20 20 17 23 31 20 23 20 25 20 17 23 20 20 23 20 20 17 20 20 23 25 22 17 25 22 20 22 22 22 25 20 22 24 20 20 20 20 23 17 22 22 27 22 22 20 22
