examples/data/proba_v_italy_sicily/probav_s10_toc_x19y03_20150121_333m_ndvi_v001.txt
ncols         1127
nrows         589
xllcorner     12.348214285714
yllcorner     36.598214285714
cellsize      0.0029761904761905
NODATA_value  -9999
[rows 423 to 469 of 589, columns 0 to 95 of 1127]
-9999 25 23 26 33 33 32 26 23 29 23 20 23 34 26 17 17 30 29 29 34 32 36 11 25 12 11 29 23 37 28 20 25 40 16 22 29 23 23 24 16 29 30 16 16 16 13 13 24 16 16 16 28 36 31 7 7 37 36 31 26 26 11 11 14 36 17 34 27 18 17 21 28 22 29 30 26 29 33 26 27 32 26 23 15 21 20 15 30 14 20 17 25 30 29 20
-9999 15 29 31 30 32 26 20 23 23 23 26 20 17 20 17 25 16 23 29 26 20 39 25 22 27 23 14 23 31 23 23 31 29 29 26 32 26 25 16 16 16 28 13 16 13 13 13 13 13 24 12 12 14 34 22 10 31 17 38 30 31 47 11 11 36 30 33 33 39 43 21 24 12 17 25 35 30 25 26 20 18 29 22 24 20 25 24 26 11 13 24 27 43 41 26
-9999 20 20 30 26 28 23 28 31 34 28 28 23 20 20 23 30 31 24 13 16 30 28 38 29 23 27 26 29 26 25 17 24 29 24 23 35 37 16 13 16 16 29 16 16 16 16 16 26 40 29 13 24 24 18 34 10 9 17 16 17 36 18 8 7 42 41 54 56 47 38 30 20 25 13 19 25 31 26 25 22 20 28 22 34 25 21 24 13 15 25 20 36 44 40 22
-9999 20 20 20 26 20 14 20 23 23 26 32 32 29 23 23 28 30 28 27 32 42 41 14 40 34 28 28 17 12 22 26 29 31 36 44 44 30 16 16 16 16 24 41 16 16 16 39 24 18 49 40 16 16 43 25 33 8 20 15 15 39 20 10 7 5 44 32 27 37 18 21 13 21 9 20 30 29 28 26 24 23 23 27 21 15 13 27 21 23 20 25 28 45 30 36
-9999 25 17 23 26 26 23 23 20 17 20 23 23 23 23 26 23 23 23 29 37 24 8 15 37 16 9 27 39 20 39 23 36 23 6 14 22 27 13 16 36 13 25 35 24 23 13 22 33 16 16 16 36 30 48 32 38 16 28 27 12 17 21 14 13 17 7 29 32 35 33 32 24 25 25 30 20 20 31 24 25 26 24 22 22 17 28 24 32 21 25 29 13 24 18 34
-9999 22 20 23 26 26 23 26 26 20 23 23 23 31 34 25 25 23 37 41 47 24 26 23 22 30 20 28 54 20 20 33 25 34 23 17 28 16 13 16 46 48 41 20 31 38 28 28 13 16 23 19 24 58 42 26 29 31 21 17 21 23 18 30 21 17 21 20 30 31 35 32 24 25 20 20 25 22 30 16 16 27 13 22 22 16 29 16 11 27 28 27 27 18 10 31
-9999 23 17 17 20 23 29 26 20 17 17 20 28 38 44 25 23 32 8 4 4 32 52 45 24 37 39 40 53 37 33 29 25 30 23 20 28 16 20 37 36 59 32 23 9 20 16 25 16 25 20 16 23 37 26 33 47 31 25 16 18 15 20 20 22 32 27 24 26 24 28 30 16 13 13 15 10 23 22 13 16 28 32 19 23 13 23 24 7 16 23 18 18 18 6 31
-9999 23 23 20 23 23 30 34 28 25 23 20 28 36 31 20 15 47 16 16 19 21 12 22 28 23 30 33 34 24 29 31 28 34 36 37 46 13 16 33 16 6 10 18 16 16 16 16 26 27 27 26 24 22 23 17 14 35 35 14 30 22 23 16 26 31 26 20 20 13 23 21 22 25 29 16 24 24 20 17 14 27 27 22 26 19 20 32 28 36 36 27 15 4 9 14
-9999 23 29 23 27 28 16 17 20 28 25 15 22 22 23 23 23 50 16 16 31 36 27 17 15 13 11 28 17 15 23 25 34 47 32 30 37 53 13 46 27 16 16 16 13 16 16 16 45 22 30 16 16 12 16 16 16 39 33 23 18 32 30 26 30 34 31 31 20 31 36 16 24 16 21 16 33 26 28 27 24 24 27 28 26 21 28 19 26 30 20 24 11 16 18 8
-9999 23 29 23 12 20 17 20 20 20 24 33 34 20 28 23 31 37 46 44 45 62 25 16 20 16 17 21 22 22 26 23 23 28 51 33 16 14 52 51 52 50 16 26 16 16 16 13 21 30 33 33 13 16 16 16 27 27 51 48 42 29 28 32 26 26 36 20 29 20 24 20 16 12 21 21 24 30 16 13 26 33 31 36 28 25 21 15 16 22 24 27 31 19 16 9
-9999 26 23 23 23 23 20 29 29 28 30 33 22 33 41 25 25 39 39 38 37 39 35 13 20 20 21 22 16 18 6 6 19 20 41 34 27 20 29 14 48 50 63 54 38 36 31 37 45 25 39 33 33 22 20 16 11 13 27 39 27 16 28 38 30 26 42 37 27 20 20 20 20 13 9 25 30 20 22 27 29 26 25 31 19 30 21 20 23 20 15 11 28 21 5 15
-9999 27 23 26 25 25 24 27 28 28 29 24 23 18 24 30 25 31 30 25 32 37 44 20 16 16 20 34 29 24 25 24 16 24 22 17 22 25 28 25 13 17 36 23 32 29 27 26 34 44 49 39 31 34 26 26 16 16 17 23 29 29 25 25 29 31 26 24 13 24 29 25 32 13 0 30 33 32 20 27 29 23 24 26 22 32 19 35 25 23 19 27 11 17 15 15
-9999 27 27 23 20 25 32 31 30 26 28 27 26 26 20 24 28 20 20 20 20 32 39 44 36 31 28 37 33 35 20 20 16 34 18 21 18 23 31 39 34 29 33 15 19 35 21 26 22 13 9 57 38 25 27 27 13 16 16 25 29 24 24 24 20 18 27 34 16 20 33 23 16 34 30 27 21 32 31 29 26 15 19 19 25 19 18 23 21 38 18 16 18 13 18 21
-9999 20 24 27 20 20 32 31 25 17 23 32 26 25 25 25 25 27 29 28 23 33 25 39 52 38 33 28 27 32 16 25 30 37 31 28 30 28 25 24 52 37 39 19 18 36 34 14 22 24 35 29 46 40 32 26 16 21 16 20 28 30 19 21 19 11 27 19 7 6 21 25 23 22 24 26 39 22 26 28 25 18 19 13 18 16 15 23 22 27 14 32 27 10 16 22
-9999 20 14 20 14 38 25 21 27 23 31 36 35 23 25 25 23 27 26 30 23 25 29 26 20 36 24 32 28 38 34 42 27 26 41 27 22 10 21 25 27 26 19 19 23 23 29 32 25 19 29 26 32 36 35 28 24 25 24 20 18 19 15 18 18 18 23 21 12 11 14 19 21 20 23 29 27 23 25 22 24 29 21 14 11 14 11 18 20 23 17 11 11 11 12 16
-9999 20 23 31 25 34 29 22 35 19 28 27 22 3 26 23 39 31 28 37 36 30 25 39 25 7 10 39 29 15 25 39 42 32 17 20 20 12 9 11 15 32 14 33 38 30 24 32 32 26 19 30 24 27 34 26 26 6 30 18 9 13 17 14 9 13 8 10 23 11 12 11 12 15 27 35 23 20 27 28 34 25 19 19 14 13 12 9 15 18 16 14 12 13 13 14
-9999 23 23 34 30 28 27 31 32 20 18 50 23 13 24 20 23 39 42 42 53 45 26 33 26 27 12 4 23 11 13 24 41 39 17 20 20 17 17 21 30 22 19 24 26 33 28 30 22 25 20 20 29 22 19 16 16 5 17 24 15 11 10 14 13 7 9 10 13 10 3 2 15 28 26 14 15 24 21 26 26 25 24 21 25 20 18 9 20 6 16 15 13 11 12 12
-9999 31 28 28 27 24 22 18 30 23 20 52 29 18 39 25 28 39 43 50 43 46 35 17 20 15 24 25 17 17 17 26 21 28 33 20 20 17 36 30 16 6 6 16 30 32 29 23 34 29 30 16 34 33 21 18 11 33 17 27 22 13 5 13 13 11 30 34 29 25 23 26 33 31 37 15 13 29 21 16 34 35 33 29 24 22 19 18 25 12 23 13 11 12 14 31
-9999 34 28 29 27 24 25 23 23 25 26 37 37 41 45 24 16 17 34 35 27 38 40 17 17 20 24 31 26 26 25 26 30 35 17 12 38 20 20 17 36 11 6 22 26 32 29 24 25 26 22 20 31 17 38 33 24 27 22 26 23 16 6 13 29 29 25 30 31 16 27 31 31 33 17 14 15 16 31 31 28 26 32 28 27 24 20 30 31 34 31 26 27 30 13 14
-9999 28 25 27 25 20 18 20 23 23 33 44 30 20 29 28 27 32 31 28 30 17 26 46 35 26 25 28 27 28 28 20 12 37 0 0 11 27 20 20 19 33 20 16 25 32 30 31 30 16 24 17 27 14 33 39 41 17 27 24 17 17 10 11 21 21 13 31 36 31 24 8 16 13 22 17 24 21 11 32 19 14 20 29 29 35 28 25 18 12 17 13 22 25 12 15
-9999 24 25 29 22 13 20 18 17 20 27 41 41 37 51 34 31 26 22 18 23 26 23 30 42 27 32 26 9 6 22 29 22 30 37 11 11 14 16 12 17 20 37 16 13 38 31 28 32 16 22 21 22 32 31 32 39 41 38 18 12 10 11 13 25 15 11 5 27 28 26 14 14 16 24 24 36 30 28 23 14 13 15 32 19 21 32 29 21 21 24 31 28 15 14 10
-9999 25 23 28 23 20 29 35 36 28 25 32 27 35 50 30 20 24 31 27 14 27 31 25 26 27 25 28 17 27 23 42 15 15 31 35 24 13 13 15 17 17 17 17 7 35 28 28 28 11 10 21 17 40 33 36 41 38 33 19 11 11 18 19 11 13 16 19 29 28 32 28 21 18 24 23 24 24 35 30 21 18 12 10 24 37 14 13 25 14 11 22 31 20 12 24
-9999 23 23 27 34 28 24 35 50 31 23 53 44 30 26 16 18 34 24 18 22 27 31 25 20 20 25 27 21 29 16 13 13 10 24 33 10 15 21 21 17 20 17 21 14 48 37 29 18 9 12 19 13 17 35 29 33 43 37 14 16 10 12 14 12 24 22 16 10 27 30 32 31 18 18 23 14 10 19 37 37 19 13 12 27 22 39 14 24 21 14 13 18 20 15 33
-9999 23 23 20 29 28 26 37 37 32 27 37 38 24 25 22 23 21 25 27 20 17 25 24 20 22 22 24 17 32 10 17 16 14 15 16 17 18 21 23 10 10 17 18 18 12 42 34 32 12 13 17 16 11 34 29 35 47 50 16 11 16 4 5 13 15 15 13 8 23 28 23 29 24 37 32 6 15 21 15 26 35 8 6 24 24 29 26 13 16 20 31 24 25 22 21
-9999 25 15 15 22 22 24 26 31 38 20 56 18 19 20 25 23 21 17 18 11 3 29 34 25 23 22 23 24 23 26 24 23 27 19 20 20 20 20 32 28 25 30 17 15 13 13 33 17 13 10 18 16 15 11 13 34 36 18 53 38 15 5 4 7 13 12 16 13 9 30 30 35 23 38 38 10 14 19 19 23 26 9 5 28 27 25 25 34 31 30 34 34 26 27 28
-9999 15 32 32 29 14 26 33 46 44 39 34 29 29 21 21 23 22 21 14 22 20 20 33 21 20 21 23 25 27 27 25 25 23 23 25 33 23 35 31 21 28 24 26 20 24 26 31 25 18 6 20 22 18 25 15 10 39 41 35 32 15 10 30 40 34 31 20 9 11 35 33 32 38 22 22 11 14 25 26 20 18 30 35 29 32 28 23 19 13 11 13 15 16 16 17
-9999 20 23 28 20 20 29 34 42 33 28 45 53 19 19 21 21 22 22 21 21 27 18 21 21 23 24 27 28 29 29 29 29 26 27 27 26 20 41 20 20 17 23 13 2 16 17 13 18 15 13 19 18 7 13 14 8 13 41 33 7 8 12 12 8 17 23 23 12 8 15 34 23 32 30 26 12 17 26 23 14 11 21 21 22 28 28 29 21 15 33 35 15 18 16 16
-9999 26 26 28 25 23 23 32 42 36 40 62 36 20 17 26 22 20 19 25 18 13 17 22 24 27 28 28 22 28 28 29 29 26 26 28 26 20 20 42 13 9 11 9 8 11 13 13 16 9 28 34 9 27 15 13 5 15 32 41 14 5 35 14 25 8 8 16 14 14 10 38 25 15 32 27 25 31 23 17 34 25 23 25 20 17 23 26 27 21 14 15 13 18 23 19
-9999 25 23 27 23 12 23 38 25 45 61 34 29 20 17 17 20 21 20 29 29 25 19 21 21 22 24 12 21 29 31 29 30 26 13 20 29 37 42 47 38 16 17 10 10 15 10 13 9 11 28 30 32 14 9 8 8 7 18 31 14 21 36 33 6 8 8 17 25 28 24 20 25 24 21 34 29 25 23 33 41 24 26 23 26 31 25 23 24 19 13 12 14 25 27 23
-9999 23 23 26 20 13 27 34 28 27 9 22 36 28 10 17 17 21 42 31 29 23 19 22 22 21 16 11 24 24 26 23 29 25 27 21 39 26 18 28 35 13 8 13 17 18 20 15 1 17 26 13 36 36 8 11 10 5 23 20 20 24 19 14 29 39 11 20 22 34 28 23 40 25 18 15 31 28 26 33 32 27 23 22 19 32 39 24 21 15 10 10 1 25 25 19
-9999 23 24 27 27 27 27 33 20 36 31 38 33 33 35 36 29 27 34 21 24 26 20 20 21 22 26 11 19 24 22 22 24 24 24 32 28 35 45 35 32 11 14 16 20 18 22 16 6 19 28 13 22 36 34 7 10 6 7 14 9 8 10 14 18 21 25 40 20 26 15 29 33 28 12 22 29 44 44 38 37 35 37 7 8 19 23 11 14 13 9 11 13 15 20 17
-9999 26 25 25 26 26 27 14 27 29 28 27 32 42 25 14 24 25 34 19 19 20 17 17 17 20 17 17 21 18 18 29 21 22 25 27 21 24 15 34 41 39 35 19 16 19 16 11 17 15 29 27 25 28 41 11 11 11 11 10 14 30 29 22 20 15 20 26 23 31 23 12 29 35 33 32 27 14 41 33 31 8 24 30 33 10 12 16 14 8 12 23 24 20 20 23
-9999 25 26 24 24 25 26 54 32 23 23 20 70 41 32 18 28 26 14 20 28 20 20 17 17 23 27 10 21 23 19 36 18 22 28 28 27 24 17 26 38 17 28 33 9 21 18 17 27 30 13 11 12 28 34 9 10 12 14 14 7 26 29 25 19 17 26 31 32 28 27 14 44 26 18 23 33 38 33 0 6 8 16 28 36 36 38 11 12 22 18 16 25 27 24 27
-9999 25 27 25 27 26 26 29 27 35 29 37 38 33 20 20 14 14 14 14 28 10 24 14 14 14 20 17 21 19 17 32 44 34 32 38 23 22 23 23 28 27 13 28 12 19 18 23 21 17 14 14 15 28 13 5 18 19 15 12 9 13 28 19 17 29 32 24 22 23 19 19 37 25 20 17 15 30 31 10 5 9 16 17 26 34 33 33 14 11 16 16 16 20 18 27
-9999 24 27 25 25 27 27 27 16 16 18 31 43 29 14 20 42 42 25 29 24 23 23 24 31 14 20 20 19 18 30 25 27 25 29 30 21 27 23 17 17 17 17 20 36 36 32 41 43 36 13 17 12 15 16 14 20 16 17 13 16 27 19 22 23 23 37 32 31 29 21 24 27 15 23 19 17 27 25 8 6 4 6 12 14 17 28 26 11 13 22 22 14 15 22 29
-9999 25 26 26 24 27 28 27 61 37 45 28 17 19 14 20 19 23 33 27 30 21 24 28 23 23 20 19 31 20 23 18 23 22 23 26 17 24 27 28 28 7 29 25 22 32 33 29 30 28 18 21 13 14 12 21 27 20 19 20 15 28 20 21 21 22 17 51 38 30 34 24 23 8 13 14 22 22 25 23 22 28 9 9 19 10 16 12 18 34 20 24 12 9 18 30
-9999 26 25 27 23 26 28 27 27 25 20 20 20 32 11 11 28 18 24 27 28 19 24 22 19 19 17 16 15 15 21 18 32 34 18 24 31 24 31 33 37 33 29 29 24 24 27 25 29 35 31 18 17 22 21 22 23 15 22 27 24 28 23 26 29 20 17 35 30 28 23 17 17 20 17 19 22 21 28 24 23 20 30 28 21 20 31 27 18 25 32 22 15 6 22 26
-9999 26 24 22 28 25 27 27 27 27 11 14 21 14 37 40 16 21 9 23 28 28 24 19 20 16 12 6 14 16 16 25 33 31 33 26 25 27 22 22 22 13 17 22 27 21 16 23 15 22 30 37 13 31 25 27 19 18 18 17 25 29 27 25 23 21 24 32 25 17 23 23 17 17 23 25 25 22 24 24 24 24 25 25 25 40 51 29 20 10 32 33 28 15 27 23
-9999 21 31 31 30 28 27 28 27 27 21 19 20 19 22 27 21 23 12 23 27 32 32 29 30 23 30 14 18 27 20 31 31 31 28 32 32 18 14 23 16 15 12 17 17 19 22 20 19 23 33 20 13 29 28 17 18 22 18 17 20 27 30 30 19 17 19 29 25 17 17 17 20 23 20 13 25 20 27 30 28 16 14 26 22 19 21 29 21 29 32 25 28 25 26 28
-9999 27 25 40 34 29 29 21 20 28 22 23 22 23 30 24 16 9 23 23 26 29 33 39 40 17 19 14 19 31 24 28 32 19 28 31 23 26 19 10 11 15 15 14 24 30 34 23 19 19 21 20 14 28 30 17 17 15 18 22 18 16 32 35 21 20 17 28 36 17 17 17 17 17 25 19 27 30 22 27 29 16 17 24 26 27 24 25 25 23 30 17 23 19 24 23
-9999 23 62 26 30 39 21 20 21 28 23 22 20 19 14 0 0 0 19 20 23 11 13 23 26 29 15 15 14 21 25 25 34 15 21 18 18 17 22 16 8 14 31 27 24 22 29 26 19 14 24 21 18 29 27 17 17 13 18 26 25 22 23 23 23 22 19 27 31 21 27 25 23 22 31 28 17 23 12 24 31 29 27 23 29 31 37 40 38 32 28 25 20 17 15 25
-9999 34 39 30 20 23 20 21 21 21 28 35 17 3 0 9 20 26 20 14 18 39 20 23 35 26 21 11 17 36 33 19 22 36 20 21 17 13 11 14 11 14 15 14 12 17 27 25 23 19 19 22 22 22 29 35 34 34 29 29 24 22 21 26 18 19 24 27 27 29 29 25 22 20 21 23 25 17 10 35 32 29 29 23 22 23 19 18 13 26 30 25 24 20 18 13
-9999 15 16 33 63 40 14 23 43 22 28 28 21 22 14 11 20 20 14 14 24 21 23 27 38 30 36 35 33 37 36 17 23 30 14 14 15 11 29 37 8 11 11 12 15 22 28 23 22 22 18 24 29 26 23 25 23 31 31 36 25 19 21 32 25 27 27 23 23 26 22 27 22 22 22 24 27 24 28 43 33 34 33 20 21 24 22 19 15 23 26 26 27 24 20 24
-9999 23 27 31 24 24 29 37 25 25 26 25 20 14 14 14 20 14 14 20 20 18 18 20 37 14 14 17 20 22 30 35 28 23 21 16 13 15 8 0 7 10 8 18 17 26 27 17 17 21 22 31 34 17 22 18 28 27 30 30 32 34 30 31 13 17 27 26 29 30 30 32 19 29 27 28 25 17 17 13 36 30 26 25 23 22 23 23 26 24 27 23 27 22 13 34
-9999 32 20 16 31 42 42 57 25 24 29 18 17 14 20 20 20 20 17 14 14 14 20 14 14 14 20 17 17 23 17 22 23 25 19 33 17 18 15 2 6 11 16 26 18 15 20 34 37 20 29 34 20 17 20 17 30 30 39 30 21 26 25 28 20 17 35 29 24 50 47 32 17 17 17 17 20 23 22 21 24 28 35 28 30 20 22 27 24 28 38 31 22 22 25 24
-9999 31 23 19 24 27 28 31 37 22 20 29 26 29 20 20 14 14 14 20 14 17 13 14 10 14 23 25 23 17 23 17 23 34 13 12 19 12 14 8 9 11 9 22 19 15 18 18 22 23 19 26 24 19 22 22 26 25 26 34 31 34 19 28 26 23 29 28 30 34 24 34 30 28 25 11 21 28 20 28 27 17 30 25 27 17 27 24 25 26 26 34 34 39 29 19
-9999 28 20 28 30 22 34 38 38 29 20 28 17 18 7 9 3 20 10 17 20 14 20 32 17 14 30 33 23 23 17 20 30 21 14 2 10 13 11 7 6 11 14 16 20 14 26 21 26 25 19 22 29 17 14 20 23 11 23 32 25 35 22 19 29 27 27 21 22 25 24 37 17 20 16 15 28 27 20 28 30 17 17 29 22 26 24 24 24 22 23 29 37 35 27 30
