examples/data/proba_v_italy_sicily/probav_s10_toc_x19y03_20141211_333m_ndvi_v001.txt
ncols         1127
nrows         589
xllcorner     12.348214285714
yllcorner     36.598214285714
cellsize      0.0029761904761905
NODATA_value  -9999
[rows 230 to 275 of 589, columns 96 to 191 of 1127]
147 150 149 134 139 145 143 106 110 108 117 140 129 122 107 102 116 119 143 152 117 130 146 140 147 162 168 177 175 181 156 145 153 170 175 196 195 177 179 180 203 186 199 188 171 171 165 163 163 145 140 97 140 156 193 198 174 179 150 108 108 136 178 185 176 191 187 213 206 224 213 199 180 171 168 185 204 203 205 200 188 183 188 189 202 236 214 171 162 156 179 204 235 234 229 181
125 127 147 162 164 142 130 124 133 135 137 126 121 132 129 120 141 134 109 125 125 150 157 159 148 168 196 196 179 185 176 155 158 158 174 192 187 173 186 192 179 182 191 189 185 177 151 155 177 156 103 148 180 185 209 206 199 165 109 106 126 171 194 194 194 200 186 179 196 199 195 191 186 171 182 190 189 196 215 202 216 218 204 213 218 218 171 214 213 196 224 246 244 233 188 219
146 147 143 135 143 149 137 133 142 122 141 156 133 110 128 119 125 130 144 151 139 128 131 121 146 175 170 169 169 150 172 175 189 183 151 160 180 170 181 191 189 184 167 168 178 164 153 156 177 139 132 162 194 193 189 204 208 198 131 114 142 187 182 166 185 189 193 196 195 199 190 198 190 198 205 173 181 208 221 195 188 180 213 233 240 202 195 199 230 222 214 238 240 235 224 208
152 132 145 143 129 132 162 188 187 117 116 136 130 125 121 115 142 132 132 116 109 104 123 128 148 151 174 174 172 168 184 202 200 172 180 181 173 167 167 165 171 174 176 179 184 176 165 180 158 164 175 196 201 190 203 204 197 197 200 177 165 174 173 164 179 187 210 204 198 185 209 208 199 196 205 197 199 201 184 200 203 170 164 189 225 235 206 210 192 193 194 205 202 200 204 197
155 153 150 168 164 158 169 189 173 117 135 168 149 153 163 149 133 121 104 117 148 160 160 158 166 165 150 154 155 167 193 205 199 169 185 193 188 181 179 176 161 173 179 172 159 145 146 140 139 160 159 156 176 189 199 191 199 200 207 218 234 227 175 174 183 190 198 192 185 196 198 206 186 182 188 186 195 190 197 189 207 205 182 203 196 199 226 230 233 189 195 191 186 162 166 155
152 155 141 154 160 163 174 176 147 125 127 148 136 136 164 151 161 159 141 128 158 172 160 160 152 146 130 126 141 149 175 176 179 179 195 193 183 180 179 186 163 155 155 148 153 143 138 145 138 163 174 175 171 199 203 199 209 220 231 210 218 209 204 202 186 208 220 221 199 205 212 215 207 206 194 188 193 192 188 212 193 178 193 193 173 194 221 217 214 197 156 179 168 154 169 185
127 106 131 146 155 158 177 163 146 115 124 111 120 140 142 148 165 172 170 167 154 149 150 150 163 169 152 149 169 174 170 173 185 185 198 184 180 183 176 170 161 143 142 156 147 148 145 159 168 177 182 193 192 196 196 203 215 239 229 203 195 188 211 202 182 208 226 216 218 208 204 214 208 206 202 215 187 193 207 205 181 183 203 201 169 197 210 194 173 169 185 191 175 119 121 146
145 144 147 149 158 164 161 125 126 127 126 131 134 166 145 141 145 170 182 178 158 144 159 186 174 175 166 164 172 169 153 151 175 182 194 160 171 182 172 180 167 151 122 149 143 149 150 163 175 184 184 166 183 192 157 178 207 200 206 201 210 213 209 210 201 184 204 223 238 240 236 228 235 249 228 211 208 208 198 196 205 203 207 189 195 192 194 161 155 154 163 163 136 145 160 147
149 156 165 161 159 167 135 145 152 145 139 144 133 131 147 164 161 160 178 172 155 145 162 186 181 186 180 160 161 184 185 154 179 174 187 188 184 174 150 166 169 160 115 103 123 160 175 192 200 182 153 160 194 216 202 177 194 212 216 205 209 214 203 193 219 195 191 218 212 208 215 221 230 224 207 208 203 185 216 206 194 180 178 188 194 196 175 173 175 168 154 150 143 147 154 157
160 157 152 144 125 118 160 169 148 149 138 139 136 132 142 166 152 156 163 163 141 143 147 159 149 159 182 183 176 176 173 177 187 195 195 190 194 169 106 113 96 82 114 151 152 193 186 185 197 201 184 174 197 201 201 190 216 224 214 213 219 222 210 198 219 208 159 188 205 216 213 213 220 210 194 196 194 175 194 198 185 174 181 166 202 198 187 175 173 160 153 133 133 131 139 162
151 149 145 144 112 128 159 157 157 151 144 133 134 149 156 171 179 171 151 136 146 164 177 170 169 162 187 193 186 185 192 192 172 153 146 131 136 101 64 73 59 82 140 177 173 183 181 186 201 196 201 192 195 183 180 206 211 211 196 201 217 217 217 201 195 211 184 161 211 231 231 233 223 219 198 193 206 206 204 197 201 195 189 183 187 195 200 172 159 139 141 126 141 157 131 154
153 150 149 130 117 119 146 163 160 154 152 131 138 157 161 167 185 174 170 180 184 182 194 192 186 199 212 218 190 194 208 186 154 145 178 183 149 106 71 66 96 147 170 194 216 201 188 173 185 181 188 190 174 173 183 187 191 208 208 199 204 200 198 204 196 209 216 195 192 219 222 214 219 200 195 196 205 200 208 206 199 196 199 185 186 187 188 178 132 121 126 129 131 156 159 147
153 173 162 135 122 114 125 154 157 156 157 150 147 149 154 155 149 156 173 188 185 191 192 189 188 202 213 214 196 194 198 186 173 189 199 202 162 94 66 57 74 132 166 184 192 208 210 197 204 192 221 195 187 173 176 192 199 199 181 192 202 205 217 216 206 197 202 179 169 188 203 200 180 157 164 170 182 187 213 196 199 194 194 188 185 188 176 158 150 134 137 149 140 147 176 162
159 159 150 134 125 120 124 126 122 151 157 143 134 133 137 151 165 155 159 184 194 198 190 187 174 183 213 214 207 209 193 198 197 195 196 184 151 125 123 102 102 143 153 193 202 207 201 198 201 200 207 213 212 192 179 182 200 207 203 200 207 214 214 208 198 196 170 186 195 186 202 199 161 134 140 175 193 198 181 186 197 200 182 195 196 170 171 187 172 141 129 160 166 157 182 196
181 143 137 132 127 157 157 135 140 145 141 143 140 132 128 140 154 155 154 169 183 184 183 183 169 183 220 223 217 205 198 196 183 176 175 187 173 132 143 145 153 173 176 170 188 191 187 205 208 199 203 204 178 161 176 176 199 207 210 196 202 215 250 190 174 179 189 175 178 192 190 194 190 189 158 175 185 195 171 194 200 188 149 183 199 179 162 169 175 149 151 141 144 158 177 191
159 163 152 156 148 160 159 147 118 104 110 135 141 155 158 156 151 149 153 161 178 190 181 176 193 206 219 230 224 216 211 206 196 180 172 183 174 169 171 182 179 176 183 183 193 203 210 222 216 208 206 208 195 191 197 181 173 204 195 197 202 210 201 195 189 192 194 196 172 223 229 225 202 197 185 168 180 200 204 176 185 156 120 111 123 134 161 188 196 174 186 184 185 170 153 159
136 164 175 161 161 159 151 153 135 102 106 137 154 135 133 141 160 158 167 178 196 198 200 183 187 201 201 208 198 197 189 196 197 190 178 179 174 177 180 201 197 185 194 201 193 191 195 207 202 200 211 207 206 208 207 202 178 187 190 195 196 210 206 191 215 186 188 186 183 174 195 215 203 201 183 180 179 153 180 200 165 134 158 149 188 175 144 157 176 178 195 205 194 185 154 150
120 146 166 173 184 193 166 122 131 127 94 112 131 121 95 106 136 170 182 181 192 179 184 175 173 189 196 196 189 197 193 196 179 176 180 179 175 178 186 188 184 177 189 186 171 183 180 184 195 236 250 250 201 205 197 195 192 183 170 157 183 198 192 186 187 197 202 185 181 176 175 182 186 186 201 217 226 188 189 209 194 147 136 159 143 174 173 161 177 174 121 149 163 153 121 124
133 134 142 158 187 203 191 163 152 159 122 114 129 98 80 98 108 116 156 163 172 183 178 188 197 201 205 199 192 195 204 207 187 181 175 178 189 187 195 213 208 197 165 192 206 205 200 199 200 178 179 187 191 198 190 191 203 201 168 167 180 199 211 204 193 195 203 199 185 182 171 179 185 190 190 183 187 188 206 206 168 148 137 155 151 158 165 160 160 138 131 136 142 171 152 137
156 146 120 122 134 161 153 154 125 138 144 120 124 110 99 111 115 140 169 179 166 176 169 174 180 171 178 209 212 212 219 211 196 200 186 203 195 183 197 212 215 220 221 208 199 206 209 207 182 161 178 189 189 192 225 196 195 192 164 143 167 199 216 205 188 209 201 197 192 185 172 151 160 188 199 175 178 190 208 173 172 195 175 154 152 153 147 140 152 171 161 161 154 155 174 168
144 137 137 137 136 126 148 179 167 114 138 118 107 140 140 139 144 141 150 173 174 158 152 165 171 168 188 205 216 211 204 195 195 204 201 196 208 216 208 202 214 220 212 205 205 216 206 202 190 173 188 183 187 192 195 186 195 196 177 158 172 187 198 194 194 188 202 193 196 190 175 179 185 175 172 174 170 189 195 193 194 179 144 140 125 138 162 171 169 180 183 169 164 154 140 161
131 126 126 122 128 131 103 129 135 94 102 114 118 119 148 159 155 148 168 167 169 178 178 172 166 177 196 215 209 199 183 192 206 204 208 202 215 221 201 186 210 212 201 205 208 206 208 211 193 194 231 223 185 179 202 182 198 194 173 171 179 181 172 178 184 195 186 200 193 184 177 182 187 179 190 195 199 194 196 195 179 113 126 164 164 147 168 187 189 156 161 148 167 174 176 154
149 146 111 100 103 110 109 107 119 98 86 93 116 106 116 126 149 167 181 186 168 165 167 182 184 200 209 205 200 200 187 195 204 202 202 199 200 198 201 206 218 220 202 200 213 205 201 210 196 188 194 195 198 189 191 185 182 179 173 162 172 183 176 184 160 172 202 197 199 190 179 182 187 192 198 184 175 198 191 195 156 141 155 176 184 171 146 168 175 180 191 171 145 160 172 161
117 138 133 108 92 109 104 99 104 96 93 85 111 105 116 129 150 170 196 200 186 176 179 180 196 203 215 207 191 193 207 205 200 196 181 176 177 190 200 220 228 216 203 207 210 209 204 189 180 193 194 183 182 170 169 189 187 171 182 177 159 167 172 185 182 157 180 186 204 185 178 186 190 200 185 184 169 160 168 153 165 141 164 176 200 170 174 169 164 173 150 131 153 159 160 138
100 121 118 94 98 104 113 106 126 143 132 112 144 141 146 162 163 161 162 162 162 180 192 206 200 203 211 203 196 187 195 201 205 215 192 170 156 163 187 206 216 217 196 186 175 162 179 169 153 182 192 181 166 158 148 165 172 184 192 192 156 159 173 184 164 148 153 167 186 187 170 183 191 195 179 193 187 173 177 163 127 128 138 154 178 177 166 148 141 144 142 142 133 138 148 135
50 85 86 102 135 133 115 129 138 131 143 132 132 162 157 157 147 155 146 116 151 183 202 195 174 162 201 195 197 195 190 199 179 202 176 154 159 166 164 183 172 203 204 147 119 124 149 147 116 122 119 130 144 148 157 160 150 156 166 170 163 146 157 168 164 145 147 169 186 176 172 189 201 190 186 163 169 173 178 157 148 134 141 162 165 171 157 156 150 125 122 128 128 137 137 128
49 54 81 135 169 150 122 123 133 128 142 140 161 173 188 205 177 158 149 160 188 185 182 184 182 176 174 181 185 187 178 184 165 146 138 137 156 162 124 129 145 172 181 155 117 138 146 117 136 137 122 127 142 135 135 135 133 132 132 137 144 154 175 174 171 175 172 173 168 164 163 132 151 154 148 166 168 165 167 150 139 133 162 174 139 128 120 143 150 152 147 169 159 130 134 147
43 47 66 142 163 155 126 119 111 109 141 156 166 183 188 193 198 181 141 155 191 182 187 200 196 196 193 200 198 196 192 188 171 109 111 107 109 136 133 121 121 136 164 162 125 106 125 113 118 115 103 109 107 91 95 103 106 103 102 101 110 139 159 182 178 179 182 187 177 133 113 135 148 141 139 140 147 158 162 150 130 125 166 177 171 182 142 145 157 151 182 170 166 160 143 161
48 41 41 50 134 147 123 140 142 126 126 151 171 186 172 170 195 176 146 156 173 185 192 186 206 215 198 196 188 173 162 144 146 159 135 106 127 116 109 114 108 112 120 115 102 106 105 100 92 103 92 95 95 90 91 90 100 100 110 111 97 103 121 155 155 156 154 167 133 87 97 129 138 133 107 107 99 109 134 139 150 152 156 149 152 172 148 164 159 179 172 160 149 174 156 179
50 47 45 56 73 107 115 132 131 131 111 149 166 173 181 181 174 162 166 163 190 174 187 190 162 183 199 199 166 141 134 133 130 144 135 106 109 90 94 98 113 111 100 95 74 84 83 71 70 66 63 65 63 63 68 69 74 77 83 80 60 60 50 91 109 70 55 70 69 64 101 123 131 100 26 0 52 44 42 67 90 123 146 156 161 169 167 178 182 168 162 156 158 138 152 178
45 47 44 43 41 88 116 120 118 132 143 166 169 184 148 166 171 179 188 204 195 170 171 185 163 178 176 162 155 135 117 124 131 123 112 110 127 116 120 100 80 69 58 53 51 54 32 64 64 76 44 53 60 57 60 58 41 43 42 43 47 53 53 53 56 62 59 60 59 49 55 5 0 57 72 255 255 255 255 255 255 43 0 94 134 154 153 137 140 148 140 134 145 112 93 109
45 48 44 42 44 47 98 93 119 130 139 165 169 165 149 152 151 145 163 184 188 197 189 168 178 171 141 138 143 133 113 121 119 93 94 98 89 79 68 54 44 45 49 54 51 49 26 81 72 61 43 32 70 60 55 53 40 40 46 32 47 49 52 52 54 60 53 66 60 39 53 45 41 42 43 37 255 255 255 255 255 255 255 47 57 59 58 57 66 132 141 114 58 54 58 57
40 41 39 41 39 57 43 0 109 142 122 166 165 125 106 127 129 140 168 187 171 164 163 154 152 136 124 117 116 102 77 58 78 77 63 60 64 255 255 31 34 33 43 63 57 52 52 4 0 47 42 41 0 0 0 37 38 39 44 40 47 56 61 67 70 73 39 85 71 38 62 54 36 48 43 40 43 37 255 255 255 42 55 56 55 57 54 49 47 47 50 52 46 41 39 46
255 42 39 38 36 44 47 45 64 120 130 146 154 145 135 115 113 111 140 169 166 157 136 124 123 95 78 69 65 43 31 14 35 255 32 33 32 255 255 112 39 36 36 52 49 14 9 0 0 32 38 36 0 37 39 38 39 2 41 37 47 57 65 73 79 37 93 41 76 70 69 63 54 46 41 40 42 40 40 41 41 40 35 33 33 41 44 49 49 44 41 48 47 8 7 39
31 34 37 37 35 40 45 46 0 65 83 105 122 138 144 144 153 162 166 155 127 132 117 91 73 56 43 37 46 0 255 31 62 24 28 42 42 24 27 38 38 41 31 255 255 0 59 35 31 30 15 10 36 33 31 33 35 37 5 5 10 10 10 69 87 95 98 100 41 26 33 62 55 34 35 36 36 40 39 40 42 42 37 39 38 38 37 34 44 54 46 42 46 10 15 40
22 29 33 29 31 26 30 40 42 40 39 34 72 112 138 163 173 162 136 89 65 53 46 34 47 46 40 50 48 46 106 51 43 43 44 43 42 38 37 39 35 41 33 255 255 255 255 46 40 39 14 4 4 54 32 36 42 47 42 31 14 9 14 14 74 86 97 41 38 29 33 40 33 50 46 32 41 41 255 38 40 38 35 40 30 39 40 40 39 38 40 43 42 52 52 49
255 255 255 255 24 39 30 32 40 39 42 50 41 49 59 84 109 86 39 0 0 49 46 45 47 36 32 42 41 41 38 47 49 40 45 44 32 31 23 41 32 35 37 31 255 37 36 38 31 34 14 9 9 14 34 34 40 42 36 37 36 34 32 28 15 5 30 33 14 33 33 30 37 40 38 38 39 43 42 38 38 30 255 33 47 39 56 45 43 47 47 39 30 27 3 60
255 255 255 255 255 43 45 36 35 35 31 39 40 38 45 44 0 0 0 0 0 48 45 41 38 39 37 42 41 39 37 36 39 39 40 33 29 30 31 42 27 27 38 35 27 255 37 255 255 14 255 3 34 45 39 3 45 33 27 37 9 34 35 38 38 30 31 20 33 30 30 30 255 255 255 255 42 255 26 24 27 37 38 37 38 49 37 39 48 39 38 46 43 3 14 9
30 30 27 255 255 33 40 43 43 43 40 47 46 0 0 0 0 0 0 0 0 0 0 40 40 39 42 45 41 36 35 39 41 43 45 41 38 38 33 48 34 51 46 40 24 18 33 24 30 29 44 45 34 36 255 255 255 39 42 40 41 33 33 33 36 33 14 8 43 50 23 23 40 255 255 255 255 255 255 255 255 32 33 32 41 41 30 30 255 39 15 20 14 14 255 255
21 24 26 26 45 42 32 30 29 255 43 24 28 25 32 0 0 0 0 0 1 0 8 255 255 37 36 40 40 36 34 36 39 42 43 45 47 45 48 41 43 42 48 33 38 38 34 36 40 33 34 32 30 255 255 255 34 29 33 255 255 31 36 36 255 255 45 41 30 16 27 21 16 255 255 255 255 255 255 21 30 30 30 30 34 37 33 38 41 45 37 44 41 42 31 31
32 38 25 24 21 255 255 24 255 255 34 27 27 255 3 31 39 45 37 0 0 0 255 255 37 36 255 255 37 36 35 36 34 255 255 255 38 38 56 38 33 23 37 38 48 43 33 34 38 34 30 31 30 28 255 255 35 40 41 41 36 32 33 40 255 255 36 35 30 37 31 255 255 26 255 29 35 31 255 255 3 30 30 30 34 40 49 44 26 24 255 41 40 39 40 40
32 30 27 31 29 26 255 27 34 255 255 255 255 255 56 33 255 0 27 0 0 255 255 36 37 37 255 255 36 28 255 255 31 29 255 255 255 255 255 255 32 255 255 20 36 40 43 27 255 20 27 25 27 26 255 255 27 27 29 52 36 31 41 45 255 255 39 27 23 23 31 255 255 27 255 31 33 36 71 72 59 29 28 50 48 52 37 36 34 34 35 255 35 35 36 38
31 23 38 30 33 36 36 33 25 255 255 255 255 255 15 255 255 0 0 0 255 41 36 32 34 34 255 255 44 255 255 255 255 255 255 255 255 255 255 255 37 255 255 40 20 36 29 28 255 255 34 36 27 24 255 27 35 32 30 255 46 31 27 38 41 43 32 29 36 27 30 255 255 35 33 255 27 33 255 53 56 48 34 25 22 27 27 29 31 29 28 255 37 38 37 36
51 55 31 33 28 27 28 34 28 27 25 24 255 23 37 26 255 255 255 255 255 255 33 255 255 255 255 255 255 59 60 49 39 255 255 255 255 26 255 255 29 50 38 255 29 37 44 17 255 41 43 32 31 30 27 27 31 30 24 255 34 33 35 35 255 255 55 30 23 23 35 255 255 255 30 255 255 255 255 31 255 35 35 31 25 27 27 25 28 33 32 40 41 43 41 38
33 35 32 39 41 38 27 27 25 24 24 27 23 26 28 26 27 255 255 255 255 255 32 30 255 255 255 255 255 255 255 255 255 255 255 255 39 51 41 31 23 23 19 255 255 255 45 255 20 20 39 40 37 41 38 33 31 32 27 45 38 34 28 34 255 255 24 65 23 23 255 255 255 255 255 32 255 255 42 39 31 34 34 55 29 27 31 33 34 60 50 40 36 34 34 35
33 29 38 36 33 32 30 31 27 24 23 22 20 25 22 27 255 16 255 255 255 255 255 255 27 255 255 255 255 255 255 255 255 255 255 255 37 40 61 48 29 34 34 14 255 255 36 55 255 18 38 35 33 35 39 39 37 39 37 32 31 36 255 255 255 25 26 36 52 255 255 255 255 51 255 255 255 35 33 255 32 38 35 36 32 34 34 33 30 32 35 30 32 35 38 37
